,forecast_date,target,target_end_date,location,type,quantile,value
0,2020-12-27,1 day ahead inc hosp,2020-12-28,06001,point,NA,459.5462646484375
1,2020-12-27,1 day ahead inc hosp,2020-12-28,06001,quantile,0.01,308.9087438072693
2,2020-12-27,1 day ahead inc hosp,2020-12-28,06001,quantile,0.025,332.6331237275761
3,2020-12-27,1 day ahead inc hosp,2020-12-28,06001,quantile,0.05,353.03739928249024
4,2020-12-27,1 day ahead inc hosp,2020-12-28,06001,quantile,0.1,376.56222222814756
5,2020-12-27,1 day ahead inc hosp,2020-12-28,06001,quantile,0.15,392.43430858523504
6,2020-12-27,1 day ahead inc hosp,2020-12-28,06001,quantile,0.2,405.0489396664714
7,2020-12-27,1 day ahead inc hosp,2020-12-28,06001,quantile,0.25,415.8711699061226
8,2020-12-27,1 day ahead inc hosp,2020-12-28,06001,quantile,0.3,425.58986713641605
9,2020-12-27,1 day ahead inc hosp,2020-12-28,06001,quantile,0.35,434.595688495707
10,2020-12-27,1 day ahead inc hosp,2020-12-28,06001,quantile,0.4,443.1413322844833
11,2020-12-27,1 day ahead inc hosp,2020-12-28,06001,quantile,0.45,451.4093415480542
12,2020-12-27,1 day ahead inc hosp,2020-12-28,06001,quantile,0.5,459.5462646484375
13,2020-12-27,1 day ahead inc hosp,2020-12-28,06001,quantile,0.55,481.3893536343527
14,2020-12-27,1 day ahead inc hosp,2020-12-28,06001,quantile,0.6,503.5843356751739
15,2020-12-27,1 day ahead inc hosp,2020-12-28,06001,quantile,0.65,526.5246111843993
16,2020-12-27,1 day ahead inc hosp,2020-12-28,06001,quantile,0.7,550.7002061747197
17,2020-12-27,1 day ahead inc hosp,2020-12-28,06001,quantile,0.75,576.7894742935825
18,2020-12-27,1 day ahead inc hosp,2020-12-28,06001,quantile,0.8,605.8411115321878
19,2020-12-27,1 day ahead inc hosp,2020-12-28,06001,quantile,0.85,639.7043428584072
20,2020-12-27,1 day ahead inc hosp,2020-12-28,06001,quantile,0.9,682.3120202830177
21,2020-12-27,1 day ahead inc hosp,2020-12-28,06001,quantile,0.95,745.463016629006
22,2020-12-27,1 day ahead inc hosp,2020-12-28,06001,quantile,0.975,800.2370879998082
23,2020-12-27,1 day ahead inc hosp,2020-12-28,06001,quantile,0.99,863.9237832458908
24,2020-12-27,2 day ahead inc hosp,2020-12-29,06001,point,NA,481.2342834472656
25,2020-12-27,2 day ahead inc hosp,2020-12-29,06001,quantile,0.01,314.5460946375383
26,2020-12-27,2 day ahead inc hosp,2020-12-29,06001,quantile,0.025,340.7983450560745
27,2020-12-27,2 day ahead inc hosp,2020-12-29,06001,quantile,0.05,363.37672869669075
28,2020-12-27,2 day ahead inc hosp,2020-12-29,06001,quantile,0.1,389.4081590268258
29,2020-12-27,2 day ahead inc hosp,2020-12-29,06001,quantile,0.15,406.97144148607515
30,2020-12-27,2 day ahead inc hosp,2020-12-29,06001,quantile,0.2,420.9301816173023
31,2020-12-27,2 day ahead inc hosp,2020-12-29,06001,quantile,0.25,432.9055377401064
32,2020-12-27,2 day ahead inc hosp,2020-12-29,06001,quantile,0.3,443.65977765232486
33,2020-12-27,2 day ahead inc hosp,2020-12-29,06001,quantile,0.35,453.62518363312955
34,2020-12-27,2 day ahead inc hosp,2020-12-29,06001,quantile,0.4,463.0813793897376
35,2020-12-27,2 day ahead inc hosp,2020-12-29,06001,quantile,0.45,472.23035821991783
36,2020-12-27,2 day ahead inc hosp,2020-12-29,06001,quantile,0.5,481.2342834472656
37,2020-12-27,2 day ahead inc hosp,2020-12-29,06001,quantile,0.55,499.7360261758501
38,2020-12-27,2 day ahead inc hosp,2020-12-29,06001,quantile,0.6,518.5358327347859
39,2020-12-27,2 day ahead inc hosp,2020-12-29,06001,quantile,0.65,537.9669249153936
40,2020-12-27,2 day ahead inc hosp,2020-12-29,06001,quantile,0.7,558.4443692507523
41,2020-12-27,2 day ahead inc hosp,2020-12-29,06001,quantile,0.75,580.5427513533712
42,2020-12-27,2 day ahead inc hosp,2020-12-29,06001,quantile,0.8,605.1503477596958
43,2020-12-27,2 day ahead inc hosp,2020-12-29,06001,quantile,0.85,633.8335067378171
44,2020-12-27,2 day ahead inc hosp,2020-12-29,06001,quantile,0.9,669.9234703176469
45,2020-12-27,2 day ahead inc hosp,2020-12-29,06001,quantile,0.95,723.4142329199811
46,2020-12-27,2 day ahead inc hosp,2020-12-29,06001,quantile,0.975,769.8094921872566
47,2020-12-27,2 day ahead inc hosp,2020-12-29,06001,quantile,0.99,823.7540076098044
48,2020-12-27,3 day ahead inc hosp,2020-12-30,06001,point,NA,498.2151794433594
49,2020-12-27,3 day ahead inc hosp,2020-12-30,06001,quantile,0.01,335.9907167633749
50,2020-12-27,3 day ahead inc hosp,2020-12-30,06001,quantile,0.025,361.5399608261846
51,2020-12-27,3 day ahead inc hosp,2020-12-30,06001,quantile,0.05,383.51372021751456
52,2020-12-27,3 day ahead inc hosp,2020-12-30,06001,quantile,0.1,408.84805751071076
53,2020-12-27,3 day ahead inc hosp,2020-12-30,06001,quantile,0.15,425.9410146073941
54,2020-12-27,3 day ahead inc hosp,2020-12-30,06001,quantile,0.2,439.5259550500712
55,2020-12-27,3 day ahead inc hosp,2020-12-30,06001,quantile,0.25,451.1806243238548
56,2020-12-27,3 day ahead inc hosp,2020-12-30,06001,quantile,0.3,461.64687753440904
57,2020-12-27,3 day ahead inc hosp,2020-12-30,06001,quantile,0.35,471.34542091752365
58,2020-12-27,3 day ahead inc hosp,2020-12-30,06001,quantile,0.4,480.5483901654742
59,2020-12-27,3 day ahead inc hosp,2020-12-30,06001,quantile,0.45,489.45236941796173
60,2020-12-27,3 day ahead inc hosp,2020-12-30,06001,quantile,0.5,498.2151794433594
61,2020-12-27,3 day ahead inc hosp,2020-12-30,06001,quantile,0.55,518.410840425547
62,2020-12-27,3 day ahead inc hosp,2020-12-30,06001,quantile,0.6,538.9318543302746
63,2020-12-27,3 day ahead inc hosp,2020-12-30,06001,quantile,0.65,560.1419509114422
64,2020-12-27,3 day ahead inc hosp,2020-12-30,06001,quantile,0.7,582.4941979211033
65,2020-12-27,3 day ahead inc hosp,2020-12-30,06001,quantile,0.75,606.6157868841706
66,2020-12-27,3 day ahead inc hosp,2020-12-30,06001,quantile,0.8,633.4763200728004
67,2020-12-27,3 day ahead inc hosp,2020-12-30,06001,quantile,0.85,664.7855520256029
68,2020-12-27,3 day ahead inc hosp,2020-12-30,06001,quantile,0.9,704.1797150517529
69,2020-12-27,3 day ahead inc hosp,2020-12-30,06001,quantile,0.95,762.5677989767569
70,2020-12-27,3 day ahead inc hosp,2020-12-30,06001,quantile,0.975,813.2107541344348
71,2020-12-27,3 day ahead inc hosp,2020-12-30,06001,quantile,0.99,872.0941340032413
72,2020-12-27,4 day ahead inc hosp,2020-12-31,06001,point,NA,535.5708618164062
73,2020-12-27,4 day ahead inc hosp,2020-12-31,06001,quantile,0.01,351.5292914054687
74,2020-12-27,4 day ahead inc hosp,2020-12-31,06001,quantile,0.025,380.51458081528824
75,2020-12-27,4 day ahead inc hosp,2020-12-31,06001,quantile,0.05,405.4435287643414
76,2020-12-27,4 day ahead inc hosp,2020-12-31,06001,quantile,0.1,434.1850092028246
77,2020-12-27,4 day ahead inc hosp,2020-12-31,06001,quantile,0.15,453.5767496041846
78,2020-12-27,4 day ahead inc hosp,2020-12-31,06001,quantile,0.2,468.9886901445051
79,2020-12-27,4 day ahead inc hosp,2020-12-31,06001,quantile,0.25,482.21076282289323
80,2020-12-27,4 day ahead inc hosp,2020-12-31,06001,quantile,0.3,494.0845927334212
81,2020-12-27,4 day ahead inc hosp,2020-12-31,06001,quantile,0.35,505.0874656999239
82,2020-12-27,4 day ahead inc hosp,2020-12-31,06001,quantile,0.4,515.5281161718416
83,2020-12-27,4 day ahead inc hosp,2020-12-31,06001,quantile,0.45,525.6295663320856
84,2020-12-27,4 day ahead inc hosp,2020-12-31,06001,quantile,0.5,535.5708618164062
85,2020-12-27,4 day ahead inc hosp,2020-12-31,06001,quantile,0.55,560.4518295855507
86,2020-12-27,4 day ahead inc hosp,2020-12-31,06001,quantile,0.6,585.7336307607646
87,2020-12-27,4 day ahead inc hosp,2020-12-31,06001,quantile,0.65,611.8643788398656
88,2020-12-27,4 day ahead inc hosp,2020-12-31,06001,quantile,0.7,639.4022513514832
89,2020-12-27,4 day ahead inc hosp,2020-12-31,06001,quantile,0.75,669.1199455660955
90,2020-12-27,4 day ahead inc hosp,2020-12-31,06001,quantile,0.8,702.2120073271728
91,2020-12-27,4 day ahead inc hosp,2020-12-31,06001,quantile,0.85,740.7848468980798
92,2020-12-27,4 day ahead inc hosp,2020-12-31,06001,quantile,0.9,789.3182868984122
93,2020-12-27,4 day ahead inc hosp,2020-12-31,06001,quantile,0.95,861.2521560360177
94,2020-12-27,4 day ahead inc hosp,2020-12-31,06001,quantile,0.975,923.6440597287842
95,2020-12-27,4 day ahead inc hosp,2020-12-31,06001,quantile,0.99,996.1881313462592
96,2020-12-27,5 day ahead inc hosp,2021-01-01,06001,point,NA,525.144287109375
97,2020-12-27,5 day ahead inc hosp,2021-01-01,06001,quantile,0.01,361.80950589984764
98,2020-12-27,5 day ahead inc hosp,2021-01-01,06001,quantile,0.025,387.53361754199835
99,2020-12-27,5 day ahead inc hosp,2021-01-01,06001,quantile,0.05,409.6577726986331
100,2020-12-27,5 day ahead inc hosp,2021-01-01,06001,quantile,0.1,435.165506677296
101,2020-12-27,5 day ahead inc hosp,2021-01-01,06001,quantile,0.15,452.3754536944611
102,2020-12-27,5 day ahead inc hosp,2021-01-01,06001,quantile,0.2,466.0533740172812
103,2020-12-27,5 day ahead inc hosp,2021-01-01,06001,quantile,0.25,477.7878117491419
104,2020-12-27,5 day ahead inc hosp,2021-01-01,06001,quantile,0.3,488.32569950039726
105,2020-12-27,5 day ahead inc hosp,2021-01-01,06001,quantile,0.35,498.0906229611522
106,2020-12-27,5 day ahead inc hosp,2021-01-01,06001,quantile,0.4,507.3565804114614
107,2020-12-27,5 day ahead inc hosp,2021-01-01,06001,quantile,0.45,516.3215014786874
108,2020-12-27,5 day ahead inc hosp,2021-01-01,06001,quantile,0.5,525.144287109375
109,2020-12-27,5 day ahead inc hosp,2021-01-01,06001,quantile,0.55,549.1973733208483
110,2020-12-27,5 day ahead inc hosp,2021-01-01,06001,quantile,0.6,573.6379557327141
111,2020-12-27,5 day ahead inc hosp,2021-01-01,06001,quantile,0.65,598.8992374540928
112,2020-12-27,5 day ahead inc hosp,2021-01-01,06001,quantile,0.7,625.5208233887013
113,2020-12-27,5 day ahead inc hosp,2021-01-01,06001,quantile,0.75,654.2497003191525
114,2020-12-27,5 day ahead inc hosp,2021-01-01,06001,quantile,0.8,686.2406671432682
115,2020-12-27,5 day ahead inc hosp,2021-01-01,06001,quantile,0.85,723.530046086596
116,2020-12-27,5 day ahead inc hosp,2021-01-01,06001,quantile,0.9,770.4485995487754
117,2020-12-27,5 day ahead inc hosp,2021-01-01,06001,quantile,0.95,839.988963571005
118,2020-12-27,5 day ahead inc hosp,2021-01-01,06001,quantile,0.975,900.3048585291236
119,2020-12-27,5 day ahead inc hosp,2021-01-01,06001,quantile,0.99,970.4351213443157
120,2020-12-27,6 day ahead inc hosp,2021-01-02,06001,point,NA,557.0381469726562
121,2020-12-27,6 day ahead inc hosp,2021-01-02,06001,quantile,0.01,239.34608793769644
122,2020-12-27,6 day ahead inc hosp,2021-01-02,06001,quantile,0.025,289.38041580052
123,2020-12-27,6 day ahead inc hosp,2021-01-02,06001,quantile,0.05,332.4126980497231
124,2020-12-27,6 day ahead inc hosp,2021-01-02,06001,quantile,0.1,382.02616352834673
125,2020-12-27,6 day ahead inc hosp,2021-01-02,06001,quantile,0.15,415.50013314631826
126,2020-12-27,6 day ahead inc hosp,2021-01-02,06001,quantile,0.2,442.1041830522508
127,2020-12-27,6 day ahead inc hosp,2021-01-02,06001,quantile,0.25,464.92808900201976
128,2020-12-27,6 day ahead inc hosp,2021-01-02,06001,quantile,0.3,485.4246619473804
129,2020-12-27,6 day ahead inc hosp,2021-01-02,06001,quantile,0.35,504.41779138125423
130,2020-12-27,6 day ahead inc hosp,2021-01-02,06001,quantile,0.4,522.4404138718236
131,2020-12-27,6 day ahead inc hosp,2021-01-02,06001,quantile,0.45,539.8775097055603
132,2020-12-27,6 day ahead inc hosp,2021-01-02,06001,quantile,0.5,557.0381469726562
133,2020-12-27,6 day ahead inc hosp,2021-01-02,06001,quantile,0.55,581.4739427004899
134,2020-12-27,6 day ahead inc hosp,2021-01-02,06001,quantile,0.6,606.3034000946417
135,2020-12-27,6 day ahead inc hosp,2021-01-02,06001,quantile,0.65,631.9666149744199
136,2020-12-27,6 day ahead inc hosp,2021-01-02,06001,quantile,0.7,659.0117779164943
137,2020-12-27,6 day ahead inc hosp,2021-01-02,06001,quantile,0.75,688.1977610369356
138,2020-12-27,6 day ahead inc hosp,2021-01-02,06001,quantile,0.8,720.6977372801969
139,2020-12-27,6 day ahead inc hosp,2021-01-02,06001,quantile,0.85,758.580428867703
140,2020-12-27,6 day ahead inc hosp,2021-01-02,06001,quantile,0.9,806.2455051147745
141,2020-12-27,6 day ahead inc hosp,2021-01-02,06001,quantile,0.95,876.8923283600942
142,2020-12-27,6 day ahead inc hosp,2021-01-02,06001,quantile,0.975,938.1679116835775
143,2020-12-27,6 day ahead inc hosp,2021-01-02,06001,quantile,0.99,1009.4140196226865
144,2020-12-27,7 day ahead inc hosp,2021-01-03,06001,point,NA,546.1775512695312
145,2020-12-27,7 day ahead inc hosp,2021-01-03,06001,quantile,0.01,235.2636924077297
146,2020-12-27,7 day ahead inc hosp,2021-01-03,06001,quantile,0.025,284.2305000724915
147,2020-12-27,7 day ahead inc hosp,2021-01-03,06001,quantile,0.05,326.3446560585485
148,2020-12-27,7 day ahead inc hosp,2021-01-03,06001,quantile,0.1,374.89958075614123
149,2020-12-27,7 day ahead inc hosp,2021-01-03,06001,quantile,0.15,407.6593579345848
150,2020-12-27,7 day ahead inc hosp,2021-01-03,06001,quantile,0.2,433.69579032994164
151,2020-12-27,7 day ahead inc hosp,2021-01-03,06001,quantile,0.25,456.0327309972581
152,2020-12-27,7 day ahead inc hosp,2021-01-03,06001,quantile,0.3,476.0919940686817
153,2020-12-27,7 day ahead inc hosp,2021-01-03,06001,quantile,0.35,494.67989073215335
154,2020-12-27,7 day ahead inc hosp,2021-01-03,06001,quantile,0.4,512.31798695141
155,2020-12-27,7 day ahead inc hosp,2021-01-03,06001,quantile,0.45,529.3830491675656
156,2020-12-27,7 day ahead inc hosp,2021-01-03,06001,quantile,0.5,546.1775512695312
157,2020-12-27,7 day ahead inc hosp,2021-01-03,06001,quantile,0.55,570.4186079576114
158,2020-12-27,7 day ahead inc hosp,2021-01-03,06001,quantile,0.6,595.0501890581322
159,2020-12-27,7 day ahead inc hosp,2021-01-03,06001,quantile,0.65,620.508883083409
160,2020-12-27,7 day ahead inc hosp,2021-01-03,06001,quantile,0.7,647.338511850948
161,2020-12-27,7 day ahead inc hosp,2021-01-03,06001,quantile,0.75,676.291899708667
162,2020-12-27,7 day ahead inc hosp,2021-01-03,06001,quantile,0.8,708.5328700969062
163,2020-12-27,7 day ahead inc hosp,2021-01-03,06001,quantile,0.85,746.1136587275698
164,2020-12-27,7 day ahead inc hosp,2021-01-03,06001,quantile,0.9,793.3988721176455
165,2020-12-27,7 day ahead inc hosp,2021-01-03,06001,quantile,0.95,863.4826813865157
166,2020-12-27,7 day ahead inc hosp,2021-01-03,06001,quantile,0.975,924.2699340499432
167,2020-12-27,7 day ahead inc hosp,2021-01-03,06001,quantile,0.99,994.9482520631263
168,2020-12-27,8 day ahead inc hosp,2021-01-04,06001,point,NA,489.31005859375
169,2020-12-27,8 day ahead inc hosp,2021-01-04,06001,quantile,0.01,330.9723319690669
170,2020-12-27,8 day ahead inc hosp,2021-01-04,06001,quantile,0.025,355.90944166912936
171,2020-12-27,8 day ahead inc hosp,2021-01-04,06001,quantile,0.05,377.35673173834925
172,2020-12-27,8 day ahead inc hosp,2021-01-04,06001,quantile,0.1,402.0840836202954
173,2020-12-27,8 day ahead inc hosp,2021-01-04,06001,quantile,0.15,418.76751054167806
174,2020-12-27,8 day ahead inc hosp,2021-01-04,06001,quantile,0.2,432.02696938339693
175,2020-12-27,8 day ahead inc hosp,2021-01-04,06001,quantile,0.25,443.4024044249895
176,2020-12-27,8 day ahead inc hosp,2021-01-04,06001,quantile,0.3,453.6178966649396
177,2020-12-27,8 day ahead inc hosp,2021-01-04,06001,quantile,0.35,463.0840726379343
178,2020-12-27,8 day ahead inc hosp,2021-01-04,06001,quantile,0.4,472.0665479369395
179,2020-12-27,8 day ahead inc hosp,2021-01-04,06001,quantile,0.45,480.7571967420668
180,2020-12-27,8 day ahead inc hosp,2021-01-04,06001,quantile,0.5,489.31005859375
181,2020-12-27,8 day ahead inc hosp,2021-01-04,06001,quantile,0.55,509.7950689394297
182,2020-12-27,8 day ahead inc hosp,2021-01-04,06001,quantile,0.6,530.6100936377027
183,2020-12-27,8 day ahead inc hosp,2021-01-04,06001,quantile,0.65,552.1240737090308
184,2020-12-27,8 day ahead inc hosp,2021-01-04,06001,quantile,0.7,574.7965681446399
185,2020-12-27,8 day ahead inc hosp,2021-01-04,06001,quantile,0.75,599.2637544327483
186,2020-12-27,8 day ahead inc hosp,2021-01-04,06001,quantile,0.8,626.5091266315023
187,2020-12-27,8 day ahead inc hosp,2021-01-04,06001,quantile,0.85,658.2669354516308
188,2020-12-27,8 day ahead inc hosp,2021-01-04,06001,quantile,0.9,698.2255106060579
189,2020-12-27,8 day ahead inc hosp,2021-01-04,06001,quantile,0.95,757.4501383279759
190,2020-12-27,8 day ahead inc hosp,2021-01-04,06001,quantile,0.975,808.8186704723717
191,2020-12-27,8 day ahead inc hosp,2021-01-04,06001,quantile,0.99,868.5456903933818
192,2020-12-27,9 day ahead inc hosp,2021-01-05,06001,point,NA,507.88525390625
193,2020-12-27,9 day ahead inc hosp,2021-01-05,06001,quantile,0.01,340.44585451173896
194,2020-12-27,9 day ahead inc hosp,2021-01-05,06001,quantile,0.025,366.8164154628306
195,2020-12-27,9 day ahead inc hosp,2021-01-05,06001,quantile,0.05,389.49655268838444
196,2020-12-27,9 day ahead inc hosp,2021-01-05,06001,quantile,0.1,415.6452983852572
197,2020-12-27,9 day ahead inc hosp,2021-01-05,06001,quantile,0.15,433.28773296548854
198,2020-12-27,9 day ahead inc hosp,2021-01-05,06001,quantile,0.2,447.3093806932989
199,2020-12-27,9 day ahead inc hosp,2021-01-05,06001,quantile,0.25,459.3387059325728
200,2020-12-27,9 day ahead inc hosp,2021-01-05,06001,quantile,0.3,470.14141177936676
201,2020-12-27,9 day ahead inc hosp,2021-01-05,06001,quantile,0.35,480.15172867142377
202,2020-12-27,9 day ahead inc hosp,2021-01-05,06001,quantile,0.4,489.6505404909627
203,2020-12-27,9 day ahead inc hosp,2021-01-05,06001,quantile,0.45,498.8407508552203
204,2020-12-27,9 day ahead inc hosp,2021-01-05,06001,quantile,0.5,507.88525390625
205,2020-12-27,9 day ahead inc hosp,2021-01-05,06001,quantile,0.55,526.1430503327465
206,2020-12-27,9 day ahead inc hosp,2021-01-05,06001,quantile,0.6,544.694980604713
207,2020-12-27,9 day ahead inc hosp,2021-01-05,06001,quantile,0.65,563.8698729693075
208,2020-12-27,9 day ahead inc hosp,2021-01-05,06001,quantile,0.7,584.0773212888797
209,2020-12-27,9 day ahead inc hosp,2021-01-05,06001,quantile,0.75,605.8843352390417
210,2020-12-27,9 day ahead inc hosp,2021-01-05,06001,quantile,0.8,630.1674793905352
211,2020-12-27,9 day ahead inc hosp,2021-01-05,06001,quantile,0.85,658.4724496397588
212,2020-12-27,9 day ahead inc hosp,2021-01-05,06001,quantile,0.9,694.0865654420606
213,2020-12-27,9 day ahead inc hosp,2021-01-05,06001,quantile,0.95,746.8720499565884
214,2020-12-27,9 day ahead inc hosp,2021-01-05,06001,quantile,0.975,792.6555856636191
215,2020-12-27,9 day ahead inc hosp,2021-01-05,06001,quantile,0.99,845.8888402472121
216,2020-12-27,10 day ahead inc hosp,2021-01-06,06001,point,NA,506.0035400390625
217,2020-12-27,10 day ahead inc hosp,2021-01-06,06001,quantile,0.01,340.6131839899057
218,2020-12-27,10 day ahead inc hosp,2021-01-06,06001,quantile,0.025,366.66103461937956
219,2020-12-27,10 day ahead inc hosp,2021-01-06,06001,quantile,0.05,389.06362316510183
220,2020-12-27,10 day ahead inc hosp,2021-01-06,06001,quantile,0.1,414.89237300942557
221,2020-12-27,10 day ahead inc hosp,2021-01-06,06001,quantile,0.15,432.3189079071258
222,2020-12-27,10 day ahead inc hosp,2021-01-06,06001,quantile,0.2,446.16896541141966
223,2020-12-27,10 day ahead inc hosp,2021-01-06,06001,quantile,0.25,458.0510815175996
224,2020-12-27,10 day ahead inc hosp,2021-01-06,06001,quantile,0.3,468.7215890131857
225,2020-12-27,10 day ahead inc hosp,2021-01-06,06001,quantile,0.35,478.60940443135587
226,2020-12-27,10 day ahead inc hosp,2021-01-06,06001,quantile,0.4,487.99197433162146
227,2020-12-27,10 day ahead inc hosp,2021-01-06,06001,quantile,0.45,497.06971929372526
228,2020-12-27,10 day ahead inc hosp,2021-01-06,06001,quantile,0.5,506.0035400390625
229,2020-12-27,10 day ahead inc hosp,2021-01-06,06001,quantile,0.55,526.251660261799
230,2020-12-27,10 day ahead inc hosp,2021-01-06,06001,quantile,0.6,546.8259785275814
231,2020-12-27,10 day ahead inc hosp,2021-01-06,06001,quantile,0.65,568.0911693965564
232,2020-12-27,10 day ahead inc hosp,2021-01-06,06001,quantile,0.7,590.5014774869477
233,2020-12-27,10 day ahead inc hosp,2021-01-06,06001,quantile,0.75,614.6857234850559
234,2020-12-27,10 day ahead inc hosp,2021-01-06,06001,quantile,0.8,641.6160282534846
235,2020-12-27,10 day ahead inc hosp,2021-01-06,06001,quantile,0.85,673.0065875038616
236,2020-12-27,10 day ahead inc hosp,2021-01-06,06001,quantile,0.9,712.5030788408418
237,2020-12-27,10 day ahead inc hosp,2021-01-06,06001,quantile,0.95,771.0428287371903
238,2020-12-27,10 day ahead inc hosp,2021-01-06,06001,quantile,0.975,821.8173315064598
239,2020-12-27,10 day ahead inc hosp,2021-01-06,06001,quantile,0.99,880.853663902623
240,2020-12-27,11 day ahead inc hosp,2021-01-07,06001,point,NA,513.4235229492188
241,2020-12-27,11 day ahead inc hosp,2021-01-07,06001,quantile,0.01,322.0273124980797
242,2020-12-27,11 day ahead inc hosp,2021-01-07,06001,quantile,0.025,352.1709074450357
243,2020-12-27,11 day ahead inc hosp,2021-01-07,06001,quantile,0.05,378.09606205727283
244,2020-12-27,11 day ahead inc hosp,2021-01-07,06001,quantile,0.1,407.98610497745807
245,2020-12-27,11 day ahead inc hosp,2021-01-07,06001,quantile,0.15,428.15277503240986
246,2020-12-27,11 day ahead inc hosp,2021-01-07,06001,quantile,0.2,444.1806050956352
247,2020-12-27,11 day ahead inc hosp,2021-01-07,06001,quantile,0.25,457.93105614483267
248,2020-12-27,11 day ahead inc hosp,2021-01-07,06001,quantile,0.3,470.2793861625675
249,2020-12-27,11 day ahead inc hosp,2021-01-07,06001,quantile,0.35,481.7219541930495
250,2020-12-27,11 day ahead inc hosp,2021-01-07,06001,quantile,0.4,492.57983228280955
251,2020-12-27,11 day ahead inc hosp,2021-01-07,06001,quantile,0.45,503.0849549918518
252,2020-12-27,11 day ahead inc hosp,2021-01-07,06001,quantile,0.5,513.4235229492188
253,2020-12-27,11 day ahead inc hosp,2021-01-07,06001,quantile,0.55,538.2757502104286
254,2020-12-27,11 day ahead inc hosp,2021-01-07,06001,quantile,0.6,563.5283478669521
255,2020-12-27,11 day ahead inc hosp,2021-01-07,06001,quantile,0.65,589.6289117916633
256,2020-12-27,11 day ahead inc hosp,2021-01-07,06001,quantile,0.7,617.1349747510653
257,2020-12-27,11 day ahead inc hosp,2021-01-07,06001,quantile,0.75,646.8183414574271
258,2020-12-27,11 day ahead inc hosp,2021-01-07,06001,quantile,0.8,679.8721779102109
259,2020-12-27,11 day ahead inc hosp,2021-01-07,06001,quantile,0.85,718.4004612157812
260,2020-12-27,11 day ahead inc hosp,2021-01-07,06001,quantile,0.9,766.8778392602294
261,2020-12-27,11 day ahead inc hosp,2021-01-07,06001,quantile,0.95,838.728616134065
262,2020-12-27,11 day ahead inc hosp,2021-01-07,06001,quantile,0.975,901.0484496798908
263,2020-12-27,11 day ahead inc hosp,2021-01-07,06001,quantile,0.99,973.5087241763983
264,2020-12-27,12 day ahead inc hosp,2021-01-08,06001,point,NA,511.5833435058594
265,2020-12-27,12 day ahead inc hosp,2021-01-08,06001,quantile,0.01,345.00365204532955
266,2020-12-27,12 day ahead inc hosp,2021-01-08,06001,quantile,0.025,371.2388148729499
267,2020-12-27,12 day ahead inc hosp,2021-01-08,06001,quantile,0.05,393.80250224269264
268,2020-12-27,12 day ahead inc hosp,2021-01-08,06001,quantile,0.1,419.8169887137168
269,2020-12-27,12 day ahead inc hosp,2021-01-08,06001,quantile,0.15,437.36883923166516
270,2020-12-27,12 day ahead inc hosp,2021-01-08,06001,quantile,0.2,451.3184936183463
271,2020-12-27,12 day ahead inc hosp,2021-01-08,06001,quantile,0.25,463.2860549813398
272,2020-12-27,12 day ahead inc hosp,2021-01-08,06001,quantile,0.3,474.0332949583413
273,2020-12-27,12 day ahead inc hosp,2021-01-08,06001,quantile,0.35,483.9922144559685
274,2020-12-27,12 day ahead inc hosp,2021-01-08,06001,quantile,0.4,493.44225517435575
275,2020-12-27,12 day ahead inc hosp,2021-01-08,06001,quantile,0.45,502.58527893382563
276,2020-12-27,12 day ahead inc hosp,2021-01-08,06001,quantile,0.5,511.5833435058594
277,2020-12-27,12 day ahead inc hosp,2021-01-08,06001,quantile,0.55,535.5989303435467
278,2020-12-27,12 day ahead inc hosp,2021-01-08,06001,quantile,0.6,560.0014092651843
279,2020-12-27,12 day ahead inc hosp,2021-01-08,06001,quantile,0.65,585.223308005217
280,2020-12-27,12 day ahead inc hosp,2021-01-08,06001,quantile,0.7,611.8033902095779
281,2020-12-27,12 day ahead inc hosp,2021-01-08,06001,quantile,0.75,640.4874780894681
282,2020-12-27,12 day ahead inc hosp,2021-01-08,06001,quantile,0.8,672.4285701818274
283,2020-12-27,12 day ahead inc hosp,2021-01-08,06001,quantile,0.85,709.6598140340093
284,2020-12-27,12 day ahead inc hosp,2021-01-08,06001,quantile,0.9,756.5052202768126
285,2020-12-27,12 day ahead inc hosp,2021-01-08,06001,quantile,0.95,825.9371691010604
286,2020-12-27,12 day ahead inc hosp,2021-01-08,06001,quantile,0.975,886.1590300433197
287,2020-12-27,12 day ahead inc hosp,2021-01-08,06001,quantile,0.99,956.1799579932931
288,2020-12-27,13 day ahead inc hosp,2021-01-09,06001,point,NA,504.7323913574219
289,2020-12-27,13 day ahead inc hosp,2021-01-09,06001,quantile,0.01,195.6095463198502
290,2020-12-27,13 day ahead inc hosp,2021-01-09,06001,quantile,0.025,244.29428154893145
291,2020-12-27,13 day ahead inc hosp,2021-01-09,06001,quantile,0.05,286.1658396789684
292,2020-12-27,13 day ahead inc hosp,2021-01-09,06001,quantile,0.1,334.4410645854801
293,2020-12-27,13 day ahead inc hosp,2021-01-09,06001,quantile,0.15,367.0121296427591
294,2020-12-27,13 day ahead inc hosp,2021-01-09,06001,quantile,0.2,392.89857962651024
295,2020-12-27,13 day ahead inc hosp,2021-01-09,06001,quantile,0.25,415.1068487393562
296,2020-12-27,13 day ahead inc hosp,2021-01-09,06001,quantile,0.3,435.0505607781038
297,2020-12-27,13 day ahead inc hosp,2021-01-09,06001,quantile,0.35,453.53138218925466
298,2020-12-27,13 day ahead inc hosp,2021-01-09,06001,quantile,0.4,471.0678744649708
299,2020-12-27,13 day ahead inc hosp,2021-01-09,06001,quantile,0.45,488.0346336898979
300,2020-12-27,13 day ahead inc hosp,2021-01-09,06001,quantile,0.5,504.7323913574219
301,2020-12-27,13 day ahead inc hosp,2021-01-09,06001,quantile,0.55,528.9714980090372
302,2020-12-27,13 day ahead inc hosp,2021-01-09,06001,quantile,0.6,553.6010976579264
303,2020-12-27,13 day ahead inc hosp,2021-01-09,06001,quantile,0.65,579.0577436956781
304,2020-12-27,13 day ahead inc hosp,2021-01-09,06001,quantile,0.7,605.8852141928451
305,2020-12-27,13 day ahead inc hosp,2021-01-09,06001,quantile,0.75,634.8362729374885
306,2020-12-27,13 day ahead inc hosp,2021-01-09,06001,quantile,0.8,667.0746497478683
307,2020-12-27,13 day ahead inc hosp,2021-01-09,06001,quantile,0.85,704.6524152467789
308,2020-12-27,13 day ahead inc hosp,2021-01-09,06001,quantile,0.9,751.9338248467996
309,2020-12-27,13 day ahead inc hosp,2021-01-09,06001,quantile,0.95,822.0119963258069
310,2020-12-27,13 day ahead inc hosp,2021-01-09,06001,quantile,0.975,882.7943590473144
311,2020-12-27,13 day ahead inc hosp,2021-01-09,06001,quantile,0.99,953.4669914462454
312,2020-12-27,14 day ahead inc hosp,2021-01-10,06001,point,NA,523.4046630859375
313,2020-12-27,14 day ahead inc hosp,2021-01-10,06001,quantile,0.01,209.37300963074063
314,2020-12-27,14 day ahead inc hosp,2021-01-10,06001,quantile,0.025,258.8308486337384
315,2020-12-27,14 day ahead inc hosp,2021-01-10,06001,quantile,0.05,301.36731865983023
316,2020-12-27,14 day ahead inc hosp,2021-01-10,06001,quantile,0.1,350.4091443989496
317,2020-12-27,14 day ahead inc hosp,2021-01-10,06001,quantile,0.15,383.4974313985433
318,2020-12-27,14 day ahead inc hosp,2021-01-10,06001,quantile,0.2,409.79495298577694
319,2020-12-27,14 day ahead inc hosp,2021-01-10,06001,quantile,0.25,432.3558849319013
320,2020-12-27,14 day ahead inc hosp,2021-01-10,06001,quantile,0.3,452.6162990944359
321,2020-12-27,14 day ahead inc hosp,2021-01-10,06001,quantile,0.35,471.3905922213271
322,2020-12-27,14 day ahead inc hosp,2021-01-10,06001,quantile,0.4,489.2055604566191
323,2020-12-27,14 day ahead inc hosp,2021-01-10,06001,quantile,0.45,506.4417483952118
324,2020-12-27,14 day ahead inc hosp,2021-01-10,06001,quantile,0.5,523.4046630859375
325,2020-12-27,14 day ahead inc hosp,2021-01-10,06001,quantile,0.55,547.72323803773
326,2020-12-27,14 day ahead inc hosp,2021-01-10,06001,quantile,0.6,572.433586224355
327,2020-12-27,14 day ahead inc hosp,2021-01-10,06001,quantile,0.65,597.9736922847019
328,2020-12-27,14 day ahead inc hosp,2021-01-10,06001,quantile,0.7,624.889117074455
329,2020-12-27,14 day ahead inc hosp,2021-01-10,06001,quantile,0.75,653.9350923298358
330,2020-12-27,14 day ahead inc hosp,2021-01-10,06001,quantile,0.8,686.2791631759908
331,2020-12-27,14 day ahead inc hosp,2021-01-10,06001,quantile,0.85,723.980127982185
332,2020-12-27,14 day ahead inc hosp,2021-01-10,06001,quantile,0.9,771.4165504424111
333,2020-12-27,14 day ahead inc hosp,2021-01-10,06001,quantile,0.95,841.7244743313154
334,2020-12-27,14 day ahead inc hosp,2021-01-10,06001,quantile,0.975,902.7061130045175
335,2020-12-27,14 day ahead inc hosp,2021-01-10,06001,quantile,0.99,973.6104467630122
336,2020-12-27,15 day ahead inc hosp,2021-01-11,06001,point,NA,506.98291015625
337,2020-12-27,15 day ahead inc hosp,2021-01-11,06001,quantile,0.01,352.66503427997816
338,2020-12-27,15 day ahead inc hosp,2021-01-11,06001,quantile,0.025,376.96904496297174
339,2020-12-27,15 day ahead inc hosp,2021-01-11,06001,quantile,0.05,397.87183495078966
340,2020-12-27,15 day ahead inc hosp,2021-01-11,06001,quantile,0.1,421.97141311078207
341,2020-12-27,15 day ahead inc hosp,2021-01-11,06001,quantile,0.15,438.2312840823249
342,2020-12-27,15 day ahead inc hosp,2021-01-11,06001,quantile,0.2,451.15411408210804
343,2020-12-27,15 day ahead inc hosp,2021-01-11,06001,quantile,0.25,462.2407515513202
344,2020-12-27,15 day ahead inc hosp,2021-01-11,06001,quantile,0.3,472.19689464560844
345,2020-12-27,15 day ahead inc hosp,2021-01-11,06001,quantile,0.35,481.4227449843982
346,2020-12-27,15 day ahead inc hosp,2021-01-11,06001,quantile,0.4,490.177174758038
347,2020-12-27,15 day ahead inc hosp,2021-01-11,06001,quantile,0.45,498.6471868782249
348,2020-12-27,15 day ahead inc hosp,2021-01-11,06001,quantile,0.5,506.98291015625
349,2020-12-27,15 day ahead inc hosp,2021-01-11,06001,quantile,0.55,527.9623093927747
350,2020-12-27,15 day ahead inc hosp,2021-01-11,06001,quantile,0.6,549.2796876070986
351,2020-12-27,15 day ahead inc hosp,2021-01-11,06001,quantile,0.65,571.3128899080298
352,2020-12-27,15 day ahead inc hosp,2021-01-11,06001,quantile,0.7,594.5325663653982
353,2020-12-27,15 day ahead inc hosp,2021-01-11,06001,quantile,0.75,619.5902480883126
354,2020-12-27,15 day ahead inc hosp,2021-01-11,06001,quantile,0.8,647.4931649558122
355,2020-12-27,15 day ahead inc hosp,2021-01-11,06001,quantile,0.85,680.0174223943845
356,2020-12-27,15 day ahead inc hosp,2021-01-11,06001,quantile,0.9,720.9403649236374
357,2020-12-27,15 day ahead inc hosp,2021-01-11,06001,quantile,0.95,781.5943303669455
358,2020-12-27,15 day ahead inc hosp,2021-01-11,06001,quantile,0.975,834.202599821826
359,2020-12-27,15 day ahead inc hosp,2021-01-11,06001,quantile,0.99,895.3710822871035
360,2020-12-27,16 day ahead inc hosp,2021-01-12,06001,point,NA,534.0380249023438
361,2020-12-27,16 day ahead inc hosp,2021-01-12,06001,quantile,0.01,371.3892635752278
362,2020-12-27,16 day ahead inc hosp,2021-01-12,06001,quantile,0.025,397.00533177486614
363,2020-12-27,16 day ahead inc hosp,2021-01-12,06001,quantile,0.05,419.03656361041385
364,2020-12-27,16 day ahead inc hosp,2021-01-12,06001,quantile,0.1,444.43716295103434
365,2020-12-27,16 day ahead inc hosp,2021-01-12,06001,quantile,0.15,461.57482673653504
366,2020-12-27,16 day ahead inc hosp,2021-01-12,06001,quantile,0.2,475.19529863825335
367,2020-12-27,16 day ahead inc hosp,2021-01-12,06001,quantile,0.25,486.8804507401131
368,2020-12-27,16 day ahead inc hosp,2021-01-12,06001,quantile,0.3,497.3740784723912
369,2020-12-27,16 day ahead inc hosp,2021-01-12,06001,quantile,0.35,507.09798842950227
370,2020-12-27,16 day ahead inc hosp,2021-01-12,06001,quantile,0.4,516.3250280755727
371,2020-12-27,16 day ahead inc hosp,2021-01-12,06001,quantile,0.45,525.2522957168057
372,2020-12-27,16 day ahead inc hosp,2021-01-12,06001,quantile,0.5,534.0380249023438
373,2020-12-27,16 day ahead inc hosp,2021-01-12,06001,quantile,0.55,552.1703018725441
374,2020-12-27,16 day ahead inc hosp,2021-01-12,06001,quantile,0.6,570.5946905646515
375,2020-12-27,16 day ahead inc hosp,2021-01-12,06001,quantile,0.65,589.6377585837488
376,2020-12-27,16 day ahead inc hosp,2021-01-12,06001,quantile,0.7,609.7062838993091
377,2020-12-27,16 day ahead inc hosp,2021-01-12,06001,quantile,0.75,631.3633780853042
378,2020-12-27,16 day ahead inc hosp,2021-01-12,06001,quantile,0.8,655.4795794700007
379,2020-12-27,16 day ahead inc hosp,2021-01-12,06001,quantile,0.85,683.5899575355254
380,2020-12-27,16 day ahead inc hosp,2021-01-12,06001,quantile,0.9,718.9592319370607
381,2020-12-27,16 day ahead inc hosp,2021-01-12,06001,quantile,0.95,771.3818246128461
382,2020-12-27,16 day ahead inc hosp,2021-01-12,06001,quantile,0.975,816.8506057692715
383,2020-12-27,16 day ahead inc hosp,2021-01-12,06001,quantile,0.99,869.7178901658758
384,2020-12-27,17 day ahead inc hosp,2021-01-13,06001,point,NA,543.4329833984375
385,2020-12-27,17 day ahead inc hosp,2021-01-13,06001,quantile,0.01,380.09266461767675
386,2020-12-27,17 day ahead inc hosp,2021-01-13,06001,quantile,0.025,405.8176483894473
387,2020-12-27,17 day ahead inc hosp,2021-01-13,06001,quantile,0.05,427.94255362566855
388,2020-12-27,17 day ahead inc hosp,2021-01-13,06001,quantile,0.1,453.4511523980567
389,2020-12-27,17 day ahead inc hosp,2021-01-13,06001,quantile,0.15,470.6616828874427
390,2020-12-27,17 day ahead inc hosp,2021-01-13,06001,quantile,0.2,484.3400669354874
391,2020-12-27,17 day ahead inc hosp,2021-01-13,06001,quantile,0.25,496.0749025023
392,2020-12-27,17 day ahead inc hosp,2021-01-13,06001,quantile,0.3,506.61314752163776
393,2020-12-27,17 day ahead inc hosp,2021-01-13,06001,quantile,0.35,516.3784020445146
394,2020-12-27,17 day ahead inc hosp,2021-01-13,06001,quantile,0.4,525.6446736404029
395,2020-12-27,17 day ahead inc hosp,2021-01-13,06001,quantile,0.45,534.6098986471123
396,2020-12-27,17 day ahead inc hosp,2021-01-13,06001,quantile,0.5,543.4329833984375
397,2020-12-27,17 day ahead inc hosp,2021-01-13,06001,quantile,0.55,563.5698805974057
398,2020-12-27,17 day ahead inc hosp,2021-01-13,06001,quantile,0.6,584.0311840319683
399,2020-12-27,17 day ahead inc hosp,2021-01-13,06001,quantile,0.65,605.1795651031232
400,2020-12-27,17 day ahead inc hosp,2021-01-13,06001,quantile,0.7,627.4667732611765
401,2020-12-27,17 day ahead inc hosp,2021-01-13,06001,quantile,0.75,651.5181750773124
402,2020-12-27,17 day ahead inc hosp,2021-01-13,06001,quantile,0.8,678.300551549465
403,2020-12-27,17 day ahead inc hosp,2021-01-13,06001,quantile,0.85,709.518682303804
404,2020-12-27,17 day ahead inc hosp,2021-01-13,06001,quantile,0.9,748.7982192200077
405,2020-12-27,17 day ahead inc hosp,2021-01-13,06001,quantile,0.95,807.0164099828423
406,2020-12-27,17 day ahead inc hosp,2021-01-13,06001,quantile,0.975,857.5120081591815
407,2020-12-27,17 day ahead inc hosp,2021-01-13,06001,quantile,0.99,916.2240536917219
408,2020-12-27,18 day ahead inc hosp,2021-01-14,06001,point,NA,558.732421875
409,2020-12-27,18 day ahead inc hosp,2021-01-14,06001,quantile,0.01,377.7551694480791
410,2020-12-27,18 day ahead inc hosp,2021-01-14,06001,quantile,0.025,406.2578497201255
411,2020-12-27,18 day ahead inc hosp,2021-01-14,06001,quantile,0.05,430.77172718617675
412,2020-12-27,18 day ahead inc hosp,2021-01-14,06001,quantile,0.1,459.0346579404866
413,2020-12-27,18 day ahead inc hosp,2021-01-14,06001,quantile,0.15,478.1035231418547
414,2020-12-27,18 day ahead inc hosp,2021-01-14,06001,quantile,0.2,493.25885270857367
415,2020-12-27,18 day ahead inc hosp,2021-01-14,06001,quantile,0.25,506.2607760206861
416,2020-12-27,18 day ahead inc hosp,2021-01-14,06001,quantile,0.3,517.9369049962962
417,2020-12-27,18 day ahead inc hosp,2021-01-14,06001,quantile,0.35,528.7565785832684
418,2020-12-27,18 day ahead inc hosp,2021-01-14,06001,quantile,0.4,539.023390759118
419,2020-12-27,18 day ahead inc hosp,2021-01-14,06001,quantile,0.45,548.9566503561019
420,2020-12-27,18 day ahead inc hosp,2021-01-14,06001,quantile,0.5,558.732421875
421,2020-12-27,18 day ahead inc hosp,2021-01-14,06001,quantile,0.55,583.2653071764728
422,2020-12-27,18 day ahead inc hosp,2021-01-14,06001,quantile,0.6,608.1934182612566
423,2020-12-27,18 day ahead inc hosp,2021-01-14,06001,quantile,0.65,633.9585995602437
424,2020-12-27,18 day ahead inc hosp,2021-01-14,06001,quantile,0.7,661.111219749395
425,2020-12-27,18 day ahead inc hosp,2021-01-14,06001,quantile,0.75,690.413166134915
426,2020-12-27,18 day ahead inc hosp,2021-01-14,06001,quantile,0.8,723.0422729729758
427,2020-12-27,18 day ahead inc hosp,2021-01-14,06001,quantile,0.85,761.0754820396546
428,2020-12-27,18 day ahead inc hosp,2021-01-14,06001,quantile,0.9,808.9299436450684
429,2020-12-27,18 day ahead inc hosp,2021-01-14,06001,quantile,0.95,879.857464520383
430,2020-12-27,18 day ahead inc hosp,2021-01-14,06001,quantile,0.975,941.3765111763323
431,2020-12-27,18 day ahead inc hosp,2021-01-14,06001,quantile,0.99,1012.9056978545293
432,2020-12-27,19 day ahead inc hosp,2021-01-15,06001,point,NA,557.6603393554688
433,2020-12-27,19 day ahead inc hosp,2021-01-15,06001,quantile,0.01,398.3719785870974
434,2020-12-27,19 day ahead inc hosp,2021-01-15,06001,quantile,0.025,423.45880666717665
435,2020-12-27,19 day ahead inc hosp,2021-01-15,06001,quantile,0.05,445.03486280285466
436,2020-12-27,19 day ahead inc hosp,2021-01-15,06001,quantile,0.1,469.9106737127474
437,2020-12-27,19 day ahead inc hosp,2021-01-15,06001,quantile,0.15,486.69426523547475
438,2020-12-27,19 day ahead inc hosp,2021-01-15,06001,quantile,0.2,500.03333172706
439,2020-12-27,19 day ahead inc hosp,2021-01-15,06001,quantile,0.25,511.4770630438383
440,2020-12-27,19 day ahead inc hosp,2021-01-15,06001,quantile,0.3,521.7538874496903
441,2020-12-27,19 day ahead inc hosp,2021-01-15,06001,quantile,0.35,531.276896814713
442,2020-12-27,19 day ahead inc hosp,2021-01-15,06001,quantile,0.4,540.3133014450034
443,2020-12-27,19 day ahead inc hosp,2021-01-15,06001,quantile,0.45,549.056127502268
444,2020-12-27,19 day ahead inc hosp,2021-01-15,06001,quantile,0.5,557.6603393554688
445,2020-12-27,19 day ahead inc hosp,2021-01-15,06001,quantile,0.55,581.1344679855599
446,2020-12-27,19 day ahead inc hosp,2021-01-15,06001,quantile,0.6,604.986765785782
447,2020-12-27,19 day ahead inc hosp,2021-01-15,06001,quantile,0.65,629.6400086700887
448,2020-12-27,19 day ahead inc hosp,2021-01-15,06001,quantile,0.7,655.6208132567341
449,2020-12-27,19 day ahead inc hosp,2021-01-15,06001,quantile,0.75,683.6581863628008
450,2020-12-27,19 day ahead inc hosp,2021-01-15,06001,quantile,0.8,714.8791308864215
451,2020-12-27,19 day ahead inc hosp,2021-01-15,06001,quantile,0.85,751.270954794422
452,2020-12-27,19 day ahead inc hosp,2021-01-15,06001,quantile,0.9,797.0601790721636
453,2020-12-27,19 day ahead inc hosp,2021-01-15,06001,quantile,0.95,864.9267071213802
454,2020-12-27,19 day ahead inc hosp,2021-01-15,06001,quantile,0.975,923.7907989987284
455,2020-12-27,19 day ahead inc hosp,2021-01-15,06001,quantile,0.99,992.2330269819574
456,2020-12-27,20 day ahead inc hosp,2021-01-16,06001,point,NA,561.756103515625
457,2020-12-27,20 day ahead inc hosp,2021-01-16,06001,quantile,0.01,268.7785798677265
458,2020-12-27,20 day ahead inc hosp,2021-01-16,06001,quantile,0.025,314.920537331712
459,2020-12-27,20 day ahead inc hosp,2021-01-16,06001,quantile,0.05,354.6051663041396
460,2020-12-27,20 day ahead inc hosp,2021-01-16,06001,quantile,0.1,400.35900195137594
461,2020-12-27,20 day ahead inc hosp,2021-01-16,06001,quantile,0.15,431.22889764574415
462,2020-12-27,20 day ahead inc hosp,2021-01-16,06001,quantile,0.2,455.76331214802013
463,2020-12-27,20 day ahead inc hosp,2021-01-16,06001,quantile,0.25,476.81165520528236
464,2020-12-27,20 day ahead inc hosp,2021-01-16,06001,quantile,0.3,495.71371779709386
465,2020-12-27,20 day ahead inc hosp,2021-01-16,06001,quantile,0.35,513.2292957588585
466,2020-12-27,20 day ahead inc hosp,2021-01-16,06001,quantile,0.4,529.8498663924697
467,2020-12-27,20 day ahead inc hosp,2021-01-16,06001,quantile,0.45,545.9304608287854
468,2020-12-27,20 day ahead inc hosp,2021-01-16,06001,quantile,0.5,561.756103515625
469,2020-12-27,20 day ahead inc hosp,2021-01-16,06001,quantile,0.55,585.6392010026707
470,2020-12-27,20 day ahead inc hosp,2021-01-16,06001,quantile,0.6,609.9070561648216
471,2020-12-27,20 day ahead inc hosp,2021-01-16,06001,quantile,0.65,634.9898105646139
472,2020-12-27,20 day ahead inc hosp,2021-01-16,06001,quantile,0.7,661.4232555930834
473,2020-12-27,20 day ahead inc hosp,2021-01-16,06001,quantile,0.75,689.9490989044508
474,2020-12-27,20 day ahead inc hosp,2021-01-16,06001,quantile,0.8,721.7139781655892
475,2020-12-27,20 day ahead inc hosp,2021-01-16,06001,quantile,0.85,758.7398244418179
476,2020-12-27,20 day ahead inc hosp,2021-01-16,06001,quantile,0.9,805.3267936330682
477,2020-12-27,20 day ahead inc hosp,2021-01-16,06001,quantile,0.95,874.3756998160649
478,2020-12-27,20 day ahead inc hosp,2021-01-16,06001,quantile,0.975,934.2653283917119
479,2020-12-27,20 day ahead inc hosp,2021-01-16,06001,quantile,0.99,1003.8999644164406
480,2020-12-27,21 day ahead inc hosp,2021-01-17,06001,point,NA,635.433349609375
481,2020-12-27,21 day ahead inc hosp,2021-01-17,06001,quantile,0.01,335.36272967029737
482,2020-12-27,21 day ahead inc hosp,2021-01-17,06001,quantile,0.025,382.62180131860805
483,2020-12-27,21 day ahead inc hosp,2021-01-17,06001,quantile,0.05,423.26721011836275
484,2020-12-27,21 day ahead inc hosp,2021-01-17,06001,quantile,0.1,470.1287633744306
485,2020-12-27,21 day ahead inc hosp,2021-01-17,06001,quantile,0.15,501.7460308805763
486,2020-12-27,21 day ahead inc hosp,2021-01-17,06001,quantile,0.2,526.8744328066845
487,2020-12-27,21 day ahead inc hosp,2021-01-17,06001,quantile,0.25,548.4323641839517
488,2020-12-27,21 day ahead inc hosp,2021-01-17,06001,quantile,0.3,567.7920528366167
489,2020-12-27,21 day ahead inc hosp,2021-01-17,06001,quantile,0.35,585.7316895436786
490,2020-12-27,21 day ahead inc hosp,2021-01-17,06001,quantile,0.4,602.7546504577818
491,2020-12-27,21 day ahead inc hosp,2021-01-17,06001,quantile,0.45,619.2245621472985
492,2020-12-27,21 day ahead inc hosp,2021-01-17,06001,quantile,0.5,635.433349609375
493,2020-12-27,21 day ahead inc hosp,2021-01-17,06001,quantile,0.55,658.8783331516946
494,2020-12-27,21 day ahead inc hosp,2021-01-17,06001,quantile,0.6,682.7010163355919
495,2020-12-27,21 day ahead inc hosp,2021-01-17,06001,quantile,0.65,707.3236501634756
496,2020-12-27,21 day ahead inc hosp,2021-01-17,06001,quantile,0.7,733.2721974151636
497,2020-12-27,21 day ahead inc hosp,2021-01-17,06001,quantile,0.75,761.2747597849966
498,2020-12-27,21 day ahead inc hosp,2021-01-17,06001,quantile,0.8,792.4569409030489
499,2020-12-27,21 day ahead inc hosp,2021-01-17,06001,quantile,0.85,828.8035813276203
500,2020-12-27,21 day ahead inc hosp,2021-01-17,06001,quantile,0.9,874.5359544658971
501,2020-12-27,21 day ahead inc hosp,2021-01-17,06001,quantile,0.95,942.3182205623949
502,2020-12-27,21 day ahead inc hosp,2021-01-17,06001,quantile,0.975,1001.1092277620797
503,2020-12-27,21 day ahead inc hosp,2021-01-17,06001,quantile,0.99,1069.4664790131246
504,2020-12-27,22 day ahead inc hosp,2021-01-18,06001,point,NA,542.037353515625
505,2020-12-27,22 day ahead inc hosp,2021-01-18,06001,quantile,0.01,368.997375266335
506,2020-12-27,22 day ahead inc hosp,2021-01-18,06001,quantile,0.025,396.2499891069223
507,2020-12-27,22 day ahead inc hosp,2021-01-18,06001,quantile,0.05,419.68874047841945
508,2020-12-27,22 day ahead inc hosp,2021-01-18,06001,quantile,0.1,446.71211970096465
509,2020-12-27,22 day ahead inc hosp,2021-01-18,06001,quantile,0.15,464.9446653686352
510,2020-12-27,22 day ahead inc hosp,2021-01-18,06001,quantile,0.2,479.43531468184005
511,2020-12-27,22 day ahead inc hosp,2021-01-18,06001,quantile,0.25,491.8670015206894
512,2020-12-27,22 day ahead inc hosp,2021-01-18,06001,quantile,0.3,503.0310405194102
513,2020-12-27,22 day ahead inc hosp,2021-01-18,06001,quantile,0.35,513.3761864261318
514,2020-12-27,22 day ahead inc hosp,2021-01-18,06001,quantile,0.4,523.1927182375867
515,2020-12-27,22 day ahead inc hosp,2021-01-18,06001,quantile,0.45,532.6903263709664
516,2020-12-27,22 day ahead inc hosp,2021-01-18,06001,quantile,0.5,542.037353515625
517,2020-12-27,22 day ahead inc hosp,2021-01-18,06001,quantile,0.55,566.2894891719383
518,2020-12-27,22 day ahead inc hosp,2021-01-18,06001,quantile,0.6,590.9323277233227
519,2020-12-27,22 day ahead inc hosp,2021-01-18,06001,quantile,0.65,616.4026572175476
520,2020-12-27,22 day ahead inc hosp,2021-01-18,06001,quantile,0.7,643.2445480167564
521,2020-12-27,22 day ahead inc hosp,2021-01-18,06001,quantile,0.75,672.2111685346043
522,2020-12-27,22 day ahead inc hosp,2021-01-18,06001,quantile,0.8,704.4668741174077
523,2020-12-27,22 day ahead inc hosp,2021-01-18,06001,quantile,0.85,742.0648384169695
524,2020-12-27,22 day ahead inc hosp,2021-01-18,06001,quantile,0.9,789.3716627204549
525,2020-12-27,22 day ahead inc hosp,2021-01-18,06001,quantile,0.95,859.4875026184573
526,2020-12-27,22 day ahead inc hosp,2021-01-18,06001,quantile,0.975,920.3025370758019
527,2020-12-27,22 day ahead inc hosp,2021-01-18,06001,quantile,0.99,991.0131574283638
528,2020-12-27,23 day ahead inc hosp,2021-01-19,06001,point,NA,563.4736328125
529,2020-12-27,23 day ahead inc hosp,2021-01-19,06001,quantile,0.01,397.75787345887943
530,2020-12-27,23 day ahead inc hosp,2021-01-19,06001,quantile,0.025,423.85697288466463
531,2020-12-27,23 day ahead inc hosp,2021-01-19,06001,quantile,0.05,446.3036382225013
532,2020-12-27,23 day ahead inc hosp,2021-01-19,06001,quantile,0.1,472.1832057852839
533,2020-12-27,23 day ahead inc hosp,2021-01-19,06001,quantile,0.15,489.64402715637067
534,2020-12-27,23 day ahead inc hosp,2021-01-19,06001,quantile,0.2,503.5213344628088
535,2020-12-27,23 day ahead inc hosp,2021-01-19,06001,quantile,0.25,515.42682847286
536,2020-12-27,23 day ahead inc hosp,2021-01-19,06001,quantile,0.3,526.1183300486472
537,2020-12-27,23 day ahead inc hosp,2021-01-19,06001,quantile,0.35,536.0255996108671
538,2020-12-27,23 day ahead inc hosp,2021-01-19,06001,quantile,0.4,545.4266295914108
539,2020-12-27,23 day ahead inc hosp,2021-01-19,06001,quantile,0.45,554.5222348948205
540,2020-12-27,23 day ahead inc hosp,2021-01-19,06001,quantile,0.5,563.4736328125
541,2020-12-27,23 day ahead inc hosp,2021-01-19,06001,quantile,0.55,583.3249158210668
542,2020-12-27,23 day ahead inc hosp,2021-01-19,06001,quantile,0.6,603.4960038089657
543,2020-12-27,23 day ahead inc hosp,2021-01-19,06001,quantile,0.65,624.3444241821911
544,2020-12-27,23 day ahead inc hosp,2021-01-19,06001,quantile,0.7,646.3155189464344
545,2020-12-27,23 day ahead inc hosp,2021-01-19,06001,quantile,0.75,670.0257847081991
546,2020-12-27,23 day ahead inc hosp,2021-01-19,06001,quantile,0.8,696.428290006678
547,2020-12-27,23 day ahead inc hosp,2021-01-19,06001,quantile,0.85,727.203634513804
548,2020-12-27,23 day ahead inc hosp,2021-01-19,06001,quantile,0.9,765.9260452240778
549,2020-12-27,23 day ahead inc hosp,2021-01-19,06001,quantile,0.95,823.3184910244656
550,2020-12-27,23 day ahead inc hosp,2021-01-19,06001,quantile,0.975,873.0978785925136
551,2020-12-27,23 day ahead inc hosp,2021-01-19,06001,quantile,0.99,930.9771745119485
552,2020-12-27,24 day ahead inc hosp,2021-01-20,06001,point,NA,590.7534790039062
553,2020-12-27,24 day ahead inc hosp,2021-01-20,06001,quantile,0.01,424.7285030925042
554,2020-12-27,24 day ahead inc hosp,2021-01-20,06001,quantile,0.025,450.87630201263505
555,2020-12-27,24 day ahead inc hosp,2021-01-20,06001,quantile,0.05,473.36485160225635
556,2020-12-27,24 day ahead inc hosp,2021-01-20,06001,quantile,0.1,499.2927090249162
557,2020-12-27,24 day ahead inc hosp,2021-01-20,06001,quantile,0.15,516.7861113352055
558,2020-12-27,24 day ahead inc hosp,2021-01-20,06001,quantile,0.2,530.6893129392851
559,2020-12-27,24 day ahead inc hosp,2021-01-20,06001,quantile,0.25,542.6170219510407
560,2020-12-27,24 day ahead inc hosp,2021-01-20,06001,quantile,0.3,553.3284732849418
561,2020-12-27,24 day ahead inc hosp,2021-01-20,06001,quantile,0.35,563.2542292711624
562,2020-12-27,24 day ahead inc hosp,2021-01-20,06001,quantile,0.4,572.6728010602918
563,2020-12-27,24 day ahead inc hosp,2021-01-20,06001,quantile,0.45,581.7853782665177
564,2020-12-27,24 day ahead inc hosp,2021-01-20,06001,quantile,0.5,590.7534790039062
565,2020-12-27,24 day ahead inc hosp,2021-01-20,06001,quantile,0.55,611.8570075527381
566,2020-12-27,24 day ahead inc hosp,2021-01-20,06001,quantile,0.6,633.3005148076555
567,2020-12-27,24 day ahead inc hosp,2021-01-20,06001,quantile,0.65,655.4640814826425
568,2020-12-27,24 day ahead inc hosp,2021-01-20,06001,quantile,0.7,678.8211423540331
569,2020-12-27,24 day ahead inc hosp,2021-01-20,06001,quantile,0.75,704.0270834606032
570,2020-12-27,24 day ahead inc hosp,2021-01-20,06001,quantile,0.8,732.0950941824633
571,2020-12-27,24 day ahead inc hosp,2021-01-20,06001,quantile,0.85,764.8117886714789
572,2020-12-27,24 day ahead inc hosp,2021-01-20,06001,quantile,0.9,805.9768609517542
573,2020-12-27,24 day ahead inc hosp,2021-01-20,06001,quantile,0.95,866.9896991604019
574,2020-12-27,24 day ahead inc hosp,2021-01-20,06001,quantile,0.975,919.9092372190911
575,2020-12-27,24 day ahead inc hosp,2021-01-20,06001,quantile,0.99,981.4396367048554
576,2020-12-27,25 day ahead inc hosp,2021-01-21,06001,point,NA,627.9437866210938
577,2020-12-27,25 day ahead inc hosp,2021-01-21,06001,quantile,0.01,436.55382368621804
578,2020-12-27,25 day ahead inc hosp,2021-01-21,06001,quantile,0.025,466.6964346920645
579,2020-12-27,25 day ahead inc hosp,2021-01-21,06001,quantile,0.05,492.6207430606655
580,2020-12-27,25 day ahead inc hosp,2021-01-21,06001,quantile,0.1,522.509810316135
581,2020-12-27,25 day ahead inc hosp,2021-01-21,06001,quantile,0.15,542.6758220947352
582,2020-12-27,25 day ahead inc hosp,2021-01-21,06001,quantile,0.2,558.703128980784
583,2020-12-27,25 day ahead inc hosp,2021-01-21,06001,quantile,0.25,572.4531311905486
584,2020-12-27,25 day ahead inc hosp,2021-01-21,06001,quantile,0.3,584.8010581366007
585,2020-12-27,25 day ahead inc hosp,2021-01-21,06001,quantile,0.35,596.243252661099
586,2020-12-27,25 day ahead inc hosp,2021-01-21,06001,quantile,0.4,607.1007763302057
587,2020-12-27,25 day ahead inc hosp,2021-01-21,06001,quantile,0.45,617.6055561331642
588,2020-12-27,25 day ahead inc hosp,2021-01-21,06001,quantile,0.5,627.9437866210938
589,2020-12-27,25 day ahead inc hosp,2021-01-21,06001,quantile,0.55,653.5426113241317
590,2020-12-27,25 day ahead inc hosp,2021-01-21,06001,quantile,0.6,679.5538341377375
591,2020-12-27,25 day ahead inc hosp,2021-01-21,06001,quantile,0.65,706.4384973728103
592,2020-12-27,25 day ahead inc hosp,2021-01-21,06001,quantile,0.7,734.77088289978
593,2020-12-27,25 day ahead inc hosp,2021-01-21,06001,quantile,0.75,765.3459815790908
594,2020-12-27,25 day ahead inc hosp,2021-01-21,06001,quantile,0.8,799.3928038708851
595,2020-12-27,25 day ahead inc hosp,2021-01-21,06001,quantile,0.85,839.0785334468294
596,2020-12-27,25 day ahead inc hosp,2021-01-21,06001,quantile,0.9,889.0122431936284
597,2020-12-27,25 day ahead inc hosp,2021-01-21,06001,quantile,0.95,963.0215230315465
598,2020-12-27,25 day ahead inc hosp,2021-01-21,06001,quantile,0.975,1027.213535992579
599,2020-12-27,25 day ahead inc hosp,2021-01-21,06001,quantile,0.99,1101.8506236577678
600,2020-12-27,26 day ahead inc hosp,2021-01-22,06001,point,NA,592.1064453125
601,2020-12-27,26 day ahead inc hosp,2021-01-22,06001,quantile,0.01,432.0812503462007
602,2020-12-27,26 day ahead inc hosp,2021-01-22,06001,quantile,0.025,457.28412477616877
603,2020-12-27,26 day ahead inc hosp,2021-01-22,06001,quantile,0.05,478.95998717478085
604,2020-12-27,26 day ahead inc hosp,2021-01-22,06001,quantile,0.1,503.9508683138553
605,2020-12-27,26 day ahead inc hosp,2021-01-22,06001,quantile,0.15,520.8120971739145
606,2020-12-27,26 day ahead inc hosp,2021-01-22,06001,quantile,0.2,534.2128673600572
607,2020-12-27,26 day ahead inc hosp,2021-01-22,06001,quantile,0.25,545.7095349525649
608,2020-12-27,26 day ahead inc hosp,2021-01-22,06001,quantile,0.3,556.0338977700862
609,2020-12-27,26 day ahead inc hosp,2021-01-22,06001,quantile,0.35,565.6009585581601
610,2020-12-27,26 day ahead inc hosp,2021-01-22,06001,quantile,0.4,574.6791636811279
611,2020-12-27,26 day ahead inc hosp,2021-01-22,06001,quantile,0.45,583.4624321988113
612,2020-12-27,26 day ahead inc hosp,2021-01-22,06001,quantile,0.5,592.1064453125
613,2020-12-27,26 day ahead inc hosp,2021-01-22,06001,quantile,0.55,615.738411849834
614,2020-12-27,26 day ahead inc hosp,2021-01-22,06001,quantile,0.6,639.7510903324256
615,2020-12-27,26 day ahead inc hosp,2021-01-22,06001,quantile,0.65,664.5700993810456
616,2020-12-27,26 day ahead inc hosp,2021-01-22,06001,quantile,0.7,690.7255965362231
617,2020-12-27,26 day ahead inc hosp,2021-01-22,06001,quantile,0.75,718.951490390616
618,2020-12-27,26 day ahead inc hosp,2021-01-22,06001,quantile,0.8,750.3823617074057
619,2020-12-27,26 day ahead inc hosp,2021-01-22,06001,quantile,0.85,787.0188809315521
620,2020-12-27,26 day ahead inc hosp,2021-01-22,06001,quantile,0.9,833.1159877913551
621,2020-12-27,26 day ahead inc hosp,2021-01-22,06001,quantile,0.95,901.4388442064901
622,2020-12-27,26 day ahead inc hosp,2021-01-22,06001,quantile,0.975,960.6987328872078
623,2020-12-27,26 day ahead inc hosp,2021-01-22,06001,quantile,0.99,1029.6011601903836
624,2020-12-27,27 day ahead inc hosp,2021-01-23,06001,point,NA,604.2626953125
625,2020-12-27,27 day ahead inc hosp,2021-01-23,06001,quantile,0.01,299.0873576247908
626,2020-12-27,27 day ahead inc hosp,2021-01-23,06001,quantile,0.025,347.15038742760515
627,2020-12-27,27 day ahead inc hosp,2021-01-23,06001,quantile,0.05,388.48724459288997
628,2020-12-27,27 day ahead inc hosp,2021-01-23,06001,quantile,0.1,436.1459935313717
629,2020-12-27,27 day ahead inc hosp,2021-01-23,06001,quantile,0.15,468.30112517974715
630,2020-12-27,27 day ahead inc hosp,2021-01-23,06001,quantile,0.2,493.85700447545906
631,2020-12-27,27 day ahead inc hosp,2021-01-23,06001,quantile,0.25,515.7816733725396
632,2020-12-27,27 day ahead inc hosp,2021-01-23,06001,quantile,0.3,535.4707036524966
633,2020-12-27,27 day ahead inc hosp,2021-01-23,06001,quantile,0.35,553.7155244589586
634,2020-12-27,27 day ahead inc hosp,2021-01-23,06001,quantile,0.4,571.0280752393745
635,2020-12-27,27 day ahead inc hosp,2021-01-23,06001,quantile,0.45,587.7781684759448
636,2020-12-27,27 day ahead inc hosp,2021-01-23,06001,quantile,0.5,604.2626953125
637,2020-12-27,27 day ahead inc hosp,2021-01-23,06001,quantile,0.55,628.8018985787232
638,2020-12-27,27 day ahead inc hosp,2021-01-23,06001,quantile,0.6,653.7364294109276
639,2020-12-27,27 day ahead inc hosp,2021-01-23,06001,quantile,0.65,679.5082460283958
640,2020-12-27,27 day ahead inc hosp,2021-01-23,06001,quantile,0.7,706.6678588437762
641,2020-12-27,27 day ahead inc hosp,2021-01-23,06001,quantile,0.75,735.977351372447
642,2020-12-27,27 day ahead inc hosp,2021-01-23,06001,quantile,0.8,768.6148611987544
643,2020-12-27,27 day ahead inc hosp,2021-01-23,06001,quantile,0.85,806.6578649745054
644,2020-12-27,27 day ahead inc hosp,2021-01-23,06001,quantile,0.9,854.524650560481
645,2020-12-27,27 day ahead inc hosp,2021-01-23,06001,quantile,0.95,925.4704374314671
646,2020-12-27,27 day ahead inc hosp,2021-01-23,06001,quantile,0.975,987.005327114581
647,2020-12-27,27 day ahead inc hosp,2021-01-23,06001,quantile,0.99,1058.5529347357087
648,2020-12-27,28 day ahead inc hosp,2021-01-24,06001,point,NA,602.6041870117188
649,2020-12-27,28 day ahead inc hosp,2021-01-24,06001,quantile,0.01,301.71010183243726
650,2020-12-27,28 day ahead inc hosp,2021-01-24,06001,quantile,0.025,349.0988636276694
651,2020-12-27,28 day ahead inc hosp,2021-01-24,06001,quantile,0.05,389.85581310850523
652,2020-12-27,28 day ahead inc hosp,2021-01-24,06001,quantile,0.1,436.8459656263608
653,2020-12-27,28 day ahead inc hosp,2021-01-24,06001,quantile,0.15,468.5499984439083
654,2020-12-27,28 day ahead inc hosp,2021-01-24,06001,quantile,0.2,493.7473586890022
655,2020-12-27,28 day ahead inc hosp,2021-01-24,06001,quantile,0.25,515.364450163794
656,2020-12-27,28 day ahead inc hosp,2021-01-24,06001,quantile,0.3,534.7772664124559
657,2020-12-27,28 day ahead inc hosp,2021-01-24,06001,quantile,0.35,552.7661337548035
658,2020-12-27,28 day ahead inc hosp,2021-01-24,06001,quantile,0.4,569.8358097275185
659,2020-12-27,28 day ahead inc hosp,2021-01-24,06001,quantile,0.45,586.3509187768709
660,2020-12-27,28 day ahead inc hosp,2021-01-24,06001,quantile,0.5,602.6041870117188
661,2020-12-27,28 day ahead inc hosp,2021-01-24,06001,quantile,0.55,625.8079853655288
662,2020-12-27,28 day ahead inc hosp,2021-01-24,06001,quantile,0.6,649.3855978576876
663,2020-12-27,28 day ahead inc hosp,2021-01-24,06001,quantile,0.65,673.7549316749032
664,2020-12-27,28 day ahead inc hosp,2021-01-24,06001,quantile,0.7,699.4365388688534
665,2020-12-27,28 day ahead inc hosp,2021-01-24,06001,quantile,0.75,727.1510309454517
666,2020-12-27,28 day ahead inc hosp,2021-01-24,06001,quantile,0.8,758.0124321313056
667,2020-12-27,28 day ahead inc hosp,2021-01-24,06001,quantile,0.85,793.9851643675149
668,2020-12-27,28 day ahead inc hosp,2021-01-24,06001,quantile,0.9,839.2470756256868
669,2020-12-27,28 day ahead inc hosp,2021-01-24,06001,quantile,0.95,906.3320463456882
670,2020-12-27,28 day ahead inc hosp,2021-01-24,06001,quantile,0.975,964.5182537966963
671,2020-12-27,28 day ahead inc hosp,2021-01-24,06001,quantile,0.99,1032.172294636046
672,2020-12-27,1 day ahead inc hosp,2020-12-28,06005,point,NA,9.69103717803955
673,2020-12-27,1 day ahead inc hosp,2020-12-28,06005,quantile,0.01,7.828451049852903
674,2020-12-27,1 day ahead inc hosp,2020-12-28,06005,quantile,0.025,8.121795634207725
675,2020-12-27,1 day ahead inc hosp,2020-12-28,06005,quantile,0.05,8.374088159948062
676,2020-12-27,1 day ahead inc hosp,2020-12-28,06005,quantile,0.1,8.664965284332158
677,2020-12-27,1 day ahead inc hosp,2020-12-28,06005,quantile,0.15,8.861218699211861
678,2020-12-27,1 day ahead inc hosp,2020-12-28,06005,quantile,0.2,9.017194691998393
679,2020-12-27,1 day ahead inc hosp,2020-12-28,06005,quantile,0.25,9.151008205443492
680,2020-12-27,1 day ahead inc hosp,2020-12-28,06005,quantile,0.3,9.27117687619769
681,2020-12-27,1 day ahead inc hosp,2020-12-28,06005,quantile,0.35,9.382531058363424
682,2020-12-27,1 day ahead inc hosp,2020-12-28,06005,quantile,0.4,9.488195287889493
683,2020-12-27,1 day ahead inc hosp,2020-12-28,06005,quantile,0.45,9.59042665279813
684,2020-12-27,1 day ahead inc hosp,2020-12-28,06005,quantile,0.5,9.69103717803955
685,2020-12-27,1 day ahead inc hosp,2020-12-28,06005,quantile,0.55,9.964958999172568
686,2020-12-27,1 day ahead inc hosp,2020-12-28,06005,quantile,0.6,10.243293712021865
687,2020-12-27,1 day ahead inc hosp,2020-12-28,06005,quantile,0.65,10.530974728604829
688,2020-12-27,1 day ahead inc hosp,2020-12-28,06005,quantile,0.7,10.834147187911885
689,2020-12-27,1 day ahead inc hosp,2020-12-28,06005,quantile,0.75,11.16131793925363
690,2020-12-27,1 day ahead inc hosp,2020-12-28,06005,quantile,0.8,11.52563808575058
691,2020-12-27,1 day ahead inc hosp,2020-12-28,06005,quantile,0.85,11.950297711516328
692,2020-12-27,1 day ahead inc hosp,2020-12-28,06005,quantile,0.9,12.48461648858688
693,2020-12-27,1 day ahead inc hosp,2020-12-28,06005,quantile,0.95,13.27655740576265
694,2020-12-27,1 day ahead inc hosp,2020-12-28,06005,quantile,0.975,13.963448046112774
695,2020-12-27,1 day ahead inc hosp,2020-12-28,06005,quantile,0.99,14.762106860120234
696,2020-12-27,2 day ahead inc hosp,2020-12-29,06005,point,NA,10.036681175231934
697,2020-12-27,2 day ahead inc hosp,2020-12-29,06005,quantile,0.01,7.958872715324636
698,2020-12-27,2 day ahead inc hosp,2020-12-29,06005,quantile,0.025,8.286113345874076
699,2020-12-27,2 day ahead inc hosp,2020-12-29,06005,quantile,0.05,8.567558341314372
700,2020-12-27,2 day ahead inc hosp,2020-12-29,06005,quantile,0.1,8.89204639622499
701,2020-12-27,2 day ahead inc hosp,2020-12-29,06005,quantile,0.15,9.110976946362685
702,2020-12-27,2 day ahead inc hosp,2020-12-29,06005,quantile,0.2,9.284976007372453
703,2020-12-27,2 day ahead inc hosp,2020-12-29,06005,quantile,0.25,9.434251708548665
704,2020-12-27,2 day ahead inc hosp,2020-12-29,06005,quantile,0.3,9.5683059017644
705,2020-12-27,2 day ahead inc hosp,2020-12-29,06005,quantile,0.35,9.692527089847275
706,2020-12-27,2 day ahead inc hosp,2020-12-29,06005,quantile,0.4,9.810400849721455
707,2020-12-27,2 day ahead inc hosp,2020-12-29,06005,quantile,0.45,9.924445076541634
708,2020-12-27,2 day ahead inc hosp,2020-12-29,06005,quantile,0.5,10.036681175231934
709,2020-12-27,2 day ahead inc hosp,2020-12-29,06005,quantile,0.55,10.267861416559956
710,2020-12-27,2 day ahead inc hosp,2020-12-29,06005,quantile,0.6,10.502765981009462
711,2020-12-27,2 day ahead inc hosp,2020-12-29,06005,quantile,0.65,10.745558492259761
712,2020-12-27,2 day ahead inc hosp,2020-12-29,06005,quantile,0.7,11.001425228311362
713,2020-12-27,2 day ahead inc hosp,2020-12-29,06005,quantile,0.75,11.277545666390395
714,2020-12-27,2 day ahead inc hosp,2020-12-29,06005,quantile,0.8,11.585018868194666
715,2020-12-27,2 day ahead inc hosp,2020-12-29,06005,quantile,0.85,11.943416437109487
716,2020-12-27,2 day ahead inc hosp,2020-12-29,06005,quantile,0.9,12.394362416215259
717,2020-12-27,2 day ahead inc hosp,2020-12-29,06005,quantile,0.95,13.06273228756379
718,2020-12-27,2 day ahead inc hosp,2020-12-29,06005,quantile,0.975,13.642443474300498
719,2020-12-27,2 day ahead inc hosp,2020-12-29,06005,quantile,0.99,14.316483010827012
720,2020-12-27,3 day ahead inc hosp,2020-12-30,06005,point,NA,10.316055297851562
721,2020-12-27,3 day ahead inc hosp,2020-12-30,06005,quantile,0.01,8.296896894406228
722,2020-12-27,3 day ahead inc hosp,2020-12-30,06005,quantile,0.025,8.614900541937883
723,2020-12-27,3 day ahead inc hosp,2020-12-30,06005,quantile,0.05,8.88840122239823
724,2020-12-27,3 day ahead inc hosp,2020-12-30,06005,quantile,0.1,9.203729990921788
725,2020-12-27,3 day ahead inc hosp,2020-12-30,06005,quantile,0.15,9.416480814017948
726,2020-12-27,3 day ahead inc hosp,2020-12-30,06005,quantile,0.2,9.585568423876435
727,2020-12-27,3 day ahead inc hosp,2020-12-30,06005,quantile,0.25,9.730630537288752
728,2020-12-27,3 day ahead inc hosp,2020-12-30,06005,quantile,0.3,9.860900798466105
729,2020-12-27,3 day ahead inc hosp,2020-12-30,06005,quantile,0.35,9.981615609596814
730,2020-12-27,3 day ahead inc hosp,2020-12-30,06005,quantile,0.4,10.096162160632739
731,2020-12-27,3 day ahead inc hosp,2020-12-30,06005,quantile,0.45,10.20698727439643
732,2020-12-27,3 day ahead inc hosp,2020-12-30,06005,quantile,0.5,10.316055297851562
733,2020-12-27,3 day ahead inc hosp,2020-12-30,06005,quantile,0.55,10.567939831437307
734,2020-12-27,3 day ahead inc hosp,2020-12-30,06005,quantile,0.6,10.823882235137678
735,2020-12-27,3 day ahead inc hosp,2020-12-30,06005,quantile,0.65,11.088419022983741
736,2020-12-27,3 day ahead inc hosp,2020-12-30,06005,quantile,0.7,11.367200951319118
737,2020-12-27,3 day ahead inc hosp,2020-12-30,06005,quantile,0.75,11.66805048482377
738,2020-12-27,3 day ahead inc hosp,2020-12-30,06005,quantile,0.8,12.003060707071498
739,2020-12-27,3 day ahead inc hosp,2020-12-30,06005,quantile,0.85,12.39355603645513
740,2020-12-27,3 day ahead inc hosp,2020-12-30,06005,quantile,0.9,12.884888327514796
741,2020-12-27,3 day ahead inc hosp,2020-12-30,06005,quantile,0.95,13.613116796956149
742,2020-12-27,3 day ahead inc hosp,2020-12-30,06005,quantile,0.975,14.244746390587487
743,2020-12-27,3 day ahead inc hosp,2020-12-30,06005,quantile,0.99,14.979152295266122
744,2020-12-27,4 day ahead inc hosp,2020-12-31,06005,point,NA,10.865334510803223
745,2020-12-27,4 day ahead inc hosp,2020-12-31,06005,quantile,0.01,8.588789973916942
746,2020-12-27,4 day ahead inc hosp,2020-12-31,06005,quantile,0.025,8.947330178223256
747,2020-12-27,4 day ahead inc hosp,2020-12-31,06005,quantile,0.05,9.255694533825205
748,2020-12-27,4 day ahead inc hosp,2020-12-31,06005,quantile,0.1,9.611218886981693
749,2020-12-27,4 day ahead inc hosp,2020-12-31,06005,quantile,0.15,9.85108948020072
750,2020-12-27,4 day ahead inc hosp,2020-12-31,06005,quantile,0.2,10.041731023638658
751,2020-12-27,4 day ahead inc hosp,2020-12-31,06005,quantile,0.25,10.205284492863504
752,2020-12-27,4 day ahead inc hosp,2020-12-31,06005,quantile,0.3,10.352160563059886
753,2020-12-27,4 day ahead inc hosp,2020-12-31,06005,quantile,0.35,10.488263131006986
754,2020-12-27,4 day ahead inc hosp,2020-12-31,06005,quantile,0.4,10.617411158489645
755,2020-12-27,4 day ahead inc hosp,2020-12-31,06005,quantile,0.45,10.742363369697063
756,2020-12-27,4 day ahead inc hosp,2020-12-31,06005,quantile,0.5,10.865334510803223
757,2020-12-27,4 day ahead inc hosp,2020-12-31,06005,quantile,0.55,11.175633134491122
758,2020-12-27,4 day ahead inc hosp,2020-12-31,06005,quantile,0.6,11.490930681668873
759,2020-12-27,4 day ahead inc hosp,2020-12-31,06005,quantile,0.65,11.816815721194367
760,2020-12-27,4 day ahead inc hosp,2020-12-31,06005,quantile,0.7,12.160249466172912
761,2020-12-27,4 day ahead inc hosp,2020-12-31,06005,quantile,0.75,12.530868475028655
762,2020-12-27,4 day ahead inc hosp,2020-12-31,06005,quantile,0.8,12.943570316642363
763,2020-12-27,4 day ahead inc hosp,2020-12-31,06005,quantile,0.85,13.424624717003336
764,2020-12-27,4 day ahead inc hosp,2020-12-31,06005,quantile,0.9,14.029900997840711
765,2020-12-27,4 day ahead inc hosp,2020-12-31,06005,quantile,0.95,14.927011624607616
766,2020-12-27,4 day ahead inc hosp,2020-12-31,06005,quantile,0.975,15.70512130365082
767,2020-12-27,4 day ahead inc hosp,2020-12-31,06005,quantile,0.99,16.60984196357364
768,2020-12-27,5 day ahead inc hosp,2021-01-01,06005,point,NA,10.776458740234375
769,2020-12-27,5 day ahead inc hosp,2021-01-01,06005,quantile,0.01,8.746814365500443
770,2020-12-27,5 day ahead inc hosp,2021-01-01,06005,quantile,0.025,9.06646948183811
771,2020-12-27,5 day ahead inc hosp,2021-01-01,06005,quantile,0.05,9.341390516579638
772,2020-12-27,5 day ahead inc hosp,2021-01-01,06005,quantile,0.1,9.65835686262439
773,2020-12-27,5 day ahead inc hosp,2021-01-01,06005,quantile,0.15,9.872212551499679
774,2020-12-27,5 day ahead inc hosp,2021-01-01,06005,quantile,0.2,10.042178273654462
775,2020-12-27,5 day ahead inc hosp,2021-01-01,06005,quantile,0.25,10.187993729228399
776,2020-12-27,5 day ahead inc hosp,2021-01-01,06005,quantile,0.3,10.318940514949904
777,2020-12-27,5 day ahead inc hosp,2021-01-01,06005,quantile,0.35,10.440282226893084
778,2020-12-27,5 day ahead inc hosp,2021-01-01,06005,quantile,0.4,10.555423645495278
779,2020-12-27,5 day ahead inc hosp,2021-01-01,06005,quantile,0.45,10.666824300513683
780,2020-12-27,5 day ahead inc hosp,2021-01-01,06005,quantile,0.5,10.776458740234375
781,2020-12-27,5 day ahead inc hosp,2021-01-01,06005,quantile,0.55,11.076397076163477
782,2020-12-27,5 day ahead inc hosp,2021-01-01,06005,quantile,0.6,11.38116743092387
783,2020-12-27,5 day ahead inc hosp,2021-01-01,06005,quantile,0.65,11.69617178156443
784,2020-12-27,5 day ahead inc hosp,2021-01-01,06005,quantile,0.7,12.028138919370274
785,2020-12-27,5 day ahead inc hosp,2021-01-01,06005,quantile,0.75,12.386383656194159
786,2020-12-27,5 day ahead inc hosp,2021-01-01,06005,quantile,0.8,12.785306159095736
787,2020-12-27,5 day ahead inc hosp,2021-01-01,06005,quantile,0.85,13.250299057294239
788,2020-12-27,5 day ahead inc hosp,2021-01-01,06005,quantile,0.9,13.835366300887037
789,2020-12-27,5 day ahead inc hosp,2021-01-01,06005,quantile,0.95,14.702524090176556
790,2020-12-27,5 day ahead inc hosp,2021-01-01,06005,quantile,0.975,15.454654149693955
791,2020-12-27,5 day ahead inc hosp,2021-01-01,06005,quantile,0.99,16.329167887437332
792,2020-12-27,6 day ahead inc hosp,2021-01-02,06005,point,NA,11.255064964294434
793,2020-12-27,6 day ahead inc hosp,2021-01-02,06005,quantile,0.01,7.331759529573032
794,2020-12-27,6 day ahead inc hosp,2021-01-02,06005,quantile,0.025,7.949653319626018
795,2020-12-27,6 day ahead inc hosp,2021-01-02,06005,quantile,0.05,8.481076066954383
796,2020-12-27,6 day ahead inc hosp,2021-01-02,06005,quantile,0.1,9.09377246024455
797,2020-12-27,6 day ahead inc hosp,2021-01-02,06005,quantile,0.15,9.507155808014772
798,2020-12-27,6 day ahead inc hosp,2021-01-02,06005,quantile,0.2,9.835699788303744
799,2020-12-27,6 day ahead inc hosp,2021-01-02,06005,quantile,0.25,10.117561269280971
800,2020-12-27,6 day ahead inc hosp,2021-01-02,06005,quantile,0.3,10.37068159049381
801,2020-12-27,6 day ahead inc hosp,2021-01-02,06005,quantile,0.35,10.605235290566258
802,2020-12-27,6 day ahead inc hosp,2021-01-02,06005,quantile,0.4,10.82780381487867
803,2020-12-27,6 day ahead inc hosp,2021-01-02,06005,quantile,0.45,11.043141437915477
804,2020-12-27,6 day ahead inc hosp,2021-01-02,06005,quantile,0.5,11.255064964294434
805,2020-12-27,6 day ahead inc hosp,2021-01-02,06005,quantile,0.55,11.56002426662418
806,2020-12-27,6 day ahead inc hosp,2021-01-02,06005,quantile,0.6,11.869896475758823
807,2020-12-27,6 day ahead inc hosp,2021-01-02,06005,quantile,0.65,12.19017399781885
808,2020-12-27,6 day ahead inc hosp,2021-01-02,06005,quantile,0.7,12.527698264025366
809,2020-12-27,6 day ahead inc hosp,2021-01-02,06005,quantile,0.75,12.89194001613984
810,2020-12-27,6 day ahead inc hosp,2021-01-02,06005,quantile,0.8,13.297540479954035
811,2020-12-27,6 day ahead inc hosp,2021-01-02,06005,quantile,0.85,13.770317357186634
812,2020-12-27,6 day ahead inc hosp,2021-01-02,06005,quantile,0.9,14.365178623817862
813,2020-12-27,6 day ahead inc hosp,2021-01-02,06005,quantile,0.95,15.246852630617871
814,2020-12-27,6 day ahead inc hosp,2021-01-02,06005,quantile,0.975,16.011573343964347
815,2020-12-27,6 day ahead inc hosp,2021-01-02,06005,quantile,0.99,16.9007264377624
816,2020-12-27,7 day ahead inc hosp,2021-01-03,06005,point,NA,11.155193328857422
817,2020-12-27,7 day ahead inc hosp,2021-01-03,06005,quantile,0.01,7.32457593227075
818,2020-12-27,7 day ahead inc hosp,2021-01-03,06005,quantile,0.025,7.927871989843162
819,2020-12-27,7 day ahead inc hosp,2021-01-03,06005,quantile,0.05,8.44673988191246
820,2020-12-27,7 day ahead inc hosp,2021-01-03,06005,quantile,0.1,9.044961331150681
821,2020-12-27,7 day ahead inc hosp,2021-01-03,06005,quantile,0.15,9.448578502889006
822,2020-12-27,7 day ahead inc hosp,2021-01-03,06005,quantile,0.2,9.769360636061906
823,2020-12-27,7 day ahead inc hosp,2021-01-03,06005,quantile,0.25,10.044563143341517
824,2020-12-27,7 day ahead inc hosp,2021-01-03,06005,quantile,0.3,10.291703500369662
825,2020-12-27,7 day ahead inc hosp,2021-01-03,06005,quantile,0.35,10.520715872432172
826,2020-12-27,7 day ahead inc hosp,2021-01-03,06005,quantile,0.4,10.738026218350804
827,2020-12-27,7 day ahead inc hosp,2021-01-03,06005,quantile,0.45,10.948276492939224
828,2020-12-27,7 day ahead inc hosp,2021-01-03,06005,quantile,0.5,11.155193328857422
829,2020-12-27,7 day ahead inc hosp,2021-01-03,06005,quantile,0.55,11.457197496650332
830,2020-12-27,7 day ahead inc hosp,2021-01-03,06005,quantile,0.6,11.764066963910158
831,2020-12-27,7 day ahead inc hosp,2021-01-03,06005,quantile,0.65,12.081240913921121
832,2020-12-27,7 day ahead inc hosp,2021-01-03,06005,quantile,0.7,12.41549448266582
833,2020-12-27,7 day ahead inc hosp,2021-01-03,06005,quantile,0.75,12.776206637967837
834,2020-12-27,7 day ahead inc hosp,2021-01-03,06005,quantile,0.8,13.177876728353127
835,2020-12-27,7 day ahead inc hosp,2021-01-03,06005,quantile,0.85,13.64607227533131
836,2020-12-27,7 day ahead inc hosp,2021-01-03,06005,quantile,0.9,14.235169182389903
837,2020-12-27,7 day ahead inc hosp,2021-01-03,06005,quantile,0.95,15.108299539962548
838,2020-12-27,7 day ahead inc hosp,2021-01-03,06005,quantile,0.975,15.865609911752689
839,2020-12-27,7 day ahead inc hosp,2021-01-03,06005,quantile,0.99,16.74614688203542
840,2020-12-27,8 day ahead inc hosp,2021-01-04,06005,point,NA,10.487336158752441
841,2020-12-27,8 day ahead inc hosp,2021-01-04,06005,quantile,0.01,8.51676933277095
842,2020-12-27,8 day ahead inc hosp,2021-01-04,06005,quantile,0.025,8.827120138977005
843,2020-12-27,8 day ahead inc hosp,2021-01-04,06005,quantile,0.05,9.094038953706399
844,2020-12-27,8 day ahead inc hosp,2021-01-04,06005,quantile,0.1,9.401779252570448
845,2020-12-27,8 day ahead inc hosp,2021-01-04,06005,quantile,0.15,9.609410171213675
846,2020-12-27,8 day ahead inc hosp,2021-01-04,06005,quantile,0.2,9.774428643317245
847,2020-12-27,8 day ahead inc hosp,2021-01-04,06005,quantile,0.25,9.915999798858742
848,2020-12-27,8 day ahead inc hosp,2021-01-04,06005,quantile,0.3,10.043135071975508
849,2020-12-27,8 day ahead inc hosp,2021-01-04,06005,quantile,0.35,10.160944849461465
850,2020-12-27,8 day ahead inc hosp,2021-01-04,06005,quantile,0.4,10.27273480765238
851,2020-12-27,8 day ahead inc hosp,2021-01-04,06005,quantile,0.45,10.380892885936737
852,2020-12-27,8 day ahead inc hosp,2021-01-04,06005,quantile,0.5,10.487336158752441
853,2020-12-27,8 day ahead inc hosp,2021-01-04,06005,quantile,0.55,10.74231786723391
854,2020-12-27,8 day ahead inc hosp,2021-01-04,06005,quantile,0.6,11.001407341443961
855,2020-12-27,8 day ahead inc hosp,2021-01-04,06005,quantile,0.65,11.269196876438286
856,2020-12-27,8 day ahead inc hosp,2021-01-04,06005,quantile,0.7,11.551406710320427
857,2020-12-27,8 day ahead inc hosp,2021-01-04,06005,quantile,0.75,11.855955492878985
858,2020-12-27,8 day ahead inc hosp,2021-01-04,06005,quantile,0.8,12.195085004371613
859,2020-12-27,8 day ahead inc hosp,2021-01-04,06005,quantile,0.85,12.590381868465805
860,2020-12-27,8 day ahead inc hosp,2021-01-04,06005,quantile,0.9,13.08775558658598
861,2020-12-27,8 day ahead inc hosp,2021-01-04,06005,quantile,0.95,13.824938361009055
862,2020-12-27,8 day ahead inc hosp,2021-01-04,06005,quantile,0.975,14.46433447882091
863,2020-12-27,8 day ahead inc hosp,2021-01-04,06005,quantile,0.99,15.207770646290445
864,2020-12-27,9 day ahead inc hosp,2021-01-05,06005,point,NA,10.788976669311523
865,2020-12-27,9 day ahead inc hosp,2021-01-05,06005,quantile,0.01,8.707012951062115
866,2020-12-27,9 day ahead inc hosp,2021-01-05,06005,quantile,0.025,9.034908006399117
867,2020-12-27,9 day ahead inc hosp,2021-01-05,06005,quantile,0.05,9.316915843259936
868,2020-12-27,9 day ahead inc hosp,2021-01-05,06005,quantile,0.1,9.642052818281863
869,2020-12-27,9 day ahead inc hosp,2021-01-05,06005,quantile,0.15,9.861421191737904
870,2020-12-27,9 day ahead inc hosp,2021-01-05,06005,quantile,0.2,10.03576822084181
871,2020-12-27,9 day ahead inc hosp,2021-01-05,06005,quantile,0.25,10.185342447659128
872,2020-12-27,9 day ahead inc hosp,2021-01-05,06005,quantile,0.3,10.319664726126899
873,2020-12-27,9 day ahead inc hosp,2021-01-05,06005,quantile,0.35,10.444134335148473
874,2020-12-27,9 day ahead inc hosp,2021-01-05,06005,quantile,0.4,10.562243822200342
875,2020-12-27,9 day ahead inc hosp,2021-01-05,06005,quantile,0.45,10.676516117792982
876,2020-12-27,9 day ahead inc hosp,2021-01-05,06005,quantile,0.5,10.788976669311523
877,2020-12-27,9 day ahead inc hosp,2021-01-05,06005,quantile,0.55,11.016041635031803
878,2020-12-27,9 day ahead inc hosp,2021-01-05,06005,quantile,0.6,11.24676462661559
879,2020-12-27,9 day ahead inc hosp,2021-01-05,06005,quantile,0.65,11.485235150426341
880,2020-12-27,9 day ahead inc hosp,2021-01-05,06005,quantile,0.7,11.736547162719296
881,2020-12-27,9 day ahead inc hosp,2021-01-05,06005,quantile,0.75,12.00775233772438
882,2020-12-27,9 day ahead inc hosp,2021-01-05,06005,quantile,0.8,12.30975216100741
883,2020-12-27,9 day ahead inc hosp,2021-01-05,06005,quantile,0.85,12.661769838782927
884,2020-12-27,9 day ahead inc hosp,2021-01-05,06005,quantile,0.9,13.104688458034916
885,2020-12-27,9 day ahead inc hosp,2021-01-05,06005,quantile,0.95,13.761160572842009
886,2020-12-27,9 day ahead inc hosp,2021-01-05,06005,quantile,0.975,14.330552230138789
887,2020-12-27,9 day ahead inc hosp,2021-01-05,06005,quantile,0.99,14.9925930835279
888,2020-12-27,10 day ahead inc hosp,2021-01-06,06005,point,NA,10.82089900970459
889,2020-12-27,10 day ahead inc hosp,2021-01-06,06005,quantile,0.01,8.764444226489207
890,2020-12-27,10 day ahead inc hosp,2021-01-06,06005,quantile,0.025,9.08832179891272
891,2020-12-27,10 day ahead inc hosp,2021-01-06,06005,quantile,0.05,9.366874378831975
892,2020-12-27,10 day ahead inc hosp,2021-01-06,06005,quantile,0.1,9.688027663888366
893,2020-12-27,10 day ahead inc hosp,2021-01-06,06005,quantile,0.15,9.904708260637273
894,2020-12-27,10 day ahead inc hosp,2021-01-06,06005,quantile,0.2,10.076919130018606
895,2020-12-27,10 day ahead inc hosp,2021-01-06,06005,quantile,0.25,10.224660722001222
896,2020-12-27,10 day ahead inc hosp,2021-01-06,06005,quantile,0.3,10.35733723774747
897,2020-12-27,10 day ahead inc hosp,2021-01-06,06005,quantile,0.35,10.480281802339878
898,2020-12-27,10 day ahead inc hosp,2021-01-06,06005,quantile,0.4,10.596944171362889
899,2020-12-27,10 day ahead inc hosp,2021-01-06,06005,quantile,0.45,10.709816363515248
900,2020-12-27,10 day ahead inc hosp,2021-01-06,06005,quantile,0.5,10.82089900970459
901,2020-12-27,10 day ahead inc hosp,2021-01-06,06005,quantile,0.55,11.0726857538511
902,2020-12-27,10 day ahead inc hosp,2021-01-06,06005,quantile,0.6,11.32852879272038
903,2020-12-27,10 day ahead inc hosp,2021-01-06,06005,quantile,0.65,11.59296287912713
904,2020-12-27,10 day ahead inc hosp,2021-01-06,06005,quantile,0.7,11.871636575614955
905,2020-12-27,10 day ahead inc hosp,2021-01-06,06005,quantile,0.75,12.172369309938821
906,2020-12-27,10 day ahead inc hosp,2021-01-06,06005,quantile,0.8,12.507249470759971
907,2020-12-27,10 day ahead inc hosp,2021-01-06,06005,quantile,0.85,12.897593197666309
908,2020-12-27,10 day ahead inc hosp,2021-01-06,06005,quantile,0.9,13.388734738192243
909,2020-12-27,10 day ahead inc hosp,2021-01-06,06005,quantile,0.95,14.116680486608026
910,2020-12-27,10 day ahead inc hosp,2021-01-06,06005,quantile,0.975,14.748064861912994
911,2020-12-27,10 day ahead inc hosp,2021-01-06,06005,quantile,0.99,15.482185647292855
912,2020-12-27,11 day ahead inc hosp,2021-01-07,06005,point,NA,10.982784271240234
913,2020-12-27,11 day ahead inc hosp,2021-01-07,06005,quantile,0.01,8.611325214315821
914,2020-12-27,11 day ahead inc hosp,2021-01-07,06005,quantile,0.025,8.984813806784421
915,2020-12-27,11 day ahead inc hosp,2021-01-07,06005,quantile,0.05,9.306034600876634
916,2020-12-27,11 day ahead inc hosp,2021-01-07,06005,quantile,0.1,9.676381604236077
917,2020-12-27,11 day ahead inc hosp,2021-01-07,06005,quantile,0.15,9.926252969176351
918,2020-12-27,11 day ahead inc hosp,2021-01-07,06005,quantile,0.2,10.124842808947417
919,2020-12-27,11 day ahead inc hosp,2021-01-07,06005,quantile,0.25,10.295215208696366
920,2020-12-27,11 day ahead inc hosp,2021-01-07,06005,quantile,0.3,10.448214889251298
921,2020-12-27,11 day ahead inc hosp,2021-01-07,06005,quantile,0.35,10.58999189479597
922,2020-12-27,11 day ahead inc hosp,2021-01-07,06005,quantile,0.4,10.724524408654263
923,2020-12-27,11 day ahead inc hosp,2021-01-07,06005,quantile,0.45,10.854686172744259
924,2020-12-27,11 day ahead inc hosp,2021-01-07,06005,quantile,0.5,10.982784271240234
925,2020-12-27,11 day ahead inc hosp,2021-01-07,06005,quantile,0.55,11.291813609578082
926,2020-12-27,11 day ahead inc hosp,2021-01-07,06005,quantile,0.6,11.605821423166997
927,2020-12-27,11 day ahead inc hosp,2021-01-07,06005,quantile,0.65,11.93037342066493
928,2020-12-27,11 day ahead inc hosp,2021-01-07,06005,quantile,0.7,12.27240234013689
929,2020-12-27,11 day ahead inc hosp,2021-01-07,06005,quantile,0.75,12.641505321390577
930,2020-12-27,11 day ahead inc hosp,2021-01-07,06005,quantile,0.8,13.052518994377323
931,2020-12-27,11 day ahead inc hosp,2021-01-07,06005,quantile,0.85,13.531605628024737
932,2020-12-27,11 day ahead inc hosp,2021-01-07,06005,quantile,0.9,14.134406009011608
933,2020-12-27,11 day ahead inc hosp,2021-01-07,06005,quantile,0.95,15.027846979231548
934,2020-12-27,11 day ahead inc hosp,2021-01-07,06005,quantile,0.975,15.802773778490739
935,2020-12-27,11 day ahead inc hosp,2021-01-07,06005,quantile,0.99,16.703793652809416
936,2020-12-27,12 day ahead inc hosp,2021-01-08,06005,point,NA,11.004447937011719
937,2020-12-27,12 day ahead inc hosp,2021-01-08,06005,quantile,0.01,8.933278988406695
938,2020-12-27,12 day ahead inc hosp,2021-01-08,06005,quantile,0.025,9.259473941307295
939,2020-12-27,12 day ahead inc hosp,2021-01-08,06005,quantile,0.05,9.540019596281784
940,2020-12-27,12 day ahead inc hosp,2021-01-08,06005,quantile,0.1,9.863470769232583
941,2020-12-27,12 day ahead inc hosp,2021-01-08,06005,quantile,0.15,10.0817017400346
942,2020-12-27,12 day ahead inc hosp,2021-01-08,06005,quantile,0.2,10.255144797565483
943,2020-12-27,12 day ahead inc hosp,2021-01-08,06005,quantile,0.25,10.403943497264304
944,2020-12-27,12 day ahead inc hosp,2021-01-08,06005,quantile,0.3,10.537569328410992
945,2020-12-27,12 day ahead inc hosp,2021-01-08,06005,quantile,0.35,10.661393575198181
946,2020-12-27,12 day ahead inc hosp,2021-01-08,06005,quantile,0.4,10.778890676599731
947,2020-12-27,12 day ahead inc hosp,2021-01-08,06005,quantile,0.45,10.892570481988608
948,2020-12-27,12 day ahead inc hosp,2021-01-08,06005,quantile,0.5,11.004447937011719
949,2020-12-27,12 day ahead inc hosp,2021-01-08,06005,quantile,0.55,11.303104674030866
950,2020-12-27,12 day ahead inc hosp,2021-01-08,06005,quantile,0.6,11.606572783270567
951,2020-12-27,12 day ahead inc hosp,2021-01-08,06005,quantile,0.65,11.920231159808946
952,2020-12-27,12 day ahead inc hosp,2021-01-08,06005,quantile,0.7,12.250779843649461
953,2020-12-27,12 day ahead inc hosp,2021-01-08,06005,quantile,0.75,12.607493845621502
954,2020-12-27,12 day ahead inc hosp,2021-01-08,06005,quantile,0.8,13.004711802676042
955,2020-12-27,12 day ahead inc hosp,2021-01-08,06005,quantile,0.85,13.467717844510812
956,2020-12-27,12 day ahead inc hosp,2021-01-08,06005,quantile,0.9,14.050285169114208
957,2020-12-27,12 day ahead inc hosp,2021-01-08,06005,quantile,0.95,14.913737701874682
958,2020-12-27,12 day ahead inc hosp,2021-01-08,06005,quantile,0.975,15.662654003932783
959,2020-12-27,12 day ahead inc hosp,2021-01-08,06005,quantile,0.99,16.53343105410149
960,2020-12-27,13 day ahead inc hosp,2021-01-09,06005,point,NA,10.986700057983398
961,2020-12-27,13 day ahead inc hosp,2021-01-09,06005,quantile,0.01,7.144113154585646
962,2020-12-27,13 day ahead inc hosp,2021-01-09,06005,quantile,0.025,7.749294327668849
963,2020-12-27,13 day ahead inc hosp,2021-01-09,06005,quantile,0.05,8.269783523075231
964,2020-12-27,13 day ahead inc hosp,2021-01-09,06005,quantile,0.1,8.869874231226538
965,2020-12-27,13 day ahead inc hosp,2021-01-09,06005,quantile,0.15,9.274752583079195
966,2020-12-27,13 day ahead inc hosp,2021-01-09,06005,quantile,0.2,9.596537062226744
967,2020-12-27,13 day ahead inc hosp,2021-01-09,06005,quantile,0.25,9.872599493102024
968,2020-12-27,13 day ahead inc hosp,2021-01-09,06005,quantile,0.3,10.120512088096136
969,2020-12-27,13 day ahead inc hosp,2021-01-09,06005,quantile,0.35,10.35024005372058
970,2020-12-27,13 day ahead inc hosp,2021-01-09,06005,quantile,0.4,10.568229427951438
971,2020-12-27,13 day ahead inc hosp,2021-01-09,06005,quantile,0.45,10.779136670290267
972,2020-12-27,13 day ahead inc hosp,2021-01-09,06005,quantile,0.5,10.986700057983398
973,2020-12-27,13 day ahead inc hosp,2021-01-09,06005,quantile,0.55,11.288119226820893
974,2020-12-27,13 day ahead inc hosp,2021-01-09,06005,quantile,0.6,11.594394270768262
975,2020-12-27,13 day ahead inc hosp,2021-01-09,06005,quantile,0.65,11.910953837107645
976,2020-12-27,13 day ahead inc hosp,2021-01-09,06005,quantile,0.7,12.244559938004503
977,2020-12-27,13 day ahead inc hosp,2021-01-09,06005,quantile,0.75,12.604573373697454
978,2020-12-27,13 day ahead inc hosp,2021-01-09,06005,quantile,0.8,13.00546540666382
979,2020-12-27,13 day ahead inc hosp,2021-01-09,06005,quantile,0.85,13.472754032694807
980,2020-12-27,13 day ahead inc hosp,2021-01-09,06005,quantile,0.9,14.060709826113193
981,2020-12-27,13 day ahead inc hosp,2021-01-09,06005,quantile,0.95,14.932148881374173
982,2020-12-27,13 day ahead inc hosp,2021-01-09,06005,quantile,0.975,15.687992300639586
983,2020-12-27,13 day ahead inc hosp,2021-01-09,06005,quantile,0.99,16.566823621587794
984,2020-12-27,14 day ahead inc hosp,2021-01-10,06005,point,NA,11.278583526611328
985,2020-12-27,14 day ahead inc hosp,2021-01-10,06005,quantile,0.01,7.384034748113557
986,2020-12-27,14 day ahead inc hosp,2021-01-10,06005,quantile,0.025,7.997399561363967
987,2020-12-27,14 day ahead inc hosp,2021-01-10,06005,quantile,0.05,8.524927138788126
988,2020-12-27,14 day ahead inc hosp,2021-01-10,06005,quantile,0.1,9.13313265064057
989,2020-12-27,14 day ahead inc hosp,2021-01-10,06005,quantile,0.15,9.54348602202527
990,2020-12-27,14 day ahead inc hosp,2021-01-10,06005,quantile,0.2,9.869621873135234
991,2020-12-27,14 day ahead inc hosp,2021-01-10,06005,quantile,0.25,10.14941739370076
992,2020-12-27,14 day ahead inc hosp,2021-01-10,06005,quantile,0.3,10.400682418612702
993,2020-12-27,14 day ahead inc hosp,2021-01-10,06005,quantile,0.35,10.633516910167945
994,2020-12-27,14 day ahead inc hosp,2021-01-10,06005,quantile,0.4,10.854454073719298
995,2020-12-27,14 day ahead inc hosp,2021-01-10,06005,quantile,0.45,11.068213336340197
996,2020-12-27,14 day ahead inc hosp,2021-01-10,06005,quantile,0.5,11.278583526611328
997,2020-12-27,14 day ahead inc hosp,2021-01-10,06005,quantile,0.55,11.580980949361155
998,2020-12-27,14 day ahead inc hosp,2021-01-10,06005,quantile,0.6,11.888250006931303
999,2020-12-27,14 day ahead inc hosp,2021-01-10,06005,quantile,0.65,12.205836965242645
1000,2020-12-27,14 day ahead inc hosp,2021-01-10,06005,quantile,0.7,12.54052578252625
1001,2020-12-27,14 day ahead inc hosp,2021-01-10,06005,quantile,0.75,12.901707639435799
1002,2020-12-27,14 day ahead inc hosp,2021-01-10,06005,quantile,0.8,13.303900764834955
1003,2020-12-27,14 day ahead inc hosp,2021-01-10,06005,quantile,0.85,13.772705973000935
1004,2020-12-27,14 day ahead inc hosp,2021-01-10,06005,quantile,0.9,14.362569973045357
1005,2020-12-27,14 day ahead inc hosp,2021-01-10,06005,quantile,0.95,15.236837277977571
1006,2020-12-27,14 day ahead inc hosp,2021-01-10,06005,quantile,0.975,15.995133782044654
1007,2020-12-27,14 day ahead inc hosp,2021-01-10,06005,quantile,0.99,16.87681734421333
1008,2020-12-27,15 day ahead inc hosp,2021-01-11,06005,point,NA,11.126004219055176
1009,2020-12-27,15 day ahead inc hosp,2021-01-11,06005,quantile,0.01,9.23219215708771
1010,2020-12-27,15 day ahead inc hosp,2021-01-11,06005,quantile,0.025,9.530454612582773
1011,2020-12-27,15 day ahead inc hosp,2021-01-11,06005,quantile,0.05,9.786976778812182
1012,2020-12-27,15 day ahead inc hosp,2021-01-11,06005,quantile,0.1,10.082730407797554
1013,2020-12-27,15 day ahead inc hosp,2021-01-11,06005,quantile,0.15,10.282273977180479
1014,2020-12-27,15 day ahead inc hosp,2021-01-11,06005,quantile,0.2,10.440864880466151
1015,2020-12-27,15 day ahead inc hosp,2021-01-11,06005,quantile,0.25,10.57692175428347
1016,2020-12-27,15 day ahead inc hosp,2021-01-11,06005,quantile,0.3,10.699105031985884
1017,2020-12-27,15 day ahead inc hosp,2021-01-11,06005,quantile,0.35,10.812326047725598
1018,2020-12-27,15 day ahead inc hosp,2021-01-11,06005,quantile,0.4,10.919761719755318
1019,2020-12-27,15 day ahead inc hosp,2021-01-11,06005,quantile,0.45,11.023706975786975
1020,2020-12-27,15 day ahead inc hosp,2021-01-11,06005,quantile,0.5,11.126004219055176
1021,2020-12-27,15 day ahead inc hosp,2021-01-11,06005,quantile,0.55,11.383862746634096
1022,2020-12-27,15 day ahead inc hosp,2021-01-11,06005,quantile,0.6,11.645875385614652
1023,2020-12-27,15 day ahead inc hosp,2021-01-11,06005,quantile,0.65,11.916686243404865
1024,2020-12-27,15 day ahead inc hosp,2021-01-11,06005,quantile,0.7,12.202080096424831
1025,2020-12-27,15 day ahead inc hosp,2021-01-11,06005,quantile,0.75,12.510064936255842
1026,2020-12-27,15 day ahead inc hosp,2021-01-11,06005,quantile,0.8,12.853020660463814
1027,2020-12-27,15 day ahead inc hosp,2021-01-11,06005,quantile,0.85,13.252777442779438
1028,2020-12-27,15 day ahead inc hosp,2021-01-11,06005,quantile,0.9,13.75576275641123
1029,2020-12-27,15 day ahead inc hosp,2021-01-11,06005,quantile,0.95,14.50126276071092
1030,2020-12-27,15 day ahead inc hosp,2021-01-11,06005,quantile,0.975,15.147872835059157
1031,2020-12-27,15 day ahead inc hosp,2021-01-11,06005,quantile,0.99,15.899696786017358
1032,2020-12-27,16 day ahead inc hosp,2021-01-12,06005,point,NA,11.488829612731934
1033,2020-12-27,16 day ahead inc hosp,2021-01-12,06005,quantile,0.01,9.48891418612589
1034,2020-12-27,16 day ahead inc hosp,2021-01-12,06005,quantile,0.025,9.803887196331706
1035,2020-12-27,16 day ahead inc hosp,2021-01-12,06005,quantile,0.05,10.074781361498033
1036,2020-12-27,16 day ahead inc hosp,2021-01-12,06005,quantile,0.1,10.387104984818963
1037,2020-12-27,16 day ahead inc hosp,2021-01-12,06005,quantile,0.15,10.597828250713867
1038,2020-12-27,16 day ahead inc hosp,2021-01-12,06005,quantile,0.2,10.765304422383668
1039,2020-12-27,16 day ahead inc hosp,2021-01-12,06005,quantile,0.25,10.90898406531527
1040,2020-12-27,16 day ahead inc hosp,2021-01-12,06005,quantile,0.3,11.038012825273896
1041,2020-12-27,16 day ahead inc hosp,2021-01-12,06005,quantile,0.35,11.157577200504784
1042,2020-12-27,16 day ahead inc hosp,2021-01-12,06005,quantile,0.4,11.271032100373152
1043,2020-12-27,16 day ahead inc hosp,2021-01-12,06005,quantile,0.45,11.380801028998656
1044,2020-12-27,16 day ahead inc hosp,2021-01-12,06005,quantile,0.5,11.488829612731934
1045,2020-12-27,16 day ahead inc hosp,2021-01-12,06005,quantile,0.55,11.711864089643804
1046,2020-12-27,16 day ahead inc hosp,2021-01-12,06005,quantile,0.6,11.93849166108001
1047,2020-12-27,16 day ahead inc hosp,2021-01-12,06005,quantile,0.65,12.172729243123165
1048,2020-12-27,16 day ahead inc hosp,2021-01-12,06005,quantile,0.7,12.419580372383141
1049,2020-12-27,16 day ahead inc hosp,2021-01-12,06005,quantile,0.75,12.685971553211829
1050,2020-12-27,16 day ahead inc hosp,2021-01-12,06005,quantile,0.8,12.982610765693352
1051,2020-12-27,16 day ahead inc hosp,2021-01-12,06005,quantile,0.85,13.32837999687943
1052,2020-12-27,16 day ahead inc hosp,2021-01-12,06005,quantile,0.9,13.76343664353574
1053,2020-12-27,16 day ahead inc hosp,2021-01-12,06005,quantile,0.95,14.408256130631774
1054,2020-12-27,16 day ahead inc hosp,2021-01-12,06005,quantile,0.975,14.967540871191943
1055,2020-12-27,16 day ahead inc hosp,2021-01-12,06005,quantile,0.99,15.617830249659196
1056,2020-12-27,17 day ahead inc hosp,2021-01-13,06005,point,NA,11.679738998413086
1057,2020-12-27,17 day ahead inc hosp,2021-01-13,06005,quantile,0.01,9.666846553162486
1058,2020-12-27,17 day ahead inc hosp,2021-01-13,06005,quantile,0.025,9.983863355106491
1059,2020-12-27,17 day ahead inc hosp,2021-01-13,06005,quantile,0.05,10.256515293919291
1060,2020-12-27,17 day ahead inc hosp,2021-01-13,06005,quantile,0.1,10.570865517679946
1061,2020-12-27,17 day ahead inc hosp,2021-01-13,06005,quantile,0.15,10.782956121270225
1062,2020-12-27,17 day ahead inc hosp,2021-01-13,06005,quantile,0.2,10.951519009594824
1063,2020-12-27,17 day ahead inc hosp,2021-01-13,06005,quantile,0.25,11.096130958653156
1064,2020-12-27,17 day ahead inc hosp,2021-01-13,06005,quantile,0.3,11.225996958327714
1065,2020-12-27,17 day ahead inc hosp,2021-01-13,06005,quantile,0.35,11.346337160929078
1066,2020-12-27,17 day ahead inc hosp,2021-01-13,06005,quantile,0.4,11.460528245103703
1067,2020-12-27,17 day ahead inc hosp,2021-01-13,06005,quantile,0.45,11.571009440565302
1068,2020-12-27,17 day ahead inc hosp,2021-01-13,06005,quantile,0.5,11.679738998413086
1069,2020-12-27,17 day ahead inc hosp,2021-01-13,06005,quantile,0.55,11.927823165948617
1070,2020-12-27,17 day ahead inc hosp,2021-01-13,06005,quantile,0.6,12.179903979546626
1071,2020-12-27,17 day ahead inc hosp,2021-01-13,06005,quantile,0.65,12.44044950753544
1072,2020-12-27,17 day ahead inc hosp,2021-01-13,06005,quantile,0.7,12.715025249167823
1073,2020-12-27,17 day ahead inc hosp,2021-01-13,06005,quantile,0.75,13.011335645881989
1074,2020-12-27,17 day ahead inc hosp,2021-01-13,06005,quantile,0.8,13.341291324061526
1075,2020-12-27,17 day ahead inc hosp,2021-01-13,06005,quantile,0.85,13.725894965013836
1076,2020-12-27,17 day ahead inc hosp,2021-01-13,06005,quantile,0.9,14.2098141667038
1077,2020-12-27,17 day ahead inc hosp,2021-01-13,06005,quantile,0.95,14.927055320994572
1078,2020-12-27,17 day ahead inc hosp,2021-01-13,06005,quantile,0.975,15.549155057314806
1079,2020-12-27,17 day ahead inc hosp,2021-01-13,06005,quantile,0.99,16.272480443362603
1080,2020-12-27,18 day ahead inc hosp,2021-01-14,06005,point,NA,11.919010162353516
1081,2020-12-27,18 day ahead inc hosp,2021-01-14,06005,quantile,0.01,9.706650618600936
1082,2020-12-27,18 day ahead inc hosp,2021-01-14,06005,quantile,0.025,10.055082125195133
1083,2020-12-27,18 day ahead inc hosp,2021-01-14,06005,quantile,0.05,10.354752443089364
1084,2020-12-27,18 day ahead inc hosp,2021-01-14,06005,quantile,0.1,10.700253127568837
1085,2020-12-27,18 day ahead inc hosp,2021-01-14,06005,quantile,0.15,10.933360799118958
1086,2020-12-27,18 day ahead inc hosp,2021-01-14,06005,quantile,0.2,11.118627386803427
1087,2020-12-27,18 day ahead inc hosp,2021-01-14,06005,quantile,0.25,11.277569622586935
1088,2020-12-27,18 day ahead inc hosp,2021-01-14,06005,quantile,0.3,11.420304662636832
1089,2020-12-27,18 day ahead inc hosp,2021-01-14,06005,quantile,0.35,11.552569949016354
1090,2020-12-27,18 day ahead inc hosp,2021-01-14,06005,quantile,0.4,11.678076771539965
1091,2020-12-27,18 day ahead inc hosp,2021-01-14,06005,quantile,0.45,11.799506074810182
1092,2020-12-27,18 day ahead inc hosp,2021-01-14,06005,quantile,0.5,11.919010162353516
1093,2020-12-27,18 day ahead inc hosp,2021-01-14,06005,quantile,0.55,12.221085575025867
1094,2020-12-27,18 day ahead inc hosp,2021-01-14,06005,quantile,0.6,12.52802743492305
1095,2020-12-27,18 day ahead inc hosp,2021-01-14,06005,quantile,0.65,12.845276208470377
1096,2020-12-27,18 day ahead inc hosp,2021-01-14,06005,quantile,0.7,13.179608629952048
1097,2020-12-27,18 day ahead inc hosp,2021-01-14,06005,quantile,0.75,13.540405879755262
1098,2020-12-27,18 day ahead inc hosp,2021-01-14,06005,quantile,0.8,13.94217072690293
1099,2020-12-27,18 day ahead inc hosp,2021-01-14,06005,quantile,0.85,14.410476724460466
1100,2020-12-27,18 day ahead inc hosp,2021-01-14,06005,quantile,0.9,14.99971260356845
1101,2020-12-27,18 day ahead inc hosp,2021-01-14,06005,quantile,0.95,15.873048938652985
1102,2020-12-27,18 day ahead inc hosp,2021-01-14,06005,quantile,0.975,16.63053796521644
1103,2020-12-27,18 day ahead inc hosp,2021-01-14,06005,quantile,0.99,17.51128266028241
1104,2020-12-27,19 day ahead inc hosp,2021-01-15,06005,point,NA,11.968755722045898
1105,2020-12-27,19 day ahead inc hosp,2021-01-15,06005,quantile,0.01,10.0114612629343
1106,2020-12-27,19 day ahead inc hosp,2021-01-15,06005,quantile,0.025,10.31972176207539
1107,2020-12-27,19 day ahead inc hosp,2021-01-15,06005,quantile,0.05,10.584842797411131
1108,2020-12-27,19 day ahead inc hosp,2021-01-15,06005,quantile,0.1,10.890510371771082
1109,2020-12-27,19 day ahead inc hosp,2021-01-15,06005,quantile,0.15,11.096742833031676
1110,2020-12-27,19 day ahead inc hosp,2021-01-15,06005,quantile,0.2,11.260649855539532
1111,2020-12-27,19 day ahead inc hosp,2021-01-15,06005,quantile,0.25,11.401267486293252
1112,2020-12-27,19 day ahead inc hosp,2021-01-15,06005,quantile,0.3,11.527546464680674
1113,2020-12-27,19 day ahead inc hosp,2021-01-15,06005,quantile,0.35,11.644562757486469
1114,2020-12-27,19 day ahead inc hosp,2021-01-15,06005,quantile,0.4,11.755599776310945
1115,2020-12-27,19 day ahead inc hosp,2021-01-15,06005,quantile,0.45,11.863029377044574
1116,2020-12-27,19 day ahead inc hosp,2021-01-15,06005,quantile,0.5,11.968755722045898
1117,2020-12-27,19 day ahead inc hosp,2021-01-15,06005,quantile,0.55,12.2572752834245
1118,2020-12-27,19 day ahead inc hosp,2021-01-15,06005,quantile,0.6,12.550442906710423
1119,2020-12-27,19 day ahead inc hosp,2021-01-15,06005,quantile,0.65,12.853454913487205
1120,2020-12-27,19 day ahead inc hosp,2021-01-15,06005,quantile,0.7,13.172783927216518
1121,2020-12-27,19 day ahead inc hosp,2021-01-15,06005,quantile,0.75,13.517390141071926
1122,2020-12-27,19 day ahead inc hosp,2021-01-15,06005,quantile,0.8,13.90112550189097
1123,2020-12-27,19 day ahead inc hosp,2021-01-15,06005,quantile,0.85,14.348415931161433
1124,2020-12-27,19 day ahead inc hosp,2021-01-15,06005,quantile,0.9,14.911209426616054
1125,2020-12-27,19 day ahead inc hosp,2021-01-15,06005,quantile,0.95,15.745354165856687
1126,2020-12-27,19 day ahead inc hosp,2021-01-15,06005,quantile,0.975,16.46885032782418
1127,2020-12-27,19 day ahead inc hosp,2021-01-15,06005,quantile,0.99,17.310070971566503
1128,2020-12-27,20 day ahead inc hosp,2021-01-16,06005,point,NA,12.090202331542969
1129,2020-12-27,20 day ahead inc hosp,2021-01-16,06005,quantile,0.01,8.509168883447337
1130,2020-12-27,20 day ahead inc hosp,2021-01-16,06005,quantile,0.025,9.073157175046521
1131,2020-12-27,20 day ahead inc hosp,2021-01-16,06005,quantile,0.05,9.558218219853217
1132,2020-12-27,20 day ahead inc hosp,2021-01-16,06005,quantile,0.1,10.117462539319629
1133,2020-12-27,20 day ahead inc hosp,2021-01-16,06005,quantile,0.15,10.494782026645254
1134,2020-12-27,20 day ahead inc hosp,2021-01-16,06005,quantile,0.2,10.7946635939005
1135,2020-12-27,20 day ahead inc hosp,2021-01-16,06005,quantile,0.25,11.051935276644441
1136,2020-12-27,20 day ahead inc hosp,2021-01-16,06005,quantile,0.3,11.282973199064124
1137,2020-12-27,20 day ahead inc hosp,2021-01-16,06005,quantile,0.35,11.49706426571942
1138,2020-12-27,20 day ahead inc hosp,2021-01-16,06005,quantile,0.4,11.70021575196424
1139,2020-12-27,20 day ahead inc hosp,2021-01-16,06005,quantile,0.45,11.896767165959101
1140,2020-12-27,20 day ahead inc hosp,2021-01-16,06005,quantile,0.5,12.090202331542969
1141,2020-12-27,20 day ahead inc hosp,2021-01-16,06005,quantile,0.55,12.384044466639851
1142,2020-12-27,20 day ahead inc hosp,2021-01-16,06005,quantile,0.6,12.682620410523855
1143,2020-12-27,20 day ahead inc hosp,2021-01-16,06005,quantile,0.65,12.991222345886024
1144,2020-12-27,20 day ahead inc hosp,2021-01-16,06005,quantile,0.7,13.316442302357105
1145,2020-12-27,20 day ahead inc hosp,2021-01-16,06005,quantile,0.75,13.667405769662711
1146,2020-12-27,20 day ahead inc hosp,2021-01-16,06005,quantile,0.8,14.058220233668072
1147,2020-12-27,20 day ahead inc hosp,2021-01-16,06005,quantile,0.85,14.513762222284802
1148,2020-12-27,20 day ahead inc hosp,2021-01-16,06005,quantile,0.9,15.086938063579039
1149,2020-12-27,20 day ahead inc hosp,2021-01-16,06005,quantile,0.95,15.936471003346218
1150,2020-12-27,20 day ahead inc hosp,2021-01-16,06005,quantile,0.975,16.67331413436692
1151,2020-12-27,20 day ahead inc hosp,2021-01-16,06005,quantile,0.99,17.53005351405999
1152,2020-12-27,21 day ahead inc hosp,2021-01-17,06005,point,NA,13.175023078918457
1153,2020-12-27,21 day ahead inc hosp,2021-01-17,06005,quantile,0.01,9.488858696749643
1154,2020-12-27,21 day ahead inc hosp,2021-01-17,06005,quantile,0.025,10.069404391892125
1155,2020-12-27,21 day ahead inc hosp,2021-01-17,06005,quantile,0.05,10.568705717182702
1156,2020-12-27,21 day ahead inc hosp,2021-01-17,06005,quantile,0.1,11.144368168044085
1157,2020-12-27,21 day ahead inc hosp,2021-01-17,06005,quantile,0.15,11.532764890676644
1158,2020-12-27,21 day ahead inc hosp,2021-01-17,06005,quantile,0.2,11.841450293398335
1159,2020-12-27,21 day ahead inc hosp,2021-01-17,06005,quantile,0.25,12.106274883064113
1160,2020-12-27,21 day ahead inc hosp,2021-01-17,06005,quantile,0.3,12.344095549332009
1161,2020-12-27,21 day ahead inc hosp,2021-01-17,06005,quantile,0.35,12.564471838993574
1162,2020-12-27,21 day ahead inc hosp,2021-01-17,06005,quantile,0.4,12.773587387238049
1163,2020-12-27,21 day ahead inc hosp,2021-01-17,06005,quantile,0.45,12.9759091002391
1164,2020-12-27,21 day ahead inc hosp,2021-01-17,06005,quantile,0.5,13.175023078918457
1165,2020-12-27,21 day ahead inc hosp,2021-01-17,06005,quantile,0.55,13.46336503741845
1166,2020-12-27,21 day ahead inc hosp,2021-01-17,06005,quantile,0.6,13.756352196636144
1167,2020-12-27,21 day ahead inc hosp,2021-01-17,06005,quantile,0.65,14.059177679475349
1168,2020-12-27,21 day ahead inc hosp,2021-01-17,06005,quantile,0.7,14.378310125069765
1169,2020-12-27,21 day ahead inc hosp,2021-01-17,06005,quantile,0.75,14.72270421100125
1170,2020-12-27,21 day ahead inc hosp,2021-01-17,06005,quantile,0.8,15.10620335731761
1171,2020-12-27,21 day ahead inc hosp,2021-01-17,06005,quantile,0.85,15.55321844973593
1172,2020-12-27,21 day ahead inc hosp,2021-01-17,06005,quantile,0.9,16.115665508559434
1173,2020-12-27,21 day ahead inc hosp,2021-01-17,06005,quantile,0.95,16.94929677652569
1174,2020-12-27,21 day ahead inc hosp,2021-01-17,06005,quantile,0.975,17.67234757873867
1175,2020-12-27,21 day ahead inc hosp,2021-01-17,06005,quantile,0.99,18.513050395519244
1176,2020-12-27,22 day ahead inc hosp,2021-01-18,06005,point,NA,11.982199668884277
1177,2020-12-27,22 day ahead inc hosp,2021-01-18,06005,quantile,0.01,9.836567470242661
1178,2020-12-27,22 day ahead inc hosp,2021-01-18,06005,quantile,0.025,10.174489876065376
1179,2020-12-27,22 day ahead inc hosp,2021-01-18,06005,quantile,0.05,10.465121787531453
1180,2020-12-27,22 day ahead inc hosp,2021-01-18,06005,quantile,0.1,10.800201768253965
1181,2020-12-27,22 day ahead inc hosp,2021-01-18,06005,quantile,0.15,11.026278640451665
1182,2020-12-27,22 day ahead inc hosp,2021-01-18,06005,quantile,0.2,11.205957371691705
1183,2020-12-27,22 day ahead inc hosp,2021-01-18,06005,quantile,0.25,11.360105724198064
1184,2020-12-27,22 day ahead inc hosp,2021-01-18,06005,quantile,0.3,11.498535708903892
1185,2020-12-27,22 day ahead inc hosp,2021-01-18,06005,quantile,0.35,11.62681171992563
1186,2020-12-27,22 day ahead inc hosp,2021-01-18,06005,quantile,0.4,11.748533110246793
1187,2020-12-27,22 day ahead inc hosp,2021-01-18,06005,quantile,0.45,11.866299964052692
1188,2020-12-27,22 day ahead inc hosp,2021-01-18,06005,quantile,0.5,11.982199668884277
1189,2020-12-27,22 day ahead inc hosp,2021-01-18,06005,quantile,0.55,12.284592208154143
1190,2020-12-27,22 day ahead inc hosp,2021-01-18,06005,quantile,0.6,12.591856303571268
1191,2020-12-27,22 day ahead inc hosp,2021-01-18,06005,quantile,0.65,12.909438133103624
1192,2020-12-27,22 day ahead inc hosp,2021-01-18,06005,quantile,0.7,13.244121545426705
1193,2020-12-27,22 day ahead inc hosp,2021-01-18,06005,quantile,0.75,13.605297569534025
1194,2020-12-27,22 day ahead inc hosp,2021-01-18,06005,quantile,0.8,14.007484199831305
1195,2020-12-27,22 day ahead inc hosp,2021-01-18,06005,quantile,0.85,14.476281837162787
1196,2020-12-27,22 day ahead inc hosp,2021-01-18,06005,quantile,0.9,15.066136311368668
1197,2020-12-27,22 day ahead inc hosp,2021-01-18,06005,quantile,0.95,15.940389497573197
1198,2020-12-27,22 day ahead inc hosp,2021-01-18,06005,quantile,0.975,16.698673755749592
1199,2020-12-27,22 day ahead inc hosp,2021-01-18,06005,quantile,0.99,17.580343079423876
1200,2020-12-27,23 day ahead inc hosp,2021-01-19,06005,point,NA,12.305769920349121
1201,2020-12-27,23 day ahead inc hosp,2021-01-19,06005,quantile,0.01,10.2692998124037
1202,2020-12-27,23 day ahead inc hosp,2021-01-19,06005,quantile,0.025,10.590029935068076
1203,2020-12-27,23 day ahead inc hosp,2021-01-19,06005,quantile,0.05,10.86587553455638
1204,2020-12-27,23 day ahead inc hosp,2021-01-19,06005,quantile,0.1,11.183907844541443
1205,2020-12-27,23 day ahead inc hosp,2021-01-19,06005,quantile,0.15,11.398482734226585
1206,2020-12-27,23 day ahead inc hosp,2021-01-19,06005,quantile,0.2,11.56902005438591
1207,2020-12-27,23 day ahead inc hosp,2021-01-19,06005,quantile,0.25,11.715325890151693
1208,2020-12-27,23 day ahead inc hosp,2021-01-19,06005,quantile,0.3,11.846713052441313
1209,2020-12-27,23 day ahead inc hosp,2021-01-19,06005,quantile,0.35,11.968462838904077
1210,2020-12-27,23 day ahead inc hosp,2021-01-19,06005,quantile,0.4,12.083991480319664
1211,2020-12-27,23 day ahead inc hosp,2021-01-19,06005,quantile,0.45,12.195766777891318
1212,2020-12-27,23 day ahead inc hosp,2021-01-19,06005,quantile,0.5,12.305769920349121
1213,2020-12-27,23 day ahead inc hosp,2021-01-19,06005,quantile,0.55,12.551834304540483
1214,2020-12-27,23 day ahead inc hosp,2021-01-19,06005,quantile,0.6,12.801862796002228
1215,2020-12-27,23 day ahead inc hosp,2021-01-19,06005,quantile,0.65,13.060287086174629
1216,2020-12-27,23 day ahead inc hosp,2021-01-19,06005,quantile,0.7,13.332627362661569
1217,2020-12-27,23 day ahead inc hosp,2021-01-19,06005,quantile,0.75,13.626525341002033
1218,2020-12-27,23 day ahead inc hosp,2021-01-19,06005,quantile,0.8,13.953794676922321
1219,2020-12-27,23 day ahead inc hosp,2021-01-19,06005,quantile,0.85,14.335267057884044
1220,2020-12-27,23 day ahead inc hosp,2021-01-19,06005,quantile,0.9,14.815246419505993
1221,2020-12-27,23 day ahead inc hosp,2021-01-19,06005,quantile,0.95,15.526648137320104
1222,2020-12-27,23 day ahead inc hosp,2021-01-19,06005,quantile,0.975,16.143683033355227
1223,2020-12-27,23 day ahead inc hosp,2021-01-19,06005,quantile,0.99,16.861119448004057
1224,2020-12-27,24 day ahead inc hosp,2021-01-20,06005,point,NA,12.702136039733887
1225,2020-12-27,24 day ahead inc hosp,2021-01-20,06005,quantile,0.01,10.658272519875318
1226,2020-12-27,24 day ahead inc hosp,2021-01-20,06005,quantile,0.025,10.980167054381813
1227,2020-12-27,24 day ahead inc hosp,2021-01-20,06005,quantile,0.05,11.257014112292458
1228,2020-12-27,24 day ahead inc hosp,2021-01-20,06005,quantile,0.1,11.576201039701186
1229,2020-12-27,24 day ahead inc hosp,2021-01-20,06005,quantile,0.15,11.791554944280518
1230,2020-12-27,24 day ahead inc hosp,2021-01-20,06005,quantile,0.2,11.962711400782469
1231,2020-12-27,24 day ahead inc hosp,2021-01-20,06005,quantile,0.25,12.10954840040128
1232,2020-12-27,24 day ahead inc hosp,2021-01-20,06005,quantile,0.3,12.241412564247229
1233,2020-12-27,24 day ahead inc hosp,2021-01-20,06005,quantile,0.35,12.363604363739375
1234,2020-12-27,24 day ahead inc hosp,2021-01-20,06005,quantile,0.4,12.479552432295296
1235,2020-12-27,24 day ahead inc hosp,2021-01-20,06005,quantile,0.45,12.591733530479216
1236,2020-12-27,24 day ahead inc hosp,2021-01-20,06005,quantile,0.5,12.702136039733887
1237,2020-12-27,24 day ahead inc hosp,2021-01-20,06005,quantile,0.55,12.962790674170892
1238,2020-12-27,24 day ahead inc hosp,2021-01-20,06005,quantile,0.6,13.227644465405115
1239,2020-12-27,24 day ahead inc hosp,2021-01-20,06005,quantile,0.65,13.5013918795459
1240,2020-12-27,24 day ahead inc hosp,2021-01-20,06005,quantile,0.7,13.78988042063834
1241,2020-12-27,24 day ahead inc hosp,2021-01-20,06005,quantile,0.75,14.101204915476782
1242,2020-12-27,24 day ahead inc hosp,2021-01-20,06005,quantile,0.8,14.447879503906467
1243,2020-12-27,24 day ahead inc hosp,2021-01-20,06005,quantile,0.85,14.851971076663553
1244,2020-12-27,24 day ahead inc hosp,2021-01-20,06005,quantile,0.9,15.360410546487758
1245,2020-12-27,24 day ahead inc hosp,2021-01-20,06005,quantile,0.95,16.113994431876417
1246,2020-12-27,24 day ahead inc hosp,2021-01-20,06005,quantile,0.975,16.76761606748798
1247,2020-12-27,24 day ahead inc hosp,2021-01-20,06005,quantile,0.99,17.52759247369009
1248,2020-12-27,25 day ahead inc hosp,2021-01-21,06005,point,NA,13.253649711608887
1249,2020-12-27,25 day ahead inc hosp,2021-01-21,06005,quantile,0.01,10.909707680328516
1250,2020-12-27,25 day ahead inc hosp,2021-01-21,06005,quantile,0.025,11.278862529337912
1251,2020-12-27,25 day ahead inc hosp,2021-01-21,06005,quantile,0.05,11.596356064971825
1252,2020-12-27,25 day ahead inc hosp,2021-01-21,06005,quantile,0.1,11.962405778036976
1253,2020-12-27,25 day ahead inc hosp,2021-01-21,06005,quantile,0.15,12.20937778161712
1254,2020-12-27,25 day ahead inc hosp,2021-01-21,06005,quantile,0.2,12.405663300890781
1255,2020-12-27,25 day ahead inc hosp,2021-01-21,06005,quantile,0.25,12.574058798833544
1256,2020-12-27,25 day ahead inc hosp,2021-01-21,06005,quantile,0.3,12.725283160467802
1257,2020-12-27,25 day ahead inc hosp,2021-01-21,06005,quantile,0.35,12.865415068457061
1258,2020-12-27,25 day ahead inc hosp,2021-01-21,06005,quantile,0.4,12.998386545609709
1259,2020-12-27,25 day ahead inc hosp,2021-01-21,06005,quantile,0.45,13.127037988621261
1260,2020-12-27,25 day ahead inc hosp,2021-01-21,06005,quantile,0.5,13.253649711608887
1261,2020-12-27,25 day ahead inc hosp,2021-01-21,06005,quantile,0.55,13.569509840013195
1262,2020-12-27,25 day ahead inc hosp,2021-01-21,06005,quantile,0.6,13.890458487975284
1263,2020-12-27,25 day ahead inc hosp,2021-01-21,06005,quantile,0.65,14.222184388677626
1264,2020-12-27,25 day ahead inc hosp,2021-01-21,06005,quantile,0.7,14.571773521552423
1265,2020-12-27,25 day ahead inc hosp,2021-01-21,06005,quantile,0.75,14.949035161758717
1266,2020-12-27,25 day ahead inc hosp,2021-01-21,06005,quantile,0.8,15.369133888383795
1267,2020-12-27,25 day ahead inc hosp,2021-01-21,06005,quantile,0.85,15.85881026161935
1268,2020-12-27,25 day ahead inc hosp,2021-01-21,06005,quantile,0.9,16.474934953096124
1269,2020-12-27,25 day ahead inc hosp,2021-01-21,06005,quantile,0.95,17.38812455863067
1270,2020-12-27,25 day ahead inc hosp,2021-01-21,06005,quantile,0.975,18.18018035383272
1271,2020-12-27,25 day ahead inc hosp,2021-01-21,06005,quantile,0.99,19.101116387698852
1272,2020-12-27,26 day ahead inc hosp,2021-01-22,06005,point,NA,12.839035034179688
1273,2020-12-27,26 day ahead inc hosp,2021-01-22,06005,quantile,0.01,10.877821317983972
1274,2020-12-27,26 day ahead inc hosp,2021-01-22,06005,quantile,0.025,11.186699073327567
1275,2020-12-27,26 day ahead inc hosp,2021-01-22,06005,quantile,0.05,11.452350983050167
1276,2020-12-27,26 day ahead inc hosp,2021-01-22,06005,quantile,0.1,11.75863062157891
1277,2020-12-27,26 day ahead inc hosp,2021-01-22,06005,quantile,0.15,11.965276039628407
1278,2020-12-27,26 day ahead inc hosp,2021-01-22,06005,quantile,0.2,12.129511267101083
1279,2020-12-27,26 day ahead inc hosp,2021-01-22,06005,quantile,0.25,12.270410468490699
1280,2020-12-27,26 day ahead inc hosp,2021-01-22,06005,quantile,0.3,12.396942306011459
1281,2020-12-27,26 day ahead inc hosp,2021-01-22,06005,quantile,0.35,12.514192910487836
1282,2020-12-27,26 day ahead inc hosp,2021-01-22,06005,quantile,0.4,12.625452268174307
1283,2020-12-27,26 day ahead inc hosp,2021-01-22,06005,quantile,0.45,12.733096984330023
1284,2020-12-27,26 day ahead inc hosp,2021-01-22,06005,quantile,0.5,12.839035034179688
1285,2020-12-27,26 day ahead inc hosp,2021-01-22,06005,quantile,0.55,13.128897043227767
1286,2020-12-27,26 day ahead inc hosp,2021-01-22,06005,quantile,0.6,13.423428741069904
1287,2020-12-27,26 day ahead inc hosp,2021-01-22,06005,quantile,0.65,13.727850627164322
1288,2020-12-27,26 day ahead inc hosp,2021-01-22,06005,quantile,0.7,14.048665441330284
1289,2020-12-27,26 day ahead inc hosp,2021-01-22,06005,quantile,0.75,14.394875067468961
1290,2020-12-27,26 day ahead inc hosp,2021-01-22,06005,quantile,0.8,14.780395903901395
1291,2020-12-27,26 day ahead inc hosp,2021-01-22,06005,quantile,0.85,15.229767523062364
1292,2020-12-27,26 day ahead inc hosp,2021-01-22,06005,quantile,0.9,15.795179630623423
1293,2020-12-27,26 day ahead inc hosp,2021-01-22,06005,quantile,0.95,16.633205547472432
1294,2020-12-27,26 day ahead inc hosp,2021-01-22,06005,quantile,0.975,17.36006805219973
1295,2020-12-27,26 day ahead inc hosp,2021-01-22,06005,quantile,0.99,18.20520279690392
1296,2020-12-27,27 day ahead inc hosp,2021-01-23,06005,point,NA,13.07465648651123
1297,2020-12-27,27 day ahead inc hosp,2021-01-23,06005,quantile,0.01,9.358351887277276
1298,2020-12-27,27 day ahead inc hosp,2021-01-23,06005,quantile,0.025,9.943644460598188
1299,2020-12-27,27 day ahead inc hosp,2021-01-23,06005,quantile,0.05,10.447028362997361
1300,2020-12-27,27 day ahead inc hosp,2021-01-23,06005,quantile,0.1,11.027397763800845
1301,2020-12-27,27 day ahead inc hosp,2021-01-23,06005,quantile,0.15,11.418970243213042
1302,2020-12-27,27 day ahead inc hosp,2021-01-23,06005,quantile,0.2,11.730179636749652
1303,2020-12-27,27 day ahead inc hosp,2021-01-23,06005,quantile,0.25,11.997169585794225
1304,2020-12-27,27 day ahead inc hosp,2021-01-23,06005,quantile,0.3,12.236934811707524
1305,2020-12-27,27 day ahead inc hosp,2021-01-23,06005,quantile,0.35,12.459113025677876
1306,2020-12-27,27 day ahead inc hosp,2021-01-23,06005,quantile,0.4,12.669938423880826
1307,2020-12-27,27 day ahead inc hosp,2021-01-23,06005,quantile,0.45,12.873914436504634
1308,2020-12-27,27 day ahead inc hosp,2021-01-23,06005,quantile,0.5,13.07465648651123
1309,2020-12-27,27 day ahead inc hosp,2021-01-23,06005,quantile,0.55,13.376635577784336
1310,2020-12-27,27 day ahead inc hosp,2021-01-23,06005,quantile,0.6,13.683479564540603
1311,2020-12-27,27 day ahead inc hosp,2021-01-23,06005,quantile,0.65,14.0006271784288
1312,2020-12-27,27 day ahead inc hosp,2021-01-23,06005,quantile,0.7,14.334852992867003
1313,2020-12-27,27 day ahead inc hosp,2021-01-23,06005,quantile,0.75,14.695535196908507
1314,2020-12-27,27 day ahead inc hosp,2021-01-23,06005,quantile,0.8,15.097171935144885
1315,2020-12-27,27 day ahead inc hosp,2021-01-23,06005,quantile,0.85,15.56532860612016
1316,2020-12-27,27 day ahead inc hosp,2021-01-23,06005,quantile,0.9,16.154376598290046
1317,2020-12-27,27 day ahead inc hosp,2021-01-23,06005,quantile,0.95,17.027434456629113
1318,2020-12-27,27 day ahead inc hosp,2021-01-23,06005,quantile,0.975,17.78468194614622
1319,2020-12-27,27 day ahead inc hosp,2021-01-23,06005,quantile,0.99,18.665145802197006
1320,2020-12-27,28 day ahead inc hosp,2021-01-24,06005,point,NA,13.123565673828125
1321,2020-12-27,28 day ahead inc hosp,2021-01-24,06005,quantile,0.01,9.458873523624778
1322,2020-12-27,28 day ahead inc hosp,2021-01-24,06005,quantile,0.025,10.036037488996076
1323,2020-12-27,28 day ahead inc hosp,2021-01-24,06005,quantile,0.05,10.532430340120616
1324,2020-12-27,28 day ahead inc hosp,2021-01-24,06005,quantile,0.1,11.104739506538555
1325,2020-12-27,28 day ahead inc hosp,2021-01-24,06005,quantile,0.15,11.490873784076875
1326,2020-12-27,28 day ahead inc hosp,2021-01-24,06005,quantile,0.2,11.797761067158637
1327,2020-12-27,28 day ahead inc hosp,2021-01-24,06005,quantile,0.25,12.061043030280961
1328,2020-12-27,28 day ahead inc hosp,2021-01-24,06005,quantile,0.3,12.297478370235957
1329,2020-12-27,28 day ahead inc hosp,2021-01-24,06005,quantile,0.35,12.516570948613733
1330,2020-12-27,28 day ahead inc hosp,2021-01-24,06005,quantile,0.4,12.724468380384288
1331,2020-12-27,28 day ahead inc hosp,2021-01-24,06005,quantile,0.45,12.925611551599678
1332,2020-12-27,28 day ahead inc hosp,2021-01-24,06005,quantile,0.5,13.123565673828125
1333,2020-12-27,28 day ahead inc hosp,2021-01-24,06005,quantile,0.55,13.407301761724218
1334,2020-12-27,28 day ahead inc hosp,2021-01-24,06005,quantile,0.6,13.695608849574633
1335,2020-12-27,28 day ahead inc hosp,2021-01-24,06005,quantile,0.65,13.993597107208126
1336,2020-12-27,28 day ahead inc hosp,2021-01-24,06005,quantile,0.7,14.307631846046439
1337,2020-12-27,28 day ahead inc hosp,2021-01-24,06005,quantile,0.75,14.6465247048766
1338,2020-12-27,28 day ahead inc hosp,2021-01-24,06005,quantile,0.8,15.023897973940034
1339,2020-12-27,28 day ahead inc hosp,2021-01-24,06005,quantile,0.85,15.463772608256523
1340,2020-12-27,28 day ahead inc hosp,2021-01-24,06005,quantile,0.9,16.017235340317594
1341,2020-12-27,28 day ahead inc hosp,2021-01-24,06005,quantile,0.95,16.837550482626686
1342,2020-12-27,28 day ahead inc hosp,2021-01-24,06005,quantile,0.975,17.54905153171888
1343,2020-12-27,28 day ahead inc hosp,2021-01-24,06005,quantile,0.99,18.376325264468232
1344,2020-12-27,1 day ahead inc hosp,2020-12-28,06007,point,NA,93.70172119140625
1345,2020-12-27,1 day ahead inc hosp,2020-12-28,06007,quantile,0.01,63.927380953168736
1346,2020-12-27,1 day ahead inc hosp,2020-12-28,06007,quantile,0.025,68.61663603214224
1347,2020-12-27,1 day ahead inc hosp,2020-12-28,06007,quantile,0.05,72.64965409626278
1348,2020-12-27,1 day ahead inc hosp,2020-12-28,06007,quantile,0.1,77.29946563403254
1349,2020-12-27,1 day ahead inc hosp,2020-12-28,06007,quantile,0.15,80.43667140353601
1350,2020-12-27,1 day ahead inc hosp,2020-12-28,06007,quantile,0.2,82.93002309769062
1351,2020-12-27,1 day ahead inc hosp,2020-12-28,06007,quantile,0.25,85.06909683903073
1352,2020-12-27,1 day ahead inc hosp,2020-12-28,06007,quantile,0.3,86.9900511696074
1353,2020-12-27,1 day ahead inc hosp,2020-12-28,06007,quantile,0.35,88.77010163631047
1354,2020-12-27,1 day ahead inc hosp,2020-12-28,06007,quantile,0.4,90.45919545769704
1355,2020-12-27,1 day ahead inc hosp,2020-12-28,06007,quantile,0.45,92.09341327761207
1356,2020-12-27,1 day ahead inc hosp,2020-12-28,06007,quantile,0.5,93.70172119140625
1357,2020-12-27,1 day ahead inc hosp,2020-12-28,06007,quantile,0.55,98.02394202216895
1358,2020-12-27,1 day ahead inc hosp,2020-12-28,06007,quantile,0.6,102.41579400689051
1359,2020-12-27,1 day ahead inc hosp,2020-12-28,06007,quantile,0.65,106.95512160535175
1360,2020-12-27,1 day ahead inc hosp,2020-12-28,06007,quantile,0.7,111.7388891544664
1361,2020-12-27,1 day ahead inc hosp,2020-12-28,06007,quantile,0.75,116.90132649084377
1362,2020-12-27,1 day ahead inc hosp,2020-12-28,06007,quantile,0.8,122.64994527463526
1363,2020-12-27,1 day ahead inc hosp,2020-12-28,06007,quantile,0.85,129.3506625554878
1364,2020-12-27,1 day ahead inc hosp,2020-12-28,06007,quantile,0.9,137.78169495359862
1365,2020-12-27,1 day ahead inc hosp,2020-12-28,06007,quantile,0.95,150.27775501479482
1366,2020-12-27,1 day ahead inc hosp,2020-12-28,06007,quantile,0.975,161.11622353072778
1367,2020-12-27,1 day ahead inc hosp,2020-12-28,06007,quantile,0.99,173.71828549241056
1368,2020-12-27,2 day ahead inc hosp,2020-12-29,06007,point,NA,97.52041625976562
1369,2020-12-27,2 day ahead inc hosp,2020-12-29,06007,quantile,0.01,64.54506699631334
1370,2020-12-27,2 day ahead inc hosp,2020-12-29,06007,quantile,0.025,69.73845911776114
1371,2020-12-27,2 day ahead inc hosp,2020-12-29,06007,quantile,0.05,74.20506285057517
1372,2020-12-27,2 day ahead inc hosp,2020-12-29,06007,quantile,0.1,79.35477089583611
1373,2020-12-27,2 day ahead inc hosp,2020-12-29,06007,quantile,0.15,82.82925446567988
1374,2020-12-27,2 day ahead inc hosp,2020-12-29,06007,quantile,0.2,85.59066386362112
1375,2020-12-27,2 day ahead inc hosp,2020-12-29,06007,quantile,0.25,87.95970724649962
1376,2020-12-27,2 day ahead inc hosp,2020-12-29,06007,quantile,0.3,90.08718142268833
1377,2020-12-27,2 day ahead inc hosp,2020-12-29,06007,quantile,0.35,92.05860330396054
1378,2020-12-27,2 day ahead inc hosp,2020-12-29,06007,quantile,0.4,93.92928988352178
1379,2020-12-27,2 day ahead inc hosp,2020-12-29,06007,quantile,0.45,95.73920079852668
1380,2020-12-27,2 day ahead inc hosp,2020-12-29,06007,quantile,0.5,97.52041625976562
1381,2020-12-27,2 day ahead inc hosp,2020-12-29,06007,quantile,0.55,101.18058652835744
1382,2020-12-27,2 day ahead inc hosp,2020-12-29,06007,quantile,0.6,104.89972228933549
1383,2020-12-27,2 day ahead inc hosp,2020-12-29,06007,quantile,0.65,108.74374427845589
1384,2020-12-27,2 day ahead inc hosp,2020-12-29,06007,quantile,0.7,112.79476444626025
1385,2020-12-27,2 day ahead inc hosp,2020-12-29,06007,quantile,0.75,117.16645214846922
1386,2020-12-27,2 day ahead inc hosp,2020-12-29,06007,quantile,0.8,122.03453371620094
1387,2020-12-27,2 day ahead inc hosp,2020-12-29,06007,quantile,0.85,127.70887733026565
1388,2020-12-27,2 day ahead inc hosp,2020-12-29,06007,quantile,0.9,134.84849729078817
1389,2020-12-27,2 day ahead inc hosp,2020-12-29,06007,quantile,0.95,145.43048958164874
1390,2020-12-27,2 day ahead inc hosp,2020-12-29,06007,quantile,0.975,154.6087897593576
1391,2020-12-27,2 day ahead inc hosp,2020-12-29,06007,quantile,0.99,165.28054724727008
1392,2020-12-27,3 day ahead inc hosp,2020-12-30,06007,point,NA,100.40443420410156
1393,2020-12-27,3 day ahead inc hosp,2020-12-30,06007,quantile,0.01,68.31646076359343
1394,2020-12-27,3 day ahead inc hosp,2020-12-30,06007,quantile,0.025,73.37009725816908
1395,2020-12-27,3 day ahead inc hosp,2020-12-30,06007,quantile,0.05,77.71650344185316
1396,2020-12-27,3 day ahead inc hosp,2020-12-30,06007,quantile,0.1,82.72763141088576
1397,2020-12-27,3 day ahead inc hosp,2020-12-30,06007,quantile,0.15,86.10861566120865
1398,2020-12-27,3 day ahead inc hosp,2020-12-30,06007,quantile,0.2,88.79571476398344
1399,2020-12-27,3 day ahead inc hosp,2020-12-30,06007,quantile,0.25,91.10100653032328
1400,2020-12-27,3 day ahead inc hosp,2020-12-30,06007,quantile,0.3,93.17122978453372
1401,2020-12-27,3 day ahead inc hosp,2020-12-30,06007,quantile,0.35,95.0896001545001
1402,2020-12-27,3 day ahead inc hosp,2020-12-30,06007,quantile,0.4,96.9099460377507
1403,2020-12-27,3 day ahead inc hosp,2020-12-30,06007,quantile,0.45,98.67115174648693
1404,2020-12-27,3 day ahead inc hosp,2020-12-30,06007,quantile,0.5,100.40443420410156
1405,2020-12-27,3 day ahead inc hosp,2020-12-30,06007,quantile,0.55,104.39949567230852
1406,2020-12-27,3 day ahead inc hosp,2020-12-30,06007,quantile,0.6,108.45891774379328
1407,2020-12-27,3 day ahead inc hosp,2020-12-30,06007,quantile,0.65,112.65465264264638
1408,2020-12-27,3 day ahead inc hosp,2020-12-30,06007,quantile,0.7,117.07632524028513
1409,2020-12-27,3 day ahead inc hosp,2020-12-30,06007,quantile,0.75,121.84800519189807
1410,2020-12-27,3 day ahead inc hosp,2020-12-30,06007,quantile,0.8,127.16149709751258
1411,2020-12-27,3 day ahead inc hosp,2020-12-30,06007,quantile,0.85,133.35502085908277
1412,2020-12-27,3 day ahead inc hosp,2020-12-30,06007,quantile,0.9,141.14788799608036
1413,2020-12-27,3 day ahead inc hosp,2020-12-30,06007,quantile,0.95,152.69809100735858
1414,2020-12-27,3 day ahead inc hosp,2020-12-30,06007,quantile,0.975,162.7161695919128
1415,2020-12-27,3 day ahead inc hosp,2020-12-30,06007,quantile,0.99,174.36435096310652
1416,2020-12-27,4 day ahead inc hosp,2020-12-31,06007,point,NA,107.34821319580078
1417,2020-12-27,4 day ahead inc hosp,2020-12-31,06007,quantile,0.01,70.96413386569209
1418,2020-12-27,4 day ahead inc hosp,2020-12-31,06007,quantile,0.025,76.69437767386141
1419,2020-12-27,4 day ahead inc hosp,2020-12-31,06007,quantile,0.05,81.62270347421872
1420,2020-12-27,4 day ahead inc hosp,2020-12-31,06007,quantile,0.1,87.30474749288024
1421,2020-12-27,4 day ahead inc hosp,2020-12-31,06007,quantile,0.15,91.13839561670665
1422,2020-12-27,4 day ahead inc hosp,2020-12-31,06007,quantile,0.2,94.18525761640524
1423,2020-12-27,4 day ahead inc hosp,2020-12-31,06007,quantile,0.25,96.79919391440994
1424,2020-12-27,4 day ahead inc hosp,2020-12-31,06007,quantile,0.3,99.1465894971157
1425,2020-12-27,4 day ahead inc hosp,2020-12-31,06007,quantile,0.35,101.32180133636737
1426,2020-12-27,4 day ahead inc hosp,2020-12-31,06007,quantile,0.4,103.38586465738767
1427,2020-12-27,4 day ahead inc hosp,2020-12-31,06007,quantile,0.45,105.38286980768503
1428,2020-12-27,4 day ahead inc hosp,2020-12-31,06007,quantile,0.5,107.34821319580078
1429,2020-12-27,4 day ahead inc hosp,2020-12-31,06007,quantile,0.55,112.27029170378182
1430,2020-12-27,4 day ahead inc hosp,2020-12-31,06007,quantile,0.6,117.27166509737991
1431,2020-12-27,4 day ahead inc hosp,2020-12-31,06007,quantile,0.65,122.44098144837456
1432,2020-12-27,4 day ahead inc hosp,2020-12-31,06007,quantile,0.7,127.8886622501256
1433,2020-12-27,4 day ahead inc hosp,2020-12-31,06007,quantile,0.75,133.76756637305496
1434,2020-12-27,4 day ahead inc hosp,2020-12-31,06007,quantile,0.8,140.3140048994926
1435,2020-12-27,4 day ahead inc hosp,2020-12-31,06007,quantile,0.85,147.94467852944723
1436,2020-12-27,4 day ahead inc hosp,2020-12-31,06007,quantile,0.9,157.54580836332258
1437,2020-12-27,4 day ahead inc hosp,2020-12-31,06007,quantile,0.95,171.77612908731038
1438,2020-12-27,4 day ahead inc hosp,2020-12-31,06007,quantile,0.975,184.11881009102234
1439,2020-12-27,4 day ahead inc hosp,2020-12-31,06007,quantile,0.99,198.4698441465634
1440,2020-12-27,5 day ahead inc hosp,2021-01-01,06007,point,NA,104.76703643798828
1441,2020-12-27,5 day ahead inc hosp,2021-01-01,06007,quantile,0.01,72.4615047802177
1442,2020-12-27,5 day ahead inc hosp,2021-01-01,06007,quantile,0.025,77.54940520699495
1443,2020-12-27,5 day ahead inc hosp,2021-01-01,06007,quantile,0.05,81.92528026264048
1444,2020-12-27,5 day ahead inc hosp,2021-01-01,06007,quantile,0.1,86.97038395374348
1445,2020-12-27,5 day ahead inc hosp,2021-01-01,06007,quantile,0.15,90.37429146244715
1446,2020-12-27,5 day ahead inc hosp,2021-01-01,06007,quantile,0.2,93.07960924430091
1447,2020-12-27,5 day ahead inc hosp,2021-01-01,06007,quantile,0.25,95.40053101506857
1448,2020-12-27,5 day ahead inc hosp,2021-01-01,06007,quantile,0.3,97.48479049632078
1449,2020-12-27,5 day ahead inc hosp,2021-01-01,06007,quantile,0.35,99.41616752245734
1450,2020-12-27,5 day ahead inc hosp,2021-01-01,06007,quantile,0.4,101.24885545048977
1451,2020-12-27,5 day ahead inc hosp,2021-01-01,06007,quantile,0.45,103.02200223038575
1452,2020-12-27,5 day ahead inc hosp,2021-01-01,06007,quantile,0.5,104.76703643798828
1453,2020-12-27,5 day ahead inc hosp,2021-01-01,06007,quantile,0.55,109.52504008581533
1454,2020-12-27,5 day ahead inc hosp,2021-01-01,06007,quantile,0.6,114.359695366567
1455,2020-12-27,5 day ahead inc hosp,2021-01-01,06007,quantile,0.65,119.35669531586144
1456,2020-12-27,5 day ahead inc hosp,2021-01-01,06007,quantile,0.7,124.62278058550923
1457,2020-12-27,5 day ahead inc hosp,2021-01-01,06007,quantile,0.75,130.3057145770674
1458,2020-12-27,5 day ahead inc hosp,2021-01-01,06007,quantile,0.8,136.6339310690555
1459,2020-12-27,5 day ahead inc hosp,2021-01-01,06007,quantile,0.85,144.01024026604028
1460,2020-12-27,5 day ahead inc hosp,2021-01-01,06007,quantile,0.9,153.29132156101912
1461,2020-12-27,5 day ahead inc hosp,2021-01-01,06007,quantile,0.95,167.0472821383841
1462,2020-12-27,5 day ahead inc hosp,2021-01-01,06007,quantile,0.975,178.9785264581168
1463,2020-12-27,5 day ahead inc hosp,2021-01-01,06007,quantile,0.99,192.85117645255235
1464,2020-12-27,6 day ahead inc hosp,2021-01-02,06007,point,NA,110.6503677368164
1465,2020-12-27,6 day ahead inc hosp,2021-01-02,06007,quantile,0.01,47.81866627270156
1466,2020-12-27,6 day ahead inc hosp,2021-01-02,06007,quantile,0.025,57.71422979665048
1467,2020-12-27,6 day ahead inc hosp,2021-01-02,06007,quantile,0.05,66.22496034438483
1468,2020-12-27,6 day ahead inc hosp,2021-01-02,06007,quantile,0.1,76.03728760564007
1469,2020-12-27,6 day ahead inc hosp,2021-01-02,06007,quantile,0.15,82.65761822468079
1470,2020-12-27,6 day ahead inc hosp,2021-01-02,06007,quantile,0.2,87.91924713194291
1471,2020-12-27,6 day ahead inc hosp,2021-01-02,06007,quantile,0.25,92.43325623005231
1472,2020-12-27,6 day ahead inc hosp,2021-01-02,06007,quantile,0.3,96.48697591147072
1473,2020-12-27,6 day ahead inc hosp,2021-01-02,06007,quantile,0.35,100.2433513213047
1474,2020-12-27,6 day ahead inc hosp,2021-01-02,06007,quantile,0.4,103.80778424848494
1475,2020-12-27,6 day ahead inc hosp,2021-01-02,06007,quantile,0.45,107.256414356378
1476,2020-12-27,6 day ahead inc hosp,2021-01-02,06007,quantile,0.5,110.6503677368164
1477,2020-12-27,6 day ahead inc hosp,2021-01-02,06007,quantile,0.55,115.48446307300706
1478,2020-12-27,6 day ahead inc hosp,2021-01-02,06007,quantile,0.6,120.3964358823269
1479,2020-12-27,6 day ahead inc hosp,2021-01-02,06007,quantile,0.65,125.47334963392966
1480,2020-12-27,6 day ahead inc hosp,2021-01-02,06007,quantile,0.7,130.8236520141333
1481,2020-12-27,6 day ahead inc hosp,2021-01-02,06007,quantile,0.75,136.59746950942184
1482,2020-12-27,6 day ahead inc hosp,2021-01-02,06007,quantile,0.8,143.02688909263196
1483,2020-12-27,6 day ahead inc hosp,2021-01-02,06007,quantile,0.85,150.52116285253737
1484,2020-12-27,6 day ahead inc hosp,2021-01-02,06007,quantile,0.9,159.9506705039981
1485,2020-12-27,6 day ahead inc hosp,2021-01-02,06007,quantile,0.95,173.92662130055365
1486,2020-12-27,6 day ahead inc hosp,2021-01-02,06007,quantile,0.975,186.04867432741744
1487,2020-12-27,6 day ahead inc hosp,2021-01-02,06007,quantile,0.99,200.1431806797471
1488,2020-12-27,7 day ahead inc hosp,2021-01-03,06007,point,NA,107.96730041503906
1489,2020-12-27,7 day ahead inc hosp,2021-01-03,06007,quantile,0.01,46.496430458587156
1490,2020-12-27,7 day ahead inc hosp,2021-01-03,06007,quantile,0.025,56.177672321405176
1491,2020-12-27,7 day ahead inc hosp,2021-01-03,06007,quantile,0.05,64.50407441689792
1492,2020-12-27,7 day ahead inc hosp,2021-01-03,06007,quantile,0.1,74.10388277782954
1493,2020-12-27,7 day ahead inc hosp,2021-01-03,06007,quantile,0.15,80.58082790375767
1494,2020-12-27,7 day ahead inc hosp,2021-01-03,06007,quantile,0.2,85.7284985665065
1495,2020-12-27,7 day ahead inc hosp,2021-01-03,06007,quantile,0.25,90.144741637858
1496,2020-12-27,7 day ahead inc hosp,2021-01-03,06007,quantile,0.3,94.11066440566175
1497,2020-12-27,7 day ahead inc hosp,2021-01-03,06007,quantile,0.35,97.785682890676
1498,2020-12-27,7 day ahead inc hosp,2021-01-03,06007,quantile,0.4,101.27291605211332
1499,2020-12-27,7 day ahead inc hosp,2021-01-03,06007,quantile,0.45,104.64685449322451
1500,2020-12-27,7 day ahead inc hosp,2021-01-03,06007,quantile,0.5,107.96730041503906
1501,2020-12-27,7 day ahead inc hosp,2021-01-03,06007,quantile,0.55,112.76241467569525
1502,2020-12-27,7 day ahead inc hosp,2021-01-03,06007,quantile,0.6,117.63477842276308
1503,2020-12-27,7 day ahead inc hosp,2021-01-03,06007,quantile,0.65,122.67075306483864
1504,2020-12-27,7 day ahead inc hosp,2021-01-03,06007,quantile,0.7,127.97791179008503
1505,2020-12-27,7 day ahead inc hosp,2021-01-03,06007,quantile,0.75,133.7051704982059
1506,2020-12-27,7 day ahead inc hosp,2021-01-03,06007,quantile,0.8,140.08274466402435
1507,2020-12-27,7 day ahead inc hosp,2021-01-03,06007,quantile,0.85,147.51658625799297
1508,2020-12-27,7 day ahead inc hosp,2021-01-03,06007,quantile,0.9,156.87005644547105
1509,2020-12-27,7 day ahead inc hosp,2021-01-03,06007,quantile,0.95,170.73330826615245
1510,2020-12-27,7 day ahead inc hosp,2021-01-03,06007,quantile,0.975,182.7576117386921
1511,2020-12-27,7 day ahead inc hosp,2021-01-03,06007,quantile,0.99,196.7384631093693
1512,2020-12-27,8 day ahead inc hosp,2021-01-04,06007,point,NA,96.1708755493164
1513,2020-12-27,8 day ahead inc hosp,2021-01-04,06007,quantile,0.01,64.85340988693655
1514,2020-12-27,8 day ahead inc hosp,2021-01-04,06007,quantile,0.025,69.78569667290182
1515,2020-12-27,8 day ahead inc hosp,2021-01-04,06007,quantile,0.05,74.0277354125763
1516,2020-12-27,8 day ahead inc hosp,2021-01-04,06007,quantile,0.1,78.91853440276286
1517,2020-12-27,8 day ahead inc hosp,2021-01-04,06007,quantile,0.15,82.21833326232141
1518,2020-12-27,8 day ahead inc hosp,2021-01-04,06007,quantile,0.2,84.84090879014597
1519,2020-12-27,8 day ahead inc hosp,2021-01-04,06007,quantile,0.25,87.09084507446657
1520,2020-12-27,8 day ahead inc hosp,2021-01-04,06007,quantile,0.3,89.11135739499065
1521,2020-12-27,8 day ahead inc hosp,2021-01-04,06007,quantile,0.35,90.9836631764865
1522,2020-12-27,8 day ahead inc hosp,2021-01-04,06007,quantile,0.4,92.7602982699445
1523,2020-12-27,8 day ahead inc hosp,2021-01-04,06007,quantile,0.45,94.47921328369556
1524,2020-12-27,8 day ahead inc hosp,2021-01-04,06007,quantile,0.5,96.1708755493164
1525,2020-12-27,8 day ahead inc hosp,2021-01-04,06007,quantile,0.55,100.22270091083844
1526,2020-12-27,8 day ahead inc hosp,2021-01-04,06007,quantile,0.6,104.33980134427595
1527,2020-12-27,8 day ahead inc hosp,2021-01-04,06007,quantile,0.65,108.59515140802007
1528,2020-12-27,8 day ahead inc hosp,2021-01-04,06007,quantile,0.7,113.0796494098745
1529,2020-12-27,8 day ahead inc hosp,2021-01-04,06007,quantile,0.75,117.91912785066279
1530,2020-12-27,8 day ahead inc hosp,2021-01-04,06007,quantile,0.8,123.30811658906978
1531,2020-12-27,8 day ahead inc hosp,2021-01-04,06007,quantile,0.85,129.58964112981297
1532,2020-12-27,8 day ahead inc hosp,2021-01-04,06007,quantile,0.9,137.49323334133155
1533,2020-12-27,8 day ahead inc hosp,2021-01-04,06007,quantile,0.95,149.20754759262883
1534,2020-12-27,8 day ahead inc hosp,2021-01-04,06007,quantile,0.975,159.3679682033374
1535,2020-12-27,8 day ahead inc hosp,2021-01-04,06007,quantile,0.99,171.1816529416085
1536,2020-12-27,9 day ahead inc hosp,2021-01-05,06007,point,NA,99.35445404052734
1537,2020-12-27,9 day ahead inc hosp,2021-01-05,06007,quantile,0.01,66.23601535629474
1538,2020-12-27,9 day ahead inc hosp,2021-01-05,06007,quantile,0.025,71.45194308349477
1539,2020-12-27,9 day ahead inc hosp,2021-01-05,06007,quantile,0.05,75.93792868049702
1540,2020-12-27,9 day ahead inc hosp,2021-01-05,06007,quantile,0.1,81.10998277387704
1541,2020-12-27,9 day ahead inc hosp,2021-01-05,06007,quantile,0.15,84.59954311629863
1542,2020-12-27,9 day ahead inc hosp,2021-01-05,06007,quantile,0.2,87.37293505514131
1543,2020-12-27,9 day ahead inc hosp,2021-01-05,06007,quantile,0.25,89.75225839116757
1544,2020-12-27,9 day ahead inc hosp,2021-01-05,06007,quantile,0.3,91.88896428299829
1545,2020-12-27,9 day ahead inc hosp,2021-01-05,06007,quantile,0.35,93.86894072461348
1546,2020-12-27,9 day ahead inc hosp,2021-01-05,06007,quantile,0.4,95.74774474538792
1547,2020-12-27,9 day ahead inc hosp,2021-01-05,06007,quantile,0.45,97.56550937870898
1548,2020-12-27,9 day ahead inc hosp,2021-01-05,06007,quantile,0.5,99.35445404052734
1549,2020-12-27,9 day ahead inc hosp,2021-01-05,06007,quantile,0.55,102.96577512870203
1550,2020-12-27,9 day ahead inc hosp,2021-01-05,06007,quantile,0.6,106.63527474697307
1551,2020-12-27,9 day ahead inc hosp,2021-01-05,06007,quantile,0.65,110.4279938430873
1552,2020-12-27,9 day ahead inc hosp,2021-01-05,06007,quantile,0.7,114.42494848920033
1553,2020-12-27,9 day ahead inc hosp,2021-01-05,06007,quantile,0.75,118.73829099279244
1554,2020-12-27,9 day ahead inc hosp,2021-01-05,06007,quantile,0.8,123.54140241505634
1555,2020-12-27,9 day ahead inc hosp,2021-01-05,06007,quantile,0.85,129.14001538966673
1556,2020-12-27,9 day ahead inc hosp,2021-01-05,06007,quantile,0.9,136.18434891322917
1557,2020-12-27,9 day ahead inc hosp,2021-01-05,06007,quantile,0.95,146.62511235060592
1558,2020-12-27,9 day ahead inc hosp,2021-01-05,06007,quantile,0.975,155.68091755993837
1559,2020-12-27,9 day ahead inc hosp,2021-01-05,06007,quantile,0.99,166.21024817460722
1560,2020-12-27,10 day ahead inc hosp,2021-01-06,06007,point,NA,98.47696685791016
1561,2020-12-27,10 day ahead inc hosp,2021-01-06,06007,quantile,0.01,65.7638224797894
1562,2020-12-27,10 day ahead inc hosp,2021-01-06,06007,quantile,0.025,70.9159191239761
1563,2020-12-27,10 day ahead inc hosp,2021-01-06,06007,quantile,0.05,75.34700646816215
1564,2020-12-27,10 day ahead inc hosp,2021-01-06,06007,quantile,0.1,80.4557663919427
1565,2020-12-27,10 day ahead inc hosp,2021-01-06,06007,quantile,0.15,83.90262245862527
1566,2020-12-27,10 day ahead inc hosp,2021-01-06,06007,quantile,0.2,86.64207439286368
1567,2020-12-27,10 day ahead inc hosp,2021-01-06,06007,quantile,0.25,88.99228022701479
1568,2020-12-27,10 day ahead inc hosp,2021-01-06,06007,quantile,0.3,91.10283770224737
1569,2020-12-27,10 day ahead inc hosp,2021-01-06,06007,quantile,0.35,93.05858373899133
1570,2020-12-27,10 day ahead inc hosp,2021-01-06,06007,quantile,0.4,94.91439547503943
1571,2020-12-27,10 day ahead inc hosp,2021-01-06,06007,quantile,0.45,96.7099148068002
1572,2020-12-27,10 day ahead inc hosp,2021-01-06,06007,quantile,0.5,98.47696685791016
1573,2020-12-27,10 day ahead inc hosp,2021-01-06,06007,quantile,0.55,102.48193549883946
1574,2020-12-27,10 day ahead inc hosp,2021-01-06,06007,quantile,0.6,106.55142434800341
1575,2020-12-27,10 day ahead inc hosp,2021-01-06,06007,quantile,0.65,110.75756406056738
1576,2020-12-27,10 day ahead inc hosp,2021-01-06,06007,quantile,0.7,115.1902017646244
1577,2020-12-27,10 day ahead inc hosp,2021-01-06,06007,quantile,0.75,119.97371479010431
1578,2020-12-27,10 day ahead inc hosp,2021-01-06,06007,quantile,0.8,125.30038338461
1579,2020-12-27,10 day ahead inc hosp,2021-01-06,06007,quantile,0.85,131.50926618637374
1580,2020-12-27,10 day ahead inc hosp,2021-01-06,06007,quantile,0.9,139.32145850305704
1581,2020-12-27,10 day ahead inc hosp,2021-01-06,06007,quantile,0.95,150.90030434176646
1582,2020-12-27,10 day ahead inc hosp,2021-01-06,06007,quantile,0.975,160.94322630749843
1583,2020-12-27,10 day ahead inc hosp,2021-01-06,06007,quantile,0.99,172.6202934782384
1584,2020-12-27,11 day ahead inc hosp,2021-01-07,06007,point,NA,99.4570083618164
1585,2020-12-27,11 day ahead inc hosp,2021-01-07,06007,quantile,0.01,61.613042443745236
1586,2020-12-27,11 day ahead inc hosp,2021-01-07,06007,quantile,0.025,67.57320841114804
1587,2020-12-27,11 day ahead inc hosp,2021-01-07,06007,quantile,0.05,72.69927995276142
1588,2020-12-27,11 day ahead inc hosp,2021-01-07,06007,quantile,0.1,78.60931214668483
1589,2020-12-27,11 day ahead inc hosp,2021-01-07,06007,quantile,0.15,82.59678280998418
1590,2020-12-27,11 day ahead inc hosp,2021-01-07,06007,quantile,0.2,85.76589808778212
1591,2020-12-27,11 day ahead inc hosp,2021-01-07,06007,quantile,0.25,88.48471681275777
1592,2020-12-27,11 day ahead inc hosp,2021-01-07,06007,quantile,0.3,90.92630005641112
1593,2020-12-27,11 day ahead inc hosp,2021-01-07,06007,quantile,0.35,93.18879080029822
1594,2020-12-27,11 day ahead inc hosp,2021-01-07,06007,quantile,0.4,95.33567326679487
1595,2020-12-27,11 day ahead inc hosp,2021-01-07,06007,quantile,0.45,97.41280689879873
1596,2020-12-27,11 day ahead inc hosp,2021-01-07,06007,quantile,0.5,99.4570083618164
1597,2020-12-27,11 day ahead inc hosp,2021-01-07,06007,quantile,0.55,104.37263372552803
1598,2020-12-27,11 day ahead inc hosp,2021-01-07,06007,quantile,0.6,109.36745001443917
1599,2020-12-27,11 day ahead inc hosp,2021-01-07,06007,quantile,0.65,114.52998907731597
1600,2020-12-27,11 day ahead inc hosp,2021-01-07,06007,quantile,0.7,119.970527638225
1601,2020-12-27,11 day ahead inc hosp,2021-01-07,06007,quantile,0.75,125.84172416031258
1602,2020-12-27,11 day ahead inc hosp,2021-01-07,06007,quantile,0.8,132.3795799077081
1603,2020-12-27,11 day ahead inc hosp,2021-01-07,06007,quantile,0.85,140.00024926046007
1604,2020-12-27,11 day ahead inc hosp,2021-01-07,06007,quantile,0.9,149.58879142921245
1605,2020-12-27,11 day ahead inc hosp,2021-01-07,06007,quantile,0.95,163.80045533728742
1606,2020-12-27,11 day ahead inc hosp,2021-01-07,06007,quantile,0.975,176.12695433556013
1607,2020-12-27,11 day ahead inc hosp,2021-01-07,06007,quantile,0.99,190.45917331266926
1608,2020-12-27,12 day ahead inc hosp,2021-01-08,06007,point,NA,98.58392333984375
1609,2020-12-27,12 day ahead inc hosp,2021-01-08,06007,quantile,0.01,65.63557861046704
1610,2020-12-27,12 day ahead inc hosp,2021-01-08,06007,quantile,0.025,70.82471770237476
1611,2020-12-27,12 day ahead inc hosp,2021-01-08,06007,quantile,0.05,75.28766359515377
1612,2020-12-27,12 day ahead inc hosp,2021-01-08,06007,quantile,0.1,80.43315438511664
1613,2020-12-27,12 day ahead inc hosp,2021-01-08,06007,quantile,0.15,83.90479259283224
1614,2020-12-27,12 day ahead inc hosp,2021-01-08,06007,quantile,0.2,86.66394058715385
1615,2020-12-27,12 day ahead inc hosp,2021-01-08,06007,quantile,0.25,89.03104388708589
1616,2020-12-27,12 day ahead inc hosp,2021-01-08,06007,quantile,0.3,91.15677580882789
1617,2020-12-27,12 day ahead inc hosp,2021-01-08,06007,quantile,0.35,93.12658323170743
1618,2020-12-27,12 day ahead inc hosp,2021-01-08,06007,quantile,0.4,94.99573784813222
1619,2020-12-27,12 day ahead inc hosp,2021-01-08,06007,quantile,0.45,96.80416657107338
1620,2020-12-27,12 day ahead inc hosp,2021-01-08,06007,quantile,0.5,98.58392333984375
1621,2020-12-27,12 day ahead inc hosp,2021-01-08,06007,quantile,0.55,103.3341076674121
1622,2020-12-27,12 day ahead inc hosp,2021-01-08,06007,quantile,0.6,108.1608176583366
1623,2020-12-27,12 day ahead inc hosp,2021-01-08,06007,quantile,0.65,113.14960551999337
1624,2020-12-27,12 day ahead inc hosp,2021-01-08,06007,quantile,0.7,118.40703648622299
1625,2020-12-27,12 day ahead inc hosp,2021-01-08,06007,quantile,0.75,124.08063112367843
1626,2020-12-27,12 day ahead inc hosp,2021-01-08,06007,quantile,0.8,130.3984478019884
1627,2020-12-27,12 day ahead inc hosp,2021-01-08,06007,quantile,0.85,137.76263474598483
1628,2020-12-27,12 day ahead inc hosp,2021-01-08,06007,quantile,0.9,147.02846347867825
1629,2020-12-27,12 day ahead inc hosp,2021-01-08,06007,quantile,0.95,160.7618174610967
1630,2020-12-27,12 day ahead inc hosp,2021-01-08,06007,quantile,0.975,172.6734539311247
1631,2020-12-27,12 day ahead inc hosp,2021-01-08,06007,quantile,0.99,186.5233055628072
1632,2020-12-27,13 day ahead inc hosp,2021-01-09,06007,point,NA,96.746337890625
1633,2020-12-27,13 day ahead inc hosp,2021-01-09,06007,quantile,0.01,35.629548580689104
1634,2020-12-27,13 day ahead inc hosp,2021-01-09,06007,quantile,0.025,45.25502516183317
1635,2020-12-27,13 day ahead inc hosp,2021-01-09,06007,quantile,0.05,53.53346603863464
1636,2020-12-27,13 day ahead inc hosp,2021-01-09,06007,quantile,0.1,63.07797818603819
1637,2020-12-27,13 day ahead inc hosp,2021-01-09,06007,quantile,0.15,69.51761521921827
1638,2020-12-27,13 day ahead inc hosp,2021-01-09,06007,quantile,0.2,74.63563459254159
1639,2020-12-27,13 day ahead inc hosp,2021-01-09,06007,quantile,0.25,79.02643949776687
1640,2020-12-27,13 day ahead inc hosp,2021-01-09,06007,quantile,0.3,82.96951800618969
1641,2020-12-27,13 day ahead inc hosp,2021-01-09,06007,quantile,0.35,86.62336788041229
1642,2020-12-27,13 day ahead inc hosp,2021-01-09,06007,quantile,0.4,90.09051410029129
1643,2020-12-27,13 day ahead inc hosp,2021-01-09,06007,quantile,0.45,93.44501819298054
1644,2020-12-27,13 day ahead inc hosp,2021-01-09,06007,quantile,0.5,96.746337890625
1645,2020-12-27,13 day ahead inc hosp,2021-01-09,06007,quantile,0.55,101.54070243224706
1646,2020-12-27,13 day ahead inc hosp,2021-01-09,06007,quantile,0.6,106.41230438227653
1647,2020-12-27,13 day ahead inc hosp,2021-01-09,06007,quantile,0.65,111.44749164665068
1648,2020-12-27,13 day ahead inc hosp,2021-01-09,06007,quantile,0.7,116.75382059439917
1649,2020-12-27,13 day ahead inc hosp,2021-01-09,06007,quantile,0.75,122.48018384213401
1650,2020-12-27,13 day ahead inc hosp,2021-01-09,06007,quantile,0.8,128.8567608703487
1651,2020-12-27,13 day ahead inc hosp,2021-01-09,06007,quantile,0.85,136.28944017865808
1652,2020-12-27,13 day ahead inc hosp,2021-01-09,06007,quantile,0.9,145.64144794537754
1653,2020-12-27,13 day ahead inc hosp,2021-01-09,06007,quantile,0.95,159.50253223819624
1654,2020-12-27,13 day ahead inc hosp,2021-01-09,06007,quantile,0.975,171.52495570356706
1655,2020-12-27,13 day ahead inc hosp,2021-01-09,06007,quantile,0.99,185.5036211596203
1656,2020-12-27,14 day ahead inc hosp,2021-01-10,06007,point,NA,99.9558334350586
1657,2020-12-27,14 day ahead inc hosp,2021-01-10,06007,quantile,0.01,37.87316391191696
1658,2020-12-27,14 day ahead inc hosp,2021-01-10,06007,quantile,0.025,47.65076002481939
1659,2020-12-27,14 day ahead inc hosp,2021-01-10,06007,quantile,0.05,56.06003209104325
1660,2020-12-27,14 day ahead inc hosp,2021-01-10,06007,quantile,0.1,65.75538422091263
1661,2020-12-27,14 day ahead inc hosp,2021-01-10,06007,quantile,0.15,72.29679227414799
1662,2020-12-27,14 day ahead inc hosp,2021-01-10,06007,quantile,0.2,77.49569602800426
1663,2020-12-27,14 day ahead inc hosp,2021-01-10,06007,quantile,0.25,81.955892529645
1664,2020-12-27,14 day ahead inc hosp,2021-01-10,06007,quantile,0.3,85.96128683628633
1665,2020-12-27,14 day ahead inc hosp,2021-01-10,06007,quantile,0.35,89.67288158446883
1666,2020-12-27,14 day ahead inc hosp,2021-01-10,06007,quantile,0.4,93.19482204285225
1667,2020-12-27,14 day ahead inc hosp,2021-01-10,06007,quantile,0.45,96.60234019542307
1668,2020-12-27,14 day ahead inc hosp,2021-01-10,06007,quantile,0.5,99.9558334350586
1669,2020-12-27,14 day ahead inc hosp,2021-01-10,06007,quantile,0.55,104.76589509911763
1670,2020-12-27,14 day ahead inc hosp,2021-01-10,06007,quantile,0.6,109.65344705286707
1671,2020-12-27,14 day ahead inc hosp,2021-01-10,06007,quantile,0.65,114.70511991200478
1672,2020-12-27,14 day ahead inc hosp,2021-01-10,06007,quantile,0.7,120.02882219347883
1673,2020-12-27,14 day ahead inc hosp,2021-01-10,06007,quantile,0.75,125.77393399990959
1674,2020-12-27,14 day ahead inc hosp,2021-01-10,06007,quantile,0.8,132.1713884373141
1675,2020-12-27,14 day ahead inc hosp,2021-01-10,06007,quantile,0.85,139.62840291582683
1676,2020-12-27,14 day ahead inc hosp,2021-01-10,06007,quantile,0.9,149.01102988341665
1677,2020-12-27,14 day ahead inc hosp,2021-01-10,06007,quantile,0.95,162.91749644438886
1678,2020-12-27,14 day ahead inc hosp,2021-01-10,06007,quantile,0.975,174.97928225934461
1679,2020-12-27,14 day ahead inc hosp,2021-01-10,06007,quantile,0.99,189.00371495342577
1680,2020-12-27,15 day ahead inc hosp,2021-01-11,06007,point,NA,96.10857391357422
1681,2020-12-27,15 day ahead inc hosp,2021-01-11,06007,quantile,0.01,65.6196939699265
1682,2020-12-27,15 day ahead inc hosp,2021-01-11,06007,quantile,0.025,70.42148416860083
1683,2020-12-27,15 day ahead inc hosp,2021-01-11,06007,quantile,0.05,74.55128864398665
1684,2020-12-27,15 day ahead inc hosp,2021-01-11,06007,quantile,0.1,79.31268871536713
1685,2020-12-27,15 day ahead inc hosp,2021-01-11,06007,quantile,0.15,82.52518273872997
1686,2020-12-27,15 day ahead inc hosp,2021-01-11,06007,quantile,0.2,85.07837115036581
1687,2020-12-27,15 day ahead inc hosp,2021-01-11,06007,quantile,0.25,87.26877946734247
1688,2020-12-27,15 day ahead inc hosp,2021-01-11,06007,quantile,0.3,89.2358338334025
1689,2020-12-27,15 day ahead inc hosp,2021-01-11,06007,quantile,0.35,91.0586028532596
1690,2020-12-27,15 day ahead inc hosp,2021-01-11,06007,quantile,0.4,92.78823240413291
1691,2020-12-27,15 day ahead inc hosp,2021-01-11,06007,quantile,0.45,94.46166901144255
1692,2020-12-27,15 day ahead inc hosp,2021-01-11,06007,quantile,0.5,96.10857391357422
1693,2020-12-27,15 day ahead inc hosp,2021-01-11,06007,quantile,0.55,100.25485476555592
1694,2020-12-27,15 day ahead inc hosp,2021-01-11,06007,quantile,0.6,104.46793237125881
1695,2020-12-27,15 day ahead inc hosp,2021-01-11,06007,quantile,0.65,108.8224824600498
1696,2020-12-27,15 day ahead inc hosp,2021-01-11,06007,quantile,0.7,113.41152234622459
1697,2020-12-27,15 day ahead inc hosp,2021-01-11,06007,quantile,0.75,118.36381791729558
1698,2020-12-27,15 day ahead inc hosp,2021-01-11,06007,quantile,0.8,123.87843388021273
1699,2020-12-27,15 day ahead inc hosp,2021-01-11,06007,quantile,0.85,130.30639229418372
1700,2020-12-27,15 day ahead inc hosp,2021-01-11,06007,quantile,0.9,138.39423175530533
1701,2020-12-27,15 day ahead inc hosp,2021-01-11,06007,quantile,0.95,150.3816281854429
1702,2020-12-27,15 day ahead inc hosp,2021-01-11,06007,quantile,0.975,160.77890686046362
1703,2020-12-27,15 day ahead inc hosp,2021-01-11,06007,quantile,0.99,172.86799028612285
1704,2020-12-27,16 day ahead inc hosp,2021-01-12,06007,point,NA,100.95040893554688
1705,2020-12-27,16 day ahead inc hosp,2021-01-12,06007,quantile,0.01,68.81349587811687
1706,2020-12-27,16 day ahead inc hosp,2021-01-12,06007,quantile,0.025,73.8748400278539
1707,2020-12-27,16 day ahead inc hosp,2021-01-12,06007,quantile,0.05,78.22787522019168
1708,2020-12-27,16 day ahead inc hosp,2021-01-12,06007,quantile,0.1,83.24664601165448
1709,2020-12-27,16 day ahead inc hosp,2021-01-12,06007,quantile,0.15,86.63278683798664
1710,2020-12-27,16 day ahead inc hosp,2021-01-12,06007,quantile,0.2,89.32398422390682
1711,2020-12-27,16 day ahead inc hosp,2021-01-12,06007,quantile,0.25,91.63279195226735
1712,2020-12-27,16 day ahead inc hosp,2021-01-12,06007,quantile,0.3,93.70617264903775
1713,2020-12-27,16 day ahead inc hosp,2021-01-12,06007,quantile,0.35,95.62746886008892
1714,2020-12-27,16 day ahead inc hosp,2021-01-12,06007,quantile,0.4,97.45059108041039
1715,2020-12-27,16 day ahead inc hosp,2021-01-12,06007,quantile,0.45,99.21448292739296
1716,2020-12-27,16 day ahead inc hosp,2021-01-12,06007,quantile,0.5,100.95040893554688
1717,2020-12-27,16 day ahead inc hosp,2021-01-12,06007,quantile,0.55,104.533605493382
1718,2020-12-27,16 day ahead inc hosp,2021-01-12,06007,quantile,0.6,108.17452749398203
1719,2020-12-27,16 day ahead inc hosp,2021-01-12,06007,quantile,0.65,111.9377093540866
1720,2020-12-27,16 day ahead inc hosp,2021-01-12,06007,quantile,0.7,115.90353620251403
1721,2020-12-27,16 day ahead inc hosp,2021-01-12,06007,quantile,0.75,120.18328691818553
1722,2020-12-27,16 day ahead inc hosp,2021-01-12,06007,quantile,0.8,124.94899229163198
1723,2020-12-27,16 day ahead inc hosp,2021-01-12,06007,quantile,0.85,130.50400394788286
1724,2020-12-27,16 day ahead inc hosp,2021-01-12,06007,quantile,0.9,137.49347705691332
1725,2020-12-27,16 day ahead inc hosp,2021-01-12,06007,quantile,0.95,147.85292909580372
1726,2020-12-27,16 day ahead inc hosp,2021-01-12,06007,quantile,0.975,156.83820879324162
1727,2020-12-27,16 day ahead inc hosp,2021-01-12,06007,quantile,0.99,167.28553825899652
1728,2020-12-27,17 day ahead inc hosp,2021-01-13,06007,point,NA,102.30476379394531
1729,2020-12-27,17 day ahead inc hosp,2021-01-13,06007,quantile,0.01,70.02442631042399
1730,2020-12-27,17 day ahead inc hosp,2021-01-13,06007,quantile,0.025,75.10835882695997
1731,2020-12-27,17 day ahead inc hosp,2021-01-13,06007,quantile,0.05,79.48082126089685
1732,2020-12-27,17 day ahead inc hosp,2021-01-13,06007,quantile,0.1,84.52199041772732
1733,2020-12-27,17 day ahead inc hosp,2021-01-13,06007,quantile,0.15,87.92324331483657
1734,2020-12-27,17 day ahead inc hosp,2021-01-13,06007,quantile,0.2,90.626451295548
1735,2020-12-27,17 day ahead inc hosp,2021-01-13,06007,quantile,0.25,92.94556304479576
1736,2020-12-27,17 day ahead inc hosp,2021-01-13,06007,quantile,0.3,95.02819707078206
1737,2020-12-27,17 day ahead inc hosp,2021-01-13,06007,quantile,0.35,96.9580678703735
1738,2020-12-27,17 day ahead inc hosp,2021-01-13,06007,quantile,0.4,98.78932653670881
1739,2020-12-27,17 day ahead inc hosp,2021-01-13,06007,quantile,0.45,100.56109048937212
1740,2020-12-27,17 day ahead inc hosp,2021-01-13,06007,quantile,0.5,102.30476379394531
1741,2020-12-27,17 day ahead inc hosp,2021-01-13,06007,quantile,0.55,106.28445434419274
1742,2020-12-27,17 day ahead inc hosp,2021-01-13,06007,quantile,0.6,110.32825787160243
1743,2020-12-27,17 day ahead inc hosp,2021-01-13,06007,quantile,0.65,114.50784976554223
1744,2020-12-27,17 day ahead inc hosp,2021-01-13,06007,quantile,0.7,118.91251006755473
1745,2020-12-27,17 day ahead inc hosp,2021-01-13,06007,quantile,0.75,123.66583107734685
1746,2020-12-27,17 day ahead inc hosp,2021-01-13,06007,quantile,0.8,128.95887943063815
1747,2020-12-27,17 day ahead inc hosp,2021-01-13,06007,quantile,0.85,135.12857373517068
1748,2020-12-27,17 day ahead inc hosp,2021-01-13,06007,quantile,0.9,142.89145797393616
1749,2020-12-27,17 day ahead inc hosp,2021-01-13,06007,quantile,0.95,154.39722181342313
1750,2020-12-27,17 day ahead inc hosp,2021-01-13,06007,quantile,0.975,164.37675604383895
1751,2020-12-27,17 day ahead inc hosp,2021-01-13,06007,quantile,0.99,175.98012127348915
1752,2020-12-27,18 day ahead inc hosp,2021-01-14,06007,point,NA,104.82539367675781
1753,2020-12-27,18 day ahead inc hosp,2021-01-14,06007,quantile,0.01,69.08867106644674
1754,2020-12-27,18 day ahead inc hosp,2021-01-14,06007,quantile,0.025,74.71696061595141
1755,2020-12-27,18 day ahead inc hosp,2021-01-14,06007,quantile,0.05,79.55760012925808
1756,2020-12-27,18 day ahead inc hosp,2021-01-14,06007,quantile,0.1,85.13854747472102
1757,2020-12-27,18 day ahead inc hosp,2021-01-14,06007,quantile,0.15,88.9039861530979
1758,2020-12-27,18 day ahead inc hosp,2021-01-14,06007,quantile,0.2,91.89663744783664
1759,2020-12-27,18 day ahead inc hosp,2021-01-14,06007,quantile,0.25,94.46406578799846
1760,2020-12-27,18 day ahead inc hosp,2021-01-14,06007,quantile,0.3,96.76969578717247
1761,2020-12-27,18 day ahead inc hosp,2021-01-14,06007,quantile,0.35,98.90620558896575
1762,2020-12-27,18 day ahead inc hosp,2021-01-14,06007,quantile,0.4,100.93354446111853
1763,2020-12-27,18 day ahead inc hosp,2021-01-14,06007,quantile,0.45,102.89501828212798
1764,2020-12-27,18 day ahead inc hosp,2021-01-14,06007,quantile,0.5,104.82539367675781
1765,2020-12-27,18 day ahead inc hosp,2021-01-14,06007,quantile,0.55,109.6735198800385
1766,2020-12-27,18 day ahead inc hosp,2021-01-14,06007,quantile,0.6,114.59974959428973
1767,2020-12-27,18 day ahead inc hosp,2021-01-14,06007,quantile,0.65,119.69139898868028
1768,2020-12-27,18 day ahead inc hosp,2021-01-14,06007,quantile,0.7,125.05723051681488
1769,2020-12-27,18 day ahead inc hosp,2021-01-14,06007,quantile,0.75,130.847806404366
1770,2020-12-27,18 day ahead inc hosp,2021-01-14,06007,quantile,0.8,137.29588725206602
1771,2020-12-27,18 day ahead inc hosp,2021-01-14,06007,quantile,0.85,144.81191299486557
1772,2020-12-27,18 day ahead inc hosp,2021-01-14,06007,quantile,0.9,154.26878960771015
1773,2020-12-27,18 day ahead inc hosp,2021-01-14,06007,quantile,0.95,168.28530532788545
1774,2020-12-27,18 day ahead inc hosp,2021-01-14,06007,quantile,0.975,180.44254237638094
1775,2020-12-27,18 day ahead inc hosp,2021-01-14,06007,quantile,0.99,194.57795775751038
1776,2020-12-27,19 day ahead inc hosp,2021-01-15,06007,point,NA,104.12043762207031
1777,2020-12-27,19 day ahead inc hosp,2021-01-15,06007,quantile,0.01,72.65093723153315
1778,2020-12-27,19 day ahead inc hosp,2021-01-15,06007,quantile,0.025,77.60716844802107
1779,2020-12-27,19 day ahead inc hosp,2021-01-15,06007,quantile,0.05,81.86980071890821
1780,2020-12-27,19 day ahead inc hosp,2021-01-15,06007,quantile,0.1,86.7843427316931
1781,2020-12-27,19 day ahead inc hosp,2021-01-15,06007,quantile,0.15,90.10016089587852
1782,2020-12-27,19 day ahead inc hosp,2021-01-15,06007,quantile,0.2,92.73546805919821
1783,2020-12-27,19 day ahead inc hosp,2021-01-15,06007,quantile,0.25,94.99632695312731
1784,2020-12-27,19 day ahead inc hosp,2021-01-15,06007,quantile,0.3,97.02664811465726
1785,2020-12-27,19 day ahead inc hosp,2021-01-15,06007,quantile,0.35,98.9080432491546
1786,2020-12-27,19 day ahead inc hosp,2021-01-15,06007,quantile,0.4,100.69330324976124
1787,2020-12-27,19 day ahead inc hosp,2021-01-15,06007,quantile,0.45,102.42056296099382
1788,2020-12-27,19 day ahead inc hosp,2021-01-15,06007,quantile,0.5,104.12043762207031
1789,2020-12-27,19 day ahead inc hosp,2021-01-15,06007,quantile,0.55,108.7586995396359
1790,2020-12-27,19 day ahead inc hosp,2021-01-15,06007,quantile,0.6,113.47168404596532
1791,2020-12-27,19 day ahead inc hosp,2021-01-15,06007,quantile,0.65,118.34292759313547
1792,2020-12-27,19 day ahead inc hosp,2021-01-15,06007,quantile,0.7,123.47648455709773
1793,2020-12-27,19 day ahead inc hosp,2021-01-15,06007,quantile,0.75,129.01639966942034
1794,2020-12-27,19 day ahead inc hosp,2021-01-15,06007,quantile,0.8,135.18535785723168
1795,2020-12-27,19 day ahead inc hosp,2021-01-15,06007,quantile,0.85,142.3760320502177
1796,2020-12-27,19 day ahead inc hosp,2021-01-15,06007,quantile,0.9,151.42354212179788
1797,2020-12-27,19 day ahead inc hosp,2021-01-15,06007,quantile,0.95,164.83331496101465
1798,2020-12-27,19 day ahead inc hosp,2021-01-15,06007,quantile,0.975,176.4642930462585
1799,2020-12-27,19 day ahead inc hosp,2021-01-15,06007,quantile,0.99,189.9878186522745
1800,2020-12-27,20 day ahead inc hosp,2021-01-16,06007,point,NA,104.44557189941406
1801,2020-12-27,20 day ahead inc hosp,2021-01-16,06007,quantile,0.01,46.609620496150974
1802,2020-12-27,20 day ahead inc hosp,2021-01-16,06007,quantile,0.025,55.71838753162401
1803,2020-12-27,20 day ahead inc hosp,2021-01-16,06007,quantile,0.05,63.552429693384596
1804,2020-12-27,20 day ahead inc hosp,2021-01-16,06007,quantile,0.1,72.58457858336799
1805,2020-12-27,20 day ahead inc hosp,2021-01-16,06007,quantile,0.15,78.6785265592167
1806,2020-12-27,20 day ahead inc hosp,2021-01-16,06007,quantile,0.2,83.52180322833918
1807,2020-12-27,20 day ahead inc hosp,2021-01-16,06007,quantile,0.25,87.67690335691438
1808,2020-12-27,20 day ahead inc hosp,2021-01-16,06007,quantile,0.3,91.40831169114307
1809,2020-12-27,20 day ahead inc hosp,2021-01-16,06007,quantile,0.35,94.86601760381282
1810,2020-12-27,20 day ahead inc hosp,2021-01-16,06007,quantile,0.4,98.14704238513801
1811,2020-12-27,20 day ahead inc hosp,2021-01-16,06007,quantile,0.45,101.32147183206057
1812,2020-12-27,20 day ahead inc hosp,2021-01-16,06007,quantile,0.5,104.44557189941406
1813,2020-12-27,20 day ahead inc hosp,2021-01-16,06007,quantile,0.55,109.16505609538304
1814,2020-12-27,20 day ahead inc hosp,2021-01-16,06007,quantile,0.6,113.96057137433532
1815,2020-12-27,20 day ahead inc hosp,2021-01-16,06007,quantile,0.65,118.91711702530876
1816,2020-12-27,20 day ahead inc hosp,2021-01-16,06007,quantile,0.7,124.14056955798556
1817,2020-12-27,20 day ahead inc hosp,2021-01-16,06007,quantile,0.75,129.77749612321472
1818,2020-12-27,20 day ahead inc hosp,2021-01-16,06007,quantile,0.8,136.0544811642513
1819,2020-12-27,20 day ahead inc hosp,2021-01-16,06007,quantile,0.85,143.3710738481701
1820,2020-12-27,20 day ahead inc hosp,2021-01-16,06007,quantile,0.9,152.57701813389164
1821,2020-12-27,20 day ahead inc hosp,2021-01-16,06007,quantile,0.95,166.22161434492972
1822,2020-12-27,20 day ahead inc hosp,2021-01-16,06007,quantile,0.975,178.05626668508478
1823,2020-12-27,20 day ahead inc hosp,2021-01-16,06007,quantile,0.99,191.81660762867529
1824,2020-12-27,21 day ahead inc hosp,2021-01-17,06007,point,NA,118.68934631347656
1825,2020-12-27,21 day ahead inc hosp,2021-01-17,06007,quantile,0.01,59.42786078738623
1826,2020-12-27,21 day ahead inc hosp,2021-01-17,06007,quantile,0.025,68.76113970363414
1827,2020-12-27,21 day ahead inc hosp,2021-01-17,06007,quantile,0.05,76.78827446870284
1828,2020-12-27,21 day ahead inc hosp,2021-01-17,06007,quantile,0.1,86.04304676389921
1829,2020-12-27,21 day ahead inc hosp,2021-01-17,06007,quantile,0.15,92.28719769433815
1830,2020-12-27,21 day ahead inc hosp,2021-01-17,06007,quantile,0.2,97.24985091023837
1831,2020-12-27,21 day ahead inc hosp,2021-01-17,06007,quantile,0.25,101.5073654864596
1832,2020-12-27,21 day ahead inc hosp,2021-01-17,06007,quantile,0.3,105.33074515992598
1833,2020-12-27,21 day ahead inc hosp,2021-01-17,06007,quantile,0.35,108.87367622486902
1834,2020-12-27,21 day ahead inc hosp,2021-01-17,06007,quantile,0.4,112.23557134151571
1835,2020-12-27,21 day ahead inc hosp,2021-01-17,06007,quantile,0.45,115.48824377376661
1836,2020-12-27,21 day ahead inc hosp,2021-01-17,06007,quantile,0.5,118.68934631347656
1837,2020-12-27,21 day ahead inc hosp,2021-01-17,06007,quantile,0.55,123.32189186308695
1838,2020-12-27,21 day ahead inc hosp,2021-01-17,06007,quantile,0.6,128.02906791054016
1839,2020-12-27,21 day ahead inc hosp,2021-01-17,06007,quantile,0.65,132.8943079544563
1840,2020-12-27,21 day ahead inc hosp,2021-01-17,06007,quantile,0.7,138.0215381302711
1841,2020-12-27,21 day ahead inc hosp,2021-01-17,06007,quantile,0.75,143.55462564342284
1842,2020-12-27,21 day ahead inc hosp,2021-01-17,06007,quantile,0.8,149.71598097578345
1843,2020-12-27,21 day ahead inc hosp,2021-01-17,06007,quantile,0.85,156.89779311219235
1844,2020-12-27,21 day ahead inc hosp,2021-01-17,06007,quantile,0.9,165.934152693014
1845,2020-12-27,21 day ahead inc hosp,2021-01-17,06007,quantile,0.95,179.32739882522134
1846,2020-12-27,21 day ahead inc hosp,2021-01-17,06007,quantile,0.975,190.9440424568281
1847,2020-12-27,21 day ahead inc hosp,2021-01-17,06007,quantile,0.99,204.45090116265837
1848,2020-12-27,22 day ahead inc hosp,2021-01-18,06007,point,NA,99.5057144165039
1849,2020-12-27,22 day ahead inc hosp,2021-01-18,06007,quantile,0.01,65.28761525249007
1850,2020-12-27,22 day ahead inc hosp,2021-01-18,06007,quantile,0.025,70.67673198904178
1851,2020-12-27,22 day ahead inc hosp,2021-01-18,06007,quantile,0.05,75.31166968855484
1852,2020-12-27,22 day ahead inc hosp,2021-01-18,06007,quantile,0.1,80.65545601665788
1853,2020-12-27,22 day ahead inc hosp,2021-01-18,06007,quantile,0.15,84.26088328254649
1854,2020-12-27,22 day ahead inc hosp,2021-01-18,06007,quantile,0.2,87.12636257910452
1855,2020-12-27,22 day ahead inc hosp,2021-01-18,06007,quantile,0.25,89.58468866843677
1856,2020-12-27,22 day ahead inc hosp,2021-01-18,06007,quantile,0.3,91.79234147441898
1857,2020-12-27,22 day ahead inc hosp,2021-01-18,06007,quantile,0.35,93.83806080519936
1858,2020-12-27,22 day ahead inc hosp,2021-01-18,06007,quantile,0.4,95.77924839878044
1859,2020-12-27,22 day ahead inc hosp,2021-01-18,06007,quantile,0.45,97.65736986075112
1860,2020-12-27,22 day ahead inc hosp,2021-01-18,06007,quantile,0.5,99.5057144165039
1861,2020-12-27,22 day ahead inc hosp,2021-01-18,06007,quantile,0.55,104.30467458240994
1862,2020-12-27,22 day ahead inc hosp,2021-01-18,06007,quantile,0.6,109.18094619241815
1863,2020-12-27,22 day ahead inc hosp,2021-01-18,06007,quantile,0.65,114.22095992100161
1864,2020-12-27,22 day ahead inc hosp,2021-01-18,06007,quantile,0.7,119.53237523503688
1865,2020-12-27,22 day ahead inc hosp,2021-01-18,06007,quantile,0.75,125.26422747172359
1866,2020-12-27,22 day ahead inc hosp,2021-01-18,06007,quantile,0.8,131.64691674943143
1867,2020-12-27,22 day ahead inc hosp,2021-01-18,06007,quantile,0.85,139.08672063102424
1868,2020-12-27,22 day ahead inc hosp,2021-01-18,06007,quantile,0.9,148.4476927377774
1869,2020-12-27,22 day ahead inc hosp,2021-01-18,06007,quantile,0.95,162.32206353291053
1870,2020-12-27,22 day ahead inc hosp,2021-01-18,06007,quantile,0.975,174.35601105757016
1871,2020-12-27,22 day ahead inc hosp,2021-01-18,06007,quantile,0.99,188.3480757230222
1872,2020-12-27,23 day ahead inc hosp,2021-01-19,06007,point,NA,103.22827911376953
1873,2020-12-27,23 day ahead inc hosp,2021-01-19,06007,quantile,0.01,70.4881057972128
1874,2020-12-27,23 day ahead inc hosp,2021-01-19,06007,quantile,0.025,75.64445931445951
1875,2020-12-27,23 day ahead inc hosp,2021-01-19,06007,quantile,0.05,80.07920780431981
1876,2020-12-27,23 day ahead inc hosp,2021-01-19,06007,quantile,0.1,85.19218879458873
1877,2020-12-27,23 day ahead inc hosp,2021-01-19,06007,quantile,0.15,88.64189279479146
1878,2020-12-27,23 day ahead inc hosp,2021-01-19,06007,quantile,0.2,91.38360817631036
1879,2020-12-27,23 day ahead inc hosp,2021-01-19,06007,quantile,0.25,93.73575584668696
1880,2020-12-27,23 day ahead inc hosp,2021-01-19,06007,quantile,0.3,95.848057150865
1881,2020-12-27,23 day ahead inc hosp,2021-01-19,06007,quantile,0.35,97.80541910500939
1882,2020-12-27,23 day ahead inc hosp,2021-01-19,06007,quantile,0.4,99.66276418864959
1883,2020-12-27,23 day ahead inc hosp,2021-01-19,06007,quantile,0.45,101.45976705195102
1884,2020-12-27,23 day ahead inc hosp,2021-01-19,06007,quantile,0.5,103.22827911376953
1885,2020-12-27,23 day ahead inc hosp,2021-01-19,06007,quantile,0.55,107.15395082572036
1886,2020-12-27,23 day ahead inc hosp,2021-01-19,06007,quantile,0.6,111.14286526914415
1887,2020-12-27,23 day ahead inc hosp,2021-01-19,06007,quantile,0.65,115.26572493835093
1888,2020-12-27,23 day ahead inc hosp,2021-01-19,06007,quantile,0.7,119.61059802082922
1889,2020-12-27,23 day ahead inc hosp,2021-01-19,06007,quantile,0.75,124.2993992204105
1890,2020-12-27,23 day ahead inc hosp,2021-01-19,06007,quantile,0.8,129.5206017054157
1891,2020-12-27,23 day ahead inc hosp,2021-01-19,06007,quantile,0.85,135.60655087580574
1892,2020-12-27,23 day ahead inc hosp,2021-01-19,06007,quantile,0.9,143.26406461324342
1893,2020-12-27,23 day ahead inc hosp,2021-01-19,06007,quantile,0.95,154.6136534967943
1894,2020-12-27,23 day ahead inc hosp,2021-01-19,06007,quantile,0.975,164.4577292439281
1895,2020-12-27,23 day ahead inc hosp,2021-01-19,06007,quantile,0.99,175.90359471269915
1896,2020-12-27,24 day ahead inc hosp,2021-01-20,06007,point,NA,108.1456069946289
1897,2020-12-27,24 day ahead inc hosp,2021-01-20,06007,quantile,0.01,75.33890739161225
1898,2020-12-27,24 day ahead inc hosp,2021-01-20,06007,quantile,0.025,80.50573834426716
1899,2020-12-27,24 day ahead inc hosp,2021-01-20,06007,quantile,0.05,84.94949800659626
1900,2020-12-27,24 day ahead inc hosp,2021-01-20,06007,quantile,0.1,90.0728683016112
1901,2020-12-27,24 day ahead inc hosp,2021-01-20,06007,quantile,0.15,93.52958191640272
1902,2020-12-27,24 day ahead inc hosp,2021-01-20,06007,quantile,0.2,96.27686831738748
1903,2020-12-27,24 day ahead inc hosp,2021-01-20,06007,quantile,0.25,98.6337954264128
1904,2020-12-27,24 day ahead inc hosp,2021-01-20,06007,quantile,0.3,100.75038881421219
1905,2020-12-27,24 day ahead inc hosp,2021-01-20,06007,quantile,0.35,102.71172802348006
1906,2020-12-27,24 day ahead inc hosp,2021-01-20,06007,quantile,0.4,104.57284713329582
1907,2020-12-27,24 day ahead inc hosp,2021-01-20,06007,quantile,0.45,106.37350141059856
1908,2020-12-27,24 day ahead inc hosp,2021-01-20,06007,quantile,0.5,108.1456069946289
1909,2020-12-27,24 day ahead inc hosp,2021-01-20,06007,quantile,0.55,112.31723208897196
1910,2020-12-27,24 day ahead inc hosp,2021-01-20,06007,quantile,0.6,116.55606223381486
1911,2020-12-27,24 day ahead inc hosp,2021-01-20,06007,quantile,0.65,120.93722961573306
1912,2020-12-27,24 day ahead inc hosp,2021-01-20,06007,quantile,0.7,125.55432011961398
1913,2020-12-27,24 day ahead inc hosp,2021-01-20,06007,quantile,0.75,130.5368867175833
1914,2020-12-27,24 day ahead inc hosp,2021-01-20,06007,quantile,0.8,136.08521090444458
1915,2020-12-27,24 day ahead inc hosp,2021-01-20,06007,quantile,0.85,142.55246037026376
1916,2020-12-27,24 day ahead inc hosp,2021-01-20,06007,quantile,0.9,150.68973694642892
1917,2020-12-27,24 day ahead inc hosp,2021-01-20,06007,quantile,0.95,162.75040662824745
1918,2020-12-27,24 day ahead inc hosp,2021-01-20,06007,quantile,0.975,173.21123892156982
1919,2020-12-27,24 day ahead inc hosp,2021-01-20,06007,quantile,0.99,185.3742171631386
1920,2020-12-27,25 day ahead inc hosp,2021-01-21,06007,point,NA,115.04976654052734
1921,2020-12-27,25 day ahead inc hosp,2021-01-21,06007,quantile,0.01,77.24428851739069
1922,2020-12-27,25 day ahead inc hosp,2021-01-21,06007,quantile,0.025,83.19839290440729
1923,2020-12-27,25 day ahead inc hosp,2021-01-21,06007,quantile,0.05,88.31925115248404
1924,2020-12-27,25 day ahead inc hosp,2021-01-21,06007,quantile,0.1,94.22327275283934
1925,2020-12-27,25 day ahead inc hosp,2021-01-21,06007,quantile,0.15,98.20668809719363
1926,2020-12-27,25 day ahead inc hosp,2021-01-21,06007,quantile,0.2,101.37258033605026
1927,2020-12-27,25 day ahead inc hosp,2021-01-21,06007,quantile,0.25,104.0886339805991
1928,2020-12-27,25 day ahead inc hosp,2021-01-21,06007,quantile,0.3,106.52773409657078
1929,2020-12-27,25 day ahead inc hosp,2021-01-21,06007,quantile,0.35,108.78792385260081
1930,2020-12-27,25 day ahead inc hosp,2021-01-21,06007,quantile,0.4,110.93262290663519
1931,2020-12-27,25 day ahead inc hosp,2021-01-21,06007,quantile,0.45,113.00764406181338
1932,2020-12-27,25 day ahead inc hosp,2021-01-21,06007,quantile,0.5,115.04976654052734
1933,2020-12-27,25 day ahead inc hosp,2021-01-21,06007,quantile,0.55,120.10942136743007
1934,2020-12-27,25 day ahead inc hosp,2021-01-21,06007,quantile,0.6,125.2505874400617
1935,2020-12-27,25 day ahead inc hosp,2021-01-21,06007,quantile,0.65,130.56439061989468
1936,2020-12-27,25 day ahead inc hosp,2021-01-21,06007,quantile,0.7,136.16433877580312
1937,2020-12-27,25 day ahead inc hosp,2021-01-21,06007,quantile,0.75,142.2075633148361
1938,2020-12-27,25 day ahead inc hosp,2021-01-21,06007,quantile,0.8,148.9369804169007
1939,2020-12-27,25 day ahead inc hosp,2021-01-21,06007,quantile,0.85,156.78093792422536
1940,2020-12-27,25 day ahead inc hosp,2021-01-21,06007,quantile,0.9,166.65042757761432
1941,2020-12-27,25 day ahead inc hosp,2021-01-21,06007,quantile,0.95,181.27849797973238
1942,2020-12-27,25 day ahead inc hosp,2021-01-21,06007,quantile,0.975,193.96616751123028
1943,2020-12-27,25 day ahead inc hosp,2021-01-21,06007,quantile,0.99,208.7183252861268
1944,2020-12-27,26 day ahead inc hosp,2021-01-22,06007,point,NA,107.38825225830078
1945,2020-12-27,26 day ahead inc hosp,2021-01-22,06007,quantile,0.01,75.78225384287046
1946,2020-12-27,26 day ahead inc hosp,2021-01-22,06007,quantile,0.025,80.75998256531078
1947,2020-12-27,26 day ahead inc hosp,2021-01-22,06007,quantile,0.05,85.04110387728853
1948,2020-12-27,26 day ahead inc hosp,2021-01-22,06007,quantile,0.1,89.97696257034082
1949,2020-12-27,26 day ahead inc hosp,2021-01-22,06007,quantile,0.15,93.30716299750146
1950,2020-12-27,26 day ahead inc hosp,2021-01-22,06007,quantile,0.2,95.95390072750688
1951,2020-12-27,26 day ahead inc hosp,2021-01-22,06007,quantile,0.25,98.22456602985535
1952,2020-12-27,26 day ahead inc hosp,2021-01-22,06007,quantile,0.3,100.2636936492257
1953,2020-12-27,26 day ahead inc hosp,2021-01-22,06007,quantile,0.35,102.15324927933675
1954,2020-12-27,26 day ahead inc hosp,2021-01-22,06007,quantile,0.4,103.94625279226419
1955,2020-12-27,26 day ahead inc hosp,2021-01-22,06007,quantile,0.45,105.68100444128208
1956,2020-12-27,26 day ahead inc hosp,2021-01-22,06007,quantile,0.5,107.38825225830078
1957,2020-12-27,26 day ahead inc hosp,2021-01-22,06007,quantile,0.55,112.05648376283146
1958,2020-12-27,26 day ahead inc hosp,2021-01-22,06007,quantile,0.6,116.79992066739496
1959,2020-12-27,26 day ahead inc hosp,2021-01-22,06007,quantile,0.65,121.70263918508418
1960,2020-12-27,26 day ahead inc hosp,2021-01-22,06007,quantile,0.7,126.86936602703221
1961,2020-12-27,26 day ahead inc hosp,2021-01-22,06007,quantile,0.75,132.44507665299525
1962,2020-12-27,26 day ahead inc hosp,2021-01-22,06007,quantile,0.8,138.65389484271665
1963,2020-12-27,26 day ahead inc hosp,2021-01-22,06007,quantile,0.85,145.89103073609704
1964,2020-12-27,26 day ahead inc hosp,2021-01-22,06007,quantile,0.9,154.9970002359559
1965,2020-12-27,26 day ahead inc hosp,2021-01-22,06007,quantile,0.95,168.4934187541856
1966,2020-12-27,26 day ahead inc hosp,2021-01-22,06007,quantile,0.975,180.1995490441583
1967,2020-12-27,26 day ahead inc hosp,2021-01-22,06007,quantile,0.99,193.81045532938722
1968,2020-12-27,27 day ahead inc hosp,2021-01-23,06007,point,NA,109.3250961303711
1969,2020-12-27,27 day ahead inc hosp,2021-01-23,06007,quantile,0.01,49.07721741686678
1970,2020-12-27,27 day ahead inc hosp,2021-01-23,06007,quantile,0.025,58.56584651810403
1971,2020-12-27,27 day ahead inc hosp,2021-01-23,06007,quantile,0.05,66.726591012602
1972,2020-12-27,27 day ahead inc hosp,2021-01-23,06007,quantile,0.1,76.13540676894365
1973,2020-12-27,27 day ahead inc hosp,2021-01-23,06007,quantile,0.15,82.48349009129433
1974,2020-12-27,27 day ahead inc hosp,2021-01-23,06007,quantile,0.2,87.52874547756213
1975,2020-12-27,27 day ahead inc hosp,2021-01-23,06007,quantile,0.25,91.85712536092204
1976,2020-12-27,27 day ahead inc hosp,2021-01-23,06007,quantile,0.3,95.74414427038334
1977,2020-12-27,27 day ahead inc hosp,2021-01-23,06007,quantile,0.35,99.34604657161775
1978,2020-12-27,27 day ahead inc hosp,2021-01-23,06007,quantile,0.4,102.76389962469518
1979,2020-12-27,27 day ahead inc hosp,2021-01-23,06007,quantile,0.45,106.07071200803875
1980,2020-12-27,27 day ahead inc hosp,2021-01-23,06007,quantile,0.5,109.3250961303711
1981,2020-12-27,27 day ahead inc hosp,2021-01-23,06007,quantile,0.55,114.17416859028435
1982,2020-12-27,27 day ahead inc hosp,2021-01-23,06007,quantile,0.6,119.10135980540115
1983,2020-12-27,27 day ahead inc hosp,2021-01-23,06007,quantile,0.65,124.19400298724858
1984,2020-12-27,27 day ahead inc hosp,2021-01-23,06007,quantile,0.7,129.56088181767277
1985,2020-12-27,27 day ahead inc hosp,2021-01-23,06007,quantile,0.75,135.35258790906147
1986,2020-12-27,27 day ahead inc hosp,2021-01-23,06007,quantile,0.8,141.80192729233042
1987,2020-12-27,27 day ahead inc hosp,2021-01-23,06007,quantile,0.85,149.3194200120426
1988,2020-12-27,27 day ahead inc hosp,2021-01-23,06007,quantile,0.9,158.77814241681654
1989,2020-12-27,27 day ahead inc hosp,2021-01-23,06007,quantile,0.95,172.79739387868045
1990,2020-12-27,27 day ahead inc hosp,2021-01-23,06007,quantile,0.975,184.95700377509877
1991,2020-12-27,27 day ahead inc hosp,2021-01-23,06007,quantile,0.99,199.09517810473693
1992,2020-12-27,28 day ahead inc hosp,2021-01-24,06007,point,NA,108.49617767333984
1993,2020-12-27,28 day ahead inc hosp,2021-01-24,06007,quantile,0.01,49.10165732295543
1994,2020-12-27,28 day ahead inc hosp,2021-01-24,06007,quantile,0.025,58.45588831473247
1995,2020-12-27,28 day ahead inc hosp,2021-01-24,06007,quantile,0.05,66.50104302063752
1996,2020-12-27,28 day ahead inc hosp,2021-01-24,06007,quantile,0.1,75.77659115355115
1997,2020-12-27,28 day ahead inc hosp,2021-01-24,06007,quantile,0.15,82.03475944306442
1998,2020-12-27,28 day ahead inc hosp,2021-01-24,06007,quantile,0.2,87.00855321159759
1999,2020-12-27,28 day ahead inc hosp,2021-01-24,06007,quantile,0.25,91.27562539000427
2000,2020-12-27,28 day ahead inc hosp,2021-01-24,06007,quantile,0.3,95.10758808562329
2001,2020-12-27,28 day ahead inc hosp,2021-01-24,06007,quantile,0.35,98.65847259971675
2002,2020-12-27,28 day ahead inc hosp,2021-01-24,06007,quantile,0.4,102.02791476183772
2003,2020-12-27,28 day ahead inc hosp,2021-01-24,06007,quantile,0.45,105.28788904792621
2004,2020-12-27,28 day ahead inc hosp,2021-01-24,06007,quantile,0.5,108.49617767333984
2005,2020-12-27,28 day ahead inc hosp,2021-01-24,06007,quantile,0.55,113.07836453790495
2006,2020-12-27,28 day ahead inc hosp,2021-01-24,06007,quantile,0.6,117.7343706198418
2007,2020-12-27,28 day ahead inc hosp,2021-01-24,06007,quantile,0.65,122.54672244314199
2008,2020-12-27,28 day ahead inc hosp,2021-01-24,06007,quantile,0.7,127.6182164007559
2009,2020-12-27,28 day ahead inc hosp,2021-01-24,06007,quantile,0.75,133.0911557710737
2010,2020-12-27,28 day ahead inc hosp,2021-01-24,06007,quantile,0.8,139.1855332940827
2011,2020-12-27,28 day ahead inc hosp,2021-01-24,06007,quantile,0.85,146.28927461358137
2012,2020-12-27,28 day ahead inc hosp,2021-01-24,06007,quantile,0.9,155.22740327984138
2013,2020-12-27,28 day ahead inc hosp,2021-01-24,06007,quantile,0.95,168.4750563992045
2014,2020-12-27,28 day ahead inc hosp,2021-01-24,06007,quantile,0.975,179.96541980503417
2015,2020-12-27,28 day ahead inc hosp,2021-01-24,06007,quantile,0.99,193.32545045785685
2016,2020-12-27,1 day ahead inc hosp,2020-12-28,06009,point,NA,4.200753688812256
2017,2020-12-27,1 day ahead inc hosp,2020-12-28,06009,quantile,0.01,2.388880237527475
2018,2020-12-27,1 day ahead inc hosp,2020-12-28,06009,quantile,0.025,2.6742379218929893
2019,2020-12-27,1 day ahead inc hosp,2020-12-28,06009,quantile,0.05,2.91966127302228
2020,2020-12-27,1 day ahead inc hosp,2020-12-28,06009,quantile,0.1,3.2026186790084967
2021,2020-12-27,1 day ahead inc hosp,2020-12-28,06009,quantile,0.15,3.393528697484098
2022,2020-12-27,1 day ahead inc hosp,2020-12-28,06009,quantile,0.2,3.5452579281977625
2023,2020-12-27,1 day ahead inc hosp,2020-12-28,06009,quantile,0.25,3.6754280979232083
2024,2020-12-27,1 day ahead inc hosp,2020-12-28,06009,quantile,0.3,3.7923249334148825
2025,2020-12-27,1 day ahead inc hosp,2020-12-28,06009,quantile,0.35,3.900647272608965
2026,2020-12-27,1 day ahead inc hosp,2020-12-28,06009,quantile,0.4,4.003434579639505
2027,2020-12-27,1 day ahead inc hosp,2020-12-28,06009,quantile,0.45,4.102882488739365
2028,2020-12-27,1 day ahead inc hosp,2020-12-28,06009,quantile,0.5,4.200753688812256
2029,2020-12-27,1 day ahead inc hosp,2020-12-28,06009,quantile,0.55,4.463696877751323
2030,2020-12-27,1 day ahead inc hosp,2020-12-28,06009,quantile,0.6,4.730876092194025
2031,2020-12-27,1 day ahead inc hosp,2020-12-28,06009,quantile,0.65,5.007027015784826
2032,2020-12-27,1 day ahead inc hosp,2020-12-28,06009,quantile,0.7,5.2980484938071495
2033,2020-12-27,1 day ahead inc hosp,2020-12-28,06009,quantile,0.75,5.612106425846137
2034,2020-12-27,1 day ahead inc hosp,2020-12-28,06009,quantile,0.8,5.961824826221905
2035,2020-12-27,1 day ahead inc hosp,2020-12-28,06009,quantile,0.85,6.369464333547953
2036,2020-12-27,1 day ahead inc hosp,2020-12-28,06009,quantile,0.9,6.882367915204298
2037,2020-12-27,1 day ahead inc hosp,2020-12-28,06009,quantile,0.95,7.642568286800129
2038,2020-12-27,1 day ahead inc hosp,2020-12-28,06009,quantile,0.975,8.301928737453501
2039,2020-12-27,1 day ahead inc hosp,2020-12-28,06009,quantile,0.99,9.06857775636258
2040,2020-12-27,2 day ahead inc hosp,2020-12-29,06009,point,NA,3.800379991531372
2041,2020-12-27,2 day ahead inc hosp,2020-12-29,06009,quantile,0.01,1.7941807194437063
2042,2020-12-27,2 day ahead inc hosp,2020-12-29,06009,quantile,0.025,2.1101433923625983
2043,2020-12-27,2 day ahead inc hosp,2020-12-29,06009,quantile,0.05,2.3818887220597498
2044,2020-12-27,2 day ahead inc hosp,2020-12-29,06009,quantile,0.1,2.6951936835728363
2045,2020-12-27,2 day ahead inc hosp,2020-12-29,06009,quantile,0.15,2.9065790536870737
2046,2020-12-27,2 day ahead inc hosp,2020-12-29,06009,quantile,0.2,3.0745814448012707
2047,2020-12-27,2 day ahead inc hosp,2020-12-29,06009,quantile,0.25,3.2187125371606955
2048,2020-12-27,2 day ahead inc hosp,2020-12-29,06009,quantile,0.3,3.348146712658137
2049,2020-12-27,2 day ahead inc hosp,2020-12-29,06009,quantile,0.35,3.468086765804732
2050,2020-12-27,2 day ahead inc hosp,2020-12-29,06009,quantile,0.4,3.5818981472774816
2051,2020-12-27,2 day ahead inc hosp,2020-12-29,06009,quantile,0.45,3.692011975980754
2052,2020-12-27,2 day ahead inc hosp,2020-12-29,06009,quantile,0.5,3.800379991531372
2053,2020-12-27,2 day ahead inc hosp,2020-12-29,06009,quantile,0.55,4.023059232726026
2054,2020-12-27,2 day ahead inc hosp,2020-12-29,06009,quantile,0.6,4.249325845583115
2055,2020-12-27,2 day ahead inc hosp,2020-12-29,06009,quantile,0.65,4.483190348286215
2056,2020-12-27,2 day ahead inc hosp,2020-12-29,06009,quantile,0.7,4.729648308117131
2057,2020-12-27,2 day ahead inc hosp,2020-12-29,06009,quantile,0.75,4.995615197313908
2058,2020-12-27,2 day ahead inc hosp,2020-12-29,06009,quantile,0.8,5.2917819409428155
2059,2020-12-27,2 day ahead inc hosp,2020-12-29,06009,quantile,0.85,5.637000451977766
2060,2020-12-27,2 day ahead inc hosp,2020-12-29,06009,quantile,0.9,6.0713641669311205
2061,2020-12-27,2 day ahead inc hosp,2020-12-29,06009,quantile,0.95,6.715156624860432
2062,2020-12-27,2 day ahead inc hosp,2020-12-29,06009,quantile,0.975,7.2735505707834145
2063,2020-12-27,2 day ahead inc hosp,2020-12-29,06009,quantile,0.99,7.9228042079744485
2064,2020-12-27,3 day ahead inc hosp,2020-12-30,06009,point,NA,3.343029737472534
2065,2020-12-27,3 day ahead inc hosp,2020-12-30,06009,quantile,0.01,1.3907428867223655
2066,2020-12-27,3 day ahead inc hosp,2020-12-30,06009,quantile,0.025,1.6982147217736914
2067,2020-12-27,3 day ahead inc hosp,2020-12-30,06009,quantile,0.05,1.9626574624833173
2068,2020-12-27,3 day ahead inc hosp,2020-12-30,06009,quantile,0.1,2.2675430065799844
2069,2020-12-27,3 day ahead inc hosp,2020-12-30,06009,quantile,0.15,2.473247835734638
2070,2020-12-27,3 day ahead inc hosp,2020-12-30,06009,quantile,0.2,2.6367355129709704
2071,2020-12-27,3 day ahead inc hosp,2020-12-30,06009,quantile,0.25,2.7769933828209346
2072,2020-12-27,3 day ahead inc hosp,2020-12-30,06009,quantile,0.3,2.902949284797905
2073,2020-12-27,3 day ahead inc hosp,2020-12-30,06009,quantile,0.35,3.0196661991614064
2074,2020-12-27,3 day ahead inc hosp,2020-12-30,06009,quantile,0.4,3.130419137120428
2075,2020-12-27,3 day ahead inc hosp,2020-12-30,06009,quantile,0.45,3.237573886329091
2076,2020-12-27,3 day ahead inc hosp,2020-12-30,06009,quantile,0.5,3.343029737472534
2077,2020-12-27,3 day ahead inc hosp,2020-12-30,06009,quantile,0.55,3.5860883697074555
2078,2020-12-27,3 day ahead inc hosp,2020-12-30,06009,quantile,0.6,3.8330626864260857
2079,2020-12-27,3 day ahead inc hosp,2020-12-30,06009,quantile,0.65,4.088330244597917
2080,2020-12-27,3 day ahead inc hosp,2020-12-30,06009,quantile,0.7,4.357343801041408
2081,2020-12-27,3 day ahead inc hosp,2020-12-30,06009,quantile,0.75,4.647651725395415
2082,2020-12-27,3 day ahead inc hosp,2020-12-30,06009,quantile,0.8,4.970923365956589
2083,2020-12-27,3 day ahead inc hosp,2020-12-30,06009,quantile,0.85,5.347735944732098
2084,2020-12-27,3 day ahead inc hosp,2020-12-30,06009,quantile,0.9,5.821852211172727
2085,2020-12-27,3 day ahead inc hosp,2020-12-30,06009,quantile,0.95,6.524563938713918
2086,2020-12-27,3 day ahead inc hosp,2020-12-30,06009,quantile,0.975,7.134061564160108
2087,2020-12-27,3 day ahead inc hosp,2020-12-30,06009,quantile,0.99,7.842734272862463
2088,2020-12-27,4 day ahead inc hosp,2020-12-31,06009,point,NA,3.742872953414917
2089,2020-12-27,4 day ahead inc hosp,2020-12-31,06009,quantile,0.01,1.528679200120194
2090,2020-12-27,4 day ahead inc hosp,2020-12-31,06009,quantile,0.025,1.8773995821803977
2091,2020-12-27,4 day ahead inc hosp,2020-12-31,06009,quantile,0.05,2.177318348912039
2092,2020-12-27,4 day ahead inc hosp,2020-12-31,06009,quantile,0.1,2.523105478989417
2093,2020-12-27,4 day ahead inc hosp,2020-12-31,06009,quantile,0.15,2.756406414024541
2094,2020-12-27,4 day ahead inc hosp,2020-12-31,06009,quantile,0.2,2.9418266014003125
2095,2020-12-27,4 day ahead inc hosp,2020-12-31,06009,quantile,0.25,3.1009006120421825
2096,2020-12-27,4 day ahead inc hosp,2020-12-31,06009,quantile,0.3,3.243753989987563
2097,2020-12-27,4 day ahead inc hosp,2020-12-31,06009,quantile,0.35,3.37612893406312
2098,2020-12-27,4 day ahead inc hosp,2020-12-31,06009,quantile,0.4,3.501739811016819
2099,2020-12-27,4 day ahead inc hosp,2020-12-31,06009,quantile,0.45,3.6232697881523594
2100,2020-12-27,4 day ahead inc hosp,2020-12-31,06009,quantile,0.5,3.742872953414917
2101,2020-12-27,4 day ahead inc hosp,2020-12-31,06009,quantile,0.55,4.042328154387805
2102,2020-12-27,4 day ahead inc hosp,2020-12-31,06009,quantile,0.6,4.346607590868126
2103,2020-12-27,4 day ahead inc hosp,2020-12-31,06009,quantile,0.65,4.661104538503057
2104,2020-12-27,4 day ahead inc hosp,2020-12-31,06009,quantile,0.7,4.992536949968931
2105,2020-12-27,4 day ahead inc hosp,2020-12-31,06009,quantile,0.75,5.350204632997064
2106,2020-12-27,4 day ahead inc hosp,2020-12-31,06009,quantile,0.8,5.748484559132406
2107,2020-12-27,4 day ahead inc hosp,2020-12-31,06009,quantile,0.85,6.212728455630892
2108,2020-12-27,4 day ahead inc hosp,2020-12-31,06009,quantile,0.9,6.796853284056121
2109,2020-12-27,4 day ahead inc hosp,2020-12-31,06009,quantile,0.95,7.662614272102278
2110,2020-12-27,4 day ahead inc hosp,2020-12-31,06009,quantile,0.975,8.413532814851585
2111,2020-12-27,4 day ahead inc hosp,2020-12-31,06009,quantile,0.99,9.286637902529996
2112,2020-12-27,5 day ahead inc hosp,2021-01-01,06009,point,NA,3.581289529800415
2113,2020-12-27,5 day ahead inc hosp,2021-01-01,06009,quantile,0.01,1.6157404344434751
2114,2020-12-27,5 day ahead inc hosp,2021-01-01,06009,quantile,0.025,1.9253009823725098
2115,2020-12-27,5 day ahead inc hosp,2021-01-01,06009,quantile,0.05,2.191540131386801
2116,2020-12-27,5 day ahead inc hosp,2021-01-01,06009,quantile,0.1,2.498496819209773
2117,2020-12-27,5 day ahead inc hosp,2021-01-01,06009,quantile,0.15,2.705599039203787
2118,2020-12-27,5 day ahead inc hosp,2021-01-01,06009,quantile,0.2,2.8701973183810527
2119,2020-12-27,5 day ahead inc hosp,2021-01-01,06009,quantile,0.25,3.011407985806465
2120,2020-12-27,5 day ahead inc hosp,2021-01-01,06009,quantile,0.3,3.1382195294536355
2121,2020-12-27,5 day ahead inc hosp,2021-01-01,06009,quantile,0.35,3.255729323340677
2122,2020-12-27,5 day ahead inc hosp,2021-01-01,06009,quantile,0.4,3.3672346264316806
2123,2020-12-27,5 day ahead inc hosp,2021-01-01,06009,quantile,0.45,3.4751172976125866
2124,2020-12-27,5 day ahead inc hosp,2021-01-01,06009,quantile,0.5,3.581289529800415
2125,2020-12-27,5 day ahead inc hosp,2021-01-01,06009,quantile,0.55,3.8707661933315145
2126,2020-12-27,5 day ahead inc hosp,2021-01-01,06009,quantile,0.6,4.164906337724668
2127,2020-12-27,5 day ahead inc hosp,2021-01-01,06009,quantile,0.65,4.468923522252772
2128,2020-12-27,5 day ahead inc hosp,2021-01-01,06009,quantile,0.7,4.7893118419263185
2129,2020-12-27,5 day ahead inc hosp,2021-01-01,06009,quantile,0.75,5.1350612134500295
2130,2020-12-27,5 day ahead inc hosp,2021-01-01,06009,quantile,0.8,5.520069534542804
2131,2020-12-27,5 day ahead inc hosp,2021-01-01,06009,quantile,0.85,5.9688437544810515
2132,2020-12-27,5 day ahead inc hosp,2021-01-01,06009,quantile,0.9,6.5335041974082735
2133,2020-12-27,5 day ahead inc hosp,2021-01-01,06009,quantile,0.95,7.370416034039488
2134,2020-12-27,5 day ahead inc hosp,2021-01-01,06009,quantile,0.975,8.096312240325066
2135,2020-12-27,5 day ahead inc hosp,2021-01-01,06009,quantile,0.99,8.940323454263062
2136,2020-12-27,6 day ahead inc hosp,2021-01-02,06009,point,NA,3.9329545497894287
2137,2020-12-27,6 day ahead inc hosp,2021-01-02,06009,quantile,0.01,0.10950177423712182
2138,2020-12-27,6 day ahead inc hosp,2021-01-02,06009,quantile,0.025,0.7116694529670307
2139,2020-12-27,6 day ahead inc hosp,2021-01-02,06009,quantile,0.05,1.2295668769815231
2140,2020-12-27,6 day ahead inc hosp,2021-01-02,06009,quantile,0.1,1.8266694387050992
2141,2020-12-27,6 day ahead inc hosp,2021-01-02,06009,quantile,0.15,2.229531702349224
2142,2020-12-27,6 day ahead inc hosp,2021-01-02,06009,quantile,0.2,2.549713858499927
2143,2020-12-27,6 day ahead inc hosp,2021-01-02,06009,quantile,0.25,2.8244016389174598
2144,2020-12-27,6 day ahead inc hosp,2021-01-02,06009,quantile,0.3,3.071079755315156
2145,2020-12-27,6 day ahead inc hosp,2021-01-02,06009,quantile,0.35,3.299663792545932
2146,2020-12-27,6 day ahead inc hosp,2021-01-02,06009,quantile,0.4,3.5165676905962
2147,2020-12-27,6 day ahead inc hosp,2021-01-02,06009,quantile,0.45,3.726424722168197
2148,2020-12-27,6 day ahead inc hosp,2021-01-02,06009,quantile,0.5,3.9329545497894287
2149,2020-12-27,6 day ahead inc hosp,2021-01-02,06009,quantile,0.55,4.227054430764292
2150,2020-12-27,6 day ahead inc hosp,2021-01-02,06009,quantile,0.6,4.525892272822886
2151,2020-12-27,6 day ahead inc hosp,2021-01-02,06009,quantile,0.65,4.834764900734816
2152,2020-12-27,6 day ahead inc hosp,2021-01-02,06009,quantile,0.7,5.160270126380071
2153,2020-12-27,6 day ahead inc hosp,2021-01-02,06009,quantile,0.75,5.511541443977432
2154,2020-12-27,6 day ahead inc hosp,2021-01-02,06009,quantile,0.8,5.90269871388134
2155,2020-12-27,6 day ahead inc hosp,2021-01-02,06009,quantile,0.85,6.358640284640276
2156,2020-12-27,6 day ahead inc hosp,2021-01-02,06009,quantile,0.9,6.932318891511009
2157,2020-12-27,6 day ahead inc hosp,2021-01-02,06009,quantile,0.95,7.782597005598956
2158,2020-12-27,6 day ahead inc hosp,2021-01-02,06009,quantile,0.975,8.52008646421211
2159,2020-12-27,6 day ahead inc hosp,2021-01-02,06009,quantile,0.99,9.377577339409886
2160,2020-12-27,7 day ahead inc hosp,2021-01-03,06009,point,NA,3.7652597427368164
2161,2020-12-27,7 day ahead inc hosp,2021-01-03,06009,quantile,0.01,0.024554110966700016
2162,2020-12-27,7 day ahead inc hosp,2021-01-03,06009,quantile,0.025,0.6136896801302352
2163,2020-12-27,7 day ahead inc hosp,2021-01-03,06009,quantile,0.05,1.1203787709639519
2164,2020-12-27,7 day ahead inc hosp,2021-01-03,06009,quantile,0.1,1.7045588423553393
2165,2020-12-27,7 day ahead inc hosp,2021-01-03,06009,quantile,0.15,2.0987023631219968
2166,2020-12-27,7 day ahead inc hosp,2021-01-03,06009,quantile,0.2,2.411955138823463
2167,2020-12-27,7 day ahead inc hosp,2021-01-03,06009,quantile,0.25,2.6806981278192845
2168,2020-12-27,7 day ahead inc hosp,2021-01-03,06009,quantile,0.3,2.9220376377887813
2169,2020-12-27,7 day ahead inc hosp,2021-01-03,06009,quantile,0.35,3.145674660552426
2170,2020-12-27,7 day ahead inc hosp,2021-01-03,06009,quantile,0.4,3.357884325642987
2171,2020-12-27,7 day ahead inc hosp,2021-01-03,06009,quantile,0.45,3.563199632500551
2172,2020-12-27,7 day ahead inc hosp,2021-01-03,06009,quantile,0.5,3.7652597427368164
2173,2020-12-27,7 day ahead inc hosp,2021-01-03,06009,quantile,0.55,4.056996468810202
2174,2020-12-27,7 day ahead inc hosp,2021-01-03,06009,quantile,0.6,4.353433085445423
2175,2020-12-27,7 day ahead inc hosp,2021-01-03,06009,quantile,0.65,4.659823856301978
2176,2020-12-27,7 day ahead inc hosp,2021-01-03,06009,quantile,0.7,4.98271357844247
2177,2020-12-27,7 day ahead inc hosp,2021-01-03,06009,quantile,0.75,5.331162356523062
2178,2020-12-27,7 day ahead inc hosp,2021-01-03,06009,quantile,0.8,5.719176594826419
2179,2020-12-27,7 day ahead inc hosp,2021-01-03,06009,quantile,0.85,6.171454578391254
2180,2020-12-27,7 day ahead inc hosp,2021-01-03,06009,quantile,0.9,6.740523556019005
2181,2020-12-27,7 day ahead inc hosp,2021-01-03,06009,quantile,0.95,7.583969505176228
2182,2020-12-27,7 day ahead inc hosp,2021-01-03,06009,quantile,0.975,8.31553307961992
2183,2020-12-27,7 day ahead inc hosp,2021-01-03,06009,quantile,0.99,9.166133833822137
2184,2020-12-27,8 day ahead inc hosp,2021-01-04,06009,point,NA,3.0316545963287354
2185,2020-12-27,8 day ahead inc hosp,2021-01-04,06009,quantile,0.01,1.1268116247977524
2186,2020-12-27,8 day ahead inc hosp,2021-01-04,06009,quantile,0.025,1.4268113731524583
2187,2020-12-27,8 day ahead inc hosp,2021-01-04,06009,quantile,0.05,1.6848277070839015
2188,2020-12-27,8 day ahead inc hosp,2021-01-04,06009,quantile,0.1,1.9823040157374066
2189,2020-12-27,8 day ahead inc hosp,2021-01-04,06009,quantile,0.15,2.1830098689139827
2190,2020-12-27,8 day ahead inc hosp,2021-01-04,06009,quantile,0.2,2.3425245185137022
2191,2020-12-27,8 day ahead inc hosp,2021-01-04,06009,quantile,0.25,2.4793738844165416
2192,2020-12-27,8 day ahead inc hosp,2021-01-04,06009,quantile,0.3,2.6022688445047506
2193,2020-12-27,8 day ahead inc hosp,2021-01-04,06009,quantile,0.35,2.7161493400367824
2194,2020-12-27,8 day ahead inc hosp,2021-01-04,06009,quantile,0.4,2.824210793898742
2195,2020-12-27,8 day ahead inc hosp,2021-01-04,06009,quantile,0.45,2.928761501095205
2196,2020-12-27,8 day ahead inc hosp,2021-01-04,06009,quantile,0.5,3.0316545963287354
2197,2020-12-27,8 day ahead inc hosp,2021-01-04,06009,quantile,0.55,3.27810528475707
2198,2020-12-27,8 day ahead inc hosp,2021-01-04,06009,quantile,0.6,3.5285263038328076
2199,2020-12-27,8 day ahead inc hosp,2021-01-04,06009,quantile,0.65,3.787356302448381
2200,2020-12-27,8 day ahead inc hosp,2021-01-04,06009,quantile,0.7,4.060124134524281
2201,2020-12-27,8 day ahead inc hosp,2021-01-04,06009,quantile,0.75,4.354483512569717
2202,2020-12-27,8 day ahead inc hosp,2021-01-04,06009,quantile,0.8,4.682266638941691
2203,2020-12-27,8 day ahead inc hosp,2021-01-04,06009,quantile,0.85,5.064337905424932
2204,2020-12-27,8 day ahead inc hosp,2021-01-04,06009,quantile,0.9,5.545070801783989
2205,2020-12-27,8 day ahead inc hosp,2021-01-04,06009,quantile,0.95,6.257589371590655
2206,2020-12-27,8 day ahead inc hosp,2021-01-04,06009,quantile,0.975,6.87559297016874
2207,2020-12-27,8 day ahead inc hosp,2021-01-04,06009,quantile,0.99,7.594155710871003
2208,2020-12-27,9 day ahead inc hosp,2021-01-05,06009,point,NA,3.219909429550171
2209,2020-12-27,9 day ahead inc hosp,2021-01-05,06009,quantile,0.01,1.2055640928887312
2210,2020-12-27,9 day ahead inc hosp,2021-01-05,06009,quantile,0.025,1.5228097152993856
2211,2020-12-27,9 day ahead inc hosp,2021-01-05,06009,quantile,0.05,1.7956584523370411
2212,2020-12-27,9 day ahead inc hosp,2021-01-05,06009,quantile,0.1,2.110235571847231
2213,2020-12-27,9 day ahead inc hosp,2021-01-05,06009,quantile,0.15,2.32247926092253
2214,2020-12-27,9 day ahead inc hosp,2021-01-05,06009,quantile,0.2,2.491163816737714
2215,2020-12-27,9 day ahead inc hosp,2021-01-05,06009,quantile,0.25,2.63588014566949
2216,2020-12-27,9 day ahead inc hosp,2021-01-05,06009,quantile,0.3,2.7658398816963983
2217,2020-12-27,9 day ahead inc hosp,2021-01-05,06009,quantile,0.35,2.8862669449977214
2218,2020-12-27,9 day ahead inc hosp,2021-01-05,06009,quantile,0.4,3.0005404514824807
2219,2020-12-27,9 day ahead inc hosp,2021-01-05,06009,quantile,0.45,3.1111013914830017
2220,2020-12-27,9 day ahead inc hosp,2021-01-05,06009,quantile,0.5,3.219909429550171
2221,2020-12-27,9 day ahead inc hosp,2021-01-05,06009,quantile,0.55,3.439562186468546
2222,2020-12-27,9 day ahead inc hosp,2021-01-05,06009,quantile,0.6,3.6627535582641655
2223,2020-12-27,9 day ahead inc hosp,2021-01-05,06009,quantile,0.65,3.8934395552546834
2224,2020-12-27,9 day ahead inc hosp,2021-01-05,06009,quantile,0.7,4.136547848829372
2225,2020-12-27,9 day ahead inc hosp,2021-01-05,06009,quantile,0.75,4.398899921468277
2226,2020-12-27,9 day ahead inc hosp,2021-01-05,06009,quantile,0.8,4.6910413954405215
2227,2020-12-27,9 day ahead inc hosp,2021-01-05,06009,quantile,0.85,5.031567963077775
2228,2020-12-27,9 day ahead inc hosp,2021-01-05,06009,quantile,0.9,5.460028141866557
2229,2020-12-27,9 day ahead inc hosp,2021-01-05,06009,quantile,0.95,6.095070669893751
2230,2020-12-27,9 day ahead inc hosp,2021-01-05,06009,quantile,0.975,6.6458753565385065
2231,2020-12-27,9 day ahead inc hosp,2021-01-05,06009,quantile,0.99,7.286304839696441
2232,2020-12-27,10 day ahead inc hosp,2021-01-06,06009,point,NA,3.161618709564209
2233,2020-12-27,10 day ahead inc hosp,2021-01-06,06009,quantile,0.01,1.1719288486283652
2234,2020-12-27,10 day ahead inc hosp,2021-01-06,06009,quantile,0.025,1.4852914021331876
2235,2020-12-27,10 day ahead inc hosp,2021-01-06,06009,quantile,0.05,1.7548004856911965
2236,2020-12-27,10 day ahead inc hosp,2021-01-06,06009,quantile,0.1,2.0655271986237507
2237,2020-12-27,10 day ahead inc hosp,2021-01-06,06009,quantile,0.15,2.275173036660965
2238,2020-12-27,10 day ahead inc hosp,2021-01-06,06009,quantile,0.2,2.4417929028246332
2239,2020-12-27,10 day ahead inc hosp,2021-01-06,06009,quantile,0.25,2.584737911878861
2240,2020-12-27,10 day ahead inc hosp,2021-01-06,06009,quantile,0.3,2.7131069479107888
2241,2020-12-27,10 day ahead inc hosp,2021-01-06,06009,quantile,0.35,2.8320599906050736
2242,2020-12-27,10 day ahead inc hosp,2021-01-06,06009,quantile,0.4,2.9449347956785425
2243,2020-12-27,10 day ahead inc hosp,2021-01-06,06009,quantile,0.45,3.0541424758766014
2244,2020-12-27,10 day ahead inc hosp,2021-01-06,06009,quantile,0.5,3.161618709564209
2245,2020-12-27,10 day ahead inc hosp,2021-01-06,06009,quantile,0.55,3.405212307554937
2246,2020-12-27,10 day ahead inc hosp,2021-01-06,06009,quantile,0.6,3.6527302083495305
2247,2020-12-27,10 day ahead inc hosp,2021-01-06,06009,quantile,0.65,3.908559603807019
2248,2020-12-27,10 day ahead inc hosp,2021-01-06,06009,quantile,0.7,4.178165252122425
2249,2020-12-27,10 day ahead inc hosp,2021-01-06,06009,quantile,0.75,4.469112136700724
2250,2020-12-27,10 day ahead inc hosp,2021-01-06,06009,quantile,0.8,4.793095289772
2251,2020-12-27,10 day ahead inc hosp,2021-01-06,06009,quantile,0.85,5.170737223276238
2252,2020-12-27,10 day ahead inc hosp,2021-01-06,06009,quantile,0.9,5.6458970073425725
2253,2020-12-27,10 day ahead inc hosp,2021-01-06,06009,quantile,0.95,6.350155385200116
2254,2020-12-27,10 day ahead inc hosp,2021-01-06,06009,quantile,0.975,6.960994499137627
2255,2020-12-27,10 day ahead inc hosp,2021-01-06,06009,quantile,0.99,7.671226978121518
2256,2020-12-27,11 day ahead inc hosp,2021-01-07,06009,point,NA,3.2161099910736084
2257,2020-12-27,11 day ahead inc hosp,2021-01-07,06009,quantile,0.01,0.9140689986557815
2258,2020-12-27,11 day ahead inc hosp,2021-01-07,06009,quantile,0.025,1.2766247204392411
2259,2020-12-27,11 day ahead inc hosp,2021-01-07,06009,quantile,0.05,1.5884426425990719
2260,2020-12-27,11 day ahead inc hosp,2021-01-07,06009,quantile,0.1,1.9479487368169637
2261,2020-12-27,11 day ahead inc hosp,2021-01-07,06009,quantile,0.15,2.190505791826764
2262,2020-12-27,11 day ahead inc hosp,2021-01-07,06009,quantile,0.2,2.3832824499334335
2263,2020-12-27,11 day ahead inc hosp,2021-01-07,06009,quantile,0.25,2.5486676574298395
2264,2020-12-27,11 day ahead inc hosp,2021-01-07,06009,quantile,0.3,2.6971886852063323
2265,2020-12-27,11 day ahead inc hosp,2021-01-07,06009,quantile,0.35,2.834815551499089
2266,2020-12-27,11 day ahead inc hosp,2021-01-07,06009,quantile,0.4,2.9654099890503174
2267,2020-12-27,11 day ahead inc hosp,2021-01-07,06009,quantile,0.45,3.0917616187382433
2268,2020-12-27,11 day ahead inc hosp,2021-01-07,06009,quantile,0.5,3.2161099910736084
2269,2020-12-27,11 day ahead inc hosp,2021-01-07,06009,quantile,0.55,3.51509146453021
2270,2020-12-27,11 day ahead inc hosp,2021-01-07,06009,quantile,0.6,3.8188895417246242
2271,2020-12-27,11 day ahead inc hosp,2021-01-07,06009,quantile,0.65,4.132888966333077
2272,2020-12-27,11 day ahead inc hosp,2021-01-07,06009,quantile,0.7,4.463797063468825
2273,2020-12-27,11 day ahead inc hosp,2021-01-07,06009,quantile,0.75,4.820898928896908
2274,2020-12-27,11 day ahead inc hosp,2021-01-07,06009,quantile,0.8,5.21854879030276
2275,2020-12-27,11 day ahead inc hosp,2021-01-07,06009,quantile,0.85,5.682058269408178
2276,2020-12-27,11 day ahead inc hosp,2021-01-07,06009,quantile,0.9,6.2652590330541935
2277,2020-12-27,11 day ahead inc hosp,2021-01-07,06009,quantile,0.95,7.129650417896823
2278,2020-12-27,11 day ahead inc hosp,2021-01-07,06009,quantile,0.975,7.879381034121446
2279,2020-12-27,11 day ahead inc hosp,2021-01-07,06009,quantile,0.99,8.75110490049096
2280,2020-12-27,12 day ahead inc hosp,2021-01-08,06009,point,NA,3.1581122875213623
2281,2020-12-27,12 day ahead inc hosp,2021-01-08,06009,quantile,0.01,1.1541253539009562
2282,2020-12-27,12 day ahead inc hosp,2021-01-08,06009,quantile,0.025,1.4697395986326571
2283,2020-12-27,12 day ahead inc hosp,2021-01-08,06009,quantile,0.05,1.741185260866785
2284,2020-12-27,12 day ahead inc hosp,2021-01-08,06009,quantile,0.1,2.0541447249868745
2285,2020-12-27,12 day ahead inc hosp,2021-01-08,06009,quantile,0.15,2.2652969896503095
2286,2020-12-27,12 day ahead inc hosp,2021-01-08,06009,quantile,0.2,2.4331141159418017
2287,2020-12-27,12 day ahead inc hosp,2021-01-08,06009,quantile,0.25,2.577086267579639
2288,2020-12-27,12 day ahead inc hosp,2021-01-08,06009,quantile,0.3,2.706377709396824
2289,2020-12-27,12 day ahead inc hosp,2021-01-08,06009,quantile,0.35,2.826185498517092
2290,2020-12-27,12 day ahead inc hosp,2021-01-08,06009,quantile,0.4,2.9398713743629843
2291,2020-12-27,12 day ahead inc hosp,2021-01-08,06009,quantile,0.45,3.0498637749198076
2292,2020-12-27,12 day ahead inc hosp,2021-01-08,06009,quantile,0.5,3.1581122875213623
2293,2020-12-27,12 day ahead inc hosp,2021-01-08,06009,quantile,0.55,3.4470324740168237
2294,2020-12-27,12 day ahead inc hosp,2021-01-08,06009,quantile,0.6,3.7406071765065865
2295,2020-12-27,12 day ahead inc hosp,2021-01-08,06009,quantile,0.65,4.044039931949577
2296,2020-12-27,12 day ahead inc hosp,2021-01-08,06009,quantile,0.7,4.3638123513974865
2297,2020-12-27,12 day ahead inc hosp,2021-01-08,06009,quantile,0.75,4.708897069739859
2298,2020-12-27,12 day ahead inc hosp,2021-01-08,06009,quantile,0.8,5.093165267996463
2299,2020-12-27,12 day ahead inc hosp,2021-01-08,06009,quantile,0.85,5.541076784376726
2300,2020-12-27,12 day ahead inc hosp,2021-01-08,06009,quantile,0.9,6.10465174923608
2301,2020-12-27,12 day ahead inc hosp,2021-01-08,06009,quantile,0.95,6.939954743854752
2302,2020-12-27,12 day ahead inc hosp,2021-01-08,06009,quantile,0.975,7.66445551962746
2303,2020-12-27,12 day ahead inc hosp,2021-01-08,06009,quantile,0.99,8.506844244026409
2304,2020-12-27,13 day ahead inc hosp,2021-01-09,06009,point,NA,3.041043281555176
2305,2020-12-27,13 day ahead inc hosp,2021-01-09,06009,quantile,0.01,-0.677006506769906
2306,2020-12-27,13 day ahead inc hosp,2021-01-09,06009,quantile,0.025,-0.09143907809556318
2307,2020-12-27,13 day ahead inc hosp,2021-01-09,06009,quantile,0.05,0.4121812150707451
2308,2020-12-27,13 day ahead inc hosp,2021-01-09,06009,quantile,0.1,0.9928231592893484
2309,2020-12-27,13 day ahead inc hosp,2021-01-09,06009,quantile,0.15,1.384579522449825
2310,2020-12-27,13 day ahead inc hosp,2021-01-09,06009,quantile,0.2,1.6959350609603343
2311,2020-12-27,13 day ahead inc hosp,2021-01-09,06009,quantile,0.25,1.963050389379518
2312,2020-12-27,13 day ahead inc hosp,2021-01-09,06009,quantile,0.3,2.2029282098462293
2313,2020-12-27,13 day ahead inc hosp,2021-01-09,06009,quantile,0.35,2.4252107594502608
2314,2020-12-27,13 day ahead inc hosp,2021-01-09,06009,quantile,0.4,2.6361351619665676
2315,2020-12-27,13 day ahead inc hosp,2021-01-09,06009,quantile,0.45,2.8402069624093187
2316,2020-12-27,13 day ahead inc hosp,2021-01-09,06009,quantile,0.5,3.041043281555176
2317,2020-12-27,13 day ahead inc hosp,2021-01-09,06009,quantile,0.55,3.3326506103895754
2318,2020-12-27,13 day ahead inc hosp,2021-01-09,06009,quantile,0.6,3.62895574519101
2319,2020-12-27,13 day ahead inc hosp,2021-01-09,06009,quantile,0.65,3.935210619136905
2320,2020-12-27,13 day ahead inc hosp,2021-01-09,06009,quantile,0.7,4.257957126403136
2321,2020-12-27,13 day ahead inc hosp,2021-01-09,06009,quantile,0.75,4.606251353116752
2322,2020-12-27,13 day ahead inc hosp,2021-01-09,06009,quantile,0.8,4.994093491143948
2323,2020-12-27,13 day ahead inc hosp,2021-01-09,06009,quantile,0.85,5.446170870818024
2324,2020-12-27,13 day ahead inc hosp,2021-01-09,06009,quantile,0.9,6.0149874429448005
2325,2020-12-27,13 day ahead inc hosp,2021-01-09,06009,quantile,0.95,6.858059289127318
2326,2020-12-27,13 day ahead inc hosp,2021-01-09,06009,quantile,0.975,7.589298385031919
2327,2020-12-27,13 day ahead inc hosp,2021-01-09,06009,quantile,0.99,8.439521862809071
2328,2020-12-27,14 day ahead inc hosp,2021-01-10,06009,point,NA,3.2311553955078125
2329,2020-12-27,14 day ahead inc hosp,2021-01-10,06009,quantile,0.01,-0.5457380202287965
2330,2020-12-27,14 day ahead inc hosp,2021-01-10,06009,quantile,0.025,0.04909687756482395
2331,2020-12-27,14 day ahead inc hosp,2021-01-10,06009,quantile,0.05,0.5606877054402202
2332,2020-12-27,14 day ahead inc hosp,2021-01-10,06009,quantile,0.1,1.1505191657143619
2333,2020-12-27,14 day ahead inc hosp,2021-01-10,06009,quantile,0.15,1.5484756517301848
2334,2020-12-27,14 day ahead inc hosp,2021-01-10,06009,quantile,0.2,1.8647588513382292
2335,2020-12-27,14 day ahead inc hosp,2021-01-10,06009,quantile,0.25,2.136101674211834
2336,2020-12-27,14 day ahead inc hosp,2021-01-10,06009,quantile,0.3,2.3797759153548244
2337,2020-12-27,14 day ahead inc hosp,2021-01-10,06009,quantile,0.35,2.6055764144952107
2338,2020-12-27,14 day ahead inc hosp,2021-01-10,06009,quantile,0.4,2.8198390071004837
2339,2020-12-27,14 day ahead inc hosp,2021-01-10,06009,quantile,0.45,3.0271405450868683
2340,2020-12-27,14 day ahead inc hosp,2021-01-10,06009,quantile,0.5,3.2311553955078125
2341,2020-12-27,14 day ahead inc hosp,2021-01-10,06009,quantile,0.55,3.5237160814947397
2342,2020-12-27,14 day ahead inc hosp,2021-01-10,06009,quantile,0.6,3.820989932071333
2343,2020-12-27,14 day ahead inc hosp,2021-01-10,06009,quantile,0.65,4.1282460506558305
2344,2020-12-27,14 day ahead inc hosp,2021-01-10,06009,quantile,0.7,4.452047718957916
2345,2020-12-27,14 day ahead inc hosp,2021-01-10,06009,quantile,0.75,4.801480630331993
2346,2020-12-27,14 day ahead inc hosp,2021-01-10,06009,quantile,0.8,5.190590747726572
2347,2020-12-27,14 day ahead inc hosp,2021-01-10,06009,quantile,0.85,5.644146112213756
2348,2020-12-27,14 day ahead inc hosp,2021-01-10,06009,quantile,0.9,6.214822326722226
2349,2020-12-27,14 day ahead inc hosp,2021-01-10,06009,quantile,0.95,7.060650443050168
2350,2020-12-27,14 day ahead inc hosp,2021-01-10,06009,quantile,0.975,7.79428019225239
2351,2020-12-27,14 day ahead inc hosp,2021-01-10,06009,quantile,0.99,8.647283321134424
2352,2020-12-27,15 day ahead inc hosp,2021-01-11,06009,point,NA,2.9549834728240967
2353,2020-12-27,15 day ahead inc hosp,2021-01-11,06009,quantile,0.01,1.102009334769096
2354,2020-12-27,15 day ahead inc hosp,2021-01-11,06009,quantile,0.025,1.3938400963764375
2355,2020-12-27,15 day ahead inc hosp,2021-01-11,06009,quantile,0.05,1.6448306510395678
2356,2020-12-27,15 day ahead inc hosp,2021-01-11,06009,quantile,0.1,1.934206686154936
2357,2020-12-27,15 day ahead inc hosp,2021-01-11,06009,quantile,0.15,2.129447323231466
2358,2020-12-27,15 day ahead inc hosp,2021-01-11,06009,quantile,0.2,2.2846183923257453
2359,2020-12-27,15 day ahead inc hosp,2021-01-11,06009,quantile,0.25,2.417741352914658
2360,2020-12-27,15 day ahead inc hosp,2021-01-11,06009,quantile,0.3,2.5372898858615636
2361,2020-12-27,15 day ahead inc hosp,2021-01-11,06009,quantile,0.35,2.648069417929838
2362,2020-12-27,15 day ahead inc hosp,2021-01-11,06009,quantile,0.4,2.7531883607085694
2363,2020-12-27,15 day ahead inc hosp,2021-01-11,06009,quantile,0.45,2.8548921543786063
2364,2020-12-27,15 day ahead inc hosp,2021-01-11,06009,quantile,0.5,2.9549834728240967
2365,2020-12-27,15 day ahead inc hosp,2021-01-11,06009,quantile,0.55,3.2069643877290854
2366,2020-12-27,15 day ahead inc hosp,2021-01-11,06009,quantile,0.6,3.4630047254556864
2367,2020-12-27,15 day ahead inc hosp,2021-01-11,06009,quantile,0.65,3.727642735890681
2368,2020-12-27,15 day ahead inc hosp,2021-01-11,06009,quantile,0.7,4.006531337588064
2369,2020-12-27,15 day ahead inc hosp,2021-01-11,06009,quantile,0.75,4.307495988422551
2370,2020-12-27,15 day ahead inc hosp,2021-01-11,06009,quantile,0.8,4.642634399276069
2371,2020-12-27,15 day ahead inc hosp,2021-01-11,06009,quantile,0.85,5.033279148135638
2372,2020-12-27,15 day ahead inc hosp,2021-01-11,06009,quantile,0.9,5.524799443014854
2373,2020-12-27,15 day ahead inc hosp,2021-01-11,06009,quantile,0.95,6.253306562437597
2374,2020-12-27,15 day ahead inc hosp,2021-01-11,06009,quantile,0.975,6.885177843371611
2375,2020-12-27,15 day ahead inc hosp,2021-01-11,06009,quantile,0.99,7.619864761770884
2376,2020-12-27,16 day ahead inc hosp,2021-01-12,06009,point,NA,3.243830442428589
2377,2020-12-27,16 day ahead inc hosp,2021-01-12,06009,quantile,0.01,1.2907419916358487
2378,2020-12-27,16 day ahead inc hosp,2021-01-12,06009,quantile,0.025,1.5983400732149182
2379,2020-12-27,16 day ahead inc hosp,2021-01-12,06009,quantile,0.05,1.8628913929031552
2380,2020-12-27,16 day ahead inc hosp,2021-01-12,06009,quantile,0.1,2.1679021216083414
2381,2020-12-27,16 day ahead inc hosp,2021-01-12,06009,quantile,0.15,2.373691412224047
2382,2020-12-27,16 day ahead inc hosp,2021-01-12,06009,quantile,0.2,2.5372462167521412
2383,2020-12-27,16 day ahead inc hosp,2021-01-12,06009,quantile,0.25,2.677561675841309
2384,2020-12-27,16 day ahead inc hosp,2021-01-12,06009,quantile,0.3,2.803569294734955
2385,2020-12-27,16 day ahead inc hosp,2021-01-12,06009,quantile,0.35,2.9203341325291174
2386,2020-12-27,16 day ahead inc hosp,2021-01-12,06009,quantile,0.4,3.0311325451373943
2387,2020-12-27,16 day ahead inc hosp,2021-01-12,06009,quantile,0.45,3.1383312915954846
2388,2020-12-27,16 day ahead inc hosp,2021-01-12,06009,quantile,0.5,3.243830442428589
2389,2020-12-27,16 day ahead inc hosp,2021-01-12,06009,quantile,0.55,3.461596498321752
2390,2020-12-27,16 day ahead inc hosp,2021-01-12,06009,quantile,0.6,3.682870774261653
2391,2020-12-27,16 day ahead inc hosp,2021-01-12,06009,quantile,0.65,3.9115753005293343
2392,2020-12-27,16 day ahead inc hosp,2021-01-12,06009,quantile,0.7,4.152595422422685
2393,2020-12-27,16 day ahead inc hosp,2021-01-12,06009,quantile,0.75,4.412694029494579
2394,2020-12-27,16 day ahead inc hosp,2021-01-12,06009,quantile,0.8,4.702326162695584
2395,2020-12-27,16 day ahead inc hosp,2021-01-12,06009,quantile,0.85,5.039927787194009
2396,2020-12-27,16 day ahead inc hosp,2021-01-12,06009,quantile,0.9,5.464707719625201
2397,2020-12-27,16 day ahead inc hosp,2021-01-12,06009,quantile,0.95,6.094295568159675
2398,2020-12-27,16 day ahead inc hosp,2021-01-12,06009,quantile,0.975,6.640369133822551
2399,2020-12-27,16 day ahead inc hosp,2021-01-12,06009,quantile,0.99,7.2752976663919195
2400,2020-12-27,17 day ahead inc hosp,2021-01-13,06009,point,NA,3.321054220199585
2401,2020-12-27,17 day ahead inc hosp,2021-01-13,06009,quantile,0.01,1.3593679468433293
2402,2020-12-27,17 day ahead inc hosp,2021-01-13,06009,quantile,0.025,1.6683201267097656
2403,2020-12-27,17 day ahead inc hosp,2021-01-13,06009,quantile,0.05,1.9340360456278534
2404,2020-12-27,17 day ahead inc hosp,2021-01-13,06009,quantile,0.1,2.2403894826595936
2405,2020-12-27,17 day ahead inc hosp,2021-01-13,06009,quantile,0.15,2.447084692208703
2406,2020-12-27,17 day ahead inc hosp,2021-01-13,06009,quantile,0.2,2.611359492386852
2407,2020-12-27,17 day ahead inc hosp,2021-01-13,06009,quantile,0.25,2.7522926436341386
2408,2020-12-27,17 day ahead inc hosp,2021-01-13,06009,quantile,0.3,2.878854969176354
2409,2020-12-27,17 day ahead inc hosp,2021-01-13,06009,quantile,0.35,2.996133825348232
2410,2020-12-27,17 day ahead inc hosp,2021-01-13,06009,quantile,0.4,3.1074199911309943
2411,2020-12-27,17 day ahead inc hosp,2021-01-13,06009,quantile,0.45,3.215090644430121
2412,2020-12-27,17 day ahead inc hosp,2021-01-13,06009,quantile,0.5,3.321054220199585
2413,2020-12-27,17 day ahead inc hosp,2021-01-13,06009,quantile,0.55,3.5629048352839745
2414,2020-12-27,17 day ahead inc hosp,2021-01-13,06009,quantile,0.6,3.808651673646483
2415,2020-12-27,17 day ahead inc hosp,2021-01-13,06009,quantile,0.65,4.062650535514832
2416,2020-12-27,17 day ahead inc hosp,2021-01-13,06009,quantile,0.7,4.330327077152796
2417,2020-12-27,17 day ahead inc hosp,2021-01-13,06009,quantile,0.75,4.61919215231305
2418,2020-12-27,17 day ahead inc hosp,2021-01-13,06009,quantile,0.8,4.940857111875125
2419,2020-12-27,17 day ahead inc hosp,2021-01-13,06009,quantile,0.85,5.315796907719574
2420,2020-12-27,17 day ahead inc hosp,2021-01-13,06009,quantile,0.9,5.787556785596918
2421,2020-12-27,17 day ahead inc hosp,2021-01-13,06009,quantile,0.95,6.486775990321929
2422,2020-12-27,17 day ahead inc hosp,2021-01-13,06009,quantile,0.975,7.093244373078908
2423,2020-12-27,17 day ahead inc hosp,2021-01-13,06009,quantile,0.99,7.7983949325024895
2424,2020-12-27,18 day ahead inc hosp,2021-01-14,06009,point,NA,3.4691989421844482
2425,2020-12-27,18 day ahead inc hosp,2021-01-14,06009,quantile,0.01,1.2969170433210837
2426,2020-12-27,18 day ahead inc hosp,2021-01-14,06009,quantile,0.025,1.6390365947771874
2427,2020-12-27,18 day ahead inc hosp,2021-01-14,06009,quantile,0.05,1.9332782830355537
2428,2020-12-27,18 day ahead inc hosp,2021-01-14,06009,quantile,0.1,2.27252010521543
2429,2020-12-27,18 day ahead inc hosp,2021-01-14,06009,quantile,0.15,2.5014049520860278
2430,2020-12-27,18 day ahead inc hosp,2021-01-14,06009,quantile,0.2,2.683315372581478
2431,2020-12-27,18 day ahead inc hosp,2021-01-14,06009,quantile,0.25,2.8393783157556003
2432,2020-12-27,18 day ahead inc hosp,2021-01-14,06009,quantile,0.3,2.9795276620539917
2433,2020-12-27,18 day ahead inc hosp,2021-01-14,06009,quantile,0.35,3.1093969178273406
2434,2020-12-27,18 day ahead inc hosp,2021-01-14,06009,quantile,0.4,3.2326301416140373
2435,2020-12-27,18 day ahead inc hosp,2021-01-14,06009,quantile,0.45,3.351859711794146
2436,2020-12-27,18 day ahead inc hosp,2021-01-14,06009,quantile,0.5,3.4691989421844482
2437,2020-12-27,18 day ahead inc hosp,2021-01-14,06009,quantile,0.55,3.763829234995154
2438,2020-12-27,18 day ahead inc hosp,2021-01-14,06009,quantile,0.6,4.06320603384591
2439,2020-12-27,18 day ahead inc hosp,2021-01-14,06009,quantile,0.65,4.372635716378432
2440,2020-12-27,18 day ahead inc hosp,2021-01-14,06009,quantile,0.7,4.698727993687015
2441,2020-12-27,18 day ahead inc hosp,2021-01-14,06009,quantile,0.75,5.0506328323311305
2442,2020-12-27,18 day ahead inc hosp,2021-01-14,06009,quantile,0.8,5.442495557963022
2443,2020-12-27,18 day ahead inc hosp,2021-01-14,06009,quantile,0.85,5.899259423531401
2444,2020-12-27,18 day ahead inc hosp,2021-01-14,06009,quantile,0.9,6.473972665037298
2445,2020-12-27,18 day ahead inc hosp,2021-01-14,06009,quantile,0.95,7.325784263511484
2446,2020-12-27,18 day ahead inc hosp,2021-01-14,06009,quantile,0.975,8.064603791135074
2447,2020-12-27,18 day ahead inc hosp,2021-01-14,06009,quantile,0.99,8.923641158999981
2448,2020-12-27,19 day ahead inc hosp,2021-01-15,06009,point,NA,3.420919895172119
2449,2020-12-27,19 day ahead inc hosp,2021-01-15,06009,quantile,0.01,1.5084030002444868
2450,2020-12-27,19 day ahead inc hosp,2021-01-15,06009,quantile,0.025,1.8096113390826578
2451,2020-12-27,19 day ahead inc hosp,2021-01-15,06009,quantile,0.05,2.068667127505241
2452,2020-12-27,19 day ahead inc hosp,2021-01-15,06009,quantile,0.1,2.3673418606163223
2453,2020-12-27,19 day ahead inc hosp,2021-01-15,06009,quantile,0.15,2.568856285084892
2454,2020-12-27,19 day ahead inc hosp,2021-01-15,06009,quantile,0.2,2.729013561515257
2455,2020-12-27,19 day ahead inc hosp,2021-01-15,06009,quantile,0.25,2.8664142440182117
2456,2020-12-27,19 day ahead inc hosp,2021-01-15,06009,quantile,0.3,2.9898043034524804
2457,2020-12-27,19 day ahead inc hosp,2021-01-15,06009,quantile,0.35,3.104143582313189
2458,2020-12-27,19 day ahead inc hosp,2021-01-15,06009,quantile,0.4,3.2126403766895435
2459,2020-12-27,19 day ahead inc hosp,2021-01-15,06009,quantile,0.45,3.317612280871838
2460,2020-12-27,19 day ahead inc hosp,2021-01-15,06009,quantile,0.5,3.420919895172119
2461,2020-12-27,19 day ahead inc hosp,2021-01-15,06009,quantile,0.55,3.702809608202685
2462,2020-12-27,19 day ahead inc hosp,2021-01-15,06009,quantile,0.6,3.9892405760131426
2463,2020-12-27,19 day ahead inc hosp,2021-01-15,06009,quantile,0.65,4.2852897146815545
2464,2020-12-27,19 day ahead inc hosp,2021-01-15,06009,quantile,0.7,4.597280914211939
2465,2020-12-27,19 day ahead inc hosp,2021-01-15,06009,quantile,0.75,4.933968472823538
2466,2020-12-27,19 day ahead inc hosp,2021-01-15,06009,quantile,0.8,5.308886035515297
2467,2020-12-27,19 day ahead inc hosp,2021-01-15,06009,quantile,0.85,5.7458982441361055
2468,2020-12-27,19 day ahead inc hosp,2021-01-15,06009,quantile,0.9,6.295759391058459
2469,2020-12-27,19 day ahead inc hosp,2021-01-15,06009,quantile,0.95,7.110736441650696
2470,2020-12-27,19 day ahead inc hosp,2021-01-15,06009,quantile,0.975,7.817607492269373
2471,2020-12-27,19 day ahead inc hosp,2021-01-15,06009,quantile,0.99,8.63949785119981
2472,2020-12-27,20 day ahead inc hosp,2021-01-16,06009,point,NA,3.435260057449341
2473,2020-12-27,20 day ahead inc hosp,2021-01-16,06009,quantile,0.01,-0.08083754744676552
2474,2020-12-27,20 day ahead inc hosp,2021-01-16,06009,quantile,0.025,0.472923792687018
2475,2020-12-27,20 day ahead inc hosp,2021-01-16,06009,quantile,0.05,0.9491890950343644
2476,2020-12-27,20 day ahead inc hosp,2021-01-16,06009,quantile,0.1,1.4982924867586997
2477,2020-12-27,20 day ahead inc hosp,2021-01-16,06009,quantile,0.15,1.8687699382809078
2478,2020-12-27,20 day ahead inc hosp,2021-01-16,06009,quantile,0.2,2.163213672376547
2479,2020-12-27,20 day ahead inc hosp,2021-01-16,06009,quantile,0.25,2.415820178463391
2480,2020-12-27,20 day ahead inc hosp,2021-01-16,06009,quantile,0.3,2.642668628061656
2481,2020-12-27,20 day ahead inc hosp,2021-01-16,06009,quantile,0.35,2.852877523791645
2482,2020-12-27,20 day ahead inc hosp,2021-01-16,06009,quantile,0.4,3.0523452094666723
2483,2020-12-27,20 day ahead inc hosp,2021-01-16,06009,quantile,0.45,3.2453325037779814
2484,2020-12-27,20 day ahead inc hosp,2021-01-16,06009,quantile,0.5,3.435260057449341
2485,2020-12-27,20 day ahead inc hosp,2021-01-16,06009,quantile,0.55,3.722079298961269
2486,2020-12-27,20 day ahead inc hosp,2021-01-16,06009,quantile,0.6,4.013519210158082
2487,2020-12-27,20 day ahead inc hosp,2021-01-16,06009,quantile,0.65,4.3147454893658175
2488,2020-12-27,20 day ahead inc hosp,2021-01-16,06009,quantile,0.7,4.632192615213927
2489,2020-12-27,20 day ahead inc hosp,2021-01-16,06009,quantile,0.75,4.974767976156633
2490,2020-12-27,20 day ahead inc hosp,2021-01-16,06009,quantile,0.8,5.3562418859516
2491,2020-12-27,20 day ahead inc hosp,2021-01-16,06009,quantile,0.85,5.80089631785874
2492,2020-12-27,20 day ahead inc hosp,2021-01-16,06009,quantile,0.9,6.360373126719969
2493,2020-12-27,20 day ahead inc hosp,2021-01-16,06009,quantile,0.95,7.189602036804913
2494,2020-12-27,20 day ahead inc hosp,2021-01-16,06009,quantile,0.975,7.908834450097004
2495,2020-12-27,20 day ahead inc hosp,2021-01-16,06009,quantile,0.99,8.745097564561327
2496,2020-12-27,21 day ahead inc hosp,2021-01-17,06009,point,NA,4.292830944061279
2497,2020-12-27,21 day ahead inc hosp,2021-01-17,06009,quantile,0.01,0.6902872708481902
2498,2020-12-27,21 day ahead inc hosp,2021-01-17,06009,quantile,0.025,1.2576632758803115
2499,2020-12-27,21 day ahead inc hosp,2021-01-17,06009,quantile,0.05,1.7456379411322591
2500,2020-12-27,21 day ahead inc hosp,2021-01-17,06009,quantile,0.1,2.3082414783724614
2501,2020-12-27,21 day ahead inc hosp,2021-01-17,06009,quantile,0.15,2.68782741398214
2502,2020-12-27,21 day ahead inc hosp,2021-01-17,06009,quantile,0.2,2.98951028248568
2503,2020-12-27,21 day ahead inc hosp,2021-01-17,06009,quantile,0.25,3.2483273213097523
2504,2020-12-27,21 day ahead inc hosp,2021-01-17,06009,quantile,0.3,3.4807530212506315
2505,2020-12-27,21 day ahead inc hosp,2021-01-17,06009,quantile,0.35,3.6961300705995104
2506,2020-12-27,21 day ahead inc hosp,2021-01-17,06009,quantile,0.4,3.9005018286640194
2507,2020-12-27,21 day ahead inc hosp,2021-01-17,06009,quantile,0.45,4.09823386976652
2508,2020-12-27,21 day ahead inc hosp,2021-01-17,06009,quantile,0.5,4.292830944061279
2509,2020-12-27,21 day ahead inc hosp,2021-01-17,06009,quantile,0.55,4.5743596091346745
2510,2020-12-27,21 day ahead inc hosp,2021-01-17,06009,quantile,0.6,4.86042371249064
2511,2020-12-27,21 day ahead inc hosp,2021-01-17,06009,quantile,0.65,5.156093667628056
2512,2020-12-27,21 day ahead inc hosp,2021-01-17,06009,quantile,0.7,5.4676852648315775
2513,2020-12-27,21 day ahead inc hosp,2021-01-17,06009,quantile,0.75,5.8039415897030935
2514,2020-12-27,21 day ahead inc hosp,2021-01-17,06009,quantile,0.8,6.178378953175584
2515,2020-12-27,21 day ahead inc hosp,2021-01-17,06009,quantile,0.85,6.614831430958809
2516,2020-12-27,21 day ahead inc hosp,2021-01-17,06009,quantile,0.9,7.163988308677121
2517,2020-12-27,21 day ahead inc hosp,2021-01-17,06009,quantile,0.95,7.977921526218148
2518,2020-12-27,21 day ahead inc hosp,2021-01-17,06009,quantile,0.975,8.683887207335879
2519,2020-12-27,21 day ahead inc hosp,2021-01-17,06009,quantile,0.99,9.504724878561188
2520,2020-12-27,22 day ahead inc hosp,2021-01-18,06009,point,NA,3.1069583892822266
2521,2020-12-27,22 day ahead inc hosp,2021-01-18,06009,quantile,0.01,1.028705520425536
2522,2020-12-27,22 day ahead inc hosp,2021-01-18,06009,quantile,0.025,1.3560161423469563
2523,2020-12-27,22 day ahead inc hosp,2021-01-18,06009,quantile,0.05,1.637521334228431
2524,2020-12-27,22 day ahead inc hosp,2021-01-18,06009,quantile,0.1,1.9620787917805111
2525,2020-12-27,22 day ahead inc hosp,2021-01-18,06009,quantile,0.15,2.181056167550913
2526,2020-12-27,22 day ahead inc hosp,2021-01-18,06009,quantile,0.2,2.355092444089152
2527,2020-12-27,22 day ahead inc hosp,2021-01-18,06009,quantile,0.25,2.50440007287506
2528,2020-12-27,22 day ahead inc hosp,2021-01-18,06009,quantile,0.3,2.638482938071067
2529,2020-12-27,22 day ahead inc hosp,2021-01-18,06009,quantile,0.35,2.762730695016641
2530,2020-12-27,22 day ahead inc hosp,2021-01-18,06009,quantile,0.4,2.8806296661433484
2531,2020-12-27,22 day ahead inc hosp,2021-01-18,06009,quantile,0.45,2.9946982851421144
2532,2020-12-27,22 day ahead inc hosp,2021-01-18,06009,quantile,0.5,3.1069583892822266
2533,2020-12-27,22 day ahead inc hosp,2021-01-18,06009,quantile,0.55,3.3983888941980123
2534,2020-12-27,22 day ahead inc hosp,2021-01-18,06009,quantile,0.6,3.6945143564402882
2535,2020-12-27,22 day ahead inc hosp,2021-01-18,06009,quantile,0.65,4.000583524536052
2536,2020-12-27,22 day ahead inc hosp,2021-01-18,06009,quantile,0.7,4.323134325808329
2537,2020-12-27,22 day ahead inc hosp,2021-01-18,06009,quantile,0.75,4.671217354983652
2538,2020-12-27,22 day ahead inc hosp,2021-01-18,06009,quantile,0.8,5.058824314536686
2539,2020-12-27,22 day ahead inc hosp,2021-01-18,06009,quantile,0.85,5.51062756497639
2540,2020-12-27,22 day ahead inc hosp,2021-01-18,06009,quantile,0.9,6.079099219930959
2541,2020-12-27,22 day ahead inc hosp,2021-01-18,06009,quantile,0.95,6.92165984690609
2542,2020-12-27,22 day ahead inc hosp,2021-01-18,06009,quantile,0.975,7.652455536388436
2543,2020-12-27,22 day ahead inc hosp,2021-01-18,06009,quantile,0.99,8.502163458374728
2544,2020-12-27,23 day ahead inc hosp,2021-01-19,06009,point,NA,3.327965497970581
2545,2020-12-27,23 day ahead inc hosp,2021-01-19,06009,quantile,0.01,1.339055328617401
2546,2020-12-27,23 day ahead inc hosp,2021-01-19,06009,quantile,0.025,1.6522950860271703
2547,2020-12-27,23 day ahead inc hosp,2021-01-19,06009,quantile,0.05,1.9216985581690347
2548,2020-12-27,23 day ahead inc hosp,2021-01-19,06009,quantile,0.1,2.23230350790254
2549,2020-12-27,23 day ahead inc hosp,2021-01-19,06009,quantile,0.15,2.4418671928874285
2550,2020-12-27,23 day ahead inc hosp,2021-01-19,06009,quantile,0.2,2.6084217664094127
2551,2020-12-27,23 day ahead inc hosp,2021-01-19,06009,quantile,0.25,2.751310760190843
2552,2020-12-27,23 day ahead inc hosp,2021-01-19,06009,quantile,0.3,2.8796294927765733
2553,2020-12-27,23 day ahead inc hosp,2021-01-19,06009,quantile,0.35,2.998535921831244
2554,2020-12-27,23 day ahead inc hosp,2021-01-19,06009,quantile,0.4,3.1113664951190776
2555,2020-12-27,23 day ahead inc hosp,2021-01-19,06009,quantile,0.45,3.220531380552643
2556,2020-12-27,23 day ahead inc hosp,2021-01-19,06009,quantile,0.5,3.327965497970581
2557,2020-12-27,23 day ahead inc hosp,2021-01-19,06009,quantile,0.55,3.5663944414017896
2558,2020-12-27,23 day ahead inc hosp,2021-01-19,06009,quantile,0.6,3.8086644848411573
2559,2020-12-27,23 day ahead inc hosp,2021-01-19,06009,quantile,0.65,4.0590698032103845
2560,2020-12-27,23 day ahead inc hosp,2021-01-19,06009,quantile,0.7,4.322959291280489
2561,2020-12-27,23 day ahead inc hosp,2021-01-19,06009,quantile,0.75,4.607737540203295
2562,2020-12-27,23 day ahead inc hosp,2021-01-19,06009,quantile,0.8,4.9248516249471646
2563,2020-12-27,23 day ahead inc hosp,2021-01-19,06009,quantile,0.85,5.2944868203851065
2564,2020-12-27,23 day ahead inc hosp,2021-01-19,06009,quantile,0.9,5.759572299685138
2565,2020-12-27,23 day ahead inc hosp,2021-01-19,06009,quantile,0.95,6.448899040289964
2566,2020-12-27,23 day ahead inc hosp,2021-01-19,06009,quantile,0.975,7.046787185725213
2567,2020-12-27,23 day ahead inc hosp,2021-01-19,06009,quantile,0.99,7.741961364978901
2568,2020-12-27,24 day ahead inc hosp,2021-01-20,06009,point,NA,3.6213865280151367
2569,2020-12-27,24 day ahead inc hosp,2021-01-20,06009,quantile,0.01,1.6285213270040662
2570,2020-12-27,24 day ahead inc hosp,2021-01-20,06009,quantile,0.025,1.9423839748671878
2571,2020-12-27,24 day ahead inc hosp,2021-01-20,06009,quantile,0.05,2.2123231671624737
2572,2020-12-27,24 day ahead inc hosp,2021-01-20,06009,quantile,0.1,2.523545767923271
2573,2020-12-27,24 day ahead inc hosp,2021-01-20,06009,quantile,0.15,2.7335261791239693
2574,2020-12-27,24 day ahead inc hosp,2021-01-20,06009,quantile,0.2,2.9004119534317887
2575,2020-12-27,24 day ahead inc hosp,2021-01-20,06009,quantile,0.25,3.0435850879967883
2576,2020-12-27,24 day ahead inc hosp,2021-01-20,06009,quantile,0.3,3.1721589877879044
2577,2020-12-27,24 day ahead inc hosp,2021-01-20,06009,quantile,0.35,3.2913018672858807
2578,2020-12-27,24 day ahead inc hosp,2021-01-20,06009,quantile,0.4,3.4043568089218716
2579,2020-12-27,24 day ahead inc hosp,2021-01-20,06009,quantile,0.45,3.5137387733288734
2580,2020-12-27,24 day ahead inc hosp,2021-01-20,06009,quantile,0.5,3.6213865280151367
2581,2020-12-27,24 day ahead inc hosp,2021-01-20,06009,quantile,0.55,3.874774993669093
2582,2020-12-27,24 day ahead inc hosp,2021-01-20,06009,quantile,0.6,4.132245557844666
2583,2020-12-27,24 day ahead inc hosp,2021-01-20,06009,quantile,0.65,4.3983618208288
2584,2020-12-27,24 day ahead inc hosp,2021-01-20,06009,quantile,0.7,4.678808278050066
2585,2020-12-27,24 day ahead inc hosp,2021-01-20,06009,quantile,0.75,4.9814540999361565
2586,2020-12-27,24 day ahead inc hosp,2021-01-20,06009,quantile,0.8,5.318464574479032
2587,2020-12-27,24 day ahead inc hosp,2021-01-20,06009,quantile,0.85,5.7112914422067895
2588,2020-12-27,24 day ahead inc hosp,2021-01-20,06009,quantile,0.9,6.205557340892749
2589,2020-12-27,24 day ahead inc hosp,2021-01-20,06009,quantile,0.95,6.938133858753698
2590,2020-12-27,24 day ahead inc hosp,2021-01-20,06009,quantile,0.975,7.573534735947275
2591,2020-12-27,24 day ahead inc hosp,2021-01-20,06009,quantile,0.99,8.31232557278275
2592,2020-12-27,25 day ahead inc hosp,2021-01-21,06009,point,NA,4.0348381996154785
2593,2020-12-27,25 day ahead inc hosp,2021-01-21,06009,quantile,0.01,1.7380065675158263
2594,2020-12-27,25 day ahead inc hosp,2021-01-21,06009,quantile,0.025,2.099741850655314
2595,2020-12-27,25 day ahead inc hosp,2021-01-21,06009,quantile,0.05,2.410854150319479
2596,2020-12-27,25 day ahead inc hosp,2021-01-21,06009,quantile,0.1,2.7695467069906767
2597,2020-12-27,25 day ahead inc hosp,2021-01-21,06009,quantile,0.15,3.0115548720800005
2598,2020-12-27,25 day ahead inc hosp,2021-01-21,06009,quantile,0.2,3.2038952898780404
2599,2020-12-27,25 day ahead inc hosp,2021-01-21,06009,quantile,0.25,3.3689062420332156
2600,2020-12-27,25 day ahead inc hosp,2021-01-21,06009,quantile,0.3,3.5170911769464355
2601,2020-12-27,25 day ahead inc hosp,2021-01-21,06009,quantile,0.35,3.6544066031135207
2602,2020-12-27,25 day ahead inc hosp,2021-01-21,06009,quantile,0.4,3.7847055144412827
2603,2020-12-27,25 day ahead inc hosp,2021-01-21,06009,quantile,0.45,3.910771219087908
2604,2020-12-27,25 day ahead inc hosp,2021-01-21,06009,quantile,0.5,4.0348381996154785
2605,2020-12-27,25 day ahead inc hosp,2021-01-21,06009,quantile,0.55,4.3421738692066
2606,2020-12-27,25 day ahead inc hosp,2021-01-21,06009,quantile,0.6,4.654460728976169
2607,2020-12-27,25 day ahead inc hosp,2021-01-21,06009,quantile,0.65,4.9772339841132425
2608,2020-12-27,25 day ahead inc hosp,2021-01-21,06009,quantile,0.7,5.3173883770612775
2609,2020-12-27,25 day ahead inc hosp,2021-01-21,06009,quantile,0.75,5.684468449464189
2610,2020-12-27,25 day ahead inc hosp,2021-01-21,06009,quantile,0.8,6.093229517516534
2611,2020-12-27,25 day ahead inc hosp,2021-01-21,06009,quantile,0.85,6.56969046499853
2612,2020-12-27,25 day ahead inc hosp,2021-01-21,06009,quantile,0.9,7.169187133233457
2613,2020-12-27,25 day ahead inc hosp,2021-01-21,06009,quantile,0.95,8.057731503485108
2614,2020-12-27,25 day ahead inc hosp,2021-01-21,06009,quantile,0.975,8.828411232521244
2615,2020-12-27,25 day ahead inc hosp,2021-01-21,06009,quantile,0.99,9.724492969867171
2616,2020-12-27,26 day ahead inc hosp,2021-01-22,06009,point,NA,3.5650885105133057
2617,2020-12-27,26 day ahead inc hosp,2021-01-22,06009,quantile,0.01,1.6449434503647804
2618,2020-12-27,26 day ahead inc hosp,2021-01-22,06009,quantile,0.025,1.9473531730864937
2619,2020-12-27,26 day ahead inc hosp,2021-01-22,06009,quantile,0.05,2.20744221792671
2620,2020-12-27,26 day ahead inc hosp,2021-01-22,06009,quantile,0.1,2.5073082295135634
2621,2020-12-27,26 day ahead inc hosp,2021-01-22,06009,quantile,0.15,2.7096264039141293
2622,2020-12-27,26 day ahead inc hosp,2021-01-22,06009,quantile,0.2,2.870422475311053
2623,2020-12-27,26 day ahead inc hosp,2021-01-22,06009,quantile,0.25,3.0083711870159333
2624,2020-12-27,26 day ahead inc hosp,2021-01-22,06009,quantile,0.3,3.1322533936110855
2625,2020-12-27,26 day ahead inc hosp,2021-01-22,06009,quantile,0.35,3.2470487201609415
2626,2020-12-27,26 day ahead inc hosp,2021-01-22,06009,quantile,0.4,3.355978259197296
2627,2020-12-27,26 day ahead inc hosp,2021-01-22,06009,quantile,0.45,3.461368848846254
2628,2020-12-27,26 day ahead inc hosp,2021-01-22,06009,quantile,0.5,3.5650885105133057
2629,2020-12-27,26 day ahead inc hosp,2021-01-22,06009,quantile,0.55,3.8486963396504046
2630,2020-12-27,26 day ahead inc hosp,2021-01-22,06009,quantile,0.6,4.136873102487983
2631,2020-12-27,26 day ahead inc hosp,2021-01-22,06009,quantile,0.65,4.434726658877081
2632,2020-12-27,26 day ahead inc hosp,2021-01-22,06009,quantile,0.7,4.748619442893281
2633,2020-12-27,26 day ahead inc hosp,2021-01-22,06009,quantile,0.75,5.08735911015085
2634,2020-12-27,26 day ahead inc hosp,2021-01-22,06009,quantile,0.8,5.4645617931336545
2635,2020-12-27,26 day ahead inc hosp,2021-01-22,06009,quantile,0.85,5.904237588539206
2636,2020-12-27,26 day ahead inc hosp,2021-01-22,06009,quantile,0.9,6.457450135846935
2637,2020-12-27,26 day ahead inc hosp,2021-01-22,06009,quantile,0.95,7.277394466663853
2638,2020-12-27,26 day ahead inc hosp,2021-01-22,06009,quantile,0.975,7.988573892087177
2639,2020-12-27,26 day ahead inc hosp,2021-01-22,06009,quantile,0.99,8.815473667815063
2640,2020-12-27,27 day ahead inc hosp,2021-01-23,06009,point,NA,3.6769018173217773
2641,2020-12-27,27 day ahead inc hosp,2021-01-23,06009,quantile,0.01,0.015902490563120875
2642,2020-12-27,27 day ahead inc hosp,2021-01-23,06009,quantile,0.025,0.5924848614824447
2643,2020-12-27,27 day ahead inc hosp,2021-01-23,06009,quantile,0.05,1.0883775092929606
2644,2020-12-27,27 day ahead inc hosp,2021-01-23,06009,quantile,0.1,1.6601099733247962
2645,2020-12-27,27 day ahead inc hosp,2021-01-23,06009,quantile,0.15,2.0458551525011126
2646,2020-12-27,27 day ahead inc hosp,2021-01-23,06009,quantile,0.2,2.352433192539422
2647,2020-12-27,27 day ahead inc hosp,2021-01-23,06009,quantile,0.25,2.615449852665988
2648,2020-12-27,27 day ahead inc hosp,2021-01-23,06009,quantile,0.3,2.8516469423312594
2649,2020-12-27,27 day ahead inc hosp,2021-01-23,06009,quantile,0.35,3.0705187463092125
2650,2020-12-27,27 day ahead inc hosp,2021-01-23,06009,quantile,0.4,3.278206684763913
2651,2020-12-27,27 day ahead inc hosp,2021-01-23,06009,quantile,0.45,3.479147168771766
2652,2020-12-27,27 day ahead inc hosp,2021-01-23,06009,quantile,0.5,3.6769018173217773
2653,2020-12-27,27 day ahead inc hosp,2021-01-23,06009,quantile,0.55,3.971468984412978
2654,2020-12-27,27 day ahead inc hosp,2021-01-23,06009,quantile,0.6,4.2707816405863115
2655,2020-12-27,27 day ahead inc hosp,2021-01-23,06009,quantile,0.65,4.580145026570845
2656,2020-12-27,27 day ahead inc hosp,2021-01-23,06009,quantile,0.7,4.906167437303816
2657,2020-12-27,27 day ahead inc hosp,2021-01-23,06009,quantile,0.75,5.257996878927738
2658,2020-12-27,27 day ahead inc hosp,2021-01-23,06009,quantile,0.8,5.649775646402215
2659,2020-12-27,27 day ahead inc hosp,2021-01-23,06009,quantile,0.85,6.106441648484179
2660,2020-12-27,27 day ahead inc hosp,2021-01-23,06009,quantile,0.9,6.681031755377768
2661,2020-12-27,27 day ahead inc hosp,2021-01-23,06009,quantile,0.95,7.532660849807568
2662,2020-12-27,27 day ahead inc hosp,2021-01-23,06009,quantile,0.975,8.27132208239021
2663,2020-12-27,27 day ahead inc hosp,2021-01-23,06009,quantile,0.99,9.130175398060718
2664,2020-12-27,28 day ahead inc hosp,2021-01-24,06009,point,NA,3.621216297149658
2665,2020-12-27,28 day ahead inc hosp,2021-01-24,06009,quantile,0.01,0.012048781342962833
2666,2020-12-27,28 day ahead inc hosp,2021-01-24,06009,quantile,0.025,0.5804679963094053
2667,2020-12-27,28 day ahead inc hosp,2021-01-24,06009,quantile,0.05,1.0693398796565368
2668,2020-12-27,28 day ahead inc hosp,2021-01-24,06009,quantile,0.1,1.6329778518991498
2669,2020-12-27,28 day ahead inc hosp,2021-01-24,06009,quantile,0.15,2.013261715893964
2670,2020-12-27,28 day ahead inc hosp,2021-01-24,06009,quantile,0.2,2.315499275753229
2671,2020-12-27,28 day ahead inc hosp,2021-01-24,06009,quantile,0.25,2.5747921903698594
2672,2020-12-27,28 day ahead inc hosp,2021-01-24,06009,quantile,0.3,2.807645241480015
2673,2020-12-27,28 day ahead inc hosp,2021-01-24,06009,quantile,0.35,3.023418295375284
2674,2020-12-27,28 day ahead inc hosp,2021-01-24,06009,quantile,0.4,3.2281658230289487
2675,2020-12-27,28 day ahead inc hosp,2021-01-24,06009,quantile,0.45,3.4262614255577026
2676,2020-12-27,28 day ahead inc hosp,2021-01-24,06009,quantile,0.5,3.621216297149658
2677,2020-12-27,28 day ahead inc hosp,2021-01-24,06009,quantile,0.55,3.8996149511675866
2678,2020-12-27,28 day ahead inc hosp,2021-01-24,06009,quantile,0.6,4.1824986188622555
2679,2020-12-27,28 day ahead inc hosp,2021-01-24,06009,quantile,0.65,4.474881341319091
2680,2020-12-27,28 day ahead inc hosp,2021-01-24,06009,quantile,0.7,4.783008690419196
2681,2020-12-27,28 day ahead inc hosp,2021-01-24,06009,quantile,0.75,5.115526546904041
2682,2020-12-27,28 day ahead inc hosp,2021-01-24,06009,quantile,0.8,5.485800948544765
2683,2020-12-27,28 day ahead inc hosp,2021-01-24,06009,quantile,0.85,5.917400985883634
2684,2020-12-27,28 day ahead inc hosp,2021-01-24,06009,quantile,0.9,6.460452385504374
2685,2020-12-27,28 day ahead inc hosp,2021-01-24,06009,quantile,0.95,7.2653363647781335
2686,2020-12-27,28 day ahead inc hosp,2021-01-24,06009,quantile,0.975,7.963453181247915
2687,2020-12-27,28 day ahead inc hosp,2021-01-24,06009,quantile,0.99,8.775164851094255
2688,2020-12-27,1 day ahead inc hosp,2020-12-28,06011,point,NA,11.898101806640625
2689,2020-12-27,1 day ahead inc hosp,2020-12-28,06011,quantile,0.01,5.935990655754277
2690,2020-12-27,1 day ahead inc hosp,2020-12-28,06011,quantile,0.025,6.874982410802258
2691,2020-12-27,1 day ahead inc hosp,2020-12-28,06011,quantile,0.05,7.682567122316339
2692,2020-12-27,1 day ahead inc hosp,2020-12-28,06011,quantile,0.1,8.613660573826458
2693,2020-12-27,1 day ahead inc hosp,2020-12-28,06011,quantile,0.15,9.241864905184254
2694,2020-12-27,1 day ahead inc hosp,2020-12-28,06011,quantile,0.2,9.741141793264868
2695,2020-12-27,1 day ahead inc hosp,2020-12-28,06011,quantile,0.25,10.169476906780954
2696,2020-12-27,1 day ahead inc hosp,2020-12-28,06011,quantile,0.3,10.554135076971614
2697,2020-12-27,1 day ahead inc hosp,2020-12-28,06011,quantile,0.35,10.910578197180246
2698,2020-12-27,1 day ahead inc hosp,2020-12-28,06011,quantile,0.4,11.248807861609519
2699,2020-12-27,1 day ahead inc hosp,2020-12-28,06011,quantile,0.45,11.576048976244856
2700,2020-12-27,1 day ahead inc hosp,2020-12-28,06011,quantile,0.5,11.898101806640625
2701,2020-12-27,1 day ahead inc hosp,2020-12-28,06011,quantile,0.55,12.748987790611432
2702,2020-12-27,1 day ahead inc hosp,2020-12-28,06011,quantile,0.6,13.613581582505802
2703,2020-12-27,1 day ahead inc hosp,2020-12-28,06011,quantile,0.65,14.507207887458149
2704,2020-12-27,1 day ahead inc hosp,2020-12-28,06011,quantile,0.7,15.44895540973775
2705,2020-12-27,1 day ahead inc hosp,2020-12-28,06011,quantile,0.75,16.465249057065336
2706,2020-12-27,1 day ahead inc hosp,2020-12-28,06011,quantile,0.8,17.596940227378894
2707,2020-12-27,1 day ahead inc hosp,2020-12-28,06011,quantile,0.85,18.91606450169838
2708,2020-12-27,1 day ahead inc hosp,2020-12-28,06011,quantile,0.9,20.575824050978603
2709,2020-12-27,1 day ahead inc hosp,2020-12-28,06011,quantile,0.95,23.035837728496553
2710,2020-12-27,1 day ahead inc hosp,2020-12-28,06011,quantile,0.975,25.169532722116042
2711,2020-12-27,1 day ahead inc hosp,2020-12-28,06011,quantile,0.99,27.650414267086845
2712,2020-12-27,2 day ahead inc hosp,2020-12-29,06011,point,NA,12.453059196472168
2713,2020-12-27,2 day ahead inc hosp,2020-12-29,06011,quantile,0.01,5.943598730788041
2714,2020-12-27,2 day ahead inc hosp,2020-12-29,06011,quantile,0.025,6.968794261766948
2715,2020-12-27,2 day ahead inc hosp,2020-12-29,06011,quantile,0.05,7.850518976260121
2716,2020-12-27,2 day ahead inc hosp,2020-12-29,06011,quantile,0.1,8.867091102991012
2717,2020-12-27,2 day ahead inc hosp,2020-12-29,06011,quantile,0.15,9.552967490709342
2718,2020-12-27,2 day ahead inc hosp,2020-12-29,06011,quantile,0.2,10.098080300943918
2719,2020-12-27,2 day ahead inc hosp,2020-12-29,06011,quantile,0.25,10.565738554360207
2720,2020-12-27,2 day ahead inc hosp,2020-12-29,06011,quantile,0.3,10.985710119513977
2721,2020-12-27,2 day ahead inc hosp,2020-12-29,06011,quantile,0.35,11.374876362903832
2722,2020-12-27,2 day ahead inc hosp,2020-12-29,06011,quantile,0.4,11.744157071230887
2723,2020-12-27,2 day ahead inc hosp,2020-12-29,06011,quantile,0.45,12.101440430188134
2724,2020-12-27,2 day ahead inc hosp,2020-12-29,06011,quantile,0.5,12.453059196472168
2725,2020-12-27,2 day ahead inc hosp,2020-12-29,06011,quantile,0.55,13.176403903522637
2726,2020-12-27,2 day ahead inc hosp,2020-12-29,06011,quantile,0.6,13.91140172332095
2727,2020-12-27,2 day ahead inc hosp,2020-12-29,06011,quantile,0.65,14.671080305346488
2728,2020-12-27,2 day ahead inc hosp,2020-12-29,06011,quantile,0.7,15.471667103638623
2729,2020-12-27,2 day ahead inc hosp,2020-12-29,06011,quantile,0.75,16.335626135109337
2730,2020-12-27,2 day ahead inc hosp,2020-12-29,06011,quantile,0.8,17.2976854867535
2731,2020-12-27,2 day ahead inc hosp,2020-12-29,06011,quantile,0.85,18.41908315899854
2732,2020-12-27,2 day ahead inc hosp,2020-12-29,06011,quantile,0.9,19.83005749347472
2733,2020-12-27,2 day ahead inc hosp,2020-12-29,06011,quantile,0.95,21.92133400575232
2734,2020-12-27,2 day ahead inc hosp,2020-12-29,06011,quantile,0.975,23.735204499766347
2735,2020-12-27,2 day ahead inc hosp,2020-12-29,06011,quantile,0.99,25.844220946363954
2736,2020-12-27,3 day ahead inc hosp,2020-12-30,06011,point,NA,12.846111297607422
2737,2020-12-27,3 day ahead inc hosp,2020-12-30,06011,quantile,0.01,6.498037421916125
2738,2020-12-27,3 day ahead inc hosp,2020-12-30,06011,quantile,0.025,7.497815668053563
2739,2020-12-27,3 day ahead inc hosp,2020-12-30,06011,quantile,0.05,8.357680115365667
2740,2020-12-27,3 day ahead inc hosp,2020-12-30,06011,quantile,0.1,9.34904875405331
2741,2020-12-27,3 day ahead inc hosp,2020-12-30,06011,quantile,0.15,10.017920468042693
2742,2020-12-27,3 day ahead inc hosp,2020-12-30,06011,quantile,0.2,10.549518502656625
2743,2020-12-27,3 day ahead inc hosp,2020-12-30,06011,quantile,0.25,11.00558228196884
2744,2020-12-27,3 day ahead inc hosp,2020-12-30,06011,quantile,0.3,11.415141651034867
2745,2020-12-27,3 day ahead inc hosp,2020-12-30,06011,quantile,0.35,11.794659443022013
2746,2020-12-27,3 day ahead inc hosp,2020-12-30,06011,quantile,0.4,12.154784714492017
2747,2020-12-27,3 day ahead inc hosp,2020-12-30,06011,quantile,0.45,12.50321008233506
2748,2020-12-27,3 day ahead inc hosp,2020-12-30,06011,quantile,0.5,12.846111297607422
2749,2020-12-27,3 day ahead inc hosp,2020-12-30,06011,quantile,0.55,13.635765093978163
2750,2020-12-27,3 day ahead inc hosp,2020-12-30,06011,quantile,0.6,14.438140245231551
2751,2020-12-27,3 day ahead inc hosp,2020-12-30,06011,quantile,0.65,15.26745864691601
2752,2020-12-27,3 day ahead inc hosp,2020-12-30,06011,quantile,0.7,16.141435325577977
2753,2020-12-27,3 day ahead inc hosp,2020-12-30,06011,quantile,0.75,17.08459357704499
2754,2020-12-27,3 day ahead inc hosp,2020-12-30,06011,quantile,0.8,18.134845015888775
2755,2020-12-27,3 day ahead inc hosp,2020-12-30,06011,quantile,0.85,19.3590413368108
2756,2020-12-27,3 day ahead inc hosp,2020-12-30,06011,quantile,0.9,20.899359844627103
2757,2020-12-27,3 day ahead inc hosp,2020-12-30,06011,quantile,0.95,23.18234390614697
2758,2020-12-27,3 day ahead inc hosp,2020-12-30,06011,quantile,0.975,25.16249210901909
2759,2020-12-27,3 day ahead inc hosp,2020-12-30,06011,quantile,0.99,27.46484232660067
2760,2020-12-27,4 day ahead inc hosp,2020-12-31,06011,point,NA,13.995101928710938
2761,2020-12-27,4 day ahead inc hosp,2020-12-31,06011,quantile,0.01,6.759362150973422
2762,2020-12-27,4 day ahead inc hosp,2020-12-31,06011,quantile,0.025,7.898941709458871
2763,2020-12-27,4 day ahead inc hosp,2020-12-31,06011,quantile,0.05,8.879042997930556
2764,2020-12-27,4 day ahead inc hosp,2020-12-31,06011,quantile,0.1,10.009037014040288
2765,2020-12-27,4 day ahead inc hosp,2020-12-31,06011,quantile,0.15,10.771438612050895
2766,2020-12-27,4 day ahead inc hosp,2020-12-31,06011,quantile,0.2,11.377371233527239
2767,2020-12-27,4 day ahead inc hosp,2020-12-31,06011,quantile,0.25,11.897207469490283
2768,2020-12-27,4 day ahead inc hosp,2020-12-31,06011,quantile,0.3,12.364036475599386
2769,2020-12-27,4 day ahead inc hosp,2020-12-31,06011,quantile,0.35,12.796623121189022
2770,2020-12-27,4 day ahead inc hosp,2020-12-31,06011,quantile,0.4,13.207105545113283
2771,2020-12-27,4 day ahead inc hosp,2020-12-31,06011,quantile,0.45,13.604252040734394
2772,2020-12-27,4 day ahead inc hosp,2020-12-31,06011,quantile,0.5,13.995101928710938
2773,2020-12-27,4 day ahead inc hosp,2020-12-31,06011,quantile,0.55,14.96715178421207
2774,2020-12-27,4 day ahead inc hosp,2020-12-31,06011,quantile,0.6,15.954861402551407
2775,2020-12-27,4 day ahead inc hosp,2020-12-31,06011,quantile,0.65,16.975737685584342
2776,2020-12-27,4 day ahead inc hosp,2020-12-31,06011,quantile,0.7,18.051587517636392
2777,2020-12-27,4 day ahead inc hosp,2020-12-31,06011,quantile,0.75,19.212598642089688
2778,2020-12-27,4 day ahead inc hosp,2020-12-31,06011,quantile,0.8,20.505439585880513
2779,2020-12-27,4 day ahead inc hosp,2020-12-31,06011,quantile,0.85,22.01240360267678
2780,2020-12-27,4 day ahead inc hosp,2020-12-31,06011,quantile,0.9,23.908508439796556
2781,2020-12-27,4 day ahead inc hosp,2020-12-31,06011,quantile,0.95,26.718821436848074
2782,2020-12-27,4 day ahead inc hosp,2020-12-31,06011,quantile,0.975,29.156348848631687
2783,2020-12-27,4 day ahead inc hosp,2020-12-31,06011,quantile,0.99,31.990501241235947
2784,2020-12-27,5 day ahead inc hosp,2021-01-01,06011,point,NA,13.477375030517578
2785,2020-12-27,5 day ahead inc hosp,2021-01-01,06011,quantile,0.01,7.082769249916037
2786,2020-12-27,5 day ahead inc hosp,2021-01-01,06011,quantile,0.025,8.08987595302981
2787,2020-12-27,5 day ahead inc hosp,2021-01-01,06011,quantile,0.05,8.956043277636907
2788,2020-12-27,5 day ahead inc hosp,2021-01-01,06011,quantile,0.1,9.954678730184902
2789,2020-12-27,5 day ahead inc hosp,2021-01-01,06011,quantile,0.15,10.628453328986588
2790,2020-12-27,5 day ahead inc hosp,2021-01-01,06011,quantile,0.2,11.163948021024726
2791,2020-12-27,5 day ahead inc hosp,2021-01-01,06011,quantile,0.25,11.623354785441956
2792,2020-12-27,5 day ahead inc hosp,2021-01-01,06011,quantile,0.3,12.035916258451582
2793,2020-12-27,5 day ahead inc hosp,2021-01-01,06011,quantile,0.35,12.418215947145399
2794,2020-12-27,5 day ahead inc hosp,2021-01-01,06011,quantile,0.4,12.780980966547764
2795,2020-12-27,5 day ahead inc hosp,2021-01-01,06011,quantile,0.45,13.131960321064918
2796,2020-12-27,5 day ahead inc hosp,2021-01-01,06011,quantile,0.5,13.477375030517578
2797,2020-12-27,5 day ahead inc hosp,2021-01-01,06011,quantile,0.55,14.418349415542279
2798,2020-12-27,5 day ahead inc hosp,2021-01-01,06011,quantile,0.6,15.374482936307722
2799,2020-12-27,5 day ahead inc hosp,2021-01-01,06011,quantile,0.65,16.362722816368173
2800,2020-12-27,5 day ahead inc hosp,2021-01-01,06011,quantile,0.7,17.404178795570182
2801,2020-12-27,5 day ahead inc hosp,2021-01-01,06011,quantile,0.75,18.528073545059197
2802,2020-12-27,5 day ahead inc hosp,2021-01-01,06011,quantile,0.8,19.77958364521877
2803,2020-12-27,5 day ahead inc hosp,2021-01-01,06011,quantile,0.85,21.23837151595836
2804,2020-12-27,5 day ahead inc hosp,2021-01-01,06011,quantile,0.9,23.073859760675308
2805,2020-12-27,5 day ahead inc hosp,2021-01-01,06011,quantile,0.95,25.79432983652771
2806,2020-12-27,5 day ahead inc hosp,2021-01-01,06011,quantile,0.975,28.15393191280337
2807,2020-12-27,5 day ahead inc hosp,2021-01-01,06011,quantile,0.99,30.897479262360044
2808,2020-12-27,6 day ahead inc hosp,2021-01-02,06011,point,NA,14.318893432617188
2809,2020-12-27,6 day ahead inc hosp,2021-01-02,06011,quantile,0.01,1.887577363176824
2810,2020-12-27,6 day ahead inc hosp,2021-01-02,06011,quantile,0.025,3.845424675678645
2811,2020-12-27,6 day ahead inc hosp,2021-01-02,06011,quantile,0.05,5.5292813746915215
2812,2020-12-27,6 day ahead inc hosp,2021-01-02,06011,quantile,0.1,7.4706603079218565
2813,2020-12-27,6 day ahead inc hosp,2021-01-02,06011,quantile,0.15,8.7804994574552
2814,2020-12-27,6 day ahead inc hosp,2021-01-02,06011,quantile,0.2,9.821518090758271
2815,2020-12-27,6 day ahead inc hosp,2021-01-02,06011,quantile,0.25,10.714619384075569
2816,2020-12-27,6 day ahead inc hosp,2021-01-02,06011,quantile,0.3,11.516651947930368
2817,2020-12-27,6 day ahead inc hosp,2021-01-02,06011,quantile,0.35,12.259854645087787
2818,2020-12-27,6 day ahead inc hosp,2021-01-02,06011,quantile,0.4,12.965081326739964
2819,2020-12-27,6 day ahead inc hosp,2021-01-02,06011,quantile,0.45,13.647396302760342
2820,2020-12-27,6 day ahead inc hosp,2021-01-02,06011,quantile,0.5,14.318893432617188
2821,2020-12-27,6 day ahead inc hosp,2021-01-02,06011,quantile,0.55,15.273581887694398
2822,2020-12-27,6 day ahead inc hosp,2021-01-02,06011,quantile,0.6,16.24365041274052
2823,2020-12-27,6 day ahead inc hosp,2021-01-02,06011,quantile,0.65,17.246293225717665
2824,2020-12-27,6 day ahead inc hosp,2021-01-02,06011,quantile,0.7,18.302927726761162
2825,2020-12-27,6 day ahead inc hosp,2021-01-02,06011,quantile,0.75,19.443202487833318
2826,2020-12-27,6 day ahead inc hosp,2021-01-02,06011,quantile,0.8,20.712952507652936
2827,2020-12-27,6 day ahead inc hosp,2021-01-02,06011,quantile,0.85,22.19300123242794
2828,2020-12-27,6 day ahead inc hosp,2021-01-02,06011,quantile,0.9,24.055240486278837
2829,2020-12-27,6 day ahead inc hosp,2021-01-02,06011,quantile,0.95,26.815359587428578
2830,2020-12-27,6 day ahead inc hosp,2021-01-02,06011,quantile,0.975,29.209351280132793
2831,2020-12-27,6 day ahead inc hosp,2021-01-02,06011,quantile,0.99,31.992883990760916
2832,2020-12-27,7 day ahead inc hosp,2021-01-03,06011,point,NA,13.861305236816406
2833,2020-12-27,7 day ahead inc hosp,2021-01-03,06011,quantile,0.01,1.6356413846289186
2834,2020-12-27,7 day ahead inc hosp,2021-01-03,06011,quantile,0.025,3.561099878552765
2835,2020-12-27,7 day ahead inc hosp,2021-01-03,06011,quantile,0.05,5.2171004067665265
2836,2020-12-27,7 day ahead inc hosp,2021-01-03,06011,quantile,0.1,7.126362959082993
2837,2020-12-27,7 day ahead inc hosp,2021-01-03,06011,quantile,0.15,8.414533338886608
2838,2020-12-27,7 day ahead inc hosp,2021-01-03,06011,quantile,0.2,9.438330320922471
2839,2020-12-27,7 day ahead inc hosp,2021-01-03,06011,quantile,0.25,10.316656970897412
2840,2020-12-27,7 day ahead inc hosp,2021-01-03,06011,quantile,0.3,11.105421448401223
2841,2020-12-27,7 day ahead inc hosp,2021-01-03,06011,quantile,0.35,11.836329286214308
2842,2020-12-27,7 day ahead inc hosp,2021-01-03,06011,quantile,0.4,12.529889348665627
2843,2020-12-27,7 day ahead inc hosp,2021-01-03,06011,quantile,0.45,13.200916735592491
2844,2020-12-27,7 day ahead inc hosp,2021-01-03,06011,quantile,0.5,13.861305236816406
2845,2020-12-27,7 day ahead inc hosp,2021-01-03,06011,quantile,0.55,14.809369476025537
2846,2020-12-27,7 day ahead inc hosp,2021-01-03,06011,quantile,0.6,15.772707068815635
2847,2020-12-27,7 day ahead inc hosp,2021-01-03,06011,quantile,0.65,16.768392929085934
2848,2020-12-27,7 day ahead inc hosp,2021-01-03,06011,quantile,0.7,17.817695849872706
2849,2020-12-27,7 day ahead inc hosp,2021-01-03,06011,quantile,0.75,18.950058683104842
2850,2020-12-27,7 day ahead inc hosp,2021-01-03,06011,quantile,0.8,20.210998396080328
2851,2020-12-27,7 day ahead inc hosp,2021-01-03,06011,quantile,0.85,21.680777632211107
2852,2020-12-27,7 day ahead inc hosp,2021-01-03,06011,quantile,0.9,23.53009552438646
2853,2020-12-27,7 day ahead inc hosp,2021-01-03,06011,quantile,0.95,26.271063221064523
2854,2020-12-27,7 day ahead inc hosp,2021-01-03,06011,quantile,0.975,28.6484439265147
2855,2020-12-27,7 day ahead inc hosp,2021-01-03,06011,quantile,0.99,31.41266277464349
2856,2020-12-27,8 day ahead inc hosp,2021-01-04,06011,point,NA,11.561315536499023
2857,2020-12-27,8 day ahead inc hosp,2021-01-04,06011,quantile,0.01,5.372893877278245
2858,2020-12-27,8 day ahead inc hosp,2021-01-04,06011,quantile,0.025,6.34752799054948
2859,2020-12-27,8 day ahead inc hosp,2021-01-04,06011,quantile,0.05,7.185767096448458
2860,2020-12-27,8 day ahead inc hosp,2021-01-04,06011,quantile,0.1,8.152203101457733
2861,2020-12-27,8 day ahead inc hosp,2021-01-04,06011,quantile,0.15,8.80425288587226
2862,2020-12-27,8 day ahead inc hosp,2021-01-04,06011,quantile,0.2,9.32248138412612
2863,2020-12-27,8 day ahead inc hosp,2021-01-04,06011,quantile,0.25,9.767075291687483
2864,2020-12-27,8 day ahead inc hosp,2021-01-04,06011,quantile,0.3,10.166334361429955
2865,2020-12-27,8 day ahead inc hosp,2021-01-04,06011,quantile,0.35,10.536307391042364
2866,2020-12-27,8 day ahead inc hosp,2021-01-04,06011,quantile,0.4,10.887375616403093
2867,2020-12-27,8 day ahead inc hosp,2021-01-04,06011,quantile,0.45,11.227038187319069
2868,2020-12-27,8 day ahead inc hosp,2021-01-04,06011,quantile,0.5,11.561315536499023
2869,2020-12-27,8 day ahead inc hosp,2021-01-04,06011,quantile,0.55,12.361088202950453
2870,2020-12-27,8 day ahead inc hosp,2021-01-04,06011,quantile,0.6,13.173745239694446
2871,2020-12-27,8 day ahead inc hosp,2021-01-04,06011,quantile,0.65,14.013690786085533
2872,2020-12-27,8 day ahead inc hosp,2021-01-04,06011,quantile,0.7,14.898866874546552
2873,2020-12-27,8 day ahead inc hosp,2021-01-04,06011,quantile,0.75,15.854111050067864
2874,2020-12-27,8 day ahead inc hosp,2021-01-04,06011,quantile,0.8,16.917820738476912
2875,2020-12-27,8 day ahead inc hosp,2021-01-04,06011,quantile,0.85,18.15770429294559
2876,2020-12-27,8 day ahead inc hosp,2021-01-04,06011,quantile,0.9,19.71776092262632
2877,2020-12-27,8 day ahead inc hosp,2021-01-04,06011,quantile,0.95,22.02999985409169
2878,2020-12-27,8 day ahead inc hosp,2021-01-04,06011,quantile,0.975,24.035522293746393
2879,2020-12-27,8 day ahead inc hosp,2021-01-04,06011,quantile,0.99,26.367375545238566
2880,2020-12-27,9 day ahead inc hosp,2021-01-05,06011,point,NA,12.090476989746094
2881,2020-12-27,9 day ahead inc hosp,2021-01-05,06011,quantile,0.01,5.547553708792346
2882,2020-12-27,9 day ahead inc hosp,2021-01-05,06011,quantile,0.025,6.5780194044568265
2883,2020-12-27,9 day ahead inc hosp,2021-01-05,06011,quantile,0.05,7.464276751323341
2884,2020-12-27,9 day ahead inc hosp,2021-01-05,06011,quantile,0.1,8.48607471289329
2885,2020-12-27,9 day ahead inc hosp,2021-01-05,06011,quantile,0.15,9.175476946567827
2886,2020-12-27,9 day ahead inc hosp,2021-01-05,06011,quantile,0.2,9.723391987396802
2887,2020-12-27,9 day ahead inc hosp,2021-01-05,06011,quantile,0.25,10.193454305147743
2888,2020-12-27,9 day ahead inc hosp,2021-01-05,06011,quantile,0.3,10.615584794374765
2889,2020-12-27,9 day ahead inc hosp,2021-01-05,06011,quantile,0.35,11.00675160266249
2890,2020-12-27,9 day ahead inc hosp,2021-01-05,06011,quantile,0.4,11.377930651441957
2891,2020-12-27,9 day ahead inc hosp,2021-01-05,06011,quantile,0.45,11.737050676756228
2892,2020-12-27,9 day ahead inc hosp,2021-01-05,06011,quantile,0.5,12.090476989746094
2893,2020-12-27,9 day ahead inc hosp,2021-01-05,06011,quantile,0.55,12.803408140158183
2894,2020-12-27,9 day ahead inc hosp,2021-01-05,06011,quantile,0.6,13.52782464049573
2895,2020-12-27,9 day ahead inc hosp,2021-01-05,06011,quantile,0.65,14.276566589041023
2896,2020-12-27,9 day ahead inc hosp,2021-01-05,06011,quantile,0.7,15.065627822983696
2897,2020-12-27,9 day ahead inc hosp,2021-01-05,06011,quantile,0.75,15.917148958358998
2898,2020-12-27,9 day ahead inc hosp,2021-01-05,06011,quantile,0.8,16.86535812287913
2899,2020-12-27,9 day ahead inc hosp,2021-01-05,06011,quantile,0.85,17.970611710484782
2900,2020-12-27,9 day ahead inc hosp,2021-01-05,06011,quantile,0.9,19.361273100103347
2901,2020-12-27,9 day ahead inc hosp,2021-01-05,06011,quantile,0.95,21.422442768168438
2902,2020-12-27,9 day ahead inc hosp,2021-01-05,06011,quantile,0.975,23.210200064781567
2903,2020-12-27,9 day ahead inc hosp,2021-01-05,06011,quantile,0.99,25.288854276052298
2904,2020-12-27,10 day ahead inc hosp,2021-01-06,06011,point,NA,11.849485397338867
2905,2020-12-27,10 day ahead inc hosp,2021-01-06,06011,quantile,0.01,5.386323885852042
2906,2020-12-27,10 day ahead inc hosp,2021-01-06,06011,quantile,0.025,6.404227647999677
2907,2020-12-27,10 day ahead inc hosp,2021-01-06,06011,quantile,0.05,7.279681039026619
2908,2020-12-27,10 day ahead inc hosp,2021-01-06,06011,quantile,0.1,8.28902273144089
2909,2020-12-27,10 day ahead inc hosp,2021-01-06,06011,quantile,0.15,8.97002077945236
2910,2020-12-27,10 day ahead inc hosp,2021-01-06,06011,quantile,0.2,9.511256439934439
2911,2020-12-27,10 day ahead inc hosp,2021-01-06,06011,quantile,0.25,9.975588444091045
2912,2020-12-27,10 day ahead inc hosp,2021-01-06,06011,quantile,0.3,10.392572934607568
2913,2020-12-27,10 day ahead inc hosp,2021-01-06,06011,quantile,0.35,10.778971208182899
2914,2020-12-27,10 day ahead inc hosp,2021-01-06,06011,quantile,0.4,11.14562538383633
2915,2020-12-27,10 day ahead inc hosp,2021-01-06,06011,quantile,0.45,11.500367542035232
2916,2020-12-27,10 day ahead inc hosp,2021-01-06,06011,quantile,0.5,11.849485397338867
2917,2020-12-27,10 day ahead inc hosp,2021-01-06,06011,quantile,0.55,12.640476008899132
2918,2020-12-27,10 day ahead inc hosp,2021-01-06,06011,quantile,0.6,13.444209511489294
2919,2020-12-27,10 day ahead inc hosp,2021-01-06,06011,quantile,0.65,14.274931877089863
2920,2020-12-27,10 day ahead inc hosp,2021-01-06,06011,quantile,0.7,15.150388122246277
2921,2020-12-27,10 day ahead inc hosp,2021-01-06,06011,quantile,0.75,16.095143058592765
2922,2020-12-27,10 day ahead inc hosp,2021-01-06,06011,quantile,0.8,17.14717248176679
2923,2020-12-27,10 day ahead inc hosp,2021-01-06,06011,quantile,0.85,18.373441260573887
2924,2020-12-27,10 day ahead inc hosp,2021-01-06,06011,quantile,0.9,19.91636739363991
2925,2020-12-27,10 day ahead inc hosp,2021-01-06,06011,quantile,0.95,22.203216348591425
2926,2020-12-27,10 day ahead inc hosp,2021-01-06,06011,quantile,0.975,24.18671677012858
2927,2020-12-27,10 day ahead inc hosp,2021-01-06,06011,quantile,0.99,26.492964666359473
2928,2020-12-27,11 day ahead inc hosp,2021-01-07,06011,point,NA,11.922371864318848
2929,2020-12-27,11 day ahead inc hosp,2021-01-07,06011,quantile,0.01,4.399886952930433
2930,2020-12-27,11 day ahead inc hosp,2021-01-07,06011,quantile,0.025,5.584626910053922
2931,2020-12-27,11 day ahead inc hosp,2021-01-07,06011,quantile,0.05,6.603568632757213
2932,2020-12-27,11 day ahead inc hosp,2021-01-07,06011,quantile,0.1,7.778343182043527
2933,2020-12-27,11 day ahead inc hosp,2021-01-07,06011,quantile,0.15,8.570957993192318
2934,2020-12-27,11 day ahead inc hosp,2021-01-07,06011,quantile,0.2,9.20090311869254
2935,2020-12-27,11 day ahead inc hosp,2021-01-07,06011,quantile,0.25,9.741339944994175
2936,2020-12-27,11 day ahead inc hosp,2021-01-07,06011,quantile,0.3,10.226668917915342
2937,2020-12-27,11 day ahead inc hosp,2021-01-07,06011,quantile,0.35,10.676398539802555
2938,2020-12-27,11 day ahead inc hosp,2021-01-07,06011,quantile,0.4,11.10314797181791
2939,2020-12-27,11 day ahead inc hosp,2021-01-07,06011,quantile,0.45,11.516032986023706
2940,2020-12-27,11 day ahead inc hosp,2021-01-07,06011,quantile,0.5,11.922371864318848
2941,2020-12-27,11 day ahead inc hosp,2021-01-07,06011,quantile,0.55,12.893330636548532
2942,2020-12-27,11 day ahead inc hosp,2021-01-07,06011,quantile,0.6,13.879931594220395
2943,2020-12-27,11 day ahead inc hosp,2021-01-07,06011,quantile,0.65,14.89966198846138
2944,2020-12-27,11 day ahead inc hosp,2021-01-07,06011,quantile,0.7,15.974304226327082
2945,2020-12-27,11 day ahead inc hosp,2021-01-07,06011,quantile,0.75,17.134012166783503
2946,2020-12-27,11 day ahead inc hosp,2021-01-07,06011,quantile,0.8,18.425401953395063
2947,2020-12-27,11 day ahead inc hosp,2021-01-07,06011,quantile,0.85,19.930674469266663
2948,2020-12-27,11 day ahead inc hosp,2021-01-07,06011,quantile,0.9,21.824651011981594
2949,2020-12-27,11 day ahead inc hosp,2021-01-07,06011,quantile,0.95,24.631809556119755
2950,2020-12-27,11 day ahead inc hosp,2021-01-07,06011,quantile,0.975,27.06660095043714
2951,2020-12-27,11 day ahead inc hosp,2021-01-07,06011,quantile,0.99,29.897572131453533
2952,2020-12-27,12 day ahead inc hosp,2021-01-08,06011,point,NA,11.729338645935059
2953,2020-12-27,12 day ahead inc hosp,2021-01-08,06011,quantile,0.01,5.218283022511831
2954,2020-12-27,12 day ahead inc hosp,2021-01-08,06011,quantile,0.025,6.243729779931693
2955,2020-12-27,12 day ahead inc hosp,2021-01-08,06011,quantile,0.05,7.125670563023714
2956,2020-12-27,12 day ahead inc hosp,2021-01-08,06011,quantile,0.1,8.142491803011204
2957,2020-12-27,12 day ahead inc hosp,2021-01-08,06011,quantile,0.15,8.828536266261095
2958,2020-12-27,12 day ahead inc hosp,2021-01-08,06011,quantile,0.2,9.373782657600051
2959,2020-12-27,12 day ahead inc hosp,2021-01-08,06011,quantile,0.25,9.841555511709611
2960,2020-12-27,12 day ahead inc hosp,2021-01-08,06011,quantile,0.3,10.261629991827823
2961,2020-12-27,12 day ahead inc hosp,2021-01-08,06011,quantile,0.35,10.650891601269628
2962,2020-12-27,12 day ahead inc hosp,2021-01-08,06011,quantile,0.4,11.020262802654118
2963,2020-12-27,12 day ahead inc hosp,2021-01-08,06011,quantile,0.45,11.3776337146917
2964,2020-12-27,12 day ahead inc hosp,2021-01-08,06011,quantile,0.5,11.729338645935059
2965,2020-12-27,12 day ahead inc hosp,2021-01-08,06011,quantile,0.55,12.66745239026218
2966,2020-12-27,12 day ahead inc hosp,2021-01-08,06011,quantile,0.6,13.620679185291674
2967,2020-12-27,12 day ahead inc hosp,2021-01-08,06011,quantile,0.65,14.605914733603184
2968,2020-12-27,12 day ahead inc hosp,2021-01-08,06011,quantile,0.7,15.644204599671557
2969,2020-12-27,12 day ahead inc hosp,2021-01-08,06011,quantile,0.75,16.764682615282
2970,2020-12-27,12 day ahead inc hosp,2021-01-08,06011,quantile,0.8,18.01238802024166
2971,2020-12-27,12 day ahead inc hosp,2021-01-08,06011,quantile,0.85,19.466741054052008
2972,2020-12-27,12 day ahead inc hosp,2021-01-08,06011,quantile,0.9,21.296649261250057
2973,2020-12-27,12 day ahead inc hosp,2021-01-08,06011,quantile,0.95,24.008848880924923
2974,2020-12-27,12 day ahead inc hosp,2021-01-08,06011,quantile,0.975,26.361277569872613
2975,2020-12-27,12 day ahead inc hosp,2021-01-08,06011,quantile,0.99,29.09648430641284
2976,2020-12-27,13 day ahead inc hosp,2021-01-09,06011,point,NA,11.250115394592285
2977,2020-12-27,13 day ahead inc hosp,2021-01-09,06011,quantile,0.01,-0.9262216987742029
2978,2020-12-27,13 day ahead inc hosp,2021-01-09,06011,quantile,0.025,0.9914681677852784
2979,2020-12-27,13 day ahead inc hosp,2021-01-09,06011,quantile,0.05,2.640787247887081
2980,2020-12-27,13 day ahead inc hosp,2021-01-09,06011,quantile,0.1,4.5423465184363785
2981,2020-12-27,13 day ahead inc hosp,2021-01-09,06011,quantile,0.15,5.825319530603099
2982,2020-12-27,13 day ahead inc hosp,2021-01-09,06011,quantile,0.2,6.844985809601065
2983,2020-12-27,13 day ahead inc hosp,2021-01-09,06011,quantile,0.25,7.7197686841742605
2984,2020-12-27,13 day ahead inc hosp,2021-01-09,06011,quantile,0.3,8.505350741842323
2985,2020-12-27,13 day ahead inc hosp,2021-01-09,06011,quantile,0.35,9.23330959340222
2986,2020-12-27,13 day ahead inc hosp,2021-01-09,06011,quantile,0.4,9.92407135628126
2987,2020-12-27,13 day ahead inc hosp,2021-01-09,06011,quantile,0.45,10.592391355987486
2988,2020-12-27,13 day ahead inc hosp,2021-01-09,06011,quantile,0.5,11.250115394592285
2989,2020-12-27,13 day ahead inc hosp,2021-01-09,06011,quantile,0.55,12.196959422930979
2990,2020-12-27,13 day ahead inc hosp,2021-01-09,06011,quantile,0.6,13.159057147203727
2991,2020-12-27,13 day ahead inc hosp,2021-01-09,06011,quantile,0.65,14.15346150495553
2992,2020-12-27,13 day ahead inc hosp,2021-01-09,06011,quantile,0.7,15.201413915115097
2993,2020-12-27,13 day ahead inc hosp,2021-01-09,06011,quantile,0.75,16.332319335039948
2994,2020-12-27,13 day ahead inc hosp,2021-01-09,06011,quantile,0.8,17.591636149185263
2995,2020-12-27,13 day ahead inc hosp,2021-01-09,06011,quantile,0.85,19.059523698522156
2996,2020-12-27,13 day ahead inc hosp,2021-01-09,06011,quantile,0.9,20.906461416758233
2997,2020-12-27,13 day ahead inc hosp,2021-01-09,06011,quantile,0.95,23.64390133710988
2998,2020-12-27,13 day ahead inc hosp,2021-01-09,06011,quantile,0.975,26.018222222708218
2999,2020-12-27,13 day ahead inc hosp,2021-01-09,06011,quantile,0.99,28.778883368998613
3000,2020-12-27,14 day ahead inc hosp,2021-01-10,06011,point,NA,11.780694961547852
3001,2020-12-27,14 day ahead inc hosp,2021-01-10,06011,quantile,0.01,-0.6071746906396456
3002,2020-12-27,14 day ahead inc hosp,2021-01-10,06011,quantile,0.025,1.3438301081024733
3003,2020-12-27,14 day ahead inc hosp,2021-01-10,06011,quantile,0.05,3.021801867795112
3004,2020-12-27,14 day ahead inc hosp,2021-01-10,06011,quantile,0.1,4.956395842883614
3005,2020-12-27,14 day ahead inc hosp,2021-01-10,06011,quantile,0.15,6.261657213370323
3006,2020-12-27,14 day ahead inc hosp,2021-01-10,06011,quantile,0.2,7.29903757300568
3007,2020-12-27,14 day ahead inc hosp,2021-01-10,06011,quantile,0.25,8.189017551474109
3008,2020-12-27,14 day ahead inc hosp,2021-01-10,06011,quantile,0.3,8.988247078126332
3009,2020-12-27,14 day ahead inc hosp,2021-01-10,06011,quantile,0.35,9.728852343579511
3010,2020-12-27,14 day ahead inc hosp,2021-01-10,06011,quantile,0.4,10.431614316547769
3011,2020-12-27,14 day ahead inc hosp,2021-01-10,06011,quantile,0.45,11.11154465839261
3012,2020-12-27,14 day ahead inc hosp,2021-01-10,06011,quantile,0.5,11.780694961547852
3013,2020-12-27,14 day ahead inc hosp,2021-01-10,06011,quantile,0.55,12.730874196980405
3014,2020-12-27,14 day ahead inc hosp,2021-01-10,06011,quantile,0.6,13.696360858669392
3015,2020-12-27,14 day ahead inc hosp,2021-01-10,06011,quantile,0.65,14.694267952213865
3016,2020-12-27,14 day ahead inc hosp,2021-01-10,06011,quantile,0.7,15.74591171829667
3017,2020-12-27,14 day ahead inc hosp,2021-01-10,06011,quantile,0.75,16.8808006916539
3018,2020-12-27,14 day ahead inc hosp,2021-01-10,06011,quantile,0.8,18.144553381451644
3019,2020-12-27,14 day ahead inc hosp,2021-01-10,06011,quantile,0.85,19.617611485622287
3020,2020-12-27,14 day ahead inc hosp,2021-01-10,06011,quantile,0.9,21.471054942496842
3021,2020-12-27,14 day ahead inc hosp,2021-01-10,06011,quantile,0.95,24.21813734753247
3022,2020-12-27,14 day ahead inc hosp,2021-01-10,06011,quantile,0.975,26.600821650572048
3023,2020-12-27,14 day ahead inc hosp,2021-01-10,06011,quantile,0.99,29.371207077064117
3024,2020-12-27,15 day ahead inc hosp,2021-01-11,06011,point,NA,10.988336563110352
3025,2020-12-27,15 day ahead inc hosp,2021-01-11,06011,quantile,0.01,4.690986041228598
3026,2020-12-27,15 day ahead inc hosp,2021-01-11,06011,quantile,0.025,5.682775705836746
3027,2020-12-27,15 day ahead inc hosp,2021-01-11,06011,quantile,0.05,6.5357695323206535
3028,2020-12-27,15 day ahead inc hosp,2021-01-11,06011,quantile,0.1,7.519216785214663
3029,2020-12-27,15 day ahead inc hosp,2021-01-11,06011,quantile,0.15,8.182743977815944
3030,2020-12-27,15 day ahead inc hosp,2021-01-11,06011,quantile,0.2,8.71009435625539
3031,2020-12-27,15 day ahead inc hosp,2021-01-11,06011,quantile,0.25,9.162514024788372
3032,2020-12-27,15 day ahead inc hosp,2021-01-11,06011,quantile,0.3,9.56880086974867
3033,2020-12-27,15 day ahead inc hosp,2021-01-11,06011,quantile,0.35,9.94528618044827
3034,2020-12-27,15 day ahead inc hosp,2021-01-11,06011,quantile,0.4,10.302533923723388
3035,2020-12-27,15 day ahead inc hosp,2021-01-11,06011,quantile,0.45,10.648175249736514
3036,2020-12-27,15 day ahead inc hosp,2021-01-11,06011,quantile,0.5,10.988336563110352
3037,2020-12-27,15 day ahead inc hosp,2021-01-11,06011,quantile,0.55,11.825432857989242
3038,2020-12-27,15 day ahead inc hosp,2021-01-11,06011,quantile,0.6,12.676014808337712
3039,2020-12-27,15 day ahead inc hosp,2021-01-11,06011,quantile,0.65,13.555158762961351
3040,2020-12-27,15 day ahead inc hosp,2021-01-11,06011,quantile,0.7,14.481644069409501
3041,2020-12-27,15 day ahead inc hosp,2021-01-11,06011,quantile,0.75,15.481467386179594
3042,2020-12-27,15 day ahead inc hosp,2021-01-11,06011,quantile,0.8,16.594818062372113
3043,2020-12-27,15 day ahead inc hosp,2021-01-11,06011,quantile,0.85,17.892564250838568
3044,2020-12-27,15 day ahead inc hosp,2021-01-11,06011,quantile,0.9,19.525425286589275
3045,2020-12-27,15 day ahead inc hosp,2021-01-11,06011,quantile,0.95,21.94557131507565
3046,2020-12-27,15 day ahead inc hosp,2021-01-11,06011,quantile,0.975,24.044687068781364
3047,2020-12-27,15 day ahead inc hosp,2021-01-11,06011,quantile,0.99,26.485362774399434
3048,2020-12-27,16 day ahead inc hosp,2021-01-12,06011,point,NA,11.482186317443848
3049,2020-12-27,16 day ahead inc hosp,2021-01-12,06011,quantile,0.01,5.17001680235163
3050,2020-12-27,16 day ahead inc hosp,2021-01-12,06011,quantile,0.025,6.164140357102143
3051,2020-12-27,16 day ahead inc hosp,2021-01-12,06011,quantile,0.05,7.019141457864227
3052,2020-12-27,16 day ahead inc hosp,2021-01-12,06011,quantile,0.1,8.004902969447322
3053,2020-12-27,16 day ahead inc hosp,2021-01-12,06011,quantile,0.15,8.669991581399161
3054,2020-12-27,16 day ahead inc hosp,2021-01-12,06011,quantile,0.2,9.19858292644043
3055,2020-12-27,16 day ahead inc hosp,2021-01-12,06011,quantile,0.25,9.652067233820016
3056,2020-12-27,16 day ahead inc hosp,2021-01-12,06011,quantile,0.3,10.05931015736861
3057,2020-12-27,16 day ahead inc hosp,2021-01-12,06011,quantile,0.35,10.436681417364461
3058,2020-12-27,16 day ahead inc hosp,2021-01-12,06011,quantile,0.4,10.794769839884548
3059,2020-12-27,16 day ahead inc hosp,2021-01-12,06011,quantile,0.45,11.141224532796285
3060,2020-12-27,16 day ahead inc hosp,2021-01-12,06011,quantile,0.5,11.482186317443848
3061,2020-12-27,16 day ahead inc hosp,2021-01-12,06011,quantile,0.55,12.193226632350758
3062,2020-12-27,16 day ahead inc hosp,2021-01-12,06011,quantile,0.6,12.915721835745977
3063,2020-12-27,16 day ahead inc hosp,2021-01-12,06011,quantile,0.65,13.662477971411992
3064,2020-12-27,16 day ahead inc hosp,2021-01-12,06011,quantile,0.7,14.449446457694478
3065,2020-12-27,16 day ahead inc hosp,2021-01-12,06011,quantile,0.75,15.298709189302112
3066,2020-12-27,16 day ahead inc hosp,2021-01-12,06011,quantile,0.8,16.244403514130394
3067,2020-12-27,16 day ahead inc hosp,2021-01-12,06011,quantile,0.85,17.346725748933657
3068,2020-12-27,16 day ahead inc hosp,2021-01-12,06011,quantile,0.9,18.73369882737427
3069,2020-12-27,16 day ahead inc hosp,2021-01-12,06011,quantile,0.95,20.789401862667987
3070,2020-12-27,16 day ahead inc hosp,2021-01-12,06011,quantile,0.975,22.572417670612644
3071,2020-12-27,16 day ahead inc hosp,2021-01-12,06011,quantile,0.99,24.645558876618573
3072,2020-12-27,17 day ahead inc hosp,2021-01-13,06011,point,NA,12.295822143554688
3073,2020-12-27,17 day ahead inc hosp,2021-01-13,06011,quantile,0.01,5.8544953242497755
3074,2020-12-27,17 day ahead inc hosp,2021-01-13,06011,quantile,0.025,6.868960271619565
3075,2020-12-27,17 day ahead inc hosp,2021-01-13,06011,quantile,0.05,7.741456092225481
3076,2020-12-27,17 day ahead inc hosp,2021-01-13,06011,quantile,0.1,8.74738789535862
3077,2020-12-27,17 day ahead inc hosp,2021-01-13,06011,quantile,0.15,9.426085307260598
3078,2020-12-27,17 day ahead inc hosp,2021-01-13,06011,quantile,0.2,9.965492495094502
3079,2020-12-27,17 day ahead inc hosp,2021-01-13,06011,quantile,0.25,10.428255832529263
3080,2020-12-27,17 day ahead inc hosp,2021-01-13,06011,quantile,0.3,10.843831611847886
3081,2020-12-27,17 day ahead inc hosp,2021-01-13,06011,quantile,0.35,11.228924504558428
3082,2020-12-27,17 day ahead inc hosp,2021-01-13,06011,quantile,0.4,11.594340001424648
3083,2020-12-27,17 day ahead inc hosp,2021-01-13,06011,quantile,0.45,11.947883723561807
3084,2020-12-27,17 day ahead inc hosp,2021-01-13,06011,quantile,0.5,12.295822143554688
3085,2020-12-27,17 day ahead inc hosp,2021-01-13,06011,quantile,0.55,13.08916557381651
3086,2020-12-27,17 day ahead inc hosp,2021-01-13,06011,quantile,0.6,13.895289799113524
3087,2020-12-27,17 day ahead inc hosp,2021-01-13,06011,quantile,0.65,14.728483166378364
3088,2020-12-27,17 day ahead inc hosp,2021-01-13,06011,quantile,0.7,15.606543475092419
3089,2020-12-27,17 day ahead inc hosp,2021-01-13,06011,quantile,0.75,16.55410860545403
3090,2020-12-27,17 day ahead inc hosp,2021-01-13,06011,quantile,0.8,17.609267312927084
3091,2020-12-27,17 day ahead inc hosp,2021-01-13,06011,quantile,0.85,18.83918365476938
3092,2020-12-27,17 day ahead inc hosp,2021-01-13,06011,quantile,0.9,20.38669925502748
3093,2020-12-27,17 day ahead inc hosp,2021-01-13,06011,quantile,0.95,22.68035049171309
3094,2020-12-27,17 day ahead inc hosp,2021-01-13,06011,quantile,0.975,24.66975087820322
3095,2020-12-27,17 day ahead inc hosp,2021-01-13,06011,quantile,0.99,26.982858758739084
3096,2020-12-27,18 day ahead inc hosp,2021-01-14,06011,point,NA,12.7532377243042
3097,2020-12-27,18 day ahead inc hosp,2021-01-14,06011,quantile,0.01,5.520639453324078
3098,2020-12-27,18 day ahead inc hosp,2021-01-14,06011,quantile,0.025,6.659724245967535
3099,2020-12-27,18 day ahead inc hosp,2021-01-14,06011,quantile,0.05,7.63940000851993
3100,2020-12-27,18 day ahead inc hosp,2021-01-14,06011,quantile,0.1,8.768903420497054
3101,2020-12-27,18 day ahead inc hosp,2021-01-14,06011,quantile,0.15,9.53097401022854
3102,2020-12-27,18 day ahead inc hosp,2021-01-14,06011,quantile,0.2,10.136643556817814
3103,2020-12-27,18 day ahead inc hosp,2021-01-14,06011,quantile,0.25,10.656254097952385
3104,2020-12-27,18 day ahead inc hosp,2021-01-14,06011,quantile,0.3,11.122880423130127
3105,2020-12-27,18 day ahead inc hosp,2021-01-14,06011,quantile,0.35,11.55527925463136
3106,2020-12-27,18 day ahead inc hosp,2021-01-14,06011,quantile,0.4,11.965583461352105
3107,2020-12-27,18 day ahead inc hosp,2021-01-14,06011,quantile,0.45,12.362557529766327
3108,2020-12-27,18 day ahead inc hosp,2021-01-14,06011,quantile,0.5,12.7532377243042
3109,2020-12-27,18 day ahead inc hosp,2021-01-14,06011,quantile,0.55,13.720782554560643
3110,2020-12-27,18 day ahead inc hosp,2021-01-14,06011,quantile,0.6,14.703914571514762
3111,2020-12-27,18 day ahead inc hosp,2021-01-14,06011,quantile,0.65,15.720059540201277
3112,2020-12-27,18 day ahead inc hosp,2021-01-14,06011,quantile,0.7,16.79092327959001
3113,2020-12-27,18 day ahead inc hosp,2021-01-14,06011,quantile,0.75,17.94655362609717
3114,2020-12-27,18 day ahead inc hosp,2021-01-14,06011,quantile,0.8,19.233402818481228
3115,2020-12-27,18 day ahead inc hosp,2021-01-14,06011,quantile,0.85,20.733382717230374
3116,2020-12-27,18 day ahead inc hosp,2021-01-14,06011,quantile,0.9,22.62069993907562
3117,2020-12-27,18 day ahead inc hosp,2021-01-14,06011,quantile,0.95,25.417988366527602
3118,2020-12-27,18 day ahead inc hosp,2021-01-14,06011,quantile,0.975,27.844218906589496
3119,2020-12-27,18 day ahead inc hosp,2021-01-14,06011,quantile,0.99,30.665236244439395
3120,2020-12-27,19 day ahead inc hosp,2021-01-15,06011,point,NA,12.190964698791504
3121,2020-12-27,19 day ahead inc hosp,2021-01-15,06011,quantile,0.01,5.873745145029428
3122,2020-12-27,19 day ahead inc hosp,2021-01-15,06011,quantile,0.025,6.86866404635327
3123,2020-12-27,19 day ahead inc hosp,2021-01-15,06011,quantile,0.05,7.724349189045993
3124,2020-12-27,19 day ahead inc hosp,2021-01-15,06011,quantile,0.1,8.71089935716641
3125,2020-12-27,19 day ahead inc hosp,2021-01-15,06011,quantile,0.15,9.376520071939822
3126,2020-12-27,19 day ahead inc hosp,2021-01-15,06011,quantile,0.2,9.905534315435677
3127,2020-12-27,19 day ahead inc hosp,2021-01-15,06011,quantile,0.25,10.359381432033704
3128,2020-12-27,19 day ahead inc hosp,2021-01-15,06011,quantile,0.3,10.76695016947355
3129,2020-12-27,19 day ahead inc hosp,2021-01-15,06011,quantile,0.35,11.144623344595619
3130,2020-12-27,19 day ahead inc hosp,2021-01-15,06011,quantile,0.4,11.502998255046146
3131,2020-12-27,19 day ahead inc hosp,2021-01-15,06011,quantile,0.45,11.84973012834608
3132,2020-12-27,19 day ahead inc hosp,2021-01-15,06011,quantile,0.5,12.190964698791504
3133,2020-12-27,19 day ahead inc hosp,2021-01-15,06011,quantile,0.55,13.11890941999833
3134,2020-12-27,19 day ahead inc hosp,2021-01-15,06011,quantile,0.6,14.061803368530096
3135,2020-12-27,19 day ahead inc hosp,2021-01-15,06011,quantile,0.65,15.036359099889449
3136,2020-12-27,19 day ahead inc hosp,2021-01-15,06011,quantile,0.7,16.063394047545778
3137,2020-12-27,19 day ahead inc hosp,2021-01-15,06011,quantile,0.75,17.171726236580895
3138,2020-12-27,19 day ahead inc hosp,2021-01-15,06011,quantile,0.8,18.40590668767747
3139,2020-12-27,19 day ahead inc hosp,2021-01-15,06011,quantile,0.85,19.84449473593535
3140,2020-12-27,19 day ahead inc hosp,2021-01-15,06011,quantile,0.9,21.654566991491556
3141,2020-12-27,19 day ahead inc hosp,2021-01-15,06011,quantile,0.95,24.33736674275376
3142,2020-12-27,19 day ahead inc hosp,2021-01-15,06011,quantile,0.975,26.664295430372807
3143,2020-12-27,19 day ahead inc hosp,2021-01-15,06011,quantile,0.99,29.36985290453855
3144,2020-12-27,20 day ahead inc hosp,2021-01-16,06011,point,NA,12.200498580932617
3145,2020-12-27,20 day ahead inc hosp,2021-01-16,06011,quantile,0.01,0.27416086482858226
3146,2020-12-27,20 day ahead inc hosp,2021-01-16,06011,quantile,0.025,2.152477538222808
3147,2020-12-27,20 day ahead inc hosp,2021-01-16,06011,quantile,0.05,3.767933500067384
3148,2020-12-27,20 day ahead inc hosp,2021-01-16,06011,quantile,0.1,5.630450763991885
3149,2020-12-27,20 day ahead inc hosp,2021-01-16,06011,quantile,0.15,6.8870823196411965
3150,2020-12-27,20 day ahead inc hosp,2021-01-16,06011,quantile,0.2,7.885813244040292
3151,2020-12-27,20 day ahead inc hosp,2021-01-16,06011,quantile,0.25,8.742635448486977
3152,2020-12-27,20 day ahead inc hosp,2021-01-16,06011,quantile,0.3,9.512088269283586
3153,2020-12-27,20 day ahead inc hosp,2021-01-16,06011,quantile,0.35,10.22510097914527
3154,2020-12-27,20 day ahead inc hosp,2021-01-16,06011,quantile,0.4,10.901680315139089
3155,2020-12-27,20 day ahead inc hosp,2021-01-16,06011,quantile,0.45,11.556278652701973
3156,2020-12-27,20 day ahead inc hosp,2021-01-16,06011,quantile,0.5,12.200498580932617
3157,2020-12-27,20 day ahead inc hosp,2021-01-16,06011,quantile,0.55,13.142978935305514
3158,2020-12-27,20 day ahead inc hosp,2021-01-16,06011,quantile,0.6,14.100642686646808
3159,2020-12-27,20 day ahead inc hosp,2021-01-16,06011,quantile,0.65,15.09046418145865
3160,2020-12-27,20 day ahead inc hosp,2021-01-16,06011,quantile,0.7,16.133586944376702
3161,2020-12-27,20 day ahead inc hosp,2021-01-16,06011,quantile,0.75,17.259280415563424
3162,2020-12-27,20 day ahead inc hosp,2021-01-16,06011,quantile,0.8,18.5127934776312
3163,2020-12-27,20 day ahead inc hosp,2021-01-16,06011,quantile,0.85,19.973916045099855
3164,2020-12-27,20 day ahead inc hosp,2021-01-16,06011,quantile,0.9,21.812341871412553
3165,2020-12-27,20 day ahead inc hosp,2021-01-16,06011,quantile,0.95,24.53716588570591
3166,2020-12-27,20 day ahead inc hosp,2021-01-16,06011,quantile,0.975,26.900544354258948
3167,2020-12-27,20 day ahead inc hosp,2021-01-16,06011,quantile,0.99,29.64848257595785
3168,2020-12-27,21 day ahead inc hosp,2021-01-17,06011,point,NA,14.168645858764648
3169,2020-12-27,21 day ahead inc hosp,2021-01-17,06011,quantile,0.01,2.1812639629786137
3170,2020-12-27,21 day ahead inc hosp,2021-01-17,06011,quantile,0.025,4.069194677433872
3171,2020-12-27,21 day ahead inc hosp,2021-01-17,06011,quantile,0.05,5.69291924497708
3172,2020-12-27,21 day ahead inc hosp,2021-01-17,06011,quantile,0.1,7.56496968171844
3173,2020-12-27,21 day ahead inc hosp,2021-01-17,06011,quantile,0.15,8.828033223808447
3174,2020-12-27,21 day ahead inc hosp,2021-01-17,06011,quantile,0.2,9.831876087132486
3175,2020-12-27,21 day ahead inc hosp,2021-01-17,06011,quantile,0.25,10.693083880001101
3176,2020-12-27,21 day ahead inc hosp,2021-01-17,06011,quantile,0.3,11.466475094742911
3177,2020-12-27,21 day ahead inc hosp,2021-01-17,06011,quantile,0.35,12.183137313532853
3178,2020-12-27,21 day ahead inc hosp,2021-01-17,06011,quantile,0.4,12.863179676613335
3179,2020-12-27,21 day ahead inc hosp,2021-01-17,06011,quantile,0.45,13.52112853295985
3180,2020-12-27,21 day ahead inc hosp,2021-01-17,06011,quantile,0.5,14.168645858764648
3181,2020-12-27,21 day ahead inc hosp,2021-01-17,06011,quantile,0.55,15.108439280518605
3182,2020-12-27,21 day ahead inc hosp,2021-01-17,06011,quantile,0.6,16.063372812646822
3183,2020-12-27,21 day ahead inc hosp,2021-01-17,06011,quantile,0.65,17.050372409210073
3184,2020-12-27,21 day ahead inc hosp,2021-01-17,06011,quantile,0.7,18.090521316424674
3185,2020-12-27,21 day ahead inc hosp,2021-01-17,06011,quantile,0.75,19.21300552972859
3186,2020-12-27,21 day ahead inc hosp,2021-01-17,06011,quantile,0.8,20.46294493095653
3187,2020-12-27,21 day ahead inc hosp,2021-01-17,06011,quantile,0.85,21.91990196025923
3188,2020-12-27,21 day ahead inc hosp,2021-01-17,06011,quantile,0.9,23.7530865883896
3189,2020-12-27,21 day ahead inc hosp,2021-01-17,06011,quantile,0.95,26.470142357444843
3190,2020-12-27,21 day ahead inc hosp,2021-01-17,06011,quantile,0.975,28.826783031763128
3191,2020-12-27,21 day ahead inc hosp,2021-01-17,06011,quantile,0.99,31.566887111552912
3192,2020-12-27,22 day ahead inc hosp,2021-01-18,06011,point,NA,10.771932601928711
3193,2020-12-27,22 day ahead inc hosp,2021-01-18,06011,quantile,0.01,4.035863229139766
3194,2020-12-27,22 day ahead inc hosp,2021-01-18,06011,quantile,0.025,5.096748114108697
3195,2020-12-27,22 day ahead inc hosp,2021-01-18,06011,quantile,0.05,6.009167641938848
3196,2020-12-27,22 day ahead inc hosp,2021-01-18,06011,quantile,0.1,7.061128922632054
3197,2020-12-27,22 day ahead inc hosp,2021-01-18,06011,quantile,0.15,7.770882204518376
3198,2020-12-27,22 day ahead inc hosp,2021-01-18,06011,quantile,0.2,8.33497161332472
3199,2020-12-27,22 day ahead inc hosp,2021-01-18,06011,quantile,0.25,8.81891009860721
3200,2020-12-27,22 day ahead inc hosp,2021-01-18,06011,quantile,0.3,9.25350181513855
3201,2020-12-27,22 day ahead inc hosp,2021-01-18,06011,quantile,0.35,9.656215807617835
3202,2020-12-27,22 day ahead inc hosp,2021-01-18,06011,quantile,0.4,10.03835200499349
3203,2020-12-27,22 day ahead inc hosp,2021-01-18,06011,quantile,0.45,10.408073198380619
3204,2020-12-27,22 day ahead inc hosp,2021-01-18,06011,quantile,0.5,10.771932601928711
3205,2020-12-27,22 day ahead inc hosp,2021-01-18,06011,quantile,0.55,11.705341068372713
3206,2020-12-27,22 day ahead inc hosp,2021-01-18,06011,quantile,0.6,12.653786783300383
3207,2020-12-27,22 day ahead inc hosp,2021-01-18,06011,quantile,0.65,13.634080705862171
3208,2020-12-27,22 day ahead inc hosp,2021-01-18,06011,quantile,0.7,14.667162842726466
3209,2020-12-27,22 day ahead inc hosp,2021-01-18,06011,quantile,0.75,15.782020899715413
3210,2020-12-27,22 day ahead inc hosp,2021-01-18,06011,quantile,0.8,17.023468214244026
3211,2020-12-27,22 day ahead inc hosp,2021-01-18,06011,quantile,0.85,18.470526679346033
3212,2020-12-27,22 day ahead inc hosp,2021-01-18,06011,quantile,0.9,20.29125665344864
3213,2020-12-27,22 day ahead inc hosp,2021-01-18,06011,quantile,0.95,22.98985274907087
3214,2020-12-27,22 day ahead inc hosp,2021-01-18,06011,quantile,0.975,25.33048240965056
3215,2020-12-27,22 day ahead inc hosp,2021-01-18,06011,quantile,0.99,28.051970225813566
3216,2020-12-27,23 day ahead inc hosp,2021-01-19,06011,point,NA,11.381979942321777
3217,2020-12-27,23 day ahead inc hosp,2021-01-19,06011,quantile,0.01,4.831322697698343
3218,2020-12-27,23 day ahead inc hosp,2021-01-19,06011,quantile,0.025,5.863006439778914
3219,2020-12-27,23 day ahead inc hosp,2021-01-19,06011,quantile,0.05,6.750311373760291
3220,2020-12-27,23 day ahead inc hosp,2021-01-19,06011,quantile,0.1,7.773317136182122
3221,2020-12-27,23 day ahead inc hosp,2021-01-19,06011,quantile,0.15,8.463534267357378
3222,2020-12-27,23 day ahead inc hosp,2021-01-19,06011,quantile,0.2,9.01209696288715
3223,2020-12-27,23 day ahead inc hosp,2021-01-19,06011,quantile,0.25,9.482714910703102
3224,2020-12-27,23 day ahead inc hosp,2021-01-19,06011,quantile,0.3,9.905344372900975
3225,2020-12-27,23 day ahead inc hosp,2021-01-19,06011,quantile,0.35,10.296973554008032
3226,2020-12-27,23 day ahead inc hosp,2021-01-19,06011,quantile,0.4,10.668591349377508
3227,2020-12-27,23 day ahead inc hosp,2021-01-19,06011,quantile,0.45,11.028135867095186
3228,2020-12-27,23 day ahead inc hosp,2021-01-19,06011,quantile,0.5,11.381979942321777
3229,2020-12-27,23 day ahead inc hosp,2021-01-19,06011,quantile,0.55,12.154446046347235
3230,2020-12-27,23 day ahead inc hosp,2021-01-19,06011,quantile,0.6,12.939356610830284
3231,2020-12-27,23 day ahead inc hosp,2021-01-19,06011,quantile,0.65,13.750623975959297
3232,2020-12-27,23 day ahead inc hosp,2021-01-19,06011,quantile,0.7,14.605577581042901
3233,2020-12-27,23 day ahead inc hosp,2021-01-19,06011,quantile,0.75,15.528206945124536
3234,2020-12-27,23 day ahead inc hosp,2021-01-19,06011,quantile,0.8,16.5555984943572
3235,2020-12-27,23 day ahead inc hosp,2021-01-19,06011,quantile,0.85,17.75314882202124
3236,2020-12-27,23 day ahead inc hosp,2021-01-19,06011,quantile,0.9,19.259940585905237
3237,2020-12-27,23 day ahead inc hosp,2021-01-19,06011,quantile,0.95,21.493232962462738
3238,2020-12-27,23 day ahead inc hosp,2021-01-19,06011,quantile,0.975,23.430281039348696
3239,2020-12-27,23 day ahead inc hosp,2021-01-19,06011,quantile,0.99,25.68251804606146
3240,2020-12-27,24 day ahead inc hosp,2021-01-20,06011,point,NA,12.22878646850586
3241,2020-12-27,24 day ahead inc hosp,2021-01-20,06011,quantile,0.01,5.682744421221457
3242,2020-12-27,24 day ahead inc hosp,2021-01-20,06011,quantile,0.025,6.71370130126615
3243,2020-12-27,24 day ahead inc hosp,2021-01-20,06011,quantile,0.05,7.600381093797242
3244,2020-12-27,24 day ahead inc hosp,2021-01-20,06011,quantile,0.1,8.622666108163385
3245,2020-12-27,24 day ahead inc hosp,2021-01-20,06011,quantile,0.15,9.312396954047227
3246,2020-12-27,24 day ahead inc hosp,2021-01-20,06011,quantile,0.2,9.860573165442938
3247,2020-12-27,24 day ahead inc hosp,2021-01-20,06011,quantile,0.25,10.33085954428507
3248,2020-12-27,24 day ahead inc hosp,2021-01-20,06011,quantile,0.3,10.753191247296881
3249,2020-12-27,24 day ahead inc hosp,2021-01-20,06011,quantile,0.35,11.14454451014306
3250,2020-12-27,24 day ahead inc hosp,2021-01-20,06011,quantile,0.4,11.515900486065071
3251,2020-12-27,24 day ahead inc hosp,2021-01-20,06011,quantile,0.45,11.875191690437314
3252,2020-12-27,24 day ahead inc hosp,2021-01-20,06011,quantile,0.5,12.22878646850586
3253,2020-12-27,24 day ahead inc hosp,2021-01-20,06011,quantile,0.55,13.05564153666502
3254,2020-12-27,24 day ahead inc hosp,2021-01-20,06011,quantile,0.6,13.895817273713396
3255,2020-12-27,24 day ahead inc hosp,2021-01-20,06011,quantile,0.65,14.764205580971659
3256,2020-12-27,24 day ahead inc hosp,2021-01-20,06011,quantile,0.7,15.679356055174246
3257,2020-12-27,24 day ahead inc hosp,2021-01-20,06011,quantile,0.75,16.66694730577781
3258,2020-12-27,24 day ahead inc hosp,2021-01-20,06011,quantile,0.8,17.766676996232835
3259,2020-12-27,24 day ahead inc hosp,2021-01-20,06011,quantile,0.85,19.048546262268673
3260,2020-12-27,24 day ahead inc hosp,2021-01-20,06011,quantile,0.9,20.66143050422488
3261,2020-12-27,24 day ahead inc hosp,2021-01-20,06011,quantile,0.95,23.05196791501194
3262,2020-12-27,24 day ahead inc hosp,2021-01-20,06011,quantile,0.975,25.125402608514456
3263,2020-12-27,24 day ahead inc hosp,2021-01-20,06011,quantile,0.99,27.53621853168756
3264,2020-12-27,25 day ahead inc hosp,2021-01-21,06011,point,NA,13.318817138671875
3265,2020-12-27,25 day ahead inc hosp,2021-01-21,06011,quantile,0.01,5.727713821563504
3266,2020-12-27,25 day ahead inc hosp,2021-01-21,06011,quantile,0.025,6.9232607085789315
3267,2020-12-27,25 day ahead inc hosp,2021-01-21,06011,quantile,0.05,7.9514969871845675
3268,2020-12-27,25 day ahead inc hosp,2021-01-21,06011,quantile,0.1,9.13698756416678
3269,2020-12-27,25 day ahead inc hosp,2021-01-21,06011,quantile,0.15,9.936832428327536
3270,2020-12-27,25 day ahead inc hosp,2021-01-21,06011,quantile,0.2,10.572523770764326
3271,2020-12-27,25 day ahead inc hosp,2021-01-21,06011,quantile,0.25,11.117890339544676
3272,2020-12-27,25 day ahead inc hosp,2021-01-21,06011,quantile,0.3,11.607646373571825
3273,2020-12-27,25 day ahead inc hosp,2021-01-21,06011,quantile,0.35,12.061478327337728
3274,2020-12-27,25 day ahead inc hosp,2021-01-21,06011,quantile,0.4,12.492120471138048
3275,2020-12-27,25 day ahead inc hosp,2021-01-21,06011,quantile,0.45,12.908771729045785
3276,2020-12-27,25 day ahead inc hosp,2021-01-21,06011,quantile,0.5,13.318817138671875
3277,2020-12-27,25 day ahead inc hosp,2021-01-21,06011,quantile,0.55,14.323757201755216
3278,2020-12-27,25 day ahead inc hosp,2021-01-21,06011,quantile,0.6,15.34488689026305
3279,2020-12-27,25 day ahead inc hosp,2021-01-21,06011,quantile,0.65,16.4003054682973
3280,2020-12-27,25 day ahead inc hosp,2021-01-21,06011,quantile,0.7,17.512557676321347
3281,2020-12-27,25 day ahead inc hosp,2021-01-21,06011,quantile,0.75,18.712852687987237
3282,2020-12-27,25 day ahead inc hosp,2021-01-21,06011,quantile,0.8,20.04943810308415
3283,2020-12-27,25 day ahead inc hosp,2021-01-21,06011,quantile,0.85,21.607391643772473
3284,2020-12-27,25 day ahead inc hosp,2021-01-21,06011,quantile,0.9,23.56765294502582
3285,2020-12-27,25 day ahead inc hosp,2021-01-21,06011,quantile,0.95,26.473055486426226
3286,2020-12-27,25 day ahead inc hosp,2021-01-21,06011,quantile,0.975,28.993058896850414
3287,2020-12-27,25 day ahead inc hosp,2021-01-21,06011,quantile,0.99,31.923107461842164
3288,2020-12-27,26 day ahead inc hosp,2021-01-22,06011,point,NA,11.933152198791504
3289,2020-12-27,26 day ahead inc hosp,2021-01-22,06011,quantile,0.01,5.574292705090974
3290,2020-12-27,26 day ahead inc hosp,2021-01-22,06011,quantile,0.025,6.575769612344828
3291,2020-12-27,26 day ahead inc hosp,2021-01-22,06011,quantile,0.05,7.437095001928563
3292,2020-12-27,26 day ahead inc hosp,2021-01-22,06011,quantile,0.1,8.430148013490973
3293,2020-12-27,26 day ahead inc hosp,2021-01-22,06011,quantile,0.15,9.10015616586238
3294,2020-12-27,26 day ahead inc hosp,2021-01-22,06011,quantile,0.2,9.632657405676516
3295,2020-12-27,26 day ahead inc hosp,2021-01-22,06011,quantile,0.25,10.089496054627592
3296,2020-12-27,26 day ahead inc hosp,2021-01-22,06011,quantile,0.3,10.499751280577666
3297,2020-12-27,26 day ahead inc hosp,2021-01-22,06011,quantile,0.35,10.87991388767129
3298,2020-12-27,26 day ahead inc hosp,2021-01-22,06011,quantile,0.4,11.240651025620735
3299,2020-12-27,26 day ahead inc hosp,2021-01-22,06011,quantile,0.45,11.589668381363708
3300,2020-12-27,26 day ahead inc hosp,2021-01-22,06011,quantile,0.5,11.933152198791504
3301,2020-12-27,26 day ahead inc hosp,2021-01-22,06011,quantile,0.55,12.868966872656646
3302,2020-12-27,26 day ahead inc hosp,2021-01-22,06011,quantile,0.6,13.8198575591052
3303,2020-12-27,26 day ahead inc hosp,2021-01-22,06011,quantile,0.65,14.80267855378618
3304,2020-12-27,26 day ahead inc hosp,2021-01-22,06011,quantile,0.7,15.838423844021946
3305,2020-12-27,26 day ahead inc hosp,2021-01-22,06011,quantile,0.75,16.95615586222582
3306,2020-12-27,26 day ahead inc hosp,2021-01-22,06011,quantile,0.8,18.200803468854367
3307,2020-12-27,26 day ahead inc hosp,2021-01-22,06011,quantile,0.85,19.65159226525583
3308,2020-12-27,26 day ahead inc hosp,2021-01-22,06011,quantile,0.9,21.477015847926474
3309,2020-12-27,26 day ahead inc hosp,2021-01-22,06011,quantile,0.95,24.182568578489764
3310,2020-12-27,26 day ahead inc hosp,2021-01-22,06011,quantile,0.975,26.529232082410175
3311,2020-12-27,26 day ahead inc hosp,2021-01-22,06011,quantile,0.99,29.257735545436493
3312,2020-12-27,27 day ahead inc hosp,2021-01-23,06011,point,NA,12.145608901977539
3313,2020-12-27,27 day ahead inc hosp,2021-01-23,06011,quantile,0.01,-0.10849823226021549
3314,2020-12-27,27 day ahead inc hosp,2021-01-23,06011,quantile,0.025,1.821439884175824
3315,2020-12-27,27 day ahead inc hosp,2021-01-23,06011,quantile,0.05,3.4812931348812928
3316,2020-12-27,27 day ahead inc hosp,2021-01-23,06011,quantile,0.1,5.394997629487365
3317,2020-12-27,27 day ahead inc hosp,2021-01-23,06011,quantile,0.15,6.68616496666561
3318,2020-12-27,27 day ahead inc hosp,2021-01-23,06011,quantile,0.2,7.712343835417348
3319,2020-12-27,27 day ahead inc hosp,2021-01-23,06011,quantile,0.25,8.592713932107293
3320,2020-12-27,27 day ahead inc hosp,2021-01-23,06011,quantile,0.3,9.383313487916553
3321,2020-12-27,27 day ahead inc hosp,2021-01-23,06011,quantile,0.35,10.115921799260974
3322,2020-12-27,27 day ahead inc hosp,2021-01-23,06011,quantile,0.4,10.811095444803865
3323,2020-12-27,27 day ahead inc hosp,2021-01-23,06011,quantile,0.45,11.483683992045666
3324,2020-12-27,27 day ahead inc hosp,2021-01-23,06011,quantile,0.5,12.145608901977539
3325,2020-12-27,27 day ahead inc hosp,2021-01-23,06011,quantile,0.55,13.1123221025605
3326,2020-12-27,27 day ahead inc hosp,2021-01-23,06011,quantile,0.6,14.094609092253163
3327,2020-12-27,27 day ahead inc hosp,2021-01-23,06011,quantile,0.65,15.109880658196888
3328,2020-12-27,27 day ahead inc hosp,2021-01-23,06011,quantile,0.7,16.17982396265167
3329,2020-12-27,27 day ahead inc hosp,2021-01-23,06011,quantile,0.75,17.334461015145287
3330,2020-12-27,27 day ahead inc hosp,2021-01-23,06011,quantile,0.8,18.620204127541918
3331,2020-12-27,27 day ahead inc hosp,2021-01-23,06011,quantile,0.85,20.118894754978335
3332,2020-12-27,27 day ahead inc hosp,2021-01-23,06011,quantile,0.9,22.004589779116692
3333,2020-12-27,27 day ahead inc hosp,2021-01-23,06011,quantile,0.95,24.79947386519987
3334,2020-12-27,27 day ahead inc hosp,2021-01-23,06011,quantile,0.975,27.223618997693322
3335,2020-12-27,27 day ahead inc hosp,2021-01-23,06011,quantile,0.99,30.04221159856546
3336,2020-12-27,28 day ahead inc hosp,2021-01-24,06011,point,NA,11.878793716430664
3337,2020-12-27,28 day ahead inc hosp,2021-01-24,06011,quantile,0.01,-0.2531352060252381
3338,2020-12-27,28 day ahead inc hosp,2021-01-24,06011,quantile,0.025,1.6575606771470657
3339,2020-12-27,28 day ahead inc hosp,2021-01-24,06011,quantile,0.05,3.300864545692747
3340,2020-12-27,28 day ahead inc hosp,2021-01-24,06011,quantile,0.1,5.195488662555378
3341,2020-12-27,28 day ahead inc hosp,2021-01-24,06011,quantile,0.15,6.473782559454419
3342,2020-12-27,28 day ahead inc hosp,2021-01-24,06011,quantile,0.2,7.4897300259686075
3343,2020-12-27,28 day ahead inc hosp,2021-01-24,06011,quantile,0.25,8.361322490560063
3344,2020-12-27,28 day ahead inc hosp,2021-01-24,06011,quantile,0.3,9.144039461460759
3345,2020-12-27,28 day ahead inc hosp,2021-01-24,06011,quantile,0.35,9.869343383147406
3346,2020-12-27,28 day ahead inc hosp,2021-01-24,06011,quantile,0.4,10.55758587720289
3347,2020-12-27,28 day ahead inc hosp,2021-01-24,06011,quantile,0.45,11.223468455167064
3348,2020-12-27,28 day ahead inc hosp,2021-01-24,06011,quantile,0.5,11.878793716430664
3349,2020-12-27,28 day ahead inc hosp,2021-01-24,06011,quantile,0.55,12.802607013589872
3350,2020-12-27,28 day ahead inc hosp,2021-01-24,06011,quantile,0.6,13.741302980664024
3351,2020-12-27,28 day ahead inc hosp,2021-01-24,06011,quantile,0.65,14.711519765001784
3352,2020-12-27,28 day ahead inc hosp,2021-01-24,06011,quantile,0.7,15.733982116054543
3353,2020-12-27,28 day ahead inc hosp,2021-01-24,06011,quantile,0.75,16.837379754405895
3354,2020-12-27,28 day ahead inc hosp,2021-01-24,06011,quantile,0.8,18.06606534931305
3355,2020-12-27,28 day ahead inc hosp,2021-01-24,06011,quantile,0.85,19.498248471586265
3356,2020-12-27,28 day ahead inc hosp,2021-01-24,06011,quantile,0.9,21.300261867736708
3357,2020-12-27,28 day ahead inc hosp,2021-01-24,06011,quantile,0.95,23.971117175376342
3358,2020-12-27,28 day ahead inc hosp,2021-01-24,06011,quantile,0.975,26.287685839475223
3359,2020-12-27,28 day ahead inc hosp,2021-01-24,06011,quantile,0.99,28.981197547384067
3360,2020-12-27,1 day ahead inc hosp,2020-12-28,06013,point,NA,274.81646728515625
3361,2020-12-27,1 day ahead inc hosp,2020-12-28,06013,quantile,0.01,179.1900665076086
3362,2020-12-27,1 day ahead inc hosp,2020-12-28,06013,quantile,0.025,194.25057102062533
3363,2020-12-27,1 day ahead inc hosp,2020-12-28,06013,quantile,0.05,207.20343575773862
3364,2020-12-27,1 day ahead inc hosp,2020-12-28,06013,quantile,0.1,222.13725924779885
3365,2020-12-27,1 day ahead inc hosp,2020-12-28,06013,quantile,0.15,232.2130390580564
3366,2020-12-27,1 day ahead inc hosp,2020-12-28,06013,quantile,0.2,240.22094944252916
3367,2020-12-27,1 day ahead inc hosp,2020-12-28,06013,quantile,0.25,247.0910235145458
3368,2020-12-27,1 day ahead inc hosp,2020-12-28,06013,quantile,0.3,253.26056235978214
3369,2020-12-27,1 day ahead inc hosp,2020-12-28,06013,quantile,0.35,258.97755954498274
3370,2020-12-27,1 day ahead inc hosp,2020-12-28,06013,quantile,0.4,264.40243080736445
3371,2020-12-27,1 day ahead inc hosp,2020-12-28,06013,quantile,0.45,269.65105653524245
3372,2020-12-27,1 day ahead inc hosp,2020-12-28,06013,quantile,0.5,274.81646728515625
3373,2020-12-27,1 day ahead inc hosp,2020-12-28,06013,quantile,0.55,288.656873144036
3374,2020-12-27,1 day ahead inc hosp,2020-12-28,06013,quantile,0.6,302.72024850608267
3375,2020-12-27,1 day ahead inc hosp,2020-12-28,06013,quantile,0.65,317.25586312391124
3376,2020-12-27,1 day ahead inc hosp,2020-12-28,06013,quantile,0.7,332.5742114931226
3377,2020-12-27,1 day ahead inc hosp,2020-12-28,06013,quantile,0.75,349.1051178845688
3378,2020-12-27,1 day ahead inc hosp,2020-12-28,06013,quantile,0.8,367.5130660693019
3379,2020-12-27,1 day ahead inc hosp,2020-12-28,06013,quantile,0.85,388.9697778718414
3380,2020-12-27,1 day ahead inc hosp,2020-12-28,06013,quantile,0.9,415.9672207994919
3381,2020-12-27,1 day ahead inc hosp,2020-12-28,06013,quantile,0.95,455.9814981017866
3382,2020-12-27,1 day ahead inc hosp,2020-12-28,06013,quantile,0.975,490.6879161731491
3383,2020-12-27,1 day ahead inc hosp,2020-12-28,06013,quantile,0.99,531.0416276186752
3384,2020-12-27,2 day ahead inc hosp,2020-12-29,06013,point,NA,288.78961181640625
3385,2020-12-27,2 day ahead inc hosp,2020-12-29,06013,quantile,0.01,183.1249965341864
3386,2020-12-27,2 day ahead inc hosp,2020-12-29,06013,quantile,0.025,199.76645122017817
3387,2020-12-27,2 day ahead inc hosp,2020-12-29,06013,quantile,0.05,214.0790203236998
3388,2020-12-27,2 day ahead inc hosp,2020-12-29,06013,quantile,0.1,230.5804958674734
3389,2020-12-27,2 day ahead inc hosp,2020-12-29,06013,quantile,0.15,241.71396307592653
3390,2020-12-27,2 day ahead inc hosp,2020-12-29,06013,quantile,0.2,250.56248987511225
3391,2020-12-27,2 day ahead inc hosp,2020-12-29,06013,quantile,0.25,258.1537379810478
3392,2020-12-27,2 day ahead inc hosp,2020-12-29,06013,quantile,0.3,264.97091339756383
3393,2020-12-27,2 day ahead inc hosp,2020-12-29,06013,quantile,0.35,271.28804238319844
3394,2020-12-27,2 day ahead inc hosp,2020-12-29,06013,quantile,0.4,277.2823800371753
3395,2020-12-27,2 day ahead inc hosp,2020-12-29,06013,quantile,0.45,283.0819710893024
3396,2020-12-27,2 day ahead inc hosp,2020-12-29,06013,quantile,0.5,288.78961181640625
3397,2020-12-27,2 day ahead inc hosp,2020-12-29,06013,quantile,0.55,300.51760472288294
3398,2020-12-27,2 day ahead inc hosp,2020-12-29,06013,quantile,0.6,312.4345360736629
3399,2020-12-27,2 day ahead inc hosp,2020-12-29,06013,quantile,0.65,324.7516304470046
3400,2020-12-27,2 day ahead inc hosp,2020-12-29,06013,quantile,0.7,337.7319926448218
3401,2020-12-27,2 day ahead inc hosp,2020-12-29,06013,quantile,0.75,351.7398443562024
3402,2020-12-27,2 day ahead inc hosp,2020-12-29,06013,quantile,0.8,367.33825150802954
3403,2020-12-27,2 day ahead inc hosp,2020-12-29,06013,quantile,0.85,385.52010010281253
3404,2020-12-27,2 day ahead inc hosp,2020-12-29,06013,quantile,0.9,408.39701732452494
3405,2020-12-27,2 day ahead inc hosp,2020-12-29,06013,quantile,0.95,442.3040548163495
3406,2020-12-27,2 day ahead inc hosp,2020-12-29,06013,quantile,0.975,471.71335314910084
3407,2020-12-27,2 day ahead inc hosp,2020-12-29,06013,quantile,0.99,505.90801813282303
3408,2020-12-27,3 day ahead inc hosp,2020-12-30,06013,point,NA,299.79156494140625
3409,2020-12-27,3 day ahead inc hosp,2020-12-30,06013,quantile,0.01,196.93421429649484
3410,2020-12-27,3 day ahead inc hosp,2020-12-30,06013,quantile,0.025,213.13354398985234
3411,2020-12-27,3 day ahead inc hosp,2020-12-30,06013,quantile,0.05,227.06586120861544
3412,2020-12-27,3 day ahead inc hosp,2020-12-30,06013,quantile,0.1,243.12893068207194
3413,2020-12-27,3 day ahead inc hosp,2020-12-30,06013,quantile,0.15,253.9666073962196
3414,2020-12-27,3 day ahead inc hosp,2020-12-30,06013,quantile,0.2,262.5800492872808
3415,2020-12-27,3 day ahead inc hosp,2020-12-30,06013,quantile,0.25,269.9696154744027
3416,2020-12-27,3 day ahead inc hosp,2020-12-30,06013,quantile,0.3,276.60567429458234
3417,2020-12-27,3 day ahead inc hosp,2020-12-30,06013,quantile,0.35,282.75497176194256
3418,2020-12-27,3 day ahead inc hosp,2020-12-30,06013,quantile,0.4,288.590053717357
3419,2020-12-27,3 day ahead inc hosp,2020-12-30,06013,quantile,0.45,294.23556303807385
3420,2020-12-27,3 day ahead inc hosp,2020-12-30,06013,quantile,0.5,299.79156494140625
3421,2020-12-27,3 day ahead inc hosp,2020-12-30,06013,quantile,0.55,312.5945207220175
3422,2020-12-27,3 day ahead inc hosp,2020-12-30,06013,quantile,0.6,325.6037326426998
3423,2020-12-27,3 day ahead inc hosp,2020-12-30,06013,quantile,0.65,339.04978567709605
3424,2020-12-27,3 day ahead inc hosp,2020-12-30,06013,quantile,0.7,353.21990025340995
3425,2020-12-27,3 day ahead inc hosp,2020-12-30,06013,quantile,0.75,368.5116818457338
3426,2020-12-27,3 day ahead inc hosp,2020-12-30,06013,quantile,0.8,385.5398058056764
3427,2020-12-27,3 day ahead inc hosp,2020-12-30,06013,quantile,0.85,405.3881639540022
3428,2020-12-27,3 day ahead inc hosp,2020-12-30,06013,quantile,0.9,430.3619307290945
3429,2020-12-27,3 day ahead inc hosp,2020-12-30,06013,quantile,0.95,467.3768151275684
3430,2020-12-27,3 day ahead inc hosp,2020-12-30,06013,quantile,0.975,499.48170716626373
3431,2020-12-27,3 day ahead inc hosp,2020-12-30,06013,quantile,0.99,536.8105823805079
3432,2020-12-27,4 day ahead inc hosp,2020-12-31,06013,point,NA,323.5638427734375
3433,2020-12-27,4 day ahead inc hosp,2020-12-31,06013,quantile,0.01,206.7692506452221
3434,2020-12-27,4 day ahead inc hosp,2020-12-31,06013,quantile,0.025,225.16360061071748
3435,2020-12-27,4 day ahead inc hosp,2020-12-31,06013,quantile,0.05,240.98375635810697
3436,2020-12-27,4 day ahead inc hosp,2020-12-31,06013,quantile,0.1,259.22338275054847
3437,2020-12-27,4 day ahead inc hosp,2020-12-31,06013,quantile,0.15,271.5295720847082
3438,2020-12-27,4 day ahead inc hosp,2020-12-31,06013,quantile,0.2,281.31014125335764
3439,2020-12-27,4 day ahead inc hosp,2020-12-31,06013,quantile,0.25,289.7009987216668
3440,2020-12-27,4 day ahead inc hosp,2020-12-31,06013,quantile,0.3,297.23624805856065
3441,2020-12-27,4 day ahead inc hosp,2020-12-31,06013,quantile,0.35,304.21877954583204
3442,2020-12-27,4 day ahead inc hosp,2020-12-31,06013,quantile,0.4,310.84451910400975
3443,2020-12-27,4 day ahead inc hosp,2020-12-31,06013,quantile,0.45,317.25499880560585
3444,2020-12-27,4 day ahead inc hosp,2020-12-31,06013,quantile,0.5,323.5638427734375
3445,2020-12-27,4 day ahead inc hosp,2020-12-31,06013,quantile,0.55,339.3362026792547
3446,2020-12-27,4 day ahead inc hosp,2020-12-31,06013,quantile,0.6,355.3626559467715
3447,2020-12-27,4 day ahead inc hosp,2020-12-31,06013,quantile,0.65,371.9272673853559
3448,2020-12-27,4 day ahead inc hosp,2020-12-31,06013,quantile,0.7,389.38387278445845
3449,2020-12-27,4 day ahead inc hosp,2020-12-31,06013,quantile,0.75,408.2222947089125
3450,2020-12-27,4 day ahead inc hosp,2020-12-31,06013,quantile,0.8,429.1997708651461
3451,2020-12-27,4 day ahead inc hosp,2020-12-31,06013,quantile,0.85,453.65158133918095
3452,2020-12-27,4 day ahead inc hosp,2020-12-31,06013,quantile,0.9,484.4175423040084
3453,2020-12-27,4 day ahead inc hosp,2020-12-31,06013,quantile,0.95,530.0173310253809
3454,2020-12-27,4 day ahead inc hosp,2020-12-31,06013,quantile,0.975,569.5683472632527
3455,2020-12-27,4 day ahead inc hosp,2020-12-31,06013,quantile,0.99,615.5549510481399
3456,2020-12-27,5 day ahead inc hosp,2021-01-01,06013,point,NA,317.4302673339844
3457,2020-12-27,5 day ahead inc hosp,2021-01-01,06013,quantile,0.01,213.8558012143511
3458,2020-12-27,5 day ahead inc hosp,2021-01-01,06013,quantile,0.025,230.16807169347052
3459,2020-12-27,5 day ahead inc hosp,2021-01-01,06013,quantile,0.05,244.19752421869123
3460,2020-12-27,5 day ahead inc hosp,2021-01-01,06013,quantile,0.1,260.3725844795705
3461,2020-12-27,5 day ahead inc hosp,2021-01-01,06013,quantile,0.15,271.2858208463149
3462,2020-12-27,5 day ahead inc hosp,2021-01-01,06013,quantile,0.2,279.9593151539703
3463,2020-12-27,5 day ahead inc hosp,2021-01-01,06013,quantile,0.25,287.40040096736135
3464,2020-12-27,5 day ahead inc hosp,2021-01-01,06013,quantile,0.3,294.08272600421174
3465,2020-12-27,5 day ahead inc hosp,2021-01-01,06013,quantile,0.35,300.27489601636205
3466,2020-12-27,5 day ahead inc hosp,2021-01-01,06013,quantile,0.4,306.150659824267
3467,2020-12-27,5 day ahead inc hosp,2021-01-01,06013,quantile,0.45,311.8355293080756
3468,2020-12-27,5 day ahead inc hosp,2021-01-01,06013,quantile,0.5,317.4302673339844
3469,2020-12-27,5 day ahead inc hosp,2021-01-01,06013,quantile,0.55,332.67935211558296
3470,2020-12-27,5 day ahead inc hosp,2021-01-01,06013,quantile,0.6,348.17410027527694
3471,2020-12-27,5 day ahead inc hosp,2021-01-01,06013,quantile,0.65,364.1891522845865
3472,2020-12-27,5 day ahead inc hosp,2021-01-01,06013,quantile,0.7,381.06660482303937
3473,2020-12-27,5 day ahead inc hosp,2021-01-01,06013,quantile,0.75,399.2800297507558
3474,2020-12-27,5 day ahead inc hosp,2021-01-01,06013,quantile,0.8,419.5615421129221
3475,2020-12-27,5 day ahead inc hosp,2021-01-01,06013,quantile,0.85,443.2021217857596
3476,2020-12-27,5 day ahead inc hosp,2021-01-01,06013,quantile,0.9,472.9473691641796
3477,2020-12-27,5 day ahead inc hosp,2021-01-01,06013,quantile,0.95,517.0343065906285
3478,2020-12-27,5 day ahead inc hosp,2021-01-01,06013,quantile,0.975,555.2731499476868
3479,2020-12-27,5 day ahead inc hosp,2021-01-01,06013,quantile,0.99,599.734069183678
3480,2020-12-27,6 day ahead inc hosp,2021-01-02,06013,point,NA,337.6475830078125
3481,2020-12-27,6 day ahead inc hosp,2021-01-02,06013,quantile,0.01,136.16452681745176
3482,2020-12-27,6 day ahead inc hosp,2021-01-02,06013,quantile,0.025,167.89673102442836
3483,2020-12-27,6 day ahead inc hosp,2021-01-02,06013,quantile,0.05,195.18817724046846
3484,2020-12-27,6 day ahead inc hosp,2021-01-02,06013,quantile,0.1,226.65346687721078
3485,2020-12-27,6 day ahead inc hosp,2021-01-02,06013,quantile,0.15,247.8829484133231
3486,2020-12-27,6 day ahead inc hosp,2021-01-02,06013,quantile,0.2,264.75546734996516
3487,2020-12-27,6 day ahead inc hosp,2021-01-02,06013,quantile,0.25,279.23058624003085
3488,2020-12-27,6 day ahead inc hosp,2021-01-02,06013,quantile,0.3,292.22969037566645
3489,2020-12-27,6 day ahead inc hosp,2021-01-02,06013,quantile,0.35,304.27529761111475
3490,2020-12-27,6 day ahead inc hosp,2021-01-02,06013,quantile,0.4,315.7054009350554
3491,2020-12-27,6 day ahead inc hosp,2021-01-02,06013,quantile,0.45,326.7641581804761
3492,2020-12-27,6 day ahead inc hosp,2021-01-02,06013,quantile,0.5,337.6475830078125
3493,2020-12-27,6 day ahead inc hosp,2021-01-02,06013,quantile,0.55,353.137299796485
3494,2020-12-27,6 day ahead inc hosp,2021-01-02,06013,quantile,0.6,368.87655655470627
3495,2020-12-27,6 day ahead inc hosp,2021-01-02,06013,quantile,0.65,385.14432760673793
3496,2020-12-27,6 day ahead inc hosp,2021-01-02,06013,quantile,0.7,402.28810795022235
3497,2020-12-27,6 day ahead inc hosp,2021-01-02,06013,quantile,0.75,420.7889424542391
3498,2020-12-27,6 day ahead inc hosp,2021-01-02,06013,quantile,0.8,441.39049900896526
3499,2020-12-27,6 day ahead inc hosp,2021-01-02,06013,quantile,0.85,465.40412927575903
3500,2020-12-27,6 day ahead inc hosp,2021-01-02,06013,quantile,0.9,495.61875948469606
3501,2020-12-27,6 day ahead inc hosp,2021-01-02,06013,quantile,0.95,540.4013929736045
3502,2020-12-27,6 day ahead inc hosp,2021-01-02,06013,quantile,0.975,579.2436489129246
3503,2020-12-27,6 day ahead inc hosp,2021-01-02,06013,quantile,0.99,624.406165679872
3504,2020-12-27,7 day ahead inc hosp,2021-01-03,06013,point,NA,331.3208923339844
3505,2020-12-27,7 day ahead inc hosp,2021-01-03,06013,quantile,0.01,134.0323156207694
3506,2020-12-27,7 day ahead inc hosp,2021-01-03,06013,quantile,0.025,165.10391797949424
3507,2020-12-27,7 day ahead inc hosp,2021-01-03,06013,quantile,0.05,191.82721016204258
3508,2020-12-27,7 day ahead inc hosp,2021-01-03,06013,quantile,0.1,222.6374545849627
3509,2020-12-27,7 day ahead inc hosp,2021-01-03,06013,quantile,0.15,243.42498022514332
3510,2020-12-27,7 day ahead inc hosp,2021-01-03,06013,quantile,0.2,259.9462466259859
3511,2020-12-27,7 day ahead inc hosp,2021-01-03,06013,quantile,0.25,274.12002211645444
3512,2020-12-27,7 day ahead inc hosp,2021-01-03,06013,quantile,0.3,286.8485105658425
3513,2020-12-27,7 day ahead inc hosp,2021-01-03,06013,quantile,0.35,298.64335203818314
3514,2020-12-27,7 day ahead inc hosp,2021-01-03,06013,quantile,0.4,309.835503175372
3515,2020-12-27,7 day ahead inc hosp,2021-01-03,06013,quantile,0.45,320.6640389263121
3516,2020-12-27,7 day ahead inc hosp,2021-01-03,06013,quantile,0.5,331.3208923339844
3517,2020-12-27,7 day ahead inc hosp,2021-01-03,06013,quantile,0.55,346.6896579671249
3518,2020-12-27,7 day ahead inc hosp,2021-01-03,06013,quantile,0.6,362.306015041763
3519,2020-12-27,7 day ahead inc hosp,2021-01-03,06013,quantile,0.65,378.44675951651647
3520,2020-12-27,7 day ahead inc hosp,2021-01-03,06013,quantile,0.7,395.4566729810242
3521,2020-12-27,7 day ahead inc hosp,2021-01-03,06013,quantile,0.75,413.81304407476074
3522,2020-12-27,7 day ahead inc hosp,2021-01-03,06013,quantile,0.8,434.25373377149026
3523,2020-12-27,7 day ahead inc hosp,2021-01-03,06013,quantile,0.85,458.07985406835286
3524,2020-12-27,7 day ahead inc hosp,2021-01-03,06013,quantile,0.9,488.05855391861377
3525,2020-12-27,7 day ahead inc hosp,2021-01-03,06013,quantile,0.95,532.4915030755136
3526,2020-12-27,7 day ahead inc hosp,2021-01-03,06013,quantile,0.975,571.030460006632
3527,2020-12-27,7 day ahead inc hosp,2021-01-03,06013,quantile,0.99,615.840326130303
3528,2020-12-27,8 day ahead inc hosp,2021-01-04,06013,point,NA,295.7997741699219
3529,2020-12-27,8 day ahead inc hosp,2021-01-04,06013,quantile,0.01,195.398593722085
3530,2020-12-27,8 day ahead inc hosp,2021-01-04,06013,quantile,0.025,211.21109339740354
3531,2020-12-27,8 day ahead inc hosp,2021-01-04,06013,quantile,0.05,224.81071546006592
3532,2020-12-27,8 day ahead inc hosp,2021-01-04,06013,quantile,0.1,240.49020872562994
3533,2020-12-27,8 day ahead inc hosp,2021-01-04,06013,quantile,0.15,251.0690883933447
3534,2020-12-27,8 day ahead inc hosp,2021-01-04,06013,quantile,0.2,259.4768465959344
3535,2020-12-27,8 day ahead inc hosp,2021-01-04,06013,quantile,0.25,266.68995449277054
3536,2020-12-27,8 day ahead inc hosp,2021-01-04,06013,quantile,0.3,273.1675483146009
3537,2020-12-27,8 day ahead inc hosp,2021-01-04,06013,quantile,0.35,279.1700043449848
3538,2020-12-27,8 day ahead inc hosp,2021-01-04,06013,quantile,0.4,284.8657481363642
3539,2020-12-27,8 day ahead inc hosp,2021-01-04,06013,quantile,0.45,290.3764461708296
3540,2020-12-27,8 day ahead inc hosp,2021-01-04,06013,quantile,0.5,295.7997741699219
3541,2020-12-27,8 day ahead inc hosp,2021-01-04,06013,quantile,0.55,308.788629591956
3542,2020-12-27,8 day ahead inc hosp,2021-01-04,06013,quantile,0.6,321.9867360048706
3543,2020-12-27,8 day ahead inc hosp,2021-01-04,06013,quantile,0.65,335.6280264891558
3544,2020-12-27,8 day ahead inc hosp,2021-01-04,06013,quantile,0.7,350.00389192986364
3545,2020-12-27,8 day ahead inc hosp,2021-01-04,06013,quantile,0.75,365.5177110550387
3546,2020-12-27,8 day ahead inc hosp,2021-01-04,06013,quantile,0.8,382.79308433713027
3547,2020-12-27,8 day ahead inc hosp,2021-01-04,06013,quantile,0.85,402.9296417673903
3548,2020-12-27,8 day ahead inc hosp,2021-01-04,06013,quantile,0.9,428.2660290473117
3549,2020-12-27,8 day ahead inc hosp,2021-01-04,06013,quantile,0.95,465.81837165894353
3550,2020-12-27,8 day ahead inc hosp,2021-01-04,06013,quantile,0.975,498.38942854427165
3551,2020-12-27,8 day ahead inc hosp,2021-01-04,06013,quantile,0.99,536.2603211360622
3552,2020-12-27,9 day ahead inc hosp,2021-01-05,06013,point,NA,307.88885498046875
3553,2020-12-27,9 day ahead inc hosp,2021-01-05,06013,quantile,0.01,201.7204627050179
3554,2020-12-27,9 day ahead inc hosp,2021-01-05,06013,quantile,0.025,218.441258824112
3555,2020-12-27,9 day ahead inc hosp,2021-01-05,06013,quantile,0.05,232.82206593719934
3556,2020-12-27,9 day ahead inc hosp,2021-01-05,06013,quantile,0.1,249.40221553577464
3557,2020-12-27,9 day ahead inc hosp,2021-01-05,06013,quantile,0.15,260.5887637554966
3558,2020-12-27,9 day ahead inc hosp,2021-01-05,06013,quantile,0.2,269.47947765973646
3559,2020-12-27,9 day ahead inc hosp,2021-01-05,06013,quantile,0.25,277.10691854539743
3560,2020-12-27,9 day ahead inc hosp,2021-01-05,06013,quantile,0.3,283.95659619669175
3561,2020-12-27,9 day ahead inc hosp,2021-01-05,06013,quantile,0.35,290.3038433466497
3562,2020-12-27,9 day ahead inc hosp,2021-01-05,06013,quantile,0.4,296.32676019330773
3563,2020-12-27,9 day ahead inc hosp,2021-01-05,06013,quantile,0.45,302.1540019450982
3564,2020-12-27,9 day ahead inc hosp,2021-01-05,06013,quantile,0.5,307.88885498046875
3565,2020-12-27,9 day ahead inc hosp,2021-01-05,06013,quantile,0.55,319.46535766477285
3566,2020-12-27,9 day ahead inc hosp,2021-01-05,06013,quantile,0.6,331.22835827971915
3567,2020-12-27,9 day ahead inc hosp,2021-01-05,06013,quantile,0.65,343.3863530204111
3568,2020-12-27,9 day ahead inc hosp,2021-01-05,06013,quantile,0.7,356.1990481699184
3569,2020-12-27,9 day ahead inc hosp,2021-01-05,06013,quantile,0.75,370.02596077391377
3570,2020-12-27,9 day ahead inc hosp,2021-01-05,06013,quantile,0.8,385.4228836492912
3571,2020-12-27,9 day ahead inc hosp,2021-01-05,06013,quantile,0.85,403.36987771226325
3572,2020-12-27,9 day ahead inc hosp,2021-01-05,06013,quantile,0.9,425.95129430567727
3573,2020-12-27,9 day ahead inc hosp,2021-01-05,06013,quantile,0.95,459.4203553522726
3574,2020-12-27,9 day ahead inc hosp,2021-01-05,06013,quantile,0.975,488.4497744359575
3575,2020-12-27,9 day ahead inc hosp,2021-01-05,06013,quantile,0.99,522.202747696568
3576,2020-12-27,10 day ahead inc hosp,2021-01-06,06013,point,NA,307.09014892578125
3577,2020-12-27,10 day ahead inc hosp,2021-01-06,06013,quantile,0.01,202.22080519176455
3578,2020-12-27,10 day ahead inc hosp,2021-01-06,06013,quantile,0.025,218.7370100446203
3579,2020-12-27,10 day ahead inc hosp,2021-01-06,06013,quantile,0.05,232.94185738187875
3580,2020-12-27,10 day ahead inc hosp,2021-01-06,06013,quantile,0.1,249.3191366280717
3581,2020-12-27,10 day ahead inc hosp,2021-01-06,06013,quantile,0.15,260.3688091841704
3582,2020-12-27,10 day ahead inc hosp,2021-01-06,06013,quantile,0.2,269.1507386500094
3583,2020-12-27,10 day ahead inc hosp,2021-01-06,06013,quantile,0.25,276.68485217387246
3584,2020-12-27,10 day ahead inc hosp,2021-01-06,06013,quantile,0.3,283.4507189698689
3585,2020-12-27,10 day ahead inc hosp,2021-01-06,06013,quantile,0.35,289.72030287207906
3586,2020-12-27,10 day ahead inc hosp,2021-01-06,06013,quantile,0.4,295.66952489132996
3587,2020-12-27,10 day ahead inc hosp,2021-01-06,06013,quantile,0.45,301.4254660447407
3588,2020-12-27,10 day ahead inc hosp,2021-01-06,06013,quantile,0.5,307.09014892578125
3589,2020-12-27,10 day ahead inc hosp,2021-01-06,06013,quantile,0.55,319.92880264531266
3590,2020-12-27,10 day ahead inc hosp,2021-01-06,06013,quantile,0.6,332.97428760016794
3591,2020-12-27,10 day ahead inc hosp,2021-01-06,06013,quantile,0.65,346.45783169429797
3592,2020-12-27,10 day ahead inc hosp,2021-01-06,06013,quantile,0.7,360.66745620045185
3593,2020-12-27,10 day ahead inc hosp,2021-01-06,06013,quantile,0.75,376.00187521921214
3594,2020-12-27,10 day ahead inc hosp,2021-01-06,06013,quantile,0.8,393.07747797541583
3595,2020-12-27,10 day ahead inc hosp,2021-01-06,06013,quantile,0.85,412.9811784594481
3596,2020-12-27,10 day ahead inc hosp,2021-01-06,06013,quantile,0.9,438.02457852986856
3597,2020-12-27,10 day ahead inc hosp,2021-01-06,06013,quantile,0.95,475.14266996154925
3598,2020-12-27,10 day ahead inc hosp,2021-01-06,06013,quantile,0.975,507.337078709876
3599,2020-12-27,10 day ahead inc hosp,2021-01-06,06013,quantile,0.99,544.7700364446093
3600,2020-12-27,11 day ahead inc hosp,2021-01-07,06013,point,NA,312.0951843261719
3601,2020-12-27,11 day ahead inc hosp,2021-01-07,06013,quantile,0.01,190.66724245194007
3602,2020-12-27,11 day ahead inc hosp,2021-01-07,06013,quantile,0.025,209.79131333334232
3603,2020-12-27,11 day ahead inc hosp,2021-01-07,06013,quantile,0.05,226.23906932555852
3604,2020-12-27,11 day ahead inc hosp,2021-01-07,06013,quantile,0.1,245.20227860632485
3605,2020-12-27,11 day ahead inc hosp,2021-01-07,06013,quantile,0.15,257.99666588001986
3606,2020-12-27,11 day ahead inc hosp,2021-01-07,06013,quantile,0.2,268.1652392948223
3607,2020-12-27,11 day ahead inc hosp,2021-01-07,06013,quantile,0.25,276.88896985777757
3608,2020-12-27,11 day ahead inc hosp,2021-01-07,06013,quantile,0.3,284.72314952153914
3609,2020-12-27,11 day ahead inc hosp,2021-01-07,06013,quantile,0.35,291.9826845061778
3610,2020-12-27,11 day ahead inc hosp,2021-01-07,06013,quantile,0.4,298.87127329512595
3611,2020-12-27,11 day ahead inc hosp,2021-01-07,06013,quantile,0.45,305.5360626694219
3612,2020-12-27,11 day ahead inc hosp,2021-01-07,06013,quantile,0.5,312.0951843261719
3613,2020-12-27,11 day ahead inc hosp,2021-01-07,06013,quantile,0.55,327.85318644138164
3614,2020-12-27,11 day ahead inc hosp,2021-01-07,06013,quantile,0.6,343.8650506136984
3615,2020-12-27,11 day ahead inc hosp,2021-01-07,06013,quantile,0.65,360.4145830644871
3616,2020-12-27,11 day ahead inc hosp,2021-01-07,06013,quantile,0.7,377.8552974817369
3617,2020-12-27,11 day ahead inc hosp,2021-01-07,06013,quantile,0.75,396.67657053823586
3618,2020-12-27,11 day ahead inc hosp,2021-01-07,06013,quantile,0.8,417.63495061677884
3619,2020-12-27,11 day ahead inc hosp,2021-01-07,06013,quantile,0.85,442.06450228002984
3620,2020-12-27,11 day ahead inc hosp,2021-01-07,06013,quantile,0.9,472.80245657825765
3621,2020-12-27,11 day ahead inc hosp,2021-01-07,06013,quantile,0.95,518.3607352008172
3622,2020-12-27,11 day ahead inc hosp,2021-01-07,06013,quantile,0.975,557.8757476185348
3623,2020-12-27,11 day ahead inc hosp,2021-01-07,06013,quantile,0.99,603.8204891816723
3624,2020-12-27,12 day ahead inc hosp,2021-01-08,06013,point,NA,311.34503173828125
3625,2020-12-27,12 day ahead inc hosp,2021-01-08,06013,quantile,0.01,205.72141578153926
3626,2020-12-27,12 day ahead inc hosp,2021-01-08,06013,quantile,0.025,222.35641335399993
3627,2020-12-27,12 day ahead inc hosp,2021-01-08,06013,quantile,0.05,236.66342898365968
3628,2020-12-27,12 day ahead inc hosp,2021-01-08,06013,quantile,0.1,253.1585017277365
3629,2020-12-27,12 day ahead inc hosp,2021-01-08,06013,quantile,0.15,264.2876489976316
3630,2020-12-27,12 day ahead inc hosp,2021-01-08,06013,quantile,0.2,273.1327424465963
3631,2020-12-27,12 day ahead inc hosp,2021-01-08,06013,quantile,0.25,280.72104504375346
3632,2020-12-27,12 day ahead inc hosp,2021-01-08,06013,quantile,0.3,287.53557530235173
3633,2020-12-27,12 day ahead inc hosp,2021-01-08,06013,quantile,0.35,293.8502531549682
3634,2020-12-27,12 day ahead inc hosp,2021-01-08,06013,quantile,0.4,299.84226492340764
3635,2020-12-27,12 day ahead inc hosp,2021-01-08,06013,quantile,0.45,305.63960565436
3636,2020-12-27,12 day ahead inc hosp,2021-01-08,06013,quantile,0.5,311.34503173828125
3637,2020-12-27,12 day ahead inc hosp,2021-01-08,06013,quantile,0.55,326.57232193829066
3638,2020-12-27,12 day ahead inc hosp,2021-01-08,06013,quantile,0.6,342.0449244047967
3639,2020-12-27,12 day ahead inc hosp,2021-01-08,06013,quantile,0.65,358.03708708253845
3640,2020-12-27,12 day ahead inc hosp,2021-01-08,06013,quantile,0.7,374.89041771324173
3641,2020-12-27,12 day ahead inc hosp,2021-01-08,06013,quantile,0.75,393.07781130981334
3642,2020-12-27,12 day ahead inc hosp,2021-01-08,06013,quantile,0.8,413.3303365503091
3643,2020-12-27,12 day ahead inc hosp,2021-01-08,06013,quantile,0.85,436.9371281925943
3644,2020-12-27,12 day ahead inc hosp,2021-01-08,06013,quantile,0.9,466.63986251333483
3645,2020-12-27,12 day ahead inc hosp,2021-01-08,06013,quantile,0.95,510.66378918415353
3646,2020-12-27,12 day ahead inc hosp,2021-01-08,06013,quantile,0.975,548.8479801077472
3647,2020-12-27,12 day ahead inc hosp,2021-01-08,06013,quantile,0.99,593.2453540788458
3648,2020-12-27,13 day ahead inc hosp,2021-01-09,06013,point,NA,307.2815856933594
3649,2020-12-27,13 day ahead inc hosp,2021-01-09,06013,quantile,0.01,111.13511529840196
3650,2020-12-27,13 day ahead inc hosp,2021-01-09,06013,quantile,0.025,142.02684371833374
3651,2020-12-27,13 day ahead inc hosp,2021-01-09,06013,quantile,0.05,168.59543439025836
3652,2020-12-27,13 day ahead inc hosp,2021-01-09,06013,quantile,0.1,199.22731787911573
3653,2020-12-27,13 day ahead inc hosp,2021-01-09,06013,quantile,0.15,219.89450424385467
3654,2020-12-27,13 day ahead inc hosp,2021-01-09,06013,quantile,0.2,236.32012880340886
3655,2020-12-27,13 day ahead inc hosp,2021-01-09,06013,quantile,0.25,250.41185211016295
3656,2020-12-27,13 day ahead inc hosp,2021-01-09,06013,quantile,0.3,263.06665516264616
3657,2020-12-27,13 day ahead inc hosp,2021-01-09,06013,quantile,0.35,274.79321613343507
3658,2020-12-27,13 day ahead inc hosp,2021-01-09,06013,quantile,0.4,285.92057575181616
3659,2020-12-27,13 day ahead inc hosp,2021-01-09,06013,quantile,0.45,296.6864249584836
3660,2020-12-27,13 day ahead inc hosp,2021-01-09,06013,quantile,0.5,307.2815856933594
3661,2020-12-27,13 day ahead inc hosp,2021-01-09,06013,quantile,0.55,322.65075686505674
3662,2020-12-27,13 day ahead inc hosp,2021-01-09,06013,quantile,0.6,338.2675260114943
3663,2020-12-27,13 day ahead inc hosp,2021-01-09,06013,quantile,0.65,354.4086963951579
3664,2020-12-27,13 day ahead inc hosp,2021-01-09,06013,quantile,0.7,371.41905870350405
3665,2020-12-27,13 day ahead inc hosp,2021-01-09,06013,quantile,0.75,389.7759141703138
3666,2020-12-27,13 day ahead inc hosp,2021-01-09,06013,quantile,0.8,410.21714323943
3667,2020-12-27,13 day ahead inc hosp,2021-01-09,06013,quantile,0.85,434.04389224068376
3668,2020-12-27,13 day ahead inc hosp,2021-01-09,06013,quantile,0.9,464.02338314462867
3669,2020-12-27,13 day ahead inc hosp,2021-01-09,06013,quantile,0.95,508.4575047622522
3670,2020-12-27,13 day ahead inc hosp,2021-01-09,06013,quantile,0.975,546.9974786281946
3671,2020-12-27,13 day ahead inc hosp,2021-01-09,06013,quantile,0.99,591.8085271583693
3672,2020-12-27,14 day ahead inc hosp,2021-01-10,06013,point,NA,319.3945617675781
3673,2020-12-27,14 day ahead inc hosp,2021-01-10,06013,quantile,0.01,120.11048931289062
3674,2020-12-27,14 day ahead inc hosp,2021-01-10,06013,quantile,0.025,151.49636861162145
3675,2020-12-27,14 day ahead inc hosp,2021-01-10,06013,quantile,0.05,178.48995630056353
3676,2020-12-27,14 day ahead inc hosp,2021-01-10,06013,quantile,0.1,209.61183413158022
3677,2020-12-27,14 day ahead inc hosp,2021-01-10,06013,quantile,0.15,230.6096173527207
3678,2020-12-27,14 day ahead inc hosp,2021-01-10,06013,quantile,0.2,247.2979898136092
3679,2020-12-27,14 day ahead inc hosp,2021-01-10,06013,quantile,0.25,261.6151274241914
3680,2020-12-27,14 day ahead inc hosp,2021-01-10,06013,quantile,0.3,274.47235948823413
3681,2020-12-27,14 day ahead inc hosp,2021-01-10,06013,quantile,0.35,286.3865011061864
3682,2020-12-27,14 day ahead inc hosp,2021-01-10,06013,quantile,0.4,297.6918564151741
3683,2020-12-27,14 day ahead inc hosp,2021-01-10,06013,quantile,0.45,308.6299185124307
3684,2020-12-27,14 day ahead inc hosp,2021-01-10,06013,quantile,0.5,319.3945617675781
3685,2020-12-27,14 day ahead inc hosp,2021-01-10,06013,quantile,0.55,334.8142363910396
3686,2020-12-27,14 day ahead inc hosp,2021-01-10,06013,quantile,0.6,350.48232260191014
3687,2020-12-27,14 day ahead inc hosp,2021-01-10,06013,quantile,0.65,366.67653324459496
3688,2020-12-27,14 day ahead inc hosp,2021-01-10,06013,quantile,0.7,383.74279199672026
3689,2020-12-27,14 day ahead inc hosp,2021-01-10,06013,quantile,0.75,402.15996851495515
3690,2020-12-27,14 day ahead inc hosp,2021-01-10,06013,quantile,0.8,422.6683679353388
3691,2020-12-27,14 day ahead inc hosp,2021-01-10,06013,quantile,0.85,446.5734121846211
3692,2020-12-27,14 day ahead inc hosp,2021-01-10,06013,quantile,0.9,476.6514163887217
3693,2020-12-27,14 day ahead inc hosp,2021-01-10,06013,quantile,0.95,521.2315495571783
3694,2020-12-27,14 day ahead inc hosp,2021-01-10,06013,quantile,0.975,559.8981666681849
3695,2020-12-27,14 day ahead inc hosp,2021-01-10,06013,quantile,0.99,604.8564653397409
3696,2020-12-27,15 day ahead inc hosp,2021-01-11,06013,point,NA,309.41552734375
3697,2020-12-27,15 day ahead inc hosp,2021-01-11,06013,quantile,0.01,211.39540490882217
3698,2020-12-27,15 day ahead inc hosp,2021-01-11,06013,quantile,0.025,226.83290422171368
3699,2020-12-27,15 day ahead inc hosp,2021-01-11,06013,quantile,0.05,240.1100052847185
3700,2020-12-27,15 day ahead inc hosp,2021-01-11,06013,quantile,0.1,255.41765249317643
3701,2020-12-27,15 day ahead inc hosp,2021-01-11,06013,quantile,0.15,265.7456493915048
3702,2020-12-27,15 day ahead inc hosp,2021-01-11,06013,quantile,0.2,273.9540139221319
3703,2020-12-27,15 day ahead inc hosp,2021-01-11,06013,quantile,0.25,280.9960598027733
3704,2020-12-27,15 day ahead inc hosp,2021-01-11,06013,quantile,0.3,287.3200346471669
3705,2020-12-27,15 day ahead inc hosp,2021-01-11,06013,quantile,0.35,293.1801398011514
3706,2020-12-27,15 day ahead inc hosp,2021-01-11,06013,quantile,0.4,298.74080653135036
3707,2020-12-27,15 day ahead inc hosp,2021-01-11,06013,quantile,0.45,304.1208159458896
3708,2020-12-27,15 day ahead inc hosp,2021-01-11,06013,quantile,0.5,309.41552734375
3709,2020-12-27,15 day ahead inc hosp,2021-01-11,06013,quantile,0.55,322.73436843487775
3710,2020-12-27,15 day ahead inc hosp,2021-01-11,06013,quantile,0.6,336.2677765994806
3711,2020-12-27,15 day ahead inc hosp,2021-01-11,06013,quantile,0.65,350.2556280563455
3712,2020-12-27,15 day ahead inc hosp,2021-01-11,06013,quantile,0.7,364.9967165611429
3713,2020-12-27,15 day ahead inc hosp,2021-01-11,06013,quantile,0.75,380.9046687964251
3714,2020-12-27,15 day ahead inc hosp,2021-01-11,06013,quantile,0.8,398.6189279869441
3715,2020-12-27,15 day ahead inc hosp,2021-01-11,06013,quantile,0.85,419.26706054534003
3716,2020-12-27,15 day ahead inc hosp,2021-01-11,06013,quantile,0.9,445.2471261508201
3717,2020-12-27,15 day ahead inc hosp,2021-01-11,06013,quantile,0.95,483.75349700436385
3718,2020-12-27,15 day ahead inc hosp,2021-01-11,06013,quantile,0.975,517.152031111523
3719,2020-12-27,15 day ahead inc hosp,2021-01-11,06013,quantile,0.99,555.9850448005948
3720,2020-12-27,16 day ahead inc hosp,2021-01-12,06013,point,NA,326.9560241699219
3721,2020-12-27,16 day ahead inc hosp,2021-01-12,06013,quantile,0.01,223.6551176189424
3722,2020-12-27,16 day ahead inc hosp,2021-01-12,06013,quantile,0.025,239.9243043357871
3723,2020-12-27,16 day ahead inc hosp,2021-01-12,06013,quantile,0.05,253.9167024486122
3724,2020-12-27,16 day ahead inc hosp,2021-01-12,06013,quantile,0.1,270.0490413451081
3725,2020-12-27,16 day ahead inc hosp,2021-01-12,06013,quantile,0.15,280.93345381012307
3726,2020-12-27,16 day ahead inc hosp,2021-01-12,06013,quantile,0.2,289.5840397944203
3727,2020-12-27,16 day ahead inc hosp,2021-01-12,06013,quantile,0.25,297.00547230616576
3728,2020-12-27,16 day ahead inc hosp,2021-01-12,06013,quantile,0.3,303.6701480707276
3729,2020-12-27,16 day ahead inc hosp,2021-01-12,06013,quantile,0.35,309.8459634018352
3730,2020-12-27,16 day ahead inc hosp,2021-01-12,06013,quantile,0.4,315.7062082167584
3731,2020-12-27,16 day ahead inc hosp,2021-01-12,06013,quantile,0.45,321.3760628952573
3732,2020-12-27,16 day ahead inc hosp,2021-01-12,06013,quantile,0.5,326.9560241699219
3733,2020-12-27,16 day ahead inc hosp,2021-01-12,06013,quantile,0.55,338.46942294560057
3734,2020-12-27,16 day ahead inc hosp,2021-01-12,06013,quantile,0.6,350.1683030453785
3735,2020-12-27,16 day ahead inc hosp,2021-01-12,06013,quantile,0.65,362.2600241445306
3736,2020-12-27,16 day ahead inc hosp,2021-01-12,06013,quantile,0.7,375.0028768583724
3737,2020-12-27,16 day ahead inc hosp,2021-01-12,06013,quantile,0.75,388.7544184929716
3738,2020-12-27,16 day ahead inc hosp,2021-01-12,06013,quantile,0.8,404.06741221973334
3739,2020-12-27,16 day ahead inc hosp,2021-01-12,06013,quantile,0.85,421.9165766095878
3740,2020-12-27,16 day ahead inc hosp,2021-01-12,06013,quantile,0.9,444.37490113554395
3741,2020-12-27,16 day ahead inc hosp,2021-01-12,06013,quantile,0.95,477.6615211956291
3742,2020-12-27,16 day ahead inc hosp,2021-01-12,06013,quantile,0.975,506.5326999316667
3743,2020-12-27,16 day ahead inc hosp,2021-01-12,06013,quantile,0.99,540.1016845906626
3744,2020-12-27,17 day ahead inc hosp,2021-01-13,06013,point,NA,333.2809143066406
3745,2020-12-27,17 day ahead inc hosp,2021-01-13,06013,quantile,0.01,229.57611115382696
3746,2020-12-27,17 day ahead inc hosp,2021-01-13,06013,quantile,0.025,245.9089088248146
3747,2020-12-27,17 day ahead inc hosp,2021-01-13,06013,quantile,0.05,259.95601586748336
3748,2020-12-27,17 day ahead inc hosp,2021-01-13,06013,quantile,0.1,276.1514306563163
3749,2020-12-27,17 day ahead inc hosp,2021-01-13,06013,quantile,0.15,287.07840012643766
3750,2020-12-27,17 day ahead inc hosp,2021-01-13,06013,quantile,0.2,295.76280906930884
3751,2020-12-27,17 day ahead inc hosp,2021-01-13,06013,quantile,0.25,303.21325866785753
3752,2020-12-27,17 day ahead inc hosp,2021-01-13,06013,quantile,0.3,309.90399267317935
3753,2020-12-27,17 day ahead inc hosp,2021-01-13,06013,quantile,0.35,316.10395484780537
3754,2020-12-27,17 day ahead inc hosp,2021-01-13,06013,quantile,0.4,321.9871126559025
3755,2020-12-27,17 day ahead inc hosp,2021-01-13,06013,quantile,0.45,327.67913592046705
3756,2020-12-27,17 day ahead inc hosp,2021-01-13,06013,quantile,0.5,333.2809143066406
3757,2020-12-27,17 day ahead inc hosp,2021-01-13,06013,quantile,0.55,346.06529488739744
3758,2020-12-27,17 day ahead inc hosp,2021-01-13,06013,quantile,0.6,359.0556323609977
3759,2020-12-27,17 day ahead inc hosp,2021-01-13,06013,quantile,0.65,372.48217715630864
3760,2020-12-27,17 day ahead inc hosp,2021-01-13,06013,quantile,0.7,386.6317329870699
3761,2020-12-27,17 day ahead inc hosp,2021-01-13,06013,quantile,0.75,401.90132846049477
3762,2020-12-27,17 day ahead inc hosp,2021-01-13,06013,quantile,0.8,418.9047471249477
3763,2020-12-27,17 day ahead inc hosp,2021-01-13,06013,quantile,0.85,438.72430823408155
3764,2020-12-27,17 day ahead inc hosp,2021-01-13,06013,quantile,0.9,463.66184175828135
3765,2020-12-27,17 day ahead inc hosp,2021-01-13,06013,quantile,0.95,500.6230230207707
3766,2020-12-27,17 day ahead inc hosp,2021-01-13,06013,quantile,0.975,532.6813355979618
3767,2020-12-27,17 day ahead inc hosp,2021-01-13,06013,quantile,0.99,569.9560521218749
3768,2020-12-27,18 day ahead inc hosp,2021-01-14,06013,point,NA,343.3409118652344
3769,2020-12-27,18 day ahead inc hosp,2021-01-14,06013,quantile,0.01,228.2829872692085
3770,2020-12-27,18 day ahead inc hosp,2021-01-14,06013,quantile,0.025,246.40382396856108
3771,2020-12-27,18 day ahead inc hosp,2021-01-14,06013,quantile,0.05,261.9887432179241
3772,2020-12-27,18 day ahead inc hosp,2021-01-14,06013,quantile,0.1,279.95715699360125
3773,2020-12-27,18 day ahead inc hosp,2021-01-14,06013,quantile,0.15,292.08036046281484
3774,2020-12-27,18 day ahead inc hosp,2021-01-14,06013,quantile,0.2,301.715498266775
3775,2020-12-27,18 day ahead inc hosp,2021-01-14,06013,quantile,0.25,309.98158857363507
3776,2020-12-27,18 day ahead inc hosp,2021-01-14,06013,quantile,0.3,317.4047931434564
3777,2020-12-27,18 day ahead inc hosp,2021-01-14,06013,quantile,0.35,324.2834984560268
3778,2020-12-27,18 day ahead inc hosp,2021-01-14,06013,quantile,0.4,330.810717127597
3779,2020-12-27,18 day ahead inc hosp,2021-01-14,06013,quantile,0.45,337.12587673122744
3780,2020-12-27,18 day ahead inc hosp,2021-01-14,06013,quantile,0.5,343.3409118652344
3781,2020-12-27,18 day ahead inc hosp,2021-01-14,06013,quantile,0.55,358.91800543530206
3782,2020-12-27,18 day ahead inc hosp,2021-01-14,06013,quantile,0.6,374.7460466184323
3783,2020-12-27,18 day ahead inc hosp,2021-01-14,06013,quantile,0.65,391.10558342024444
3784,2020-12-27,18 day ahead inc hosp,2021-01-14,06013,quantile,0.7,408.34607104171175
3785,2020-12-27,18 day ahead inc hosp,2021-01-14,06013,quantile,0.75,426.9512679039394
3786,2020-12-27,18 day ahead inc hosp,2021-01-14,06013,quantile,0.8,447.6690368935371
3787,2020-12-27,18 day ahead inc hosp,2021-01-14,06013,quantile,0.85,471.81812694639103
3788,2020-12-27,18 day ahead inc hosp,2021-01-14,06013,quantile,0.9,502.20319649742316
3789,2020-12-27,18 day ahead inc hosp,2021-01-14,06013,quantile,0.95,547.2384467662279
3790,2020-12-27,18 day ahead inc hosp,2021-01-14,06013,quantile,0.975,586.2998100883625
3791,2020-12-27,18 day ahead inc hosp,2021-01-14,06013,quantile,0.99,631.7170865393402
3792,2020-12-27,19 day ahead inc hosp,2021-01-15,06013,point,NA,342.9644470214844
3793,2020-12-27,19 day ahead inc hosp,2021-01-15,06013,quantile,0.01,241.7793718945488
3794,2020-12-27,19 day ahead inc hosp,2021-01-15,06013,quantile,0.025,257.7153296238807
3795,2020-12-27,19 day ahead inc hosp,2021-01-15,06013,quantile,0.05,271.4211324239121
3796,2020-12-27,19 day ahead inc hosp,2021-01-15,06013,quantile,0.1,287.22304527943527
3797,2020-12-27,19 day ahead inc hosp,2021-01-15,06013,quantile,0.15,297.88452086330716
3798,2020-12-27,19 day ahead inc hosp,2021-01-15,06013,quantile,0.2,306.35792368171474
3799,2020-12-27,19 day ahead inc hosp,2021-01-15,06013,quantile,0.25,313.6273488138152
3800,2020-12-27,19 day ahead inc hosp,2021-01-15,06013,quantile,0.3,320.1555172534702
3801,2020-12-27,19 day ahead inc hosp,2021-01-15,06013,quantile,0.35,326.20483820439347
3802,2020-12-27,19 day ahead inc hosp,2021-01-15,06013,quantile,0.4,331.9450522224341
3803,2020-12-27,19 day ahead inc hosp,2021-01-15,06013,quantile,0.45,337.498775715844
3804,2020-12-27,19 day ahead inc hosp,2021-01-15,06013,quantile,0.5,342.9644470214844
3805,2020-12-27,19 day ahead inc hosp,2021-01-15,06013,quantile,0.55,357.872621519675
3806,2020-12-27,19 day ahead inc hosp,2021-01-15,06013,quantile,0.6,373.0209673173839
3807,2020-12-27,19 day ahead inc hosp,2021-01-15,06013,quantile,0.65,388.6779849923395
3808,2020-12-27,19 day ahead inc hosp,2021-01-15,06013,quantile,0.7,405.1781232715765
3809,2020-12-27,19 day ahead inc hosp,2021-01-15,06013,quantile,0.75,422.9843667885482
3810,2020-12-27,19 day ahead inc hosp,2021-01-15,06013,quantile,0.8,442.81246334075905
3811,2020-12-27,19 day ahead inc hosp,2021-01-15,06013,quantile,0.85,465.9245315106687
3812,2020-12-27,19 day ahead inc hosp,2021-01-15,06013,quantile,0.9,495.00479073674705
3813,2020-12-27,19 day ahead inc hosp,2021-01-15,06013,quantile,0.95,538.1061155478883
3814,2020-12-27,19 day ahead inc hosp,2021-01-15,06013,quantile,0.975,575.4900869494978
3815,2020-12-27,19 day ahead inc hosp,2021-01-15,06013,quantile,0.99,618.9570327900753
3816,2020-12-27,20 day ahead inc hosp,2021-01-16,06013,point,NA,345.8117370605469
3817,2020-12-27,20 day ahead inc hosp,2021-01-16,06013,quantile,0.01,159.4554973713107
3818,2020-12-27,20 day ahead inc hosp,2021-01-16,06013,quantile,0.025,188.8053313716252
3819,2020-12-27,20 day ahead inc hosp,2021-01-16,06013,quantile,0.05,214.04780777965172
3820,2020-12-27,20 day ahead inc hosp,2021-01-16,06013,quantile,0.1,243.15076645174935
3821,2020-12-27,20 day ahead inc hosp,2021-01-16,06013,quantile,0.15,262.78639450120727
3822,2020-12-27,20 day ahead inc hosp,2021-01-16,06013,quantile,0.2,278.3921692128402
3823,2020-12-27,20 day ahead inc hosp,2021-01-16,06013,quantile,0.25,291.78053435089254
3824,2020-12-27,20 day ahead inc hosp,2021-01-16,06013,quantile,0.3,303.80370002968345
3825,2020-12-27,20 day ahead inc hosp,2021-01-16,06013,quantile,0.35,314.94495484096024
3826,2020-12-27,20 day ahead inc hosp,2021-01-16,06013,quantile,0.4,325.5169161511785
3827,2020-12-27,20 day ahead inc hosp,2021-01-16,06013,quantile,0.45,335.7454110671261
3828,2020-12-27,20 day ahead inc hosp,2021-01-16,06013,quantile,0.5,345.8117370605469
3829,2020-12-27,20 day ahead inc hosp,2021-01-16,06013,quantile,0.55,360.9775033224785
3830,2020-12-27,20 day ahead inc hosp,2021-01-16,06013,quantile,0.6,376.38759069775375
3831,2020-12-27,20 day ahead inc hosp,2021-01-16,06013,quantile,0.65,392.31513906701434
3832,2020-12-27,20 day ahead inc hosp,2021-01-16,06013,quantile,0.7,409.10037594915775
3833,2020-12-27,20 day ahead inc hosp,2021-01-16,06013,quantile,0.75,427.2142856846658
3834,2020-12-27,20 day ahead inc hosp,2021-01-16,06013,quantile,0.8,447.38498316116363
3835,2020-12-27,20 day ahead inc hosp,2021-01-16,06013,quantile,0.85,470.89639455074865
3836,2020-12-27,20 day ahead inc hosp,2021-01-16,06013,quantile,0.9,500.47911873422345
3837,2020-12-27,20 day ahead inc hosp,2021-01-16,06013,quantile,0.95,544.3251723033372
3838,2020-12-27,20 day ahead inc hosp,2021-01-16,06013,quantile,0.975,582.3550848381253
3839,2020-12-27,20 day ahead inc hosp,2021-01-16,06013,quantile,0.99,626.5730768409856
3840,2020-12-27,21 day ahead inc hosp,2021-01-17,06013,point,NA,391.97015380859375
3841,2020-12-27,21 day ahead inc hosp,2021-01-17,06013,quantile,0.01,201.23589610335185
3842,2020-12-27,21 day ahead inc hosp,2021-01-17,06013,quantile,0.025,231.27523801729683
3843,2020-12-27,21 day ahead inc hosp,2021-01-17,06013,quantile,0.05,257.1107292697269
3844,2020-12-27,21 day ahead inc hosp,2021-01-17,06013,quantile,0.1,286.8973960784449
3845,2020-12-27,21 day ahead inc hosp,2021-01-17,06013,quantile,0.15,306.994318761769
3846,2020-12-27,21 day ahead inc hosp,2021-01-17,06013,quantile,0.2,322.96671582506127
3847,2020-12-27,21 day ahead inc hosp,2021-01-17,06013,quantile,0.25,336.66961029616414
3848,2020-12-27,21 day ahead inc hosp,2021-01-17,06013,quantile,0.3,348.9752330369721
3849,2020-12-27,21 day ahead inc hosp,2021-01-17,06013,quantile,0.35,360.3782264107248
3850,2020-12-27,21 day ahead inc hosp,2021-01-17,06013,quantile,0.4,371.19855202126286
3851,2020-12-27,21 day ahead inc hosp,2021-01-17,06013,quantile,0.45,381.66734227206655
3852,2020-12-27,21 day ahead inc hosp,2021-01-17,06013,quantile,0.5,391.97015380859375
3853,2020-12-27,21 day ahead inc hosp,2021-01-17,06013,quantile,0.55,406.85970325349035
3854,2020-12-27,21 day ahead inc hosp,2021-01-17,06013,quantile,0.6,421.98912394753665
3855,2020-12-27,21 day ahead inc hosp,2021-01-17,06013,quantile,0.65,437.6265810258104
3856,2020-12-27,21 day ahead inc hosp,2021-01-17,06013,quantile,0.7,454.1061053824745
3857,2020-12-27,21 day ahead inc hosp,2021-01-17,06013,quantile,0.75,471.8901032358668
3858,2020-12-27,21 day ahead inc hosp,2021-01-17,06013,quantile,0.8,491.6934281867626
3859,2020-12-27,21 day ahead inc hosp,2021-01-17,06013,quantile,0.85,514.7766220299429
3860,2020-12-27,21 day ahead inc hosp,2021-01-17,06013,quantile,0.9,543.8205507597586
3861,2020-12-27,21 day ahead inc hosp,2021-01-17,06013,quantile,0.95,586.8680283026277
3862,2020-12-27,21 day ahead inc hosp,2021-01-17,06013,quantile,0.975,624.2052952294687
3863,2020-12-27,21 day ahead inc hosp,2021-01-17,06013,quantile,0.99,667.6179370247784
3864,2020-12-27,22 day ahead inc hosp,2021-01-18,06013,point,NA,333.996826171875
3865,2020-12-27,22 day ahead inc hosp,2021-01-18,06013,quantile,0.01,224.2652641628216
3866,2020-12-27,22 day ahead inc hosp,2021-01-18,06013,quantile,0.025,241.54723516058127
3867,2020-12-27,22 day ahead inc hosp,2021-01-18,06013,quantile,0.05,256.4106836281424
3868,2020-12-27,22 day ahead inc hosp,2021-01-18,06013,quantile,0.1,273.5472877981967
3869,2020-12-27,22 day ahead inc hosp,2021-01-18,06013,quantile,0.15,285.10927327552145
3870,2020-12-27,22 day ahead inc hosp,2021-01-18,06013,quantile,0.2,294.29837281050084
3871,2020-12-27,22 day ahead inc hosp,2021-01-18,06013,quantile,0.25,302.1818019985759
3872,2020-12-27,22 day ahead inc hosp,2021-01-18,06013,quantile,0.3,309.2613650570892
3873,2020-12-27,22 day ahead inc hosp,2021-01-18,06013,quantile,0.35,315.82163529660994
3874,2020-12-27,22 day ahead inc hosp,2021-01-18,06013,quantile,0.4,322.0466902236896
3875,2020-12-27,22 day ahead inc hosp,2021-01-18,06013,quantile,0.45,328.069502907613
3876,2020-12-27,22 day ahead inc hosp,2021-01-18,06013,quantile,0.5,333.996826171875
3877,2020-12-27,22 day ahead inc hosp,2021-01-18,06013,quantile,0.55,349.35760662619816
3878,2020-12-27,22 day ahead inc hosp,2021-01-18,06013,quantile,0.6,364.96584988046214
3879,2020-12-27,22 day ahead inc hosp,2021-01-18,06013,quantile,0.65,381.0982080778819
3880,2020-12-27,22 day ahead inc hosp,2021-01-18,06013,quantile,0.7,398.0992836692693
3881,2020-12-27,22 day ahead inc hosp,2021-01-18,06013,quantile,0.75,416.44611730833174
3882,2020-12-27,22 day ahead inc hosp,2021-01-18,06013,quantile,0.8,436.87618659700274
3883,2020-12-27,22 day ahead inc hosp,2021-01-18,06013,quantile,0.85,460.6899275111851
3884,2020-12-27,22 day ahead inc hosp,2021-01-18,06013,quantile,0.9,490.65305127129454
3885,2020-12-27,22 day ahead inc hosp,2021-01-18,06013,quantile,0.95,535.0629143162143
3886,2020-12-27,22 day ahead inc hosp,2021-01-18,06013,quantile,0.975,573.5818474881137
3887,2020-12-27,22 day ahead inc hosp,2021-01-18,06013,quantile,0.99,618.3684316643386
3888,2020-12-27,23 day ahead inc hosp,2021-01-19,06013,point,NA,347.948974609375
3889,2020-12-27,23 day ahead inc hosp,2021-01-19,06013,quantile,0.01,242.69692613266724
3890,2020-12-27,23 day ahead inc hosp,2021-01-19,06013,quantile,0.025,259.2734043666979
3891,2020-12-27,23 day ahead inc hosp,2021-01-19,06013,quantile,0.05,273.5300901369207
3892,2020-12-27,23 day ahead inc hosp,2021-01-19,06013,quantile,0.1,289.9671357763867
3893,2020-12-27,23 day ahead inc hosp,2021-01-19,06013,quantile,0.15,301.05713243428517
3894,2020-12-27,23 day ahead inc hosp,2021-01-19,06013,quantile,0.2,309.87111021793453
3895,2020-12-27,23 day ahead inc hosp,2021-01-19,06013,quantile,0.25,317.43271834484256
3896,2020-12-27,23 day ahead inc hosp,2021-01-19,06013,quantile,0.3,324.22327614412984
3897,2020-12-27,23 day ahead inc hosp,2021-01-19,06013,quantile,0.35,330.515739940584
3898,2020-12-27,23 day ahead inc hosp,2021-01-19,06013,quantile,0.4,336.4866727420428
3899,2020-12-27,23 day ahead inc hosp,2021-01-19,06013,quantile,0.45,342.2636193284965
3900,2020-12-27,23 day ahead inc hosp,2021-01-19,06013,quantile,0.5,347.948974609375
3901,2020-12-27,23 day ahead inc hosp,2021-01-19,06013,quantile,0.55,360.5361369004776
3902,2020-12-27,23 day ahead inc hosp,2021-01-19,06013,quantile,0.6,373.32607888972956
3903,2020-12-27,23 day ahead inc hosp,2021-01-19,06013,quantile,0.65,386.54549904698933
3904,2020-12-27,23 day ahead inc hosp,2021-01-19,06013,quantile,0.7,400.47677670755047
3905,2020-12-27,23 day ahead inc hosp,2021-01-19,06013,quantile,0.75,415.51081571549327
3906,2020-12-27,23 day ahead inc hosp,2021-01-19,06013,quantile,0.8,432.25193108522683
3907,2020-12-27,23 day ahead inc hosp,2021-01-19,06013,quantile,0.85,451.76574566882914
3908,2020-12-27,23 day ahead inc hosp,2021-01-19,06013,quantile,0.9,476.3185802489721
3909,2020-12-27,23 day ahead inc hosp,2021-01-19,06013,quantile,0.95,512.7095797254813
3910,2020-12-27,23 day ahead inc hosp,2021-01-19,06013,quantile,0.975,544.2733446368127
3911,2020-12-27,23 day ahead inc hosp,2021-01-19,06013,quantile,0.99,580.9730426219897
3912,2020-12-27,24 day ahead inc hosp,2021-01-20,06013,point,NA,365.28656005859375
3913,2020-12-27,24 day ahead inc hosp,2021-01-20,06013,quantile,0.01,259.86614811804054
3914,2020-12-27,24 day ahead inc hosp,2021-01-20,06013,quantile,0.025,276.4691424468573
3915,2020-12-27,24 day ahead inc hosp,2021-01-20,06013,quantile,0.05,290.74863352143257
3916,2020-12-27,24 day ahead inc hosp,2021-01-20,06013,quantile,0.1,307.21197221627654
3917,2020-12-27,24 day ahead inc hosp,2021-01-20,06013,quantile,0.15,318.319708673812
3918,2020-12-27,24 day ahead inc hosp,2021-01-20,06013,quantile,0.2,327.1477854878498
3919,2020-12-27,24 day ahead inc hosp,2021-01-20,06013,quantile,0.25,334.72148932742954
3920,2020-12-27,24 day ahead inc hosp,2021-01-20,06013,quantile,0.3,341.52290945052977
3921,2020-12-27,24 day ahead inc hosp,2021-01-20,06013,quantile,0.35,347.8254388088065
3922,2020-12-27,24 day ahead inc hosp,2021-01-20,06013,quantile,0.4,353.8059228441214
3923,2020-12-27,24 day ahead inc hosp,2021-01-20,06013,quantile,0.45,359.5921103598665
3924,2020-12-27,24 day ahead inc hosp,2021-01-20,06013,quantile,0.5,365.28656005859375
3925,2020-12-27,24 day ahead inc hosp,2021-01-20,06013,quantile,0.55,378.677545787876
3926,2020-12-27,24 day ahead inc hosp,2021-01-20,06013,quantile,0.6,392.28426084369806
3927,2020-12-27,24 day ahead inc hosp,2021-01-20,06013,quantile,0.65,406.347880790855
3928,2020-12-27,24 day ahead inc hosp,2021-01-20,06013,quantile,0.7,421.16881787173395
3929,2020-12-27,24 day ahead inc hosp,2021-01-20,06013,quantile,0.75,437.1629392751849
3930,2020-12-27,24 day ahead inc hosp,2021-01-20,06013,quantile,0.8,454.97315192071784
3931,2020-12-27,24 day ahead inc hosp,2021-01-20,06013,quantile,0.85,475.73312994988714
3932,2020-12-27,24 day ahead inc hosp,2021-01-20,06013,quantile,0.9,501.85392269667886
3933,2020-12-27,24 day ahead inc hosp,2021-01-20,06013,quantile,0.95,540.5688723727242
3934,2020-12-27,24 day ahead inc hosp,2021-01-20,06013,quantile,0.975,574.1483175022139
3935,2020-12-27,24 day ahead inc hosp,2021-01-20,06013,quantile,0.99,613.1916793516007
3936,2020-12-27,25 day ahead inc hosp,2021-01-21,06013,point,NA,389.1376953125
3937,2020-12-27,25 day ahead inc hosp,2021-01-21,06013,quantile,0.01,267.5340331690502
3938,2020-12-27,25 day ahead inc hosp,2021-01-21,06013,quantile,0.025,286.6857787918007
3939,2020-12-27,25 day ahead inc hosp,2021-01-21,06013,quantile,0.05,303.1573365883329
3940,2020-12-27,25 day ahead inc hosp,2021-01-21,06013,quantile,0.1,322.1479878251155
3941,2020-12-27,25 day ahead inc hosp,2021-01-21,06013,quantile,0.15,334.9608900562537
3942,2020-12-27,25 day ahead inc hosp,2021-01-21,06013,quantile,0.2,345.1441785722958
3943,2020-12-27,25 day ahead inc hosp,2021-01-21,06013,quantile,0.25,353.8805333818574
3944,2020-12-27,25 day ahead inc hosp,2021-01-21,06013,quantile,0.3,361.72605000924005
3945,2020-12-27,25 day ahead inc hosp,2021-01-21,06013,quantile,0.35,368.996090380219
3946,2020-12-27,25 day ahead inc hosp,2021-01-21,06013,quantile,0.4,375.89464775348017
3947,2020-12-27,25 day ahead inc hosp,2021-01-21,06013,quantile,0.45,382.5690818484644
3948,2020-12-27,25 day ahead inc hosp,2021-01-21,06013,quantile,0.5,389.1376953125
3949,2020-12-27,25 day ahead inc hosp,2021-01-21,06013,quantile,0.55,405.38452670131835
3950,2020-12-27,25 day ahead inc hosp,2021-01-21,06013,quantile,0.6,421.893095206789
3951,2020-12-27,25 day ahead inc hosp,2021-01-21,06013,quantile,0.65,438.9560110082927
3952,2020-12-27,25 day ahead inc hosp,2021-01-21,06013,quantile,0.7,456.93775414843947
3953,2020-12-27,25 day ahead inc hosp,2021-01-21,06013,quantile,0.75,476.3428822627897
3954,2020-12-27,25 day ahead inc hosp,2021-01-21,06013,quantile,0.8,497.95141263544383
3955,2020-12-27,25 day ahead inc hosp,2021-01-21,06013,quantile,0.85,523.1387938704147
3956,2020-12-27,25 day ahead inc hosp,2021-01-21,06013,quantile,0.9,554.8302708145948
3957,2020-12-27,25 day ahead inc hosp,2021-01-21,06013,quantile,0.95,601.8018136367084
3958,2020-12-27,25 day ahead inc hosp,2021-01-21,06013,quantile,0.975,642.5426219818262
3959,2020-12-27,25 day ahead inc hosp,2021-01-21,06013,quantile,0.99,689.9126162185095
3960,2020-12-27,26 day ahead inc hosp,2021-01-22,06013,point,NA,367.03204345703125
3961,2020-12-27,26 day ahead inc hosp,2021-01-22,06013,quantile,0.01,265.33546181035143
3962,2020-12-27,26 day ahead inc hosp,2021-01-22,06013,quantile,0.025,281.3519783203799
3963,2020-12-27,26 day ahead inc hosp,2021-01-22,06013,quantile,0.05,295.1270661160666
3964,2020-12-27,26 day ahead inc hosp,2021-01-22,06013,quantile,0.1,311.0088601342997
3965,2020-12-27,26 day ahead inc hosp,2021-01-22,06013,quantile,0.15,321.7242311594153
3966,2020-12-27,26 day ahead inc hosp,2021-01-22,06013,quantile,0.2,330.2404683660031
3967,2020-12-27,26 day ahead inc hosp,2021-01-22,06013,quantile,0.25,337.546641589116
3968,2020-12-27,26 day ahead inc hosp,2021-01-22,06013,quantile,0.3,344.1078109502476
3969,2020-12-27,26 day ahead inc hosp,2021-01-22,06013,quantile,0.35,350.1877121730395
3970,2020-12-27,26 day ahead inc hosp,2021-01-22,06013,quantile,0.4,355.956943878632
3971,2020-12-27,26 day ahead inc hosp,2021-01-22,06013,quantile,0.45,361.5387423205674
3972,2020-12-27,26 day ahead inc hosp,2021-01-22,06013,quantile,0.5,367.03204345703125
3973,2020-12-27,26 day ahead inc hosp,2021-01-22,06013,quantile,0.55,382.04435603824567
3974,2020-12-27,26 day ahead inc hosp,2021-01-22,06013,quantile,0.6,397.2985175877454
3975,2020-12-27,26 day ahead inc hosp,2021-01-22,06013,quantile,0.65,413.06490424055517
3976,2020-12-27,26 day ahead inc hosp,2021-01-22,06013,quantile,0.7,429.6803009486652
3977,2020-12-27,26 day ahead inc hosp,2021-01-22,06013,quantile,0.75,447.6109264324523
3978,2020-12-27,26 day ahead inc hosp,2021-01-22,06013,quantile,0.8,467.5775282030726
3979,2020-12-27,26 day ahead inc hosp,2021-01-22,06013,quantile,0.85,490.8510411209104
3980,2020-12-27,26 day ahead inc hosp,2021-01-22,06013,quantile,0.9,520.134434704586
3981,2020-12-27,26 day ahead inc hosp,2021-01-22,06013,quantile,0.95,563.5368352337612
3982,2020-12-27,26 day ahead inc hosp,2021-01-22,06013,quantile,0.975,601.1819449201453
3983,2020-12-27,26 day ahead inc hosp,2021-01-22,06013,quantile,0.99,644.9525204516206
3984,2020-12-27,27 day ahead inc hosp,2021-01-23,06013,point,NA,375.0619812011719
3985,2020-12-27,27 day ahead inc hosp,2021-01-23,06013,quantile,0.01,180.9868286768824
3986,2020-12-27,27 day ahead inc hosp,2021-01-23,06013,quantile,0.025,211.55233868970654
3987,2020-12-27,27 day ahead inc hosp,2021-01-23,06013,quantile,0.05,237.84036353474474
3988,2020-12-27,27 day ahead inc hosp,2021-01-23,06013,quantile,0.1,268.1487725937287
3989,2020-12-27,27 day ahead inc hosp,2021-01-23,06013,quantile,0.15,288.59771229633037
3990,2020-12-27,27 day ahead inc hosp,2021-01-23,06013,quantile,0.2,304.84988132737783
3991,2020-12-27,27 day ahead inc hosp,2021-01-23,06013,quantile,0.25,318.79279523544625
3992,2020-12-27,27 day ahead inc hosp,2021-01-23,06013,quantile,0.3,331.3139628487619
3993,2020-12-27,27 day ahead inc hosp,2021-01-23,06013,quantile,0.35,342.91669066950044
3994,2020-12-27,27 day ahead inc hosp,2021-01-23,06013,quantile,0.4,353.92654473815384
3995,2020-12-27,27 day ahead inc hosp,2021-01-23,06013,quantile,0.45,364.57870596557916
3996,2020-12-27,27 day ahead inc hosp,2021-01-23,06013,quantile,0.5,375.0619812011719
3997,2020-12-27,27 day ahead inc hosp,2021-01-23,06013,quantile,0.55,390.6417237145788
3998,2020-12-27,27 day ahead inc hosp,2021-01-23,06013,quantile,0.6,406.47245651563355
3999,2020-12-27,27 day ahead inc hosp,2021-01-23,06013,quantile,0.65,422.83477531819887
4000,2020-12-27,27 day ahead inc hosp,2021-01-23,06013,quantile,0.7,440.078194749419
4001,2020-12-27,27 day ahead inc hosp,2021-01-23,06013,quantile,0.75,458.686555495338
4002,2020-12-27,27 day ahead inc hosp,2021-01-23,06013,quantile,0.8,479.4078476194615
4003,2020-12-27,27 day ahead inc hosp,2021-01-23,06013,quantile,0.85,503.56104431589154
4004,2020-12-27,27 day ahead inc hosp,2021-01-23,06013,quantile,0.9,533.9512809622639
4005,2020-12-27,27 day ahead inc hosp,2021-01-23,06013,quantile,0.95,578.9941896447318
4006,2020-12-27,27 day ahead inc hosp,2021-01-23,06013,quantile,0.975,618.0621954985896
4007,2020-12-27,27 day ahead inc hosp,2021-01-23,06013,quantile,0.99,663.4871953282193
4008,2020-12-27,28 day ahead inc hosp,2021-01-24,06013,point,NA,374.3586730957031
4009,2020-12-27,28 day ahead inc hosp,2021-01-24,06013,quantile,0.01,182.9646102282796
4010,2020-12-27,28 day ahead inc hosp,2021-01-24,06013,quantile,0.025,213.10786694547923
4011,2020-12-27,28 day ahead inc hosp,2021-01-24,06013,quantile,0.05,239.0327306614664
4012,2020-12-27,28 day ahead inc hosp,2021-01-24,06013,quantile,0.1,268.9224381969056
4013,2020-12-27,28 day ahead inc hosp,2021-01-24,06013,quantile,0.15,289.0888819693615
4014,2020-12-27,28 day ahead inc hosp,2021-01-24,06013,quantile,0.2,305.1165321904324
4015,2020-12-27,28 day ahead inc hosp,2021-01-24,06013,quantile,0.25,318.86682895107487
4016,2020-12-27,28 day ahead inc hosp,2021-01-24,06013,quantile,0.3,331.21502041291876
4017,2020-12-27,28 day ahead inc hosp,2021-01-24,06013,quantile,0.35,342.65746005071884
4018,2020-12-27,28 day ahead inc hosp,2021-01-24,06013,quantile,0.4,353.5152163083793
4019,2020-12-27,28 day ahead inc hosp,2021-01-24,06013,quantile,0.45,364.0202211434553
4020,2020-12-27,28 day ahead inc hosp,2021-01-24,06013,quantile,0.5,374.3586730957031
4021,2020-12-27,28 day ahead inc hosp,2021-01-24,06013,quantile,0.55,389.10698966362673
4022,2020-12-27,28 day ahead inc hosp,2021-01-24,06013,quantile,0.6,404.0929022132887
4023,2020-12-27,28 day ahead inc hosp,2021-01-24,06013,quantile,0.65,419.5820322343953
4024,2020-12-27,28 day ahead inc hosp,2021-01-24,06013,quantile,0.7,435.90524221468064
4025,2020-12-27,28 day ahead inc hosp,2021-01-24,06013,quantile,0.75,453.52055227868
4026,2020-12-27,28 day ahead inc hosp,2021-01-24,06013,quantile,0.8,473.1360353766845
4027,2020-12-27,28 day ahead inc hosp,2021-01-24,06013,quantile,0.85,496.0002765988829
4028,2020-12-27,28 day ahead inc hosp,2021-01-24,06013,quantile,0.9,524.7687129353061
4029,2020-12-27,28 day ahead inc hosp,2021-01-24,06013,quantile,0.95,567.4078692511085
4030,2020-12-27,28 day ahead inc hosp,2021-01-24,06013,quantile,0.975,604.3909784080382
4031,2020-12-27,28 day ahead inc hosp,2021-01-24,06013,quantile,0.99,647.391835258448
4032,2020-12-27,1 day ahead inc hosp,2020-12-28,06015,point,NA,2.404789686203003
4033,2020-12-27,1 day ahead inc hosp,2020-12-28,06015,quantile,0.01,1.3783929682784197
4034,2020-12-27,1 day ahead inc hosp,2020-12-28,06015,quantile,0.025,1.5400434358977988
4035,2020-12-27,1 day ahead inc hosp,2020-12-28,06015,quantile,0.05,1.6790717559620592
4036,2020-12-27,1 day ahead inc hosp,2020-12-28,06015,quantile,0.1,1.8393625050818545
4037,2020-12-27,1 day ahead inc hosp,2020-12-28,06015,quantile,0.15,1.9475099125309414
4038,2020-12-27,1 day ahead inc hosp,2020-12-28,06015,quantile,0.2,2.033462043628893
4039,2020-12-27,1 day ahead inc hosp,2020-12-28,06015,quantile,0.25,2.107201318788063
4040,2020-12-27,1 day ahead inc hosp,2020-12-28,06015,quantile,0.3,2.173421466889105
4041,2020-12-27,1 day ahead inc hosp,2020-12-28,06015,quantile,0.35,2.2347843028796
4042,2020-12-27,1 day ahead inc hosp,2020-12-28,06015,quantile,0.4,2.2930116335497646
4043,2020-12-27,1 day ahead inc hosp,2020-12-28,06015,quantile,0.45,2.349347249832557
4044,2020-12-27,1 day ahead inc hosp,2020-12-28,06015,quantile,0.5,2.404789686203003
4045,2020-12-27,1 day ahead inc hosp,2020-12-28,06015,quantile,0.55,2.5522783609269957
4046,2020-12-27,1 day ahead inc hosp,2020-12-28,06015,quantile,0.6,2.7021430842193084
4047,2020-12-27,1 day ahead inc hosp,2020-12-28,06015,quantile,0.65,2.857040170196508
4048,2020-12-27,1 day ahead inc hosp,2020-12-28,06015,quantile,0.7,3.0202783673253815
4049,2020-12-27,1 day ahead inc hosp,2020-12-28,06015,quantile,0.75,3.1964380479388312
4050,2020-12-27,1 day ahead inc hosp,2020-12-28,06015,quantile,0.8,3.3926002060313514
4051,2020-12-27,1 day ahead inc hosp,2020-12-28,06015,quantile,0.85,3.6212511588977985
4052,2020-12-27,1 day ahead inc hosp,2020-12-28,06015,quantile,0.9,3.9089462683429557
4053,2020-12-27,1 day ahead inc hosp,2020-12-28,06015,quantile,0.95,4.3353537588116975
4054,2020-12-27,1 day ahead inc hosp,2020-12-28,06015,quantile,0.975,4.705198664947739
4055,2020-12-27,1 day ahead inc hosp,2020-12-28,06015,quantile,0.99,5.135223295871157
4056,2020-12-27,2 day ahead inc hosp,2020-12-29,06015,point,NA,2.595750093460083
4057,2020-12-27,2 day ahead inc hosp,2020-12-29,06015,quantile,0.01,1.453976492604735
4058,2020-12-27,2 day ahead inc hosp,2020-12-29,06015,quantile,0.025,1.6337980306810977
4059,2020-12-27,2 day ahead inc hosp,2020-12-29,06015,quantile,0.05,1.7884544737975734
4060,2020-12-27,2 day ahead inc hosp,2020-12-29,06015,quantile,0.1,1.9667634479107945
4061,2020-12-27,2 day ahead inc hosp,2020-12-29,06015,quantile,0.15,2.0870676662212313
4062,2020-12-27,2 day ahead inc hosp,2020-12-29,06015,quantile,0.2,2.1826816452130364
4063,2020-12-27,2 day ahead inc hosp,2020-12-29,06015,quantile,0.25,2.2647099255578835
4064,2020-12-27,2 day ahead inc hosp,2020-12-29,06015,quantile,0.3,2.338373856498139
4065,2020-12-27,2 day ahead inc hosp,2020-12-29,06015,quantile,0.35,2.406634466634571
4066,2020-12-27,2 day ahead inc hosp,2020-12-29,06015,quantile,0.4,2.471407110434426
4067,2020-12-27,2 day ahead inc hosp,2020-12-29,06015,quantile,0.45,2.5340753929184854
4068,2020-12-27,2 day ahead inc hosp,2020-12-29,06015,quantile,0.5,2.595750093460083
4069,2020-12-27,2 day ahead inc hosp,2020-12-29,06015,quantile,0.55,2.7213478577056556
4070,2020-12-27,2 day ahead inc hosp,2020-12-29,06015,quantile,0.6,2.8489690070584457
4071,2020-12-27,2 day ahead inc hosp,2020-12-29,06015,quantile,0.65,2.9808755939424736
4072,2020-12-27,2 day ahead inc hosp,2020-12-29,06015,quantile,0.7,3.1198852679885127
4073,2020-12-27,2 day ahead inc hosp,2020-12-29,06015,quantile,0.75,3.269898562749403
4074,2020-12-27,2 day ahead inc hosp,2020-12-29,06015,quantile,0.8,3.436945480298247
4075,2020-12-27,2 day ahead inc hosp,2020-12-29,06015,quantile,0.85,3.6316590644184368
4076,2020-12-27,2 day ahead inc hosp,2020-12-29,06015,quantile,0.9,3.8766532146358497
4077,2020-12-27,2 day ahead inc hosp,2020-12-29,06015,quantile,0.95,4.239771451074427
4078,2020-12-27,2 day ahead inc hosp,2020-12-29,06015,quantile,0.975,4.554722367917561
4079,2020-12-27,2 day ahead inc hosp,2020-12-29,06015,quantile,0.99,4.920920873094872
4080,2020-12-27,3 day ahead inc hosp,2020-12-30,06015,point,NA,2.708261013031006
4081,2020-12-27,3 day ahead inc hosp,2020-12-30,06015,quantile,0.01,1.6102603070794903
4082,2020-12-27,3 day ahead inc hosp,2020-12-30,06015,quantile,0.025,1.7831879133976085
4083,2020-12-27,3 day ahead inc hosp,2020-12-30,06015,quantile,0.05,1.9319151948784792
4084,2020-12-27,3 day ahead inc hosp,2020-12-30,06015,quantile,0.1,2.1033882253524174
4085,2020-12-27,3 day ahead inc hosp,2020-12-30,06015,quantile,0.15,2.219080264943145
4086,2020-12-27,3 day ahead inc hosp,2020-12-30,06015,quantile,0.2,2.3110286304975665
4087,2020-12-27,3 day ahead inc hosp,2020-12-30,06015,quantile,0.25,2.3899121409055475
4088,2020-12-27,3 day ahead inc hosp,2020-12-30,06015,quantile,0.3,2.4607519712492962
4089,2020-12-27,3 day ahead inc hosp,2020-12-30,06015,quantile,0.35,2.5263956313079414
4090,2020-12-27,3 day ahead inc hosp,2020-12-30,06015,quantile,0.4,2.588685045396083
4091,2020-12-27,3 day ahead inc hosp,2020-12-30,06015,quantile,0.45,2.648950774395876
4092,2020-12-27,3 day ahead inc hosp,2020-12-30,06015,quantile,0.5,2.708261013031006
4093,2020-12-27,3 day ahead inc hosp,2020-12-30,06015,quantile,0.55,2.8447419793812765
4094,2020-12-27,3 day ahead inc hosp,2020-12-30,06015,quantile,0.6,2.9834216596687786
4095,2020-12-27,3 day ahead inc hosp,2020-12-30,06015,quantile,0.65,3.126758115966667
4096,2020-12-27,3 day ahead inc hosp,2020-12-30,06015,quantile,0.7,3.2778131507421637
4097,2020-12-27,3 day ahead inc hosp,2020-12-30,06015,quantile,0.75,3.4408252836199673
4098,2020-12-27,3 day ahead inc hosp,2020-12-30,06015,quantile,0.8,3.6223470238344144
4099,2020-12-27,3 day ahead inc hosp,2020-12-30,06015,quantile,0.85,3.833932781605457
4100,2020-12-27,3 day ahead inc hosp,2020-12-30,06015,quantile,0.9,4.100155978910616
4101,2020-12-27,3 day ahead inc hosp,2020-12-30,06015,quantile,0.95,4.4947388610680115
4102,2020-12-27,3 day ahead inc hosp,2020-12-30,06015,quantile,0.975,4.8369806656244165
4103,2020-12-27,3 day ahead inc hosp,2020-12-30,06015,quantile,0.99,5.234910725628536
4104,2020-12-27,4 day ahead inc hosp,2020-12-31,06015,point,NA,2.9831719398498535
4105,2020-12-27,4 day ahead inc hosp,2020-12-31,06015,quantile,0.01,1.7357271117945499
4106,2020-12-27,4 day ahead inc hosp,2020-12-31,06015,quantile,0.025,1.9321911458887553
4107,2020-12-27,4 day ahead inc hosp,2020-12-31,06015,quantile,0.05,2.101161053711592
4108,2020-12-27,4 day ahead inc hosp,2020-12-31,06015,quantile,0.1,2.2959725359413032
4109,2020-12-27,4 day ahead inc hosp,2020-12-31,06015,quantile,0.15,2.4274109181321024
4110,2020-12-27,4 day ahead inc hosp,2020-12-31,06015,quantile,0.2,2.531873977615842
4111,2020-12-27,4 day ahead inc hosp,2020-12-31,06015,quantile,0.25,2.6214939810857016
4112,2020-12-27,4 day ahead inc hosp,2020-12-31,06015,quantile,0.3,2.701975514024285
4113,2020-12-27,4 day ahead inc hosp,2020-12-31,06015,quantile,0.35,2.776553648437974
4114,2020-12-27,4 day ahead inc hosp,2020-12-31,06015,quantile,0.4,2.847321004984899
4115,2020-12-27,4 day ahead inc hosp,2020-12-31,06015,quantile,0.45,2.915789241427995
4116,2020-12-27,4 day ahead inc hosp,2020-12-31,06015,quantile,0.5,2.9831719398498535
4117,2020-12-27,4 day ahead inc hosp,2020-12-31,06015,quantile,0.55,3.1510218798142557
4118,2020-12-27,4 day ahead inc hosp,2020-12-31,06015,quantile,0.6,3.3215758891608758
4119,2020-12-27,4 day ahead inc hosp,2020-12-31,06015,quantile,0.65,3.4978569943412476
4120,2020-12-27,4 day ahead inc hosp,2020-12-31,06015,quantile,0.7,3.6836307267261486
4121,2020-12-27,4 day ahead inc hosp,2020-12-31,06015,quantile,0.75,3.8841097931388715
4122,2020-12-27,4 day ahead inc hosp,2020-12-31,06015,quantile,0.8,4.107352740576929
4123,2020-12-27,4 day ahead inc hosp,2020-12-31,06015,quantile,0.85,4.3675696608473045
4124,2020-12-27,4 day ahead inc hosp,2020-12-31,06015,quantile,0.9,4.694981965139753
4125,2020-12-27,4 day ahead inc hosp,2020-12-31,06015,quantile,0.95,5.180256321353808
4126,2020-12-27,4 day ahead inc hosp,2020-12-31,06015,quantile,0.975,5.601159454474008
4127,2020-12-27,4 day ahead inc hosp,2020-12-31,06015,quantile,0.99,6.090550308509312
4128,2020-12-27,5 day ahead inc hosp,2021-01-01,06015,point,NA,2.942929267883301
4129,2020-12-27,5 day ahead inc hosp,2021-01-01,06015,quantile,0.01,1.8513867737952667
4130,2020-12-27,5 day ahead inc hosp,2021-01-01,06015,quantile,0.025,2.023297255886967
4131,2020-12-27,5 day ahead inc hosp,2021-01-01,06015,quantile,0.05,2.1711497544205436
4132,2020-12-27,5 day ahead inc hosp,2021-01-01,06015,quantile,0.1,2.341614216180754
4133,2020-12-27,5 day ahead inc hosp,2021-01-01,06015,quantile,0.15,2.45662577924852
4134,2020-12-27,5 day ahead inc hosp,2021-01-01,06015,quantile,0.2,2.5480333236340362
4135,2020-12-27,5 day ahead inc hosp,2021-01-01,06015,quantile,0.25,2.6264528576347272
4136,2020-12-27,5 day ahead inc hosp,2021-01-01,06015,quantile,0.3,2.6968760228249353
4137,2020-12-27,5 day ahead inc hosp,2021-01-01,06015,quantile,0.35,2.762133580523304
4138,2020-12-27,5 day ahead inc hosp,2021-01-01,06015,quantile,0.4,2.824056621228575
4139,2020-12-27,5 day ahead inc hosp,2021-01-01,06015,quantile,0.45,2.8839678797404367
4140,2020-12-27,5 day ahead inc hosp,2021-01-01,06015,quantile,0.5,2.942929267883301
4141,2020-12-27,5 day ahead inc hosp,2021-01-01,06015,quantile,0.55,3.105370454190097
4142,2020-12-27,5 day ahead inc hosp,2021-01-01,06015,quantile,0.6,3.270428574636973
4143,2020-12-27,5 day ahead inc hosp,2021-01-01,06015,quantile,0.65,3.441029242442071
4144,2020-12-27,5 day ahead inc hosp,2021-01-01,06015,quantile,0.7,3.6208166494536225
4145,2020-12-27,5 day ahead inc hosp,2021-01-01,06015,quantile,0.75,3.814835529559676
4146,2020-12-27,5 day ahead inc hosp,2021-01-01,06015,quantile,0.8,4.030884753194517
4147,2020-12-27,5 day ahead inc hosp,2021-01-01,06015,quantile,0.85,4.282716509790827
4148,2020-12-27,5 day ahead inc hosp,2021-01-01,06015,quantile,0.9,4.599578363491737
4149,2020-12-27,5 day ahead inc hosp,2021-01-01,06015,quantile,0.95,5.069215362613665
4150,2020-12-27,5 day ahead inc hosp,2021-01-01,06015,quantile,0.975,5.476555420517724
4151,2020-12-27,5 day ahead inc hosp,2021-01-01,06015,quantile,0.99,5.950176268484965
4152,2020-12-27,6 day ahead inc hosp,2021-01-02,06015,point,NA,3.160738468170166
4153,2020-12-27,6 day ahead inc hosp,2021-01-02,06015,quantile,0.01,1.0346415440481276
4154,2020-12-27,6 day ahead inc hosp,2021-01-02,06015,quantile,0.025,1.3694872776582228
4155,2020-12-27,6 day ahead inc hosp,2021-01-02,06015,quantile,0.05,1.6574730812880016
4156,2020-12-27,6 day ahead inc hosp,2021-01-02,06015,quantile,0.1,1.9895022691422972
4157,2020-12-27,6 day ahead inc hosp,2021-01-02,06015,quantile,0.15,2.2135207858754846
4158,2020-12-27,6 day ahead inc hosp,2021-01-02,06015,quantile,0.2,2.391563601443525
4159,2020-12-27,6 day ahead inc hosp,2021-01-02,06015,quantile,0.25,2.544308483968003
4160,2020-12-27,6 day ahead inc hosp,2021-01-02,06015,quantile,0.3,2.681478109254038
4161,2020-12-27,6 day ahead inc hosp,2021-01-02,06015,quantile,0.35,2.8085862094422365
4162,2020-12-27,6 day ahead inc hosp,2021-01-02,06015,quantile,0.4,2.929199366592619
4163,2020-12-27,6 day ahead inc hosp,2021-01-02,06015,quantile,0.45,3.04589399198031
4164,2020-12-27,6 day ahead inc hosp,2021-01-02,06015,quantile,0.5,3.160738468170166
4165,2020-12-27,6 day ahead inc hosp,2021-01-02,06015,quantile,0.55,3.3260570877544087
4166,2020-12-27,6 day ahead inc hosp,2021-01-02,06015,quantile,0.6,3.4940389970462498
4167,2020-12-27,6 day ahead inc hosp,2021-01-02,06015,quantile,0.65,3.667661632677721
4168,2020-12-27,6 day ahead inc hosp,2021-01-02,06015,quantile,0.7,3.8506337385920735
4169,2020-12-27,6 day ahead inc hosp,2021-01-02,06015,quantile,0.75,4.0480894095438655
4170,2020-12-27,6 day ahead inc hosp,2021-01-02,06015,quantile,0.8,4.26796566276269
4171,2020-12-27,6 day ahead inc hosp,2021-01-02,06015,quantile,0.85,4.524258289740601
4172,2020-12-27,6 day ahead inc hosp,2021-01-02,06015,quantile,0.9,4.846732936988035
4173,2020-12-27,6 day ahead inc hosp,2021-01-02,06015,quantile,0.95,5.324688941654786
4174,2020-12-27,6 day ahead inc hosp,2021-01-02,06015,quantile,0.975,5.739244496222582
4175,2020-12-27,6 day ahead inc hosp,2021-01-02,06015,quantile,0.99,6.221254918409379
4176,2020-12-27,7 day ahead inc hosp,2021-01-03,06015,point,NA,3.148620128631592
4177,2020-12-27,7 day ahead inc hosp,2021-01-03,06015,quantile,0.01,1.0412054357041178
4178,2020-12-27,7 day ahead inc hosp,2021-01-03,06015,quantile,0.025,1.373108845594705
4179,2020-12-27,7 day ahead inc hosp,2021-01-03,06015,quantile,0.05,1.6585640885039814
4180,2020-12-27,7 day ahead inc hosp,2021-01-03,06015,quantile,0.1,1.9876757019144877
4181,2020-12-27,7 day ahead inc hosp,2021-01-03,06015,quantile,0.15,2.2097257450216663
4182,2020-12-27,7 day ahead inc hosp,2021-01-03,06015,quantile,0.2,2.3862040801536386
4183,2020-12-27,7 day ahead inc hosp,2021-01-03,06015,quantile,0.25,2.53760677776795
4184,2020-12-27,7 day ahead inc hosp,2021-01-03,06015,quantile,0.3,2.673571079522686
4185,2020-12-27,7 day ahead inc hosp,2021-01-03,06015,quantile,0.35,2.799562267830022
4186,2020-12-27,7 day ahead inc hosp,2021-01-03,06015,quantile,0.4,2.919115584828517
4187,2020-12-27,7 day ahead inc hosp,2021-01-03,06015,quantile,0.45,3.034784802603826
4188,2020-12-27,7 day ahead inc hosp,2021-01-03,06015,quantile,0.5,3.148620128631592
4189,2020-12-27,7 day ahead inc hosp,2021-01-03,06015,quantile,0.55,3.3127668778050197
4190,2020-12-27,7 day ahead inc hosp,2021-01-03,06015,quantile,0.6,3.4795580378059072
4191,2020-12-27,7 day ahead inc hosp,2021-01-03,06015,quantile,0.65,3.6519499395378587
4192,2020-12-27,7 day ahead inc hosp,2021-01-03,06015,quantile,0.7,3.833625037302344
4193,2020-12-27,7 day ahead inc hosp,2021-01-03,06015,quantile,0.75,4.029681032532079
4194,2020-12-27,7 day ahead inc hosp,2021-01-03,06015,quantile,0.8,4.247998680459884
4195,2020-12-27,7 day ahead inc hosp,2021-01-03,06015,quantile,0.85,4.502474562616064
4196,2020-12-27,7 day ahead inc hosp,2021-01-03,06015,quantile,0.9,4.822663330037634
4197,2020-12-27,7 day ahead inc hosp,2021-01-03,06015,quantile,0.95,5.297231316458474
4198,2020-12-27,7 day ahead inc hosp,2021-01-03,06015,quantile,0.975,5.708848270466582
4199,2020-12-27,7 day ahead inc hosp,2021-01-03,06015,quantile,0.99,6.187441934438935
4200,2020-12-27,8 day ahead inc hosp,2021-01-04,06015,point,NA,2.8226733207702637
4201,2020-12-27,8 day ahead inc hosp,2021-01-04,06015,quantile,0.01,1.7513367357989174
4202,2020-12-27,8 day ahead inc hosp,2021-01-04,06015,quantile,0.025,1.9200649253127615
4203,2020-12-27,8 day ahead inc hosp,2021-01-04,06015,quantile,0.05,2.065180476669086
4204,2020-12-27,8 day ahead inc hosp,2021-01-04,06015,quantile,0.1,2.2324894136186666
4205,2020-12-27,8 day ahead inc hosp,2021-01-04,06015,quantile,0.15,2.345371959077588
4206,2020-12-27,8 day ahead inc hosp,2021-01-04,06015,quantile,0.2,2.4350874277588264
4207,2020-12-27,8 day ahead inc hosp,2021-01-04,06015,quantile,0.25,2.512055311470524
4208,2020-12-27,8 day ahead inc hosp,2021-01-04,06015,quantile,0.3,2.5811748498360787
4209,2020-12-27,8 day ahead inc hosp,2021-01-04,06015,quantile,0.35,2.6452244030021714
4210,2020-12-27,8 day ahead inc hosp,2021-01-04,06015,quantile,0.4,2.706001165537333
4211,2020-12-27,8 day ahead inc hosp,2021-01-04,06015,quantile,0.45,2.7648033866538446
4212,2020-12-27,8 day ahead inc hosp,2021-01-04,06015,quantile,0.5,2.8226733207702637
4213,2020-12-27,8 day ahead inc hosp,2021-01-04,06015,quantile,0.55,2.961160828144807
4214,2020-12-27,8 day ahead inc hosp,2021-01-04,06015,quantile,0.6,3.101879374914363
4215,2020-12-27,8 day ahead inc hosp,2021-01-04,06015,quantile,0.65,3.2473231615420906
4216,2020-12-27,8 day ahead inc hosp,2021-01-04,06015,quantile,0.7,3.400599005067007
4217,2020-12-27,8 day ahead inc hosp,2021-01-04,06015,quantile,0.75,3.566007739762782
4218,2020-12-27,8 day ahead inc hosp,2021-01-04,06015,quantile,0.8,3.7501982097516278
4219,2020-12-27,8 day ahead inc hosp,2021-01-04,06015,quantile,0.85,3.9648946980111246
4220,2020-12-27,8 day ahead inc hosp,2021-01-04,06015,quantile,0.9,4.235031904582857
4221,2020-12-27,8 day ahead inc hosp,2021-01-04,06015,quantile,0.95,4.635415938078035
4222,2020-12-27,8 day ahead inc hosp,2021-01-04,06015,quantile,0.975,4.9826893762711855
4223,2020-12-27,8 day ahead inc hosp,2021-01-04,06015,quantile,0.99,5.386469797769232
4224,2020-12-27,9 day ahead inc hosp,2021-01-05,06015,point,NA,2.981980085372925
4225,2020-12-27,9 day ahead inc hosp,2021-01-05,06015,quantile,0.01,1.8495030898893503
4226,2020-12-27,9 day ahead inc hosp,2021-01-05,06015,quantile,0.025,2.027860476162248
4227,2020-12-27,9 day ahead inc hosp,2021-01-05,06015,quantile,0.05,2.1812576679536106
4228,2020-12-27,9 day ahead inc hosp,2021-01-05,06015,quantile,0.1,2.358114805936329
4229,2020-12-27,9 day ahead inc hosp,2021-01-05,06015,quantile,0.15,2.477439477302122
4230,2020-12-27,9 day ahead inc hosp,2021-01-05,06015,quantile,0.2,2.5722749434345955
4231,2020-12-27,9 day ahead inc hosp,2021-01-05,06015,quantile,0.25,2.653635329066235
4232,2020-12-27,9 day ahead inc hosp,2021-01-05,06015,quantile,0.3,2.726699469911876
4233,2020-12-27,9 day ahead inc hosp,2021-01-05,06015,quantile,0.35,2.794404285139055
4234,2020-12-27,9 day ahead inc hosp,2021-01-05,06015,quantile,0.4,2.858649533921332
4235,2020-12-27,9 day ahead inc hosp,2021-01-05,06015,quantile,0.45,2.9208075556223916
4236,2020-12-27,9 day ahead inc hosp,2021-01-05,06015,quantile,0.5,2.981980085372925
4237,2020-12-27,9 day ahead inc hosp,2021-01-05,06015,quantile,0.55,3.105394035275614
4238,2020-12-27,9 day ahead inc hosp,2021-01-05,06015,quantile,0.6,3.230796188947343
4239,2020-12-27,9 day ahead inc hosp,2021-01-05,06015,quantile,0.65,3.3604092676778743
4240,2020-12-27,9 day ahead inc hosp,2021-01-05,06015,quantile,0.7,3.497001929591534
4241,2020-12-27,9 day ahead inc hosp,2021-01-05,06015,quantile,0.75,3.6444068882352187
4242,2020-12-27,9 day ahead inc hosp,2021-01-05,06015,quantile,0.8,3.80854929982674
4243,2020-12-27,9 day ahead inc hosp,2021-01-05,06015,quantile,0.85,3.9998773275215425
4244,2020-12-27,9 day ahead inc hosp,2021-01-05,06015,quantile,0.9,4.2406116746892675
4245,2020-12-27,9 day ahead inc hosp,2021-01-05,06015,quantile,0.95,4.5974162413132555
4246,2020-12-27,9 day ahead inc hosp,2021-01-05,06015,quantile,0.975,4.906890991174934
4247,2020-12-27,9 day ahead inc hosp,2021-01-05,06015,quantile,0.99,5.26672226877656
4248,2020-12-27,10 day ahead inc hosp,2021-01-06,06015,point,NA,3.0000696182250977
4249,2020-12-27,10 day ahead inc hosp,2021-01-06,06015,quantile,0.01,1.881405490729898
4250,2020-12-27,10 day ahead inc hosp,2021-01-06,06015,quantile,0.025,2.0575874447060123
4251,2020-12-27,10 day ahead inc hosp,2021-01-06,06015,quantile,0.05,2.2091136447081805
4252,2020-12-27,10 day ahead inc hosp,2021-01-06,06015,quantile,0.1,2.3838136489835478
4253,2020-12-27,10 day ahead inc hosp,2021-01-06,06015,quantile,0.15,2.5016829124780067
4254,2020-12-27,10 day ahead inc hosp,2021-01-06,06015,quantile,0.2,2.5953616665717116
4255,2020-12-27,10 day ahead inc hosp,2021-01-06,06015,quantile,0.25,2.6757296962696815
4256,2020-12-27,10 day ahead inc hosp,2021-01-06,06015,quantile,0.3,2.747902670816837
4257,2020-12-27,10 day ahead inc hosp,2021-01-06,06015,quantile,0.35,2.8147816876581415
4258,2020-12-27,10 day ahead inc hosp,2021-01-06,06015,quantile,0.4,2.8782433345272236
4259,2020-12-27,10 day ahead inc hosp,2021-01-06,06015,quantile,0.45,2.939643212308716
4260,2020-12-27,10 day ahead inc hosp,2021-01-06,06015,quantile,0.5,3.0000696182250977
4261,2020-12-27,10 day ahead inc hosp,2021-01-06,06015,quantile,0.55,3.136985798511957
4262,2020-12-27,10 day ahead inc hosp,2021-01-06,06015,quantile,0.6,3.276107704050326
4263,2020-12-27,10 day ahead inc hosp,2021-01-06,06015,quantile,0.65,3.4199012352434934
4264,2020-12-27,10 day ahead inc hosp,2021-01-06,06015,quantile,0.7,3.571437958111361
4265,2020-12-27,10 day ahead inc hosp,2021-01-06,06015,quantile,0.75,3.734969908176562
4266,2020-12-27,10 day ahead inc hosp,2021-01-06,06015,quantile,0.8,3.917070489479608
4267,2020-12-27,10 day ahead inc hosp,2021-01-06,06015,quantile,0.85,4.1293309572342345
4268,2020-12-27,10 day ahead inc hosp,2021-01-06,06015,quantile,0.9,4.396403093763732
4269,2020-12-27,10 day ahead inc hosp,2021-01-06,06015,quantile,0.95,4.792244231735447
4270,2020-12-27,10 day ahead inc hosp,2021-01-06,06015,quantile,0.975,5.13557738556208
4271,2020-12-27,10 day ahead inc hosp,2021-01-06,06015,quantile,0.99,5.534776374945384
4272,2020-12-27,11 day ahead inc hosp,2021-01-07,06015,point,NA,3.0728907585144043
4273,2020-12-27,11 day ahead inc hosp,2021-01-07,06015,quantile,0.01,1.77348100481403
4274,2020-12-27,11 day ahead inc hosp,2021-01-07,06015,quantile,0.025,1.978129159515438
4275,2020-12-27,11 day ahead inc hosp,2021-01-07,06015,quantile,0.05,2.1541378625609515
4276,2020-12-27,11 day ahead inc hosp,2021-01-07,06015,quantile,0.1,2.3570646248905884
4277,2020-12-27,11 day ahead inc hosp,2021-01-07,06015,quantile,0.15,2.4939783480374293
4278,2020-12-27,11 day ahead inc hosp,2021-01-07,06015,quantile,0.2,2.60279303494119
4279,2020-12-27,11 day ahead inc hosp,2021-01-07,06015,quantile,0.25,2.696146347261175
4280,2020-12-27,11 day ahead inc hosp,2021-01-07,06015,quantile,0.3,2.779980506929932
4281,2020-12-27,11 day ahead inc hosp,2021-01-07,06015,quantile,0.35,2.85766534965039
4282,2020-12-27,11 day ahead inc hosp,2021-01-07,06015,quantile,0.4,2.9313806685747714
4283,2020-12-27,11 day ahead inc hosp,2021-01-07,06015,quantile,0.45,3.0027010927345468
4284,2020-12-27,11 day ahead inc hosp,2021-01-07,06015,quantile,0.5,3.0728907585144043
4285,2020-12-27,11 day ahead inc hosp,2021-01-07,06015,quantile,0.55,3.2409541934371333
4286,2020-12-27,11 day ahead inc hosp,2021-01-07,06015,quantile,0.6,3.4117251371545705
4287,2020-12-27,11 day ahead inc hosp,2021-01-07,06015,quantile,0.65,3.5882304612248164
4288,2020-12-27,11 day ahead inc hosp,2021-01-07,06015,quantile,0.7,3.7742404865465042
4289,2020-12-27,11 day ahead inc hosp,2021-01-07,06015,quantile,0.75,3.974974550190315
4290,2020-12-27,11 day ahead inc hosp,2021-01-07,06015,quantile,0.8,4.198501449137501
4291,2020-12-27,11 day ahead inc hosp,2021-01-07,06015,quantile,0.85,4.459049349571234
4292,2020-12-27,11 day ahead inc hosp,2021-01-07,06015,quantile,0.9,4.786878102486037
4293,2020-12-27,11 day ahead inc hosp,2021-01-07,06015,quantile,0.95,5.27276969829207
4294,2020-12-27,11 day ahead inc hosp,2021-01-07,06015,quantile,0.975,5.6942081947069125
4295,2020-12-27,11 day ahead inc hosp,2021-01-07,06015,quantile,0.99,6.184221524270119
4296,2020-12-27,12 day ahead inc hosp,2021-01-08,06015,point,NA,3.1095590591430664
4297,2020-12-27,12 day ahead inc hosp,2021-01-08,06015,quantile,0.01,1.9825837216579536
4298,2020-12-27,12 day ahead inc hosp,2021-01-08,06015,quantile,0.025,2.1600746344000985
4299,2020-12-27,12 day ahead inc hosp,2021-01-08,06015,quantile,0.05,2.3127266111535167
4300,2020-12-27,12 day ahead inc hosp,2021-01-08,06015,quantile,0.1,2.488724563923954
4301,2020-12-27,12 day ahead inc hosp,2021-01-08,06015,quantile,0.15,2.6074695471060125
4302,2020-12-27,12 day ahead inc hosp,2021-01-08,06015,quantile,0.2,2.7018442954465427
4303,2020-12-27,12 day ahead inc hosp,2021-01-08,06015,quantile,0.25,2.782809426235785
4304,2020-12-27,12 day ahead inc hosp,2021-01-08,06015,quantile,0.3,2.855518616017089
4305,2020-12-27,12 day ahead inc hosp,2021-01-08,06015,quantile,0.35,2.922894516184877
4306,2020-12-27,12 day ahead inc hosp,2021-01-08,06015,quantile,0.4,2.9868276567404646
4307,2020-12-27,12 day ahead inc hosp,2021-01-08,06015,quantile,0.45,3.0486837101202036
4308,2020-12-27,12 day ahead inc hosp,2021-01-08,06015,quantile,0.5,3.1095590591430664
4309,2020-12-27,12 day ahead inc hosp,2021-01-08,06015,quantile,0.55,3.2719724875100797
4310,2020-12-27,12 day ahead inc hosp,2021-01-08,06015,quantile,0.6,3.437002402835631
4311,2020-12-27,12 day ahead inc hosp,2021-01-08,06015,quantile,0.65,3.6075739184092575
4312,2020-12-27,12 day ahead inc hosp,2021-01-08,06015,quantile,0.7,3.7873306033599143
4313,2020-12-27,12 day ahead inc hosp,2021-01-08,06015,quantile,0.75,3.981316329531839
4314,2020-12-27,12 day ahead inc hosp,2021-01-08,06015,quantile,0.8,4.197328634688823
4315,2020-12-27,12 day ahead inc hosp,2021-01-08,06015,quantile,0.85,4.449117358290277
4316,2020-12-27,12 day ahead inc hosp,2021-01-08,06015,quantile,0.9,4.765925066657393
4317,2020-12-27,12 day ahead inc hosp,2021-01-08,06015,quantile,0.95,5.235481814238209
4318,2020-12-27,12 day ahead inc hosp,2021-01-08,06015,quantile,0.975,5.642752265898585
4319,2020-12-27,12 day ahead inc hosp,2021-01-08,06015,quantile,0.99,6.116292181564871
4320,2020-12-27,13 day ahead inc hosp,2021-01-09,06015,point,NA,3.1052465438842773
4321,2020-12-27,13 day ahead inc hosp,2021-01-09,06015,quantile,0.01,1.0030062686680363
4322,2020-12-27,13 day ahead inc hosp,2021-01-09,06015,quantile,0.025,1.3340947431364116
4323,2020-12-27,13 day ahead inc hosp,2021-01-09,06015,quantile,0.05,1.6188490966243363
4324,2020-12-27,13 day ahead inc hosp,2021-01-09,06015,quantile,0.1,1.9471526294197086
4325,2020-12-27,13 day ahead inc hosp,2021-01-09,06015,quantile,0.15,2.168657464372227
4326,2020-12-27,13 day ahead inc hosp,2021-01-09,06015,quantile,0.2,2.344702485346326
4327,2020-12-27,13 day ahead inc hosp,2021-01-09,06015,quantile,0.25,2.495733437996206
4328,2020-12-27,13 day ahead inc hosp,2021-01-09,06015,quantile,0.3,2.6313639012836223
4329,2020-12-27,13 day ahead inc hosp,2021-01-09,06015,quantile,0.35,2.7570457384991087
4330,2020-12-27,13 day ahead inc hosp,2021-01-09,06015,quantile,0.4,2.8763055115629474
4331,2020-12-27,13 day ahead inc hosp,2021-01-09,06015,quantile,0.45,2.991690722184321
4332,2020-12-27,13 day ahead inc hosp,2021-01-09,06015,quantile,0.5,3.1052465438842773
4333,2020-12-27,13 day ahead inc hosp,2021-01-09,06015,quantile,0.55,3.2691406703396853
4334,2020-12-27,13 day ahead inc hosp,2021-01-09,06015,quantile,0.6,3.4356751378602572
4335,2020-12-27,13 day ahead inc hosp,2021-01-09,06015,quantile,0.65,3.607801727540648
4336,2020-12-27,13 day ahead inc hosp,2021-01-09,06015,quantile,0.7,3.7891972263656175
4337,2020-12-27,13 day ahead inc hosp,2021-01-09,06015,quantile,0.75,3.9849514903783265
4338,2020-12-27,13 day ahead inc hosp,2021-01-09,06015,quantile,0.8,4.202933146287472
4339,2020-12-27,13 day ahead inc hosp,2021-01-09,06015,quantile,0.85,4.457017388710641
4340,2020-12-27,13 day ahead inc hosp,2021-01-09,06015,quantile,0.9,4.776713383920073
4341,2020-12-27,13 day ahead inc hosp,2021-01-09,06015,quantile,0.95,5.250551007691524
4342,2020-12-27,13 day ahead inc hosp,2021-01-09,06015,quantile,0.975,5.661534481023175
4343,2020-12-27,13 day ahead inc hosp,2021-01-09,06015,quantile,0.99,6.139391586807024
4344,2020-12-27,14 day ahead inc hosp,2021-01-10,06015,point,NA,3.2604973316192627
4345,2020-12-27,14 day ahead inc hosp,2021-01-10,06015,quantile,0.01,1.1258347543178768
4346,2020-12-27,14 day ahead inc hosp,2021-01-10,06015,quantile,0.025,1.4620295197572113
4347,2020-12-27,14 day ahead inc hosp,2021-01-10,06015,quantile,0.05,1.7511755651833452
4348,2020-12-27,14 day ahead inc hosp,2021-01-10,06015,quantile,0.1,2.0845424375224413
4349,2020-12-27,14 day ahead inc hosp,2021-01-10,06015,quantile,0.15,2.3094634836268524
4350,2020-12-27,14 day ahead inc hosp,2021-01-10,06015,quantile,0.2,2.488223600928378
4351,2020-12-27,14 day ahead inc hosp,2021-01-10,06015,quantile,0.25,2.641583864470429
4352,2020-12-27,14 day ahead inc hosp,2021-01-10,06015,quantile,0.3,2.779306120929394
4353,2020-12-27,14 day ahead inc hosp,2021-01-10,06015,quantile,0.35,2.9069263162578216
4354,2020-12-27,14 day ahead inc hosp,2021-01-10,06015,quantile,0.4,3.028025401618388
4355,2020-12-27,14 day ahead inc hosp,2021-01-10,06015,quantile,0.45,3.145190168173033
4356,2020-12-27,14 day ahead inc hosp,2021-01-10,06015,quantile,0.5,3.2604973316192627
4357,2020-12-27,14 day ahead inc hosp,2021-01-10,06015,quantile,0.55,3.4249594697102186
4358,2020-12-27,14 day ahead inc hosp,2021-01-10,06015,quantile,0.6,3.5920710995569656
4359,2020-12-27,14 day ahead inc hosp,2021-01-10,06015,quantile,0.65,3.7647942323096446
4360,2020-12-27,14 day ahead inc hosp,2021-01-10,06015,quantile,0.7,3.9468183976780526
4361,2020-12-27,14 day ahead inc hosp,2021-01-10,06015,quantile,0.75,4.143251091736255
4362,2020-12-27,14 day ahead inc hosp,2021-01-10,06015,quantile,0.8,4.3619882116731254
4363,2020-12-27,14 day ahead inc hosp,2021-01-10,06015,quantile,0.85,4.616953039686682
4364,2020-12-27,14 day ahead inc hosp,2021-01-10,06015,quantile,0.9,4.937757012643971
4365,2020-12-27,14 day ahead inc hosp,2021-01-10,06015,quantile,0.95,5.41323682634305
4366,2020-12-27,14 day ahead inc hosp,2021-01-10,06015,quantile,0.975,5.825644654530602
4367,2020-12-27,14 day ahead inc hosp,2021-01-10,06015,quantile,0.99,6.30515788065314
4368,2020-12-27,15 day ahead inc hosp,2021-01-11,06015,point,NA,3.217790126800537
4369,2020-12-27,15 day ahead inc hosp,2021-01-11,06015,quantile,0.01,2.1301071961764286
4370,2020-12-27,15 day ahead inc hosp,2021-01-11,06015,quantile,0.025,2.301409823402798
4371,2020-12-27,15 day ahead inc hosp,2021-01-11,06015,quantile,0.05,2.4487395332181334
4372,2020-12-27,15 day ahead inc hosp,2021-01-11,06015,quantile,0.1,2.618601253067634
4373,2020-12-27,15 day ahead inc hosp,2021-01-11,06015,quantile,0.15,2.7332061490297677
4374,2020-12-27,15 day ahead inc hosp,2021-01-11,06015,quantile,0.2,2.824290487291337
4375,2020-12-27,15 day ahead inc hosp,2021-01-11,06015,quantile,0.25,2.9024327392165006
4376,2020-12-27,15 day ahead inc hosp,2021-01-11,06015,quantile,0.3,2.9726068965331223
4377,2020-12-27,15 day ahead inc hosp,2021-01-11,06015,quantile,0.35,3.0376337113270213
4378,2020-12-27,15 day ahead inc hosp,2021-01-11,06015,quantile,0.4,3.099337799580349
4379,2020-12-27,15 day ahead inc hosp,2021-01-11,06015,quantile,0.45,3.1590372190610387
4380,2020-12-27,15 day ahead inc hosp,2021-01-11,06015,quantile,0.5,3.217790126800537
4381,2020-12-27,15 day ahead inc hosp,2021-01-11,06015,quantile,0.55,3.362634831545253
4382,2020-12-27,15 day ahead inc hosp,2021-01-11,06015,quantile,0.6,3.5098129903940314
4383,2020-12-27,15 day ahead inc hosp,2021-01-11,06015,quantile,0.65,3.6619332987917486
4384,2020-12-27,15 day ahead inc hosp,2021-01-11,06015,quantile,0.7,3.8222451906060773
4385,2020-12-27,15 day ahead inc hosp,2021-01-11,06015,quantile,0.75,3.9952469276826923
4386,2020-12-27,15 day ahead inc hosp,2021-01-11,06015,quantile,0.8,4.187892565893009
4387,2020-12-27,15 day ahead inc hosp,2021-01-11,06015,quantile,0.85,4.412444585358344
4388,2020-12-27,15 day ahead inc hosp,2021-01-11,06015,quantile,0.9,4.694982300624042
4389,2020-12-27,15 day ahead inc hosp,2021-01-11,06015,quantile,0.95,5.113745756011122
4390,2020-12-27,15 day ahead inc hosp,2021-01-11,06015,quantile,0.975,5.476960601699186
4391,2020-12-27,15 day ahead inc hosp,2021-01-11,06015,quantile,0.99,5.899276354523056
4392,2020-12-27,16 day ahead inc hosp,2021-01-12,06015,point,NA,3.3656859397888184
4393,2020-12-27,16 day ahead inc hosp,2021-01-12,06015,quantile,0.01,2.2773748742065973
4394,2020-12-27,16 day ahead inc hosp,2021-01-12,06015,quantile,0.025,2.448776428395547
4395,2020-12-27,16 day ahead inc hosp,2021-01-12,06015,quantile,0.05,2.5961912208562916
4396,2020-12-27,16 day ahead inc hosp,2021-01-12,06015,quantile,0.1,2.766151035546925
4397,2020-12-27,16 day ahead inc hosp,2021-01-12,06015,quantile,0.15,2.880822115632665
4398,2020-12-27,16 day ahead inc hosp,2021-01-12,06015,quantile,0.2,2.971959054937597
4399,2020-12-27,16 day ahead inc hosp,2021-01-12,06015,quantile,0.25,3.05014643387428
4400,2020-12-27,16 day ahead inc hosp,2021-01-12,06015,quantile,0.3,3.120361116641955
4401,2020-12-27,16 day ahead inc hosp,2021-01-12,06015,quantile,0.35,3.185425484305755
4402,2020-12-27,16 day ahead inc hosp,2021-01-12,06015,quantile,0.4,3.247165206560315
4403,2020-12-27,16 day ahead inc hosp,2021-01-12,06015,quantile,0.45,3.306899102349586
4404,2020-12-27,16 day ahead inc hosp,2021-01-12,06015,quantile,0.5,3.3656859397888184
4405,2020-12-27,16 day ahead inc hosp,2021-01-12,06015,quantile,0.55,3.4885073707761514
4406,2020-12-27,16 day ahead inc hosp,2021-01-12,06015,quantile,0.6,3.6133074600286195
4407,2020-12-27,16 day ahead inc hosp,2021-01-12,06015,quantile,0.65,3.7422982573972314
4408,2020-12-27,16 day ahead inc hosp,2021-01-12,06015,quantile,0.7,3.8782351284870296
4409,2020-12-27,16 day ahead inc hosp,2021-01-12,06015,quantile,0.75,4.024932385721899
4410,2020-12-27,16 day ahead inc hosp,2021-01-12,06015,quantile,0.8,4.18828673823455
4411,2020-12-27,16 day ahead inc hosp,2021-01-12,06015,quantile,0.85,4.378696186825966
4412,2020-12-27,16 day ahead inc hosp,2021-01-12,06015,quantile,0.9,4.618274751730946
4413,2020-12-27,16 day ahead inc hosp,2021-01-12,06015,quantile,0.95,4.973366274934991
4414,2020-12-27,16 day ahead inc hosp,2021-01-12,06015,quantile,0.975,5.281355215102849
4415,2020-12-27,16 day ahead inc hosp,2021-01-12,06015,quantile,0.99,5.63945891783564
4416,2020-12-27,17 day ahead inc hosp,2021-01-13,06015,point,NA,3.5638585090637207
4417,2020-12-27,17 day ahead inc hosp,2021-01-13,06015,quantile,0.01,2.4584849130475783
4418,2020-12-27,17 day ahead inc hosp,2021-01-13,06015,quantile,0.025,2.63257369915694
4419,2020-12-27,17 day ahead inc hosp,2021-01-13,06015,quantile,0.05,2.782299659318094
4420,2020-12-27,17 day ahead inc hosp,2021-01-13,06015,quantile,0.1,2.9549241023511317
4421,2020-12-27,17 day ahead inc hosp,2021-01-13,06015,quantile,0.15,3.0713929945291403
4422,2020-12-27,17 day ahead inc hosp,2021-01-13,06015,quantile,0.2,3.1639587778932046
4423,2020-12-27,17 day ahead inc hosp,2021-01-13,06015,quantile,0.25,3.2433719778059356
4424,2020-12-27,17 day ahead inc hosp,2021-01-13,06015,quantile,0.3,3.3146874856956914
4425,2020-12-27,17 day ahead inc hosp,2021-01-13,06015,quantile,0.35,3.380771931890838
4426,2020-12-27,17 day ahead inc hosp,2021-01-13,06015,quantile,0.4,3.4434796089179485
4427,2020-12-27,17 day ahead inc hosp,2021-01-13,06015,quantile,0.45,3.504150012151712
4428,2020-12-27,17 day ahead inc hosp,2021-01-13,06015,quantile,0.5,3.5638585090637207
4429,2020-12-27,17 day ahead inc hosp,2021-01-13,06015,quantile,0.55,3.7009694593090536
4430,2020-12-27,17 day ahead inc hosp,2021-01-13,06015,quantile,0.6,3.8402892725578748
4431,2020-12-27,17 day ahead inc hosp,2021-01-13,06015,quantile,0.65,3.9842873570773225
4432,2020-12-27,17 day ahead inc hosp,2021-01-13,06015,quantile,0.7,4.136039648340089
4433,2020-12-27,17 day ahead inc hosp,2021-01-13,06015,quantile,0.75,4.299804230597165
4434,2020-12-27,17 day ahead inc hosp,2021-01-13,06015,quantile,0.8,4.482163858877596
4435,2020-12-27,17 day ahead inc hosp,2021-01-13,06015,quantile,0.85,4.6947262775222
4436,2020-12-27,17 day ahead inc hosp,2021-01-13,06015,quantile,0.9,4.962178337219525
4437,2020-12-27,17 day ahead inc hosp,2021-01-13,06015,quantile,0.95,5.358582578557426
4438,2020-12-27,17 day ahead inc hosp,2021-01-13,06015,quantile,0.975,5.702404140576379
4439,2020-12-27,17 day ahead inc hosp,2021-01-13,06015,quantile,0.99,6.102171010033622
4440,2020-12-27,18 day ahead inc hosp,2021-01-14,06015,point,NA,3.719724178314209
4441,2020-12-27,18 day ahead inc hosp,2021-01-14,06015,quantile,0.01,2.4815514819397064
4442,2020-12-27,18 day ahead inc hosp,2021-01-14,06015,quantile,0.025,2.6765552186694963
4443,2020-12-27,18 day ahead inc hosp,2021-01-14,06015,quantile,0.05,2.844269190197444
4444,2020-12-27,18 day ahead inc hosp,2021-01-14,06015,quantile,0.1,3.037632658314193
4445,2020-12-27,18 day ahead inc hosp,2021-01-14,06015,quantile,0.15,3.1680940722574387
4446,2020-12-27,18 day ahead inc hosp,2021-01-14,06015,quantile,0.2,3.271780668348547
4447,2020-12-27,18 day ahead inc hosp,2021-01-14,06015,quantile,0.25,3.3607345353651397
4448,2020-12-27,18 day ahead inc hosp,2021-01-14,06015,quantile,0.3,3.4406178571808774
4449,2020-12-27,18 day ahead inc hosp,2021-01-14,06015,quantile,0.35,3.5146416598379706
4450,2020-12-27,18 day ahead inc hosp,2021-01-14,06015,quantile,0.4,3.5848830097561075
4451,2020-12-27,18 day ahead inc hosp,2021-01-14,06015,quantile,0.45,3.6528423286984246
4452,2020-12-27,18 day ahead inc hosp,2021-01-14,06015,quantile,0.5,3.719724178314209
4453,2020-12-27,18 day ahead inc hosp,2021-01-14,06015,quantile,0.55,3.886866043644161
4454,2020-12-27,18 day ahead inc hosp,2021-01-14,06015,quantile,0.6,4.056700571245075
4455,2020-12-27,18 day ahead inc hosp,2021-01-14,06015,quantile,0.65,4.232238034937476
4456,2020-12-27,18 day ahead inc hosp,2021-01-14,06015,quantile,0.7,4.417228081205618
4457,2020-12-27,18 day ahead inc hosp,2021-01-14,06015,quantile,0.75,4.616861427079536
4458,2020-12-27,18 day ahead inc hosp,2021-01-14,06015,quantile,0.8,4.8391626245924275
4459,2020-12-27,18 day ahead inc hosp,2021-01-14,06015,quantile,0.85,5.09828182030754
4460,2020-12-27,18 day ahead inc hosp,2021-01-14,06015,quantile,0.9,5.424312936452257
4461,2020-12-27,18 day ahead inc hosp,2021-01-14,06015,quantile,0.95,5.907540163769768
4462,2020-12-27,18 day ahead inc hosp,2021-01-14,06015,quantile,0.975,6.326667717868693
4463,2020-12-27,18 day ahead inc hosp,2021-01-14,06015,quantile,0.99,6.8139940775696655
4464,2020-12-27,19 day ahead inc hosp,2021-01-15,06015,point,NA,3.6816246509552
4465,2020-12-27,19 day ahead inc hosp,2021-01-15,06015,quantile,0.01,2.592114582507019
4466,2020-12-27,19 day ahead inc hosp,2021-01-15,06015,quantile,0.025,2.7637049714521353
4467,2020-12-27,19 day ahead inc hosp,2021-01-15,06015,quantile,0.05,2.911282172220794
4468,2020-12-27,19 day ahead inc hosp,2021-01-15,06015,quantile,0.1,3.0814292332891924
4469,2020-12-27,19 day ahead inc hosp,2021-01-15,06015,quantile,0.15,3.1962266476170567
4470,2020-12-27,19 day ahead inc hosp,2021-01-15,06015,quantile,0.2,3.287463993372752
4471,2020-12-27,19 day ahead inc hosp,2021-01-15,06015,quantile,0.25,3.3657375121038298
4472,2020-12-27,19 day ahead inc hosp,2021-01-15,06015,quantile,0.3,3.436029551069134
4473,2020-12-27,19 day ahead inc hosp,2021-01-15,06015,quantile,0.35,3.501165600778415
4474,2020-12-27,19 day ahead inc hosp,2021-01-15,06015,quantile,0.4,3.5629733422843337
4475,2020-12-27,19 day ahead inc hosp,2021-01-15,06015,quantile,0.45,3.6227730474864757
4476,2020-12-27,19 day ahead inc hosp,2021-01-15,06015,quantile,0.5,3.6816246509552
4477,2020-12-27,19 day ahead inc hosp,2021-01-15,06015,quantile,0.55,3.8418535908793356
4478,2020-12-27,19 day ahead inc hosp,2021-01-15,06015,quantile,0.6,4.0046638255640525
4479,2020-12-27,19 day ahead inc hosp,2021-01-15,06015,quantile,0.65,4.172941125023892
4480,2020-12-27,19 day ahead inc hosp,2021-01-15,06015,quantile,0.7,4.350280051758663
4481,2020-12-27,19 day ahead inc hosp,2021-01-15,06015,quantile,0.75,4.54165663667197
4482,2020-12-27,19 day ahead inc hosp,2021-01-15,06015,quantile,0.8,4.754763539308488
4483,2020-12-27,19 day ahead inc hosp,2021-01-15,06015,quantile,0.85,5.003165661430713
4484,2020-12-27,19 day ahead inc hosp,2021-01-15,06015,quantile,0.9,5.315712251831778
4485,2020-12-27,19 day ahead inc hosp,2021-01-15,06015,quantile,0.95,5.778953380693877
4486,2020-12-27,19 day ahead inc hosp,2021-01-15,06015,quantile,0.975,6.1807459749891125
4487,2020-12-27,19 day ahead inc hosp,2021-01-15,06015,quantile,0.99,6.647916697643373
4488,2020-12-27,20 day ahead inc hosp,2021-01-16,06015,point,NA,3.769566297531128
4489,2020-12-27,20 day ahead inc hosp,2021-01-16,06015,quantile,0.01,1.7202368942478703
4490,2020-12-27,20 day ahead inc hosp,2021-01-16,06015,quantile,0.025,2.042992268034269
4491,2020-12-27,20 day ahead inc hosp,2021-01-16,06015,quantile,0.05,2.320579695216299
4492,2020-12-27,20 day ahead inc hosp,2021-01-16,06015,quantile,0.1,2.640620220978807
4493,2020-12-27,20 day ahead inc hosp,2021-01-16,06015,quantile,0.15,2.856550044314966
4494,2020-12-27,20 day ahead inc hosp,2021-01-16,06015,quantile,0.2,3.028164222787847
4495,2020-12-27,20 day ahead inc hosp,2021-01-16,06015,quantile,0.25,3.1753939071013795
4496,2020-12-27,20 day ahead inc hosp,2021-01-16,06015,quantile,0.3,3.307610713939619
4497,2020-12-27,20 day ahead inc hosp,2021-01-16,06015,quantile,0.35,3.4301292897184332
4498,2020-12-27,20 day ahead inc hosp,2021-01-16,06015,quantile,0.4,3.54638743701488
4499,2020-12-27,20 day ahead inc hosp,2021-01-16,06015,quantile,0.45,3.65886853996877
4500,2020-12-27,20 day ahead inc hosp,2021-01-16,06015,quantile,0.5,3.769566297531128
4501,2020-12-27,20 day ahead inc hosp,2021-01-16,06015,quantile,0.55,3.9323490727752466
4502,2020-12-27,20 day ahead inc hosp,2021-01-16,06015,quantile,0.6,4.097754285171165
4503,2020-12-27,20 day ahead inc hosp,2021-01-16,06015,quantile,0.65,4.2687137000535715
4504,2020-12-27,20 day ahead inc hosp,2021-01-16,06015,quantile,0.7,4.448879172448056
4505,2020-12-27,20 day ahead inc hosp,2021-01-16,06015,quantile,0.75,4.643306044545443
4506,2020-12-27,20 day ahead inc hosp,2021-01-16,06015,quantile,0.8,4.859809586610163
4507,2020-12-27,20 day ahead inc hosp,2021-01-16,06015,quantile,0.85,5.112170906823163
4508,2020-12-27,20 day ahead inc hosp,2021-01-16,06015,quantile,0.9,5.429699072475768
4509,2020-12-27,20 day ahead inc hosp,2021-01-16,06015,quantile,0.95,5.900323646283063
4510,2020-12-27,20 day ahead inc hosp,2021-01-16,06015,quantile,0.975,6.3085202779457346
4511,2020-12-27,20 day ahead inc hosp,2021-01-16,06015,quantile,0.99,6.783137078022346
4512,2020-12-27,21 day ahead inc hosp,2021-01-17,06015,point,NA,4.2030558586120605
4513,2020-12-27,21 day ahead inc hosp,2021-01-17,06015,quantile,0.01,2.140857315050122
4514,2020-12-27,21 day ahead inc hosp,2021-01-17,06015,quantile,0.025,2.4656394904694356
4515,2020-12-27,21 day ahead inc hosp,2021-01-17,06015,quantile,0.05,2.7449700788700966
4516,2020-12-27,21 day ahead inc hosp,2021-01-17,06015,quantile,0.1,3.067020357878863
4517,2020-12-27,21 day ahead inc hosp,2021-01-17,06015,quantile,0.15,3.284306152188947
4518,2020-12-27,21 day ahead inc hosp,2021-01-17,06015,quantile,0.2,3.4569980134067495
4519,2020-12-27,21 day ahead inc hosp,2021-01-17,06015,quantile,0.25,3.6051522535567333
4520,2020-12-27,21 day ahead inc hosp,2021-01-17,06015,quantile,0.3,3.7381993401107048
4521,2020-12-27,21 day ahead inc hosp,2021-01-17,06015,quantile,0.35,3.8614872937825586
4522,2020-12-27,21 day ahead inc hosp,2021-01-17,06015,quantile,0.4,3.978475505461872
4523,2020-12-27,21 day ahead inc hosp,2021-01-17,06015,quantile,0.45,4.091662954155152
4524,2020-12-27,21 day ahead inc hosp,2021-01-17,06015,quantile,0.5,4.2030558586120605
4525,2020-12-27,21 day ahead inc hosp,2021-01-17,06015,quantile,0.55,4.3653637378999015
4526,2020-12-27,21 day ahead inc hosp,2021-01-17,06015,quantile,0.6,4.530286403746307
4527,2020-12-27,21 day ahead inc hosp,2021-01-17,06015,quantile,0.65,4.700747068471067
4528,2020-12-27,21 day ahead inc hosp,2021-01-17,06015,quantile,0.7,4.880386933324011
4529,2020-12-27,21 day ahead inc hosp,2021-01-17,06015,quantile,0.75,5.074246592242901
4530,2020-12-27,21 day ahead inc hosp,2021-01-17,06015,quantile,0.8,5.290118515535353
4531,2020-12-27,21 day ahead inc hosp,2021-01-17,06015,quantile,0.85,5.541743606928623
4532,2020-12-27,21 day ahead inc hosp,2021-01-17,06015,quantile,0.9,5.858345428613652
4533,2020-12-27,21 day ahead inc hosp,2021-01-17,06015,quantile,0.95,6.327597021116931
4534,2020-12-27,21 day ahead inc hosp,2021-01-17,06015,quantile,0.975,6.734602796256533
4535,2020-12-27,21 day ahead inc hosp,2021-01-17,06015,quantile,0.99,7.207834968267922
4536,2020-12-27,22 day ahead inc hosp,2021-01-18,06015,point,NA,3.656682014465332
4537,2020-12-27,22 day ahead inc hosp,2021-01-18,06015,quantile,0.01,2.4860421457562465
4538,2020-12-27,22 day ahead inc hosp,2021-01-18,06015,quantile,0.025,2.6704099237177275
4539,2020-12-27,22 day ahead inc hosp,2021-01-18,06015,quantile,0.05,2.8289763839417645
4540,2020-12-27,22 day ahead inc hosp,2021-01-18,06015,quantile,0.1,3.0117933573673024
4541,2020-12-27,22 day ahead inc hosp,2021-01-18,06015,quantile,0.15,3.1351391014119843
4542,2020-12-27,22 day ahead inc hosp,2021-01-18,06015,quantile,0.2,3.23317038863904
4543,2020-12-27,22 day ahead inc hosp,2021-01-18,06015,quantile,0.25,3.3172725042085256
4544,2020-12-27,22 day ahead inc hosp,2021-01-18,06015,quantile,0.3,3.392798803275078
4545,2020-12-27,22 day ahead inc hosp,2021-01-18,06015,quantile,0.35,3.4627851750288583
4546,2020-12-27,22 day ahead inc hosp,2021-01-18,06015,quantile,0.4,3.5291953978409807
4547,2020-12-27,22 day ahead inc hosp,2021-01-18,06015,quantile,0.45,3.593448056970956
4548,2020-12-27,22 day ahead inc hosp,2021-01-18,06015,quantile,0.5,3.656682014465332
4549,2020-12-27,22 day ahead inc hosp,2021-01-18,06015,quantile,0.55,3.819633629288127
4550,2020-12-27,22 day ahead inc hosp,2021-01-18,06015,quantile,0.6,3.985210401275224
4551,2020-12-27,22 day ahead inc hosp,2021-01-18,06015,quantile,0.65,4.156347136611446
4552,2020-12-27,22 day ahead inc hosp,2021-01-18,06015,quantile,0.7,4.336699478055223
4553,2020-12-27,22 day ahead inc hosp,2021-01-18,06015,quantile,0.75,4.531328011238184
4554,2020-12-27,22 day ahead inc hosp,2021-01-18,06015,quantile,0.8,4.748056112484731
4555,2020-12-27,22 day ahead inc hosp,2021-01-18,06015,quantile,0.85,5.000679183849933
4556,2020-12-27,22 day ahead inc hosp,2021-01-18,06015,quantile,0.9,5.318536692220933
4557,2020-12-27,22 day ahead inc hosp,2021-01-18,06015,quantile,0.95,5.789649401548939
4558,2020-12-27,22 day ahead inc hosp,2021-01-18,06015,quantile,0.975,6.198269417978235
4559,2020-12-27,22 day ahead inc hosp,2021-01-18,06015,quantile,0.99,6.6733784943441385
4560,2020-12-27,23 day ahead inc hosp,2021-01-19,06015,point,NA,3.829380512237549
4561,2020-12-27,23 day ahead inc hosp,2021-01-19,06015,quantile,0.01,2.697666222347153
4562,2020-12-27,23 day ahead inc hosp,2021-01-19,06015,quantile,0.025,2.8759034877022414
4563,2020-12-27,23 day ahead inc hosp,2021-01-19,06015,quantile,0.05,3.0291973688774734
4564,2020-12-27,23 day ahead inc hosp,2021-01-19,06015,quantile,0.1,3.2059353963362067
4565,2020-12-27,23 day ahead inc hosp,2021-01-19,06015,quantile,0.15,3.325179704396946
4566,2020-12-27,23 day ahead inc hosp,2021-01-19,06015,quantile,0.2,3.419951300322131
4567,2020-12-27,23 day ahead inc hosp,2021-01-19,06015,quantile,0.25,3.501256891003028
4568,2020-12-27,23 day ahead inc hosp,2021-01-19,06015,quantile,0.3,3.574271824289393
4569,2020-12-27,23 day ahead inc hosp,2021-01-19,06015,quantile,0.35,3.641931041379511
4570,2020-12-27,23 day ahead inc hosp,2021-01-19,06015,quantile,0.4,3.706133021988768
4571,2020-12-27,23 day ahead inc hosp,2021-01-19,06015,quantile,0.45,3.7682491812316923
4572,2020-12-27,23 day ahead inc hosp,2021-01-19,06015,quantile,0.5,3.829380512237549
4573,2020-12-27,23 day ahead inc hosp,2021-01-19,06015,quantile,0.55,3.9636046217655085
4574,2020-12-27,23 day ahead inc hosp,2021-01-19,06015,quantile,0.6,4.099991087175198
4575,2020-12-27,23 day ahead inc hosp,2021-01-19,06015,quantile,0.65,4.2409573238891225
4576,2020-12-27,23 day ahead inc hosp,2021-01-19,06015,quantile,0.7,4.389514504239243
4577,2020-12-27,23 day ahead inc hosp,2021-01-19,06015,quantile,0.75,4.54983105945488
4578,2020-12-27,23 day ahead inc hosp,2021-01-19,06015,quantile,0.8,4.72835114611458
4579,2020-12-27,23 day ahead inc hosp,2021-01-19,06015,quantile,0.85,4.936438110070638
4580,2020-12-27,23 day ahead inc hosp,2021-01-19,06015,quantile,0.9,5.1982590258330825
4581,2020-12-27,23 day ahead inc hosp,2021-01-19,06015,quantile,0.95,5.586317063586325
4582,2020-12-27,23 day ahead inc hosp,2021-01-19,06015,quantile,0.975,5.922899538698133
4583,2020-12-27,23 day ahead inc hosp,2021-01-19,06015,quantile,0.99,6.31424940517975
4584,2020-12-27,24 day ahead inc hosp,2021-01-20,06015,point,NA,4.0609002113342285
4585,2020-12-27,24 day ahead inc hosp,2021-01-20,06015,quantile,0.01,2.929199718227129
4586,2020-12-27,24 day ahead inc hosp,2021-01-20,06015,quantile,0.025,3.1074348106831495
4587,2020-12-27,24 day ahead inc hosp,2021-01-20,06015,quantile,0.05,3.2607268230453093
4588,2020-12-27,24 day ahead inc hosp,2021-01-20,06015,quantile,0.1,3.437462695882256
4589,2020-12-27,24 day ahead inc hosp,2021-01-20,06015,quantile,0.15,3.556705550229905
4590,2020-12-27,24 day ahead inc hosp,2021-01-20,06015,quantile,0.2,3.651475990790009
4591,2020-12-27,24 day ahead inc hosp,2021-01-20,06015,quantile,0.25,3.7327805902705435
4592,2020-12-27,24 day ahead inc hosp,2021-01-20,06015,quantile,0.3,3.8057946334283477
4593,2020-12-27,24 day ahead inc hosp,2021-01-20,06015,quantile,0.35,3.8734530256816986
4594,2020-12-27,24 day ahead inc hosp,2021-01-20,06015,quantile,0.4,3.937654223601524
4595,2020-12-27,24 day ahead inc hosp,2021-01-20,06015,quantile,0.45,3.999769625583366
4596,2020-12-27,24 day ahead inc hosp,2021-01-20,06015,quantile,0.5,4.0609002113342285
4597,2020-12-27,24 day ahead inc hosp,2021-01-20,06015,quantile,0.55,4.2041992347510595
4598,2020-12-27,24 day ahead inc hosp,2021-01-20,06015,quantile,0.6,4.349806811282686
4599,2020-12-27,24 day ahead inc hosp,2021-01-20,06015,quantile,0.65,4.500303798201742
4600,2020-12-27,24 day ahead inc hosp,2021-01-20,06015,quantile,0.7,4.658904953691591
4601,2020-12-27,24 day ahead inc hosp,2021-01-20,06015,quantile,0.75,4.8300605372953385
4602,2020-12-27,24 day ahead inc hosp,2021-01-20,06015,quantile,0.8,5.0206503960665305
4603,2020-12-27,24 day ahead inc hosp,2021-01-20,06015,quantile,0.85,5.242806153519815
4604,2020-12-27,24 day ahead inc hosp,2021-01-20,06015,quantile,0.9,5.522328824005801
4605,2020-12-27,24 day ahead inc hosp,2021-01-20,06015,quantile,0.95,5.936623528844263
4606,2020-12-27,24 day ahead inc hosp,2021-01-20,06015,quantile,0.975,6.2959623998739485
4607,2020-12-27,24 day ahead inc hosp,2021-01-20,06015,quantile,0.99,6.713771494516823
4608,2020-12-27,25 day ahead inc hosp,2021-01-21,06015,point,NA,4.329555988311768
4609,2020-12-27,25 day ahead inc hosp,2021-01-21,06015,quantile,0.01,3.020157918149433
4610,2020-12-27,25 day ahead inc hosp,2021-01-21,06015,quantile,0.025,3.226379164423144
4611,2020-12-27,25 day ahead inc hosp,2021-01-21,06015,quantile,0.05,3.403740813004945
4612,2020-12-27,25 day ahead inc hosp,2021-01-21,06015,quantile,0.1,3.6082274348900283
4613,2020-12-27,25 day ahead inc hosp,2021-01-21,06015,quantile,0.15,3.7461935878734787
4614,2020-12-27,25 day ahead inc hosp,2021-01-21,06015,quantile,0.2,3.855844712648672
4615,2020-12-27,25 day ahead inc hosp,2021-01-21,06015,quantile,0.25,3.9499156141845058
4616,2020-12-27,25 day ahead inc hosp,2021-01-21,06015,quantile,0.3,4.034394191147122
4617,2020-12-27,25 day ahead inc hosp,2021-01-21,06015,quantile,0.35,4.112676182527716
4618,2020-12-27,25 day ahead inc hosp,2021-01-21,06015,quantile,0.4,4.186958137135272
4619,2020-12-27,25 day ahead inc hosp,2021-01-21,06015,quantile,0.45,4.2588267878761386
4620,2020-12-27,25 day ahead inc hosp,2021-01-21,06015,quantile,0.5,4.329555988311768
4621,2020-12-27,25 day ahead inc hosp,2021-01-21,06015,quantile,0.55,4.503587739807717
4622,2020-12-27,25 day ahead inc hosp,2021-01-21,06015,quantile,0.6,4.680423149921917
4623,2020-12-27,25 day ahead inc hosp,2021-01-21,06015,quantile,0.65,4.863196581337431
4624,2020-12-27,25 day ahead inc hosp,2021-01-21,06015,quantile,0.7,5.055812247662606
4625,2020-12-27,25 day ahead inc hosp,2021-01-21,06015,quantile,0.75,5.263674836552888
4626,2020-12-27,25 day ahead inc hosp,2021-01-21,06015,quantile,0.8,5.495139686406294
4627,2020-12-27,25 day ahead inc hosp,2021-01-21,06015,quantile,0.85,5.76494023809633
4628,2020-12-27,25 day ahead inc hosp,2021-01-21,06015,quantile,0.9,6.1044109390654455
4629,2020-12-27,25 day ahead inc hosp,2021-01-21,06015,quantile,0.95,6.607557655626156
4630,2020-12-27,25 day ahead inc hosp,2021-01-21,06015,quantile,0.975,7.043962395970873
4631,2020-12-27,25 day ahead inc hosp,2021-01-21,06015,quantile,0.99,7.551377218472003
4632,2020-12-27,26 day ahead inc hosp,2021-01-22,06015,point,NA,4.12082052230835
4633,2020-12-27,26 day ahead inc hosp,2021-01-22,06015,quantile,0.01,3.0247093516933017
4634,2020-12-27,26 day ahead inc hosp,2021-01-22,06015,quantile,0.025,3.1973393691109595
4635,2020-12-27,26 day ahead inc hosp,2021-01-22,06015,quantile,0.05,3.3458107077200894
4636,2020-12-27,26 day ahead inc hosp,2021-01-22,06015,quantile,0.1,3.516988652454487
4637,2020-12-27,26 day ahead inc hosp,2021-01-22,06015,quantile,0.15,3.632481599097669
4638,2020-12-27,26 day ahead inc hosp,2021-01-22,06015,quantile,0.2,3.7242717318887566
4639,2020-12-27,26 day ahead inc hosp,2021-01-22,06015,quantile,0.25,3.8030194926751095
4640,2020-12-27,26 day ahead inc hosp,2021-01-22,06015,quantile,0.3,3.8737374156631175
4641,2020-12-27,26 day ahead inc hosp,2021-01-22,06015,quantile,0.35,3.9392681103888414
4642,2020-12-27,26 day ahead inc hosp,2021-01-22,06015,quantile,0.4,4.001450331422944
4643,2020-12-27,26 day ahead inc hosp,2021-01-22,06015,quantile,0.45,4.061612349902419
4644,2020-12-27,26 day ahead inc hosp,2021-01-22,06015,quantile,0.5,4.12082052230835
4645,2020-12-27,26 day ahead inc hosp,2021-01-22,06015,quantile,0.55,4.282386921562002
4646,2020-12-27,26 day ahead inc hosp,2021-01-22,06015,quantile,0.6,4.446556162100611
4647,2020-12-27,26 day ahead inc hosp,2021-01-22,06015,quantile,0.65,4.616238101971947
4648,2020-12-27,26 day ahead inc hosp,2021-01-22,06015,quantile,0.7,4.795057308125406
4649,2020-12-27,26 day ahead inc hosp,2021-01-22,06015,quantile,0.75,4.988031347275536
4650,2020-12-27,26 day ahead inc hosp,2021-01-22,06015,quantile,0.8,5.20291709095819
4651,2020-12-27,26 day ahead inc hosp,2021-01-22,06015,quantile,0.85,5.45339266957249
4652,2020-12-27,26 day ahead inc hosp,2021-01-22,06015,quantile,0.9,5.768548141698907
4653,2020-12-27,26 day ahead inc hosp,2021-01-22,06015,quantile,0.95,6.23565602627883
4654,2020-12-27,26 day ahead inc hosp,2021-01-22,06015,quantile,0.975,6.640802454494615
4655,2020-12-27,26 day ahead inc hosp,2021-01-22,06015,quantile,0.99,7.111872733881803
4656,2020-12-27,27 day ahead inc hosp,2021-01-23,06015,point,NA,4.265290260314941
4657,2020-12-27,27 day ahead inc hosp,2021-01-23,06015,quantile,0.01,2.158994978759839
4658,2020-12-27,27 day ahead inc hosp,2021-01-23,06015,quantile,0.025,2.4907220890104895
4659,2020-12-27,27 day ahead inc hosp,2021-01-23,06015,quantile,0.05,2.776025704503345
4660,2020-12-27,27 day ahead inc hosp,2021-01-23,06015,quantile,0.1,3.104962501213528
4661,2020-12-27,27 day ahead inc hosp,2021-01-23,06015,quantile,0.15,3.326894596322942
4662,2020-12-27,27 day ahead inc hosp,2021-01-23,06015,quantile,0.2,3.503279190125319
4663,2020-12-27,27 day ahead inc hosp,2021-01-23,06015,quantile,0.25,3.6546014660257233
4664,2020-12-27,27 day ahead inc hosp,2021-01-23,06015,quantile,0.3,3.790493546595834
4665,2020-12-27,27 day ahead inc hosp,2021-01-23,06015,quantile,0.35,3.9164178112125065
4666,2020-12-27,27 day ahead inc hosp,2021-01-23,06015,quantile,0.4,4.035907624173043
4667,2020-12-27,27 day ahead inc hosp,2021-01-23,06015,quantile,0.45,4.1515154010567015
4668,2020-12-27,27 day ahead inc hosp,2021-01-23,06015,quantile,0.5,4.265290260314941
4669,2020-12-27,27 day ahead inc hosp,2021-01-23,06015,quantile,0.55,4.432519548924208
4670,2020-12-27,27 day ahead inc hosp,2021-01-23,06015,quantile,0.6,4.602442908197035
4671,2020-12-27,27 day ahead inc hosp,2021-01-23,06015,quantile,0.65,4.778072186472743
4672,2020-12-27,27 day ahead inc hosp,2021-01-23,06015,quantile,0.7,4.963158991482051
4673,2020-12-27,27 day ahead inc hosp,2021-01-23,06015,quantile,0.75,5.162896755251045
4674,2020-12-27,27 day ahead inc hosp,2021-01-23,06015,quantile,0.8,5.385314227041741
4675,2020-12-27,27 day ahead inc hosp,2021-01-23,06015,quantile,0.85,5.644568954628406
4676,2020-12-27,27 day ahead inc hosp,2021-01-23,06015,quantile,0.9,5.970770600815226
4677,2020-12-27,27 day ahead inc hosp,2021-01-23,06015,quantile,0.95,6.454250579343709
4678,2020-12-27,27 day ahead inc hosp,2021-01-23,06015,quantile,0.975,6.873597357424359
4679,2020-12-27,27 day ahead inc hosp,2021-01-23,06015,quantile,0.99,7.361178612380794
4680,2020-12-27,28 day ahead inc hosp,2021-01-24,06015,point,NA,4.261576175689697
4681,2020-12-27,28 day ahead inc hosp,2021-01-24,06015,quantile,0.01,2.178571666933536
4682,2020-12-27,28 day ahead inc hosp,2021-01-24,06015,quantile,0.025,2.5066306396615157
4683,2020-12-27,28 day ahead inc hosp,2021-01-24,06015,quantile,0.05,2.788779454521549
4684,2020-12-27,28 day ahead inc hosp,2021-01-24,06015,quantile,0.1,3.114078968147789
4685,2020-12-27,28 day ahead inc hosp,2021-01-24,06015,quantile,0.15,3.3335570056285073
4686,2020-12-27,28 day ahead inc hosp,2021-01-24,06015,quantile,0.2,3.507991192222807
4687,2020-12-27,28 day ahead inc hosp,2021-01-24,06015,quantile,0.25,3.6576401924062316
4688,2020-12-27,28 day ahead inc hosp,2021-01-24,06015,quantile,0.3,3.7920296196677348
4689,2020-12-27,28 day ahead inc hosp,2021-01-24,06015,quantile,0.35,3.916561452053872
4690,2020-12-27,28 day ahead inc hosp,2021-01-24,06015,quantile,0.4,4.034729982993876
4691,2020-12-27,28 day ahead inc hosp,2021-01-24,06015,quantile,0.45,4.149059404231597
4692,2020-12-27,28 day ahead inc hosp,2021-01-24,06015,quantile,0.5,4.261576175689697
4693,2020-12-27,28 day ahead inc hosp,2021-01-24,06015,quantile,0.55,4.420766387441974
4694,2020-12-27,28 day ahead inc hosp,2021-01-24,06015,quantile,0.6,4.582521160001597
4695,2020-12-27,28 day ahead inc hosp,2021-01-24,06015,quantile,0.65,4.749707555585296
4696,2020-12-27,28 day ahead inc hosp,2021-01-24,06015,quantile,0.7,4.925896833952837
4697,2020-12-27,28 day ahead inc hosp,2021-01-24,06015,quantile,0.75,5.116032767518906
4698,2020-12-27,28 day ahead inc hosp,2021-01-24,06015,quantile,0.8,5.327758146046915
4699,2020-12-27,28 day ahead inc hosp,2021-01-24,06015,quantile,0.85,5.574549933092842
4700,2020-12-27,28 day ahead inc hosp,2021-01-24,06015,quantile,0.9,5.885070354259924
4701,2020-12-27,28 day ahead inc hosp,2021-01-24,06015,quantile,0.95,6.345308395095975
4702,2020-12-27,28 day ahead inc hosp,2021-01-24,06015,quantile,0.975,6.744496258391079
4703,2020-12-27,28 day ahead inc hosp,2021-01-24,06015,quantile,0.99,7.208638418346752
4704,2020-12-27,1 day ahead inc hosp,2020-12-28,06017,point,NA,28.013708114624023
4705,2020-12-27,1 day ahead inc hosp,2020-12-28,06017,quantile,0.01,20.201337672116424
4706,2020-12-27,1 day ahead inc hosp,2020-12-28,06017,quantile,0.025,21.431732619014493
4707,2020-12-27,1 day ahead inc hosp,2020-12-28,06017,quantile,0.05,22.489940151612352
4708,2020-12-27,1 day ahead inc hosp,2020-12-28,06017,quantile,0.1,23.709985664971935
4709,2020-12-27,1 day ahead inc hosp,2020-12-28,06017,quantile,0.15,24.533144580656575
4710,2020-12-27,1 day ahead inc hosp,2020-12-28,06017,quantile,0.2,25.187365192174074
4711,2020-12-27,1 day ahead inc hosp,2020-12-28,06017,quantile,0.25,25.74862822394827
4712,2020-12-27,1 day ahead inc hosp,2020-12-28,06017,quantile,0.3,26.252659773044734
4713,2020-12-27,1 day ahead inc hosp,2020-12-28,06017,quantile,0.35,26.719720118999394
4714,2020-12-27,1 day ahead inc hosp,2020-12-28,06017,quantile,0.4,27.162914713379553
4715,2020-12-27,1 day ahead inc hosp,2020-12-28,06017,quantile,0.45,27.591710612491614
4716,2020-12-27,1 day ahead inc hosp,2020-12-28,06017,quantile,0.5,28.013708114624023
4717,2020-12-27,1 day ahead inc hosp,2020-12-28,06017,quantile,0.55,29.150489972913995
4718,2020-12-27,1 day ahead inc hosp,2020-12-28,06017,quantile,0.6,30.30558543332926
4719,2020-12-27,1 day ahead inc hosp,2020-12-28,06017,quantile,0.65,31.49946826921739
4720,2020-12-27,1 day ahead inc hosp,2020-12-28,06017,quantile,0.7,32.757640948735535
4721,2020-12-27,1 day ahead inc hosp,2020-12-28,06017,quantile,0.75,34.11540709219217
4722,2020-12-27,1 day ahead inc hosp,2020-12-28,06017,quantile,0.8,35.62734408003136
4723,2020-12-27,1 day ahead inc hosp,2020-12-28,06017,quantile,0.85,37.38969129472912
4724,2020-12-27,1 day ahead inc hosp,2020-12-28,06017,quantile,0.9,39.607126509656844
4725,2020-12-27,1 day ahead inc hosp,2020-12-28,06017,quantile,0.95,42.89369953169354
4726,2020-12-27,1 day ahead inc hosp,2020-12-28,06017,quantile,0.975,45.74431148859938
4727,2020-12-27,1 day ahead inc hosp,2020-12-28,06017,quantile,0.99,49.05876393700869
4728,2020-12-27,2 day ahead inc hosp,2020-12-29,06017,point,NA,29.291858673095703
4729,2020-12-27,2 day ahead inc hosp,2020-12-29,06017,quantile,0.01,20.622917366207815
4730,2020-12-27,2 day ahead inc hosp,2020-12-29,06017,quantile,0.025,21.988216369557065
4731,2020-12-27,2 day ahead inc hosp,2020-12-29,06017,quantile,0.05,23.16244883307207
4732,2020-12-27,2 day ahead inc hosp,2020-12-29,06017,quantile,0.1,24.516263661091322
4733,2020-12-27,2 day ahead inc hosp,2020-12-29,06017,quantile,0.15,25.4296760983056
4734,2020-12-27,2 day ahead inc hosp,2020-12-29,06017,quantile,0.2,26.155627347639992
4735,2020-12-27,2 day ahead inc hosp,2020-12-29,06017,quantile,0.25,26.77842887964399
4736,2020-12-27,2 day ahead inc hosp,2020-12-29,06017,quantile,0.3,27.337723903874117
4737,2020-12-27,2 day ahead inc hosp,2020-12-29,06017,quantile,0.35,27.85599409544431
4738,2020-12-27,2 day ahead inc hosp,2020-12-29,06017,quantile,0.4,28.347781825491886
4739,2020-12-27,2 day ahead inc hosp,2020-12-29,06017,quantile,0.45,28.823592145725947
4740,2020-12-27,2 day ahead inc hosp,2020-12-29,06017,quantile,0.5,29.291858673095703
4741,2020-12-27,2 day ahead inc hosp,2020-12-29,06017,quantile,0.55,30.25410699483366
4742,2020-12-27,2 day ahead inc hosp,2020-12-29,06017,quantile,0.6,31.231857176300927
4743,2020-12-27,2 day ahead inc hosp,2020-12-29,06017,quantile,0.65,32.242439590866574
4744,2020-12-27,2 day ahead inc hosp,2020-12-29,06017,quantile,0.7,33.30744123607585
4745,2020-12-27,2 day ahead inc hosp,2020-12-29,06017,quantile,0.75,34.4567454612674
4746,2020-12-27,2 day ahead inc hosp,2020-12-29,06017,quantile,0.8,35.736550217573324
4747,2020-12-27,2 day ahead inc hosp,2020-12-29,06017,quantile,0.85,37.22831896572475
4748,2020-12-27,2 day ahead inc hosp,2020-12-29,06017,quantile,0.9,39.105304685163084
4749,2020-12-27,2 day ahead inc hosp,2020-12-29,06017,quantile,0.95,41.88728026971482
4750,2020-12-27,2 day ahead inc hosp,2020-12-29,06017,quantile,0.975,44.300229202225935
4751,2020-12-27,2 day ahead inc hosp,2020-12-29,06017,quantile,0.99,47.10580380099701
4752,2020-12-27,3 day ahead inc hosp,2020-12-30,06017,point,NA,30.331989288330078
4753,2020-12-27,3 day ahead inc hosp,2020-12-30,06017,quantile,0.01,21.89847074516455
4754,2020-12-27,3 day ahead inc hosp,2020-12-30,06017,quantile,0.025,23.2266922723495
4755,2020-12-27,3 day ahead inc hosp,2020-12-30,06017,quantile,0.05,24.36903606087791
4756,2020-12-27,3 day ahead inc hosp,2020-12-30,06017,quantile,0.1,25.68608528891238
4757,2020-12-27,3 day ahead inc hosp,2020-12-30,06017,quantile,0.15,26.574692150361997
4758,2020-12-27,3 day ahead inc hosp,2020-12-30,06017,quantile,0.2,27.2809287144314
4759,2020-12-27,3 day ahead inc hosp,2020-12-30,06017,quantile,0.25,27.88681680190689
4760,2020-12-27,3 day ahead inc hosp,2020-12-30,06017,quantile,0.3,28.430923030218445
4761,2020-12-27,3 day ahead inc hosp,2020-12-30,06017,quantile,0.35,28.935118538786984
4762,2020-12-27,3 day ahead inc hosp,2020-12-30,06017,quantile,0.4,29.413550771032245
4763,2020-12-27,3 day ahead inc hosp,2020-12-30,06017,quantile,0.45,29.87643949258065
4764,2020-12-27,3 day ahead inc hosp,2020-12-30,06017,quantile,0.5,30.331989288330078
4765,2020-12-27,3 day ahead inc hosp,2020-12-30,06017,quantile,0.55,31.382175002978787
4766,2020-12-27,3 day ahead inc hosp,2020-12-30,06017,quantile,0.6,32.44927925234503
4767,2020-12-27,3 day ahead inc hosp,2020-12-30,06017,quantile,0.65,33.5522161879327
4768,2020-12-27,3 day ahead inc hosp,2020-12-30,06017,quantile,0.7,34.7145455873294
4769,2020-12-27,3 day ahead inc hosp,2020-12-30,06017,quantile,0.75,35.96888176211387
4770,2020-12-27,3 day ahead inc hosp,2020-12-30,06017,quantile,0.8,37.3656445750481
4771,2020-12-27,3 day ahead inc hosp,2020-12-30,06017,quantile,0.85,38.993742222481195
4772,2020-12-27,3 day ahead inc hosp,2020-12-30,06017,quantile,0.9,41.042260826902904
4773,2020-12-27,3 day ahead inc hosp,2020-12-30,06017,quantile,0.95,44.07847398664208
4774,2020-12-27,3 day ahead inc hosp,2020-12-30,06017,quantile,0.975,46.71193610016719
4775,2020-12-27,3 day ahead inc hosp,2020-12-30,06017,quantile,0.99,49.773904927183786
4776,2020-12-27,4 day ahead inc hosp,2020-12-31,06017,point,NA,32.460243225097656
4777,2020-12-27,4 day ahead inc hosp,2020-12-31,06017,quantile,0.01,22.90867939909875
4778,2020-12-27,4 day ahead inc hosp,2020-12-31,06017,quantile,0.025,24.4129854164554
4779,2020-12-27,4 day ahead inc hosp,2020-12-31,06017,quantile,0.05,25.70677158073731
4780,2020-12-27,4 day ahead inc hosp,2020-12-31,06017,quantile,0.1,27.198424169056867
4781,2020-12-27,4 day ahead inc hosp,2020-12-31,06017,quantile,0.15,28.20483508875952
4782,2020-12-27,4 day ahead inc hosp,2020-12-31,06017,quantile,0.2,29.004698583863792
4783,2020-12-27,4 day ahead inc hosp,2020-12-31,06017,quantile,0.25,29.690910241467183
4784,2020-12-27,4 day ahead inc hosp,2020-12-31,06017,quantile,0.3,30.30714951825789
4785,2020-12-27,4 day ahead inc hosp,2020-12-31,06017,quantile,0.35,30.878187046215555
4786,2020-12-27,4 day ahead inc hosp,2020-12-31,06017,quantile,0.4,31.42004581836577
4787,2020-12-27,4 day ahead inc hosp,2020-12-31,06017,quantile,0.45,31.944300451301583
4788,2020-12-27,4 day ahead inc hosp,2020-12-31,06017,quantile,0.5,32.460243225097656
4789,2020-12-27,4 day ahead inc hosp,2020-12-31,06017,quantile,0.55,33.754182179595844
4790,2020-12-27,4 day ahead inc hosp,2020-12-31,06017,quantile,0.6,35.068966543452284
4791,2020-12-27,4 day ahead inc hosp,2020-12-31,06017,quantile,0.65,36.42790053522643
4792,2020-12-27,4 day ahead inc hosp,2020-12-31,06017,quantile,0.7,37.860012272092845
4793,2020-12-27,4 day ahead inc hosp,2020-12-31,06017,quantile,0.75,39.405486006833925
4794,2020-12-27,4 day ahead inc hosp,2020-12-31,06017,quantile,0.8,41.12644429891527
4795,2020-12-27,4 day ahead inc hosp,2020-12-31,06017,quantile,0.85,43.13243137182572
4796,2020-12-27,4 day ahead inc hosp,2020-12-31,06017,quantile,0.9,45.65642116172889
4797,2020-12-27,4 day ahead inc hosp,2020-12-31,06017,quantile,0.95,49.39735424313221
4798,2020-12-27,4 day ahead inc hosp,2020-12-31,06017,quantile,0.975,52.642055791015196
4799,2020-12-27,4 day ahead inc hosp,2020-12-31,06017,quantile,0.99,56.41472255601799
4800,2020-12-27,5 day ahead inc hosp,2021-01-01,06017,point,NA,32.04402542114258
4801,2020-12-27,5 day ahead inc hosp,2021-01-01,06017,quantile,0.01,23.554884348816504
4802,2020-12-27,5 day ahead inc hosp,2021-01-01,06017,quantile,0.025,24.891866044162512
4803,2020-12-27,5 day ahead inc hosp,2021-01-01,06017,quantile,0.05,26.041744060589224
4804,2020-12-27,5 day ahead inc hosp,2021-01-01,06017,quantile,0.1,27.367479770869185
4805,2020-12-27,5 day ahead inc hosp,2021-01-01,06017,quantile,0.15,28.26194736065067
4806,2020-12-27,5 day ahead inc hosp,2021-01-01,06017,quantile,0.2,28.97284184580937
4807,2020-12-27,5 day ahead inc hosp,2021-01-01,06017,quantile,0.25,29.582726014830317
4808,2020-12-27,5 day ahead inc hosp,2021-01-01,06017,quantile,0.3,30.13042084787379
4809,2020-12-27,5 day ahead inc hosp,2021-01-01,06017,quantile,0.35,30.637941733535463
4810,2020-12-27,5 day ahead inc hosp,2021-01-01,06017,quantile,0.4,31.11952942345277
4811,2020-12-27,5 day ahead inc hosp,2021-01-01,06017,quantile,0.45,31.5854710868167
4812,2020-12-27,5 day ahead inc hosp,2021-01-01,06017,quantile,0.5,32.04402542114258
4813,2020-12-27,5 day ahead inc hosp,2021-01-01,06017,quantile,0.55,33.29469254877993
4814,2020-12-27,5 day ahead inc hosp,2021-01-01,06017,quantile,0.6,34.565507974879026
4815,2020-12-27,5 day ahead inc hosp,2021-01-01,06017,quantile,0.65,35.87899657975687
4816,2020-12-27,5 day ahead inc hosp,2021-01-01,06017,quantile,0.7,37.26321572408047
4817,2020-12-27,5 day ahead inc hosp,2021-01-01,06017,quantile,0.75,38.757005821324434
4818,2020-12-27,5 day ahead inc hosp,2021-01-01,06017,quantile,0.8,40.420411932144994
4819,2020-12-27,5 day ahead inc hosp,2021-01-01,06017,quantile,0.85,42.35931490885268
4820,2020-12-27,5 day ahead inc hosp,2021-01-01,06017,quantile,0.9,44.79889758757991
4821,2020-12-27,5 day ahead inc hosp,2021-01-01,06017,quantile,0.95,48.41472661516855
4822,2020-12-27,5 day ahead inc hosp,2021-01-01,06017,quantile,0.975,51.55091905363257
4823,2020-12-27,5 day ahead inc hosp,2021-01-01,06017,quantile,0.99,55.19742052892728
4824,2020-12-27,6 day ahead inc hosp,2021-01-02,06017,point,NA,33.90443420410156
4825,2020-12-27,6 day ahead inc hosp,2021-01-02,06017,quantile,0.01,17.39918288643936
4826,2020-12-27,6 day ahead inc hosp,2021-01-02,06017,quantile,0.025,19.998647155060986
4827,2020-12-27,6 day ahead inc hosp,2021-01-02,06017,quantile,0.05,22.234329832976183
4828,2020-12-27,6 day ahead inc hosp,2021-01-02,06017,quantile,0.1,24.81192877879915
4829,2020-12-27,6 day ahead inc hosp,2021-01-02,06017,quantile,0.15,26.551022550367456
4830,2020-12-27,6 day ahead inc hosp,2021-01-02,06017,quantile,0.2,27.933199149615483
4831,2020-12-27,6 day ahead inc hosp,2021-01-02,06017,quantile,0.25,29.118983600432266
4832,2020-12-27,6 day ahead inc hosp,2021-01-02,06017,quantile,0.3,30.18385468547486
4833,2020-12-27,6 day ahead inc hosp,2021-01-02,06017,quantile,0.35,31.170616443282842
4834,2020-12-27,6 day ahead inc hosp,2021-01-02,06017,quantile,0.4,32.106956855799936
4835,2020-12-27,6 day ahead inc hosp,2021-01-02,06017,quantile,0.45,33.01287704108953
4836,2020-12-27,6 day ahead inc hosp,2021-01-02,06017,quantile,0.5,33.90443420410156
4837,2020-12-27,6 day ahead inc hosp,2021-01-02,06017,quantile,0.55,35.17527639558078
4838,2020-12-27,6 day ahead inc hosp,2021-01-02,06017,quantile,0.6,36.46659190662351
4839,2020-12-27,6 day ahead inc hosp,2021-01-02,06017,quantile,0.65,37.801268976340154
4840,2020-12-27,6 day ahead inc hosp,2021-01-02,06017,quantile,0.7,39.20781757107525
4841,2020-12-27,6 day ahead inc hosp,2021-01-02,06017,quantile,0.75,40.72570465616855
4842,2020-12-27,6 day ahead inc hosp,2021-01-02,06017,quantile,0.8,42.41594390567099
4843,2020-12-27,6 day ahead inc hosp,2021-01-02,06017,quantile,0.85,44.38612418268813
4844,2020-12-27,6 day ahead inc hosp,2021-01-02,06017,quantile,0.9,46.865060847142814
4845,2020-12-27,6 day ahead inc hosp,2021-01-02,06017,quantile,0.95,50.5392184098475
4846,2020-12-27,6 day ahead inc hosp,2021-01-02,06017,quantile,0.975,53.72600215375819
4847,2020-12-27,6 day ahead inc hosp,2021-01-02,06017,quantile,0.99,57.43132695497058
4848,2020-12-27,7 day ahead inc hosp,2021-01-03,06017,point,NA,33.45896530151367
4849,2020-12-27,7 day ahead inc hosp,2021-01-03,06017,quantile,0.01,17.31566725517582
4850,2020-12-27,7 day ahead inc hosp,2021-01-03,06017,quantile,0.025,19.85812635752582
4851,2020-12-27,7 day ahead inc hosp,2021-01-03,06017,quantile,0.05,22.044781447593948
4852,2020-12-27,7 day ahead inc hosp,2021-01-03,06017,quantile,0.1,24.565854724546643
4853,2020-12-27,7 day ahead inc hosp,2021-01-03,06017,quantile,0.15,26.26681089568439
4854,2020-12-27,7 day ahead inc hosp,2021-01-03,06017,quantile,0.2,27.618676939096748
4855,2020-12-27,7 day ahead inc hosp,2021-01-03,06017,quantile,0.25,28.77845763190959
4856,2020-12-27,7 day ahead inc hosp,2021-01-03,06017,quantile,0.3,29.81997653858472
4857,2020-12-27,7 day ahead inc hosp,2021-01-03,06017,quantile,0.35,30.785099022964967
4858,2020-12-27,7 day ahead inc hosp,2021-01-03,06017,quantile,0.4,31.7009058811083
4859,2020-12-27,7 day ahead inc hosp,2021-01-03,06017,quantile,0.45,32.5869596149084
4860,2020-12-27,7 day ahead inc hosp,2021-01-03,06017,quantile,0.5,33.45896530151367
4861,2020-12-27,7 day ahead inc hosp,2021-01-03,06017,quantile,0.55,34.719305074995205
4862,2020-12-27,7 day ahead inc hosp,2021-01-03,06017,quantile,0.6,35.99994897365775
4863,2020-12-27,7 day ahead inc hosp,2021-01-03,06017,quantile,0.65,37.32359608499555
4864,2020-12-27,7 day ahead inc hosp,2021-01-03,06017,quantile,0.7,38.718520764995205
4865,2020-12-27,7 day ahead inc hosp,2021-01-03,06017,quantile,0.75,40.223863818463
4866,2020-12-27,7 day ahead inc hosp,2021-01-03,06017,quantile,0.8,41.900134693895566
4867,2020-12-27,7 day ahead inc hosp,2021-01-03,06017,quantile,0.85,43.854033124953574
4868,2020-12-27,7 day ahead inc hosp,2021-01-03,06017,quantile,0.9,46.312483509353626
4869,2020-12-27,7 day ahead inc hosp,2021-01-03,06017,quantile,0.95,49.95627731897269
4870,2020-12-27,7 day ahead inc hosp,2021-01-03,06017,quantile,0.975,53.11672503534891
4871,2020-12-27,7 day ahead inc hosp,2021-01-03,06017,quantile,0.99,56.79142851304809
4872,2020-12-27,8 day ahead inc hosp,2021-01-04,06017,point,NA,30.617698669433594
4873,2020-12-27,8 day ahead inc hosp,2021-01-04,06017,quantile,0.01,22.387590470231146
4874,2020-12-27,8 day ahead inc hosp,2021-01-04,06017,quantile,0.025,23.68377625855799
4875,2020-12-27,8 day ahead inc hosp,2021-01-04,06017,quantile,0.05,24.798567544325028
4876,2020-12-27,8 day ahead inc hosp,2021-01-04,06017,quantile,0.1,26.083850501245063
4877,2020-12-27,8 day ahead inc hosp,2021-01-04,06017,quantile,0.15,26.951024810384485
4878,2020-12-27,8 day ahead inc hosp,2021-01-04,06017,quantile,0.2,27.640227461303475
4879,2020-12-27,8 day ahead inc hosp,2021-01-04,06017,quantile,0.25,28.231501968024297
4880,2020-12-27,8 day ahead inc hosp,2021-01-04,06017,quantile,0.3,28.762484749166465
4881,2020-12-27,8 day ahead inc hosp,2021-01-04,06017,quantile,0.35,29.25451942814796
4882,2020-12-27,8 day ahead inc hosp,2021-01-04,06017,quantile,0.4,29.72141222232524
4883,2020-12-27,8 day ahead inc hosp,2021-01-04,06017,quantile,0.45,30.173136403998047
4884,2020-12-27,8 day ahead inc hosp,2021-01-04,06017,quantile,0.5,30.617698669433594
4885,2020-12-27,8 day ahead inc hosp,2021-01-04,06017,quantile,0.55,31.682532067647493
4886,2020-12-27,8 day ahead inc hosp,2021-01-04,06017,quantile,0.6,32.76451997535889
4887,2020-12-27,8 day ahead inc hosp,2021-01-04,06017,quantile,0.65,33.8828403531316
4888,2020-12-27,8 day ahead inc hosp,2021-01-04,06017,quantile,0.7,35.06138158344867
4889,2020-12-27,8 day ahead inc hosp,2021-01-04,06017,quantile,0.75,36.33321287277939
4890,2020-12-27,8 day ahead inc hosp,2021-01-04,06017,quantile,0.8,37.74945732540279
4891,2020-12-27,8 day ahead inc hosp,2021-01-04,06017,quantile,0.85,39.40026320321856
4892,2020-12-27,8 day ahead inc hosp,2021-01-04,06017,quantile,0.9,41.47735394671665
4893,2020-12-27,8 day ahead inc hosp,2021-01-04,06017,quantile,0.95,44.55591532066212
4894,2020-12-27,8 day ahead inc hosp,2021-01-04,06017,quantile,0.975,47.226108194453516
4895,2020-12-27,8 day ahead inc hosp,2021-01-04,06017,quantile,0.99,50.33078446819978
4896,2020-12-27,9 day ahead inc hosp,2021-01-05,06017,point,NA,31.73961639404297
4897,2020-12-27,9 day ahead inc hosp,2021-01-05,06017,quantile,0.01,23.036121840691067
4898,2020-12-27,9 day ahead inc hosp,2021-01-05,06017,quantile,0.025,24.40686274418588
4899,2020-12-27,9 day ahead inc hosp,2021-01-05,06017,quantile,0.05,25.58577554204409
4900,2020-12-27,9 day ahead inc hosp,2021-01-05,06017,quantile,0.1,26.94498649581425
4901,2020-12-27,9 day ahead inc hosp,2021-01-05,06017,quantile,0.15,27.862039673454493
4902,2020-12-27,9 day ahead inc hosp,2021-01-05,06017,quantile,0.2,28.59088446786563
4903,2020-12-27,9 day ahead inc hosp,2021-01-05,06017,quantile,0.25,29.21616840389933
4904,2020-12-27,9 day ahead inc hosp,2021-01-05,06017,quantile,0.3,29.77769270367006
4905,2020-12-27,9 day ahead inc hosp,2021-01-05,06017,quantile,0.35,30.298028651257084
4906,2020-12-27,9 day ahead inc hosp,2021-01-05,06017,quantile,0.4,30.79177658175391
4907,2020-12-27,9 day ahead inc hosp,2021-01-05,06017,quantile,0.45,31.26948341860784
4908,2020-12-27,9 day ahead inc hosp,2021-01-05,06017,quantile,0.5,31.73961639404297
4909,2020-12-27,9 day ahead inc hosp,2021-01-05,06017,quantile,0.55,32.68868597100422
4910,2020-12-27,9 day ahead inc hosp,2021-01-05,06017,quantile,0.6,33.65304509757865
4911,2020-12-27,9 day ahead inc hosp,2021-01-05,06017,quantile,0.65,34.64978679409209
4912,2020-12-27,9 day ahead inc hosp,2021-01-05,06017,quantile,0.7,35.70020240724299
4913,2020-12-27,9 day ahead inc hosp,2021-01-05,06017,quantile,0.75,36.833766010484446
4914,2020-12-27,9 day ahead inc hosp,2021-01-05,06017,quantile,0.8,38.09604283780744
4915,2020-12-27,9 day ahead inc hosp,2021-01-05,06017,quantile,0.85,39.56738064401422
4916,2020-12-27,9 day ahead inc hosp,2021-01-05,06017,quantile,0.9,41.41865957323304
4917,2020-12-27,9 day ahead inc hosp,2021-01-05,06017,quantile,0.95,44.162533822219324
4918,2020-12-27,9 day ahead inc hosp,2021-01-05,06017,quantile,0.975,46.54243552833117
4919,2020-12-27,9 day ahead inc hosp,2021-01-05,06017,quantile,0.99,49.30958558454505
4920,2020-12-27,10 day ahead inc hosp,2021-01-06,06017,point,NA,31.78537368774414
4921,2020-12-27,10 day ahead inc hosp,2021-01-06,06017,quantile,0.01,23.188384200349503
4922,2020-12-27,10 day ahead inc hosp,2021-01-06,06017,quantile,0.025,24.54235128392151
4923,2020-12-27,10 day ahead inc hosp,2021-01-06,06017,quantile,0.05,25.706837671270232
4924,2020-12-27,10 day ahead inc hosp,2021-01-06,06017,quantile,0.1,27.049415897646384
4925,2020-12-27,10 day ahead inc hosp,2021-01-06,06017,quantile,0.15,27.955247053077944
4926,2020-12-27,10 day ahead inc hosp,2021-01-06,06017,quantile,0.2,28.67517293998296
4927,2020-12-27,10 day ahead inc hosp,2021-01-06,06017,quantile,0.25,29.292805247530993
4928,2020-12-27,10 day ahead inc hosp,2021-01-06,06017,quantile,0.3,29.847458148438072
4929,2020-12-27,10 day ahead inc hosp,2021-01-06,06017,quantile,0.35,30.36142672093478
4930,2020-12-27,10 day ahead inc hosp,2021-01-06,06017,quantile,0.4,30.84913263513787
4931,2020-12-27,10 day ahead inc hosp,2021-01-06,06017,quantile,0.45,31.320993751303924
4932,2020-12-27,10 day ahead inc hosp,2021-01-06,06017,quantile,0.5,31.78537368774414
4933,2020-12-27,10 day ahead inc hosp,2021-01-06,06017,quantile,0.55,32.83788357933463
4934,2020-12-27,10 day ahead inc hosp,2021-01-06,06017,quantile,0.6,33.90734944822803
4935,2020-12-27,10 day ahead inc hosp,2021-01-06,06017,quantile,0.65,35.012727305033906
4936,2020-12-27,10 day ahead inc hosp,2021-01-06,06017,quantile,0.7,36.177629067728965
4937,2020-12-27,10 day ahead inc hosp,2021-01-06,06017,quantile,0.75,37.43474122696458
4938,2020-12-27,10 day ahead inc hosp,2021-01-06,06017,quantile,0.8,38.834595230226086
4939,2020-12-27,10 day ahead inc hosp,2021-01-06,06017,quantile,0.85,40.46629603751782
4940,2020-12-27,10 day ahead inc hosp,2021-01-06,06017,quantile,0.9,42.519348239796365
4941,2020-12-27,10 day ahead inc hosp,2021-01-06,06017,quantile,0.95,45.56228087449866
4942,2020-12-27,10 day ahead inc hosp,2021-01-06,06017,quantile,0.975,48.20157113045224
4943,2020-12-27,10 day ahead inc hosp,2021-01-06,06017,quantile,0.99,51.27031643256742
4944,2020-12-27,11 day ahead inc hosp,2021-01-07,06017,point,NA,32.32063674926758
4945,2020-12-27,11 day ahead inc hosp,2021-01-07,06017,quantile,0.01,22.382034188027752
4946,2020-12-27,11 day ahead inc hosp,2021-01-07,06017,quantile,0.025,23.94729616076296
4947,2020-12-27,11 day ahead inc hosp,2021-01-07,06017,quantile,0.05,25.293507809480502
4948,2020-12-27,11 day ahead inc hosp,2021-01-07,06017,quantile,0.1,26.84560362382244
4949,2020-12-27,11 day ahead inc hosp,2021-01-07,06017,quantile,0.15,27.892795301167535
4950,2020-12-27,11 day ahead inc hosp,2021-01-07,06017,quantile,0.2,28.72507004966969
4951,2020-12-27,11 day ahead inc hosp,2021-01-07,06017,quantile,0.25,29.439087676735745
4952,2020-12-27,11 day ahead inc hosp,2021-01-07,06017,quantile,0.3,30.080297573483538
4953,2020-12-27,11 day ahead inc hosp,2021-01-07,06017,quantile,0.35,30.674474102197735
4954,2020-12-27,11 day ahead inc hosp,2021-01-07,06017,quantile,0.4,31.23828952329808
4955,2020-12-27,11 day ahead inc hosp,2021-01-07,06017,quantile,0.45,31.78378746819537
4956,2020-12-27,11 day ahead inc hosp,2021-01-07,06017,quantile,0.5,32.32063674926758
4957,2020-12-27,11 day ahead inc hosp,2021-01-07,06017,quantile,0.55,33.6124655610623
4958,2020-12-27,11 day ahead inc hosp,2021-01-07,06017,quantile,0.6,34.925105787730224
4959,2020-12-27,11 day ahead inc hosp,2021-01-07,06017,quantile,0.65,36.28182364354427
4960,2020-12-27,11 day ahead inc hosp,2021-01-07,06017,quantile,0.7,37.711599906915914
4961,2020-12-27,11 day ahead inc hosp,2021-01-07,06017,quantile,0.75,39.254553298550064
4962,2020-12-27,11 day ahead inc hosp,2021-01-07,06017,quantile,0.8,40.97270506906378
4963,2020-12-27,11 day ahead inc hosp,2021-01-07,06017,quantile,0.85,42.97542079832203
4964,2020-12-27,11 day ahead inc hosp,2021-01-07,06017,quantile,0.9,45.49529449092381
4965,2020-12-27,11 day ahead inc hosp,2021-01-07,06017,quantile,0.95,49.2301268960793
4966,2020-12-27,11 day ahead inc hosp,2021-01-07,06017,quantile,0.975,52.4695370171354
4967,2020-12-27,11 day ahead inc hosp,2021-01-07,06017,quantile,0.99,56.23605135491658
4968,2020-12-27,12 day ahead inc hosp,2021-01-08,06017,point,NA,32.35902786254883
4969,2020-12-27,12 day ahead inc hosp,2021-01-08,06017,quantile,0.01,23.70028813295415
4970,2020-12-27,12 day ahead inc hosp,2021-01-08,06017,quantile,0.025,25.063980457607823
4971,2020-12-27,12 day ahead inc hosp,2021-01-08,06017,quantile,0.05,26.23683108880759
4972,2020-12-27,12 day ahead inc hosp,2021-01-08,06017,quantile,0.1,27.589052752665292
4973,2020-12-27,12 day ahead inc hosp,2021-01-08,06017,quantile,0.15,28.50139028958333
4974,2020-12-27,12 day ahead inc hosp,2021-01-08,06017,quantile,0.2,29.22648724223731
4975,2020-12-27,12 day ahead inc hosp,2021-01-08,06017,quantile,0.25,29.84855586375753
4976,2020-12-27,12 day ahead inc hosp,2021-01-08,06017,quantile,0.3,30.407192711721677
4977,2020-12-27,12 day ahead inc hosp,2021-01-08,06017,quantile,0.35,30.92485300489356
4978,2020-12-27,12 day ahead inc hosp,2021-01-08,06017,quantile,0.4,31.41606200100324
4979,2020-12-27,12 day ahead inc hosp,2021-01-08,06017,quantile,0.45,31.891312389454754
4980,2020-12-27,12 day ahead inc hosp,2021-01-08,06017,quantile,0.5,32.35902786254883
4981,2020-12-27,12 day ahead inc hosp,2021-01-08,06017,quantile,0.55,33.60737896236433
4982,2020-12-27,12 day ahead inc hosp,2021-01-08,06017,quantile,0.6,34.87584104933886
4983,2020-12-27,12 day ahead inc hosp,2021-01-08,06017,quantile,0.65,36.186897291451785
4984,2020-12-27,12 day ahead inc hosp,2021-01-08,06017,quantile,0.7,37.56855309179765
4985,2020-12-27,12 day ahead inc hosp,2021-01-08,06017,quantile,0.75,39.059576937855525
4986,2020-12-27,12 day ahead inc hosp,2021-01-08,06017,quantile,0.8,40.71990269680103
4987,2020-12-27,12 day ahead inc hosp,2021-01-08,06017,quantile,0.85,42.65521514718986
4988,2020-12-27,12 day ahead inc hosp,2021-01-08,06017,quantile,0.9,45.09028012393806
4989,2020-12-27,12 day ahead inc hosp,2021-01-08,06017,quantile,0.95,48.69941323664904
4990,2020-12-27,12 day ahead inc hosp,2021-01-08,06017,quantile,0.975,51.82979796754513
4991,2020-12-27,12 day ahead inc hosp,2021-01-08,06017,quantile,0.99,55.46954672768282
4992,2020-12-27,13 day ahead inc hosp,2021-01-09,06017,point,NA,32.1563606262207
4993,2020-12-27,13 day ahead inc hosp,2021-01-09,06017,quantile,0.01,16.11145208671685
4994,2020-12-27,13 day ahead inc hosp,2021-01-09,06017,quantile,0.025,18.638415514235856
4995,2020-12-27,13 day ahead inc hosp,2021-01-09,06017,quantile,0.05,20.811743469085997
4996,2020-12-27,13 day ahead inc hosp,2021-01-09,06017,quantile,0.1,23.317451412653917
4997,2020-12-27,13 day ahead inc hosp,2021-01-09,06017,quantile,0.15,25.00804066630404
4998,2020-12-27,13 day ahead inc hosp,2021-01-09,06017,quantile,0.2,26.351667412335207
4999,2020-12-27,13 day ahead inc hosp,2021-01-09,06017,quantile,0.25,27.504379521635936
5000,2020-12-27,13 day ahead inc hosp,2021-01-09,06017,quantile,0.3,28.539550621853433
5001,2020-12-27,13 day ahead inc hosp,2021-01-09,06017,quantile,0.35,29.498790917538408
5002,2020-12-27,13 day ahead inc hosp,2021-01-09,06017,quantile,0.4,30.409016153830418
5003,2020-12-27,13 day ahead inc hosp,2021-01-09,06017,quantile,0.45,31.289669603893774
5004,2020-12-27,13 day ahead inc hosp,2021-01-09,06017,quantile,0.5,32.1563606262207
5005,2020-12-27,13 day ahead inc hosp,2021-01-09,06017,quantile,0.55,33.41632673858516
5006,2020-12-27,13 day ahead inc hosp,2021-01-09,06017,quantile,0.6,34.6965909564348
5007,2020-12-27,13 day ahead inc hosp,2021-01-09,06017,quantile,0.65,36.01984563751796
5008,2020-12-27,13 day ahead inc hosp,2021-01-09,06017,quantile,0.7,37.41435675513934
5009,2020-12-27,13 day ahead inc hosp,2021-01-09,06017,quantile,0.75,38.91925350977664
5010,2020-12-27,13 day ahead inc hosp,2021-01-09,06017,quantile,0.8,40.59502741029735
5011,2020-12-27,13 day ahead inc hosp,2021-01-09,06017,quantile,0.85,42.54834655639923
5012,2020-12-27,13 day ahead inc hosp,2021-01-09,06017,quantile,0.9,45.006068068049075
5013,2020-12-27,13 day ahead inc hosp,2021-01-09,06017,quantile,0.95,48.64878157845523
5014,2020-12-27,13 day ahead inc hosp,2021-01-09,06017,quantile,0.975,51.80829229637357
5015,2020-12-27,13 day ahead inc hosp,2021-01-09,06017,quantile,0.99,55.48190631086984
5016,2020-12-27,14 day ahead inc hosp,2021-01-10,06017,point,NA,33.27864456176758
5017,2020-12-27,14 day ahead inc hosp,2021-01-10,06017,quantile,0.01,16.989087855664287
5018,2020-12-27,14 day ahead inc hosp,2021-01-10,06017,quantile,0.025,19.55458169724482
5019,2020-12-27,14 day ahead inc hosp,2021-01-10,06017,quantile,0.05,21.76104793382865
5020,2020-12-27,14 day ahead inc hosp,2021-01-10,06017,quantile,0.1,24.304962193931082
5021,2020-12-27,14 day ahead inc hosp,2021-01-10,06017,quantile,0.15,26.021329067962142
5022,2020-12-27,14 day ahead inc hosp,2021-01-10,06017,quantile,0.2,27.385443049504882
5023,2020-12-27,14 day ahead inc hosp,2021-01-10,06017,quantile,0.25,28.555731382656504
5024,2020-12-27,14 day ahead inc hosp,2021-01-10,06017,quantile,0.3,29.606686475108134
5025,2020-12-27,14 day ahead inc hosp,2021-01-10,06017,quantile,0.35,30.580552991883113
5026,2020-12-27,14 day ahead inc hosp,2021-01-10,06017,quantile,0.4,31.50465708168825
5027,2020-12-27,14 day ahead inc hosp,2021-01-10,06017,quantile,0.45,32.39873848314423
5028,2020-12-27,14 day ahead inc hosp,2021-01-10,06017,quantile,0.5,33.27864456176758
5029,2020-12-27,14 day ahead inc hosp,2021-01-10,06017,quantile,0.55,34.542728855859764
5030,2020-12-27,14 day ahead inc hosp,2021-01-10,06017,quantile,0.6,35.827177599512794
5031,2020-12-27,14 day ahead inc hosp,2021-01-10,06017,quantile,0.65,37.15475732013098
5032,2020-12-27,14 day ahead inc hosp,2021-01-10,06017,quantile,0.7,38.5538263779599
5033,2020-12-27,14 day ahead inc hosp,2021-01-10,06017,quantile,0.75,40.06364186672524
5034,2020-12-27,14 day ahead inc hosp,2021-01-10,06017,quantile,0.8,41.74489301095052
5035,2020-12-27,14 day ahead inc hosp,2021-01-10,06017,quantile,0.85,43.704596553534934
5036,2020-12-27,14 day ahead inc hosp,2021-01-10,06017,quantile,0.9,46.1703510937891
5037,2020-12-27,14 day ahead inc hosp,2021-01-10,06017,quantile,0.95,49.82497076267894
5038,2020-12-27,14 day ahead inc hosp,2021-01-10,06017,quantile,0.975,52.99480829746909
5039,2020-12-27,14 day ahead inc hosp,2021-01-10,06017,quantile,0.99,56.680429468317215
5040,2020-12-27,15 day ahead inc hosp,2021-01-11,06017,point,NA,32.641719818115234
5041,2020-12-27,15 day ahead inc hosp,2021-01-11,06017,quantile,0.01,24.649675600004272
5042,2020-12-27,15 day ahead inc hosp,2021-01-11,06017,quantile,0.025,25.90836793848398
5043,2020-12-27,15 day ahead inc hosp,2021-01-11,06017,quantile,0.05,26.990912788948805
5044,2020-12-27,15 day ahead inc hosp,2021-01-11,06017,quantile,0.1,28.23901767115251
5045,2020-12-27,15 day ahead inc hosp,2021-01-11,06017,quantile,0.15,29.081108109784132
5046,2020-12-27,15 day ahead inc hosp,2021-01-11,06017,quantile,0.2,29.750374895598398
5047,2020-12-27,15 day ahead inc hosp,2021-01-11,06017,quantile,0.25,30.324546205182457
5048,2020-12-27,15 day ahead inc hosp,2021-01-11,06017,quantile,0.3,30.840169786699278
5049,2020-12-27,15 day ahead inc hosp,2021-01-11,06017,quantile,0.35,31.317971878249576
5050,2020-12-27,15 day ahead inc hosp,2021-01-11,06017,quantile,0.4,31.7713593387624
5051,2020-12-27,15 day ahead inc hosp,2021-01-11,06017,quantile,0.45,32.210016953818894
5052,2020-12-27,15 day ahead inc hosp,2021-01-11,06017,quantile,0.5,32.641719818115234
5053,2020-12-27,15 day ahead inc hosp,2021-01-11,06017,quantile,0.55,33.72826055439899
5054,2020-12-27,15 day ahead inc hosp,2021-01-11,06017,quantile,0.6,34.83230550628235
5055,2020-12-27,15 day ahead inc hosp,2021-01-11,06017,quantile,0.65,35.97342358982899
5056,2020-12-27,15 day ahead inc hosp,2021-01-11,06017,quantile,0.7,37.17599016811005
5057,2020-12-27,15 day ahead inc hosp,2021-01-11,06017,quantile,0.75,38.4737485853949
5058,2020-12-27,15 day ahead inc hosp,2021-01-11,06017,quantile,0.8,39.91886412449457
5059,2020-12-27,15 day ahead inc hosp,2021-01-11,06017,quantile,0.85,41.6033227796721
5060,2020-12-27,15 day ahead inc hosp,2021-01-11,06017,quantile,0.9,43.72275640145192
5061,2020-12-27,15 day ahead inc hosp,2021-01-11,06017,quantile,0.95,46.86407629952439
5062,2020-12-27,15 day ahead inc hosp,2021-01-11,06017,quantile,0.975,49.58870283356755
5063,2020-12-27,15 day ahead inc hosp,2021-01-11,06017,quantile,0.99,52.75667000106746
5064,2020-12-27,16 day ahead inc hosp,2021-01-12,06017,point,NA,34.10240173339844
5065,2020-12-27,16 day ahead inc hosp,2021-01-12,06017,quantile,0.01,25.675842315459786
5066,2020-12-27,16 day ahead inc hosp,2021-01-12,06017,quantile,0.025,27.00296782798734
5067,2020-12-27,16 day ahead inc hosp,2021-01-12,06017,quantile,0.05,28.144368983445602
5068,2020-12-27,16 day ahead inc hosp,2021-01-12,06017,quantile,0.1,29.460331415920077
5069,2020-12-27,16 day ahead inc hosp,2021-01-12,06017,quantile,0.15,30.34820502156494
5070,2020-12-27,16 day ahead inc hosp,2021-01-12,06017,quantile,0.2,31.053858817165402
5071,2020-12-27,16 day ahead inc hosp,2021-01-12,06017,quantile,0.25,31.65924694118523
5072,2020-12-27,16 day ahead inc hosp,2021-01-12,06017,quantile,0.3,32.20290418686159
5073,2020-12-27,16 day ahead inc hosp,2021-01-12,06017,quantile,0.35,32.70668364610682
5074,2020-12-27,16 day ahead inc hosp,2021-01-12,06017,quantile,0.4,33.184721088229814
5075,2020-12-27,16 day ahead inc hosp,2021-01-12,06017,quantile,0.45,33.64722784576606
5076,2020-12-27,16 day ahead inc hosp,2021-01-12,06017,quantile,0.5,34.10240173339844
5077,2020-12-27,16 day ahead inc hosp,2021-01-12,06017,quantile,0.55,35.041832519315236
5078,2020-12-27,16 day ahead inc hosp,2021-01-12,06017,quantile,0.6,35.996397573528164
5079,2020-12-27,16 day ahead inc hosp,2021-01-12,06017,quantile,0.65,36.983016318920626
5080,2020-12-27,16 day ahead inc hosp,2021-01-12,06017,quantile,0.7,38.022763866367214
5081,2020-12-27,16 day ahead inc hosp,2021-01-12,06017,quantile,0.75,39.144814949375714
5082,2020-12-27,16 day ahead inc hosp,2021-01-12,06017,quantile,0.8,40.3942720394801
5083,2020-12-27,16 day ahead inc hosp,2021-01-12,06017,quantile,0.85,41.850666876262835
5084,2020-12-27,16 day ahead inc hosp,2021-01-12,06017,quantile,0.9,43.68314413783062
5085,2020-12-27,16 day ahead inc hosp,2021-01-12,06017,quantile,0.95,46.399151483082704
5086,2020-12-27,16 day ahead inc hosp,2021-01-12,06017,quantile,0.975,48.75488280610737
5087,2020-12-27,16 day ahead inc hosp,2021-01-12,06017,quantile,0.99,51.49392956849752
5088,2020-12-27,17 day ahead inc hosp,2021-01-13,06017,point,NA,34.81884002685547
5089,2020-12-27,17 day ahead inc hosp,2021-01-13,06017,quantile,0.01,26.350927420213104
5090,2020-12-27,17 day ahead inc hosp,2021-01-13,06017,quantile,0.025,27.684565777311157
5091,2020-12-27,17 day ahead inc hosp,2021-01-13,06017,quantile,0.05,28.831568338399784
5092,2020-12-27,17 day ahead inc hosp,2021-01-13,06017,quantile,0.1,30.15398883283028
5093,2020-12-27,17 day ahead inc hosp,2021-01-13,06017,quantile,0.15,31.046219662217148
5094,2020-12-27,17 day ahead inc hosp,2021-01-13,06017,quantile,0.2,31.755336441120956
5095,2020-12-27,17 day ahead inc hosp,2021-01-13,06017,quantile,0.25,32.363695496465176
5096,2020-12-27,17 day ahead inc hosp,2021-01-13,06017,quantile,0.3,32.91002073029132
5097,2020-12-27,17 day ahead inc hosp,2021-01-13,06017,quantile,0.35,33.41627247816706
5098,2020-12-27,17 day ahead inc hosp,2021-01-13,06017,quantile,0.4,33.89665588043477
5099,2020-12-27,17 day ahead inc hosp,2021-01-13,06017,quantile,0.45,34.361432381560604
5100,2020-12-27,17 day ahead inc hosp,2021-01-13,06017,quantile,0.5,34.81884002685547
5101,2020-12-27,17 day ahead inc hosp,2021-01-13,06017,quantile,0.55,35.862654208274115
5102,2020-12-27,17 day ahead inc hosp,2021-01-13,06017,quantile,0.6,36.92328427874996
5103,2020-12-27,17 day ahead inc hosp,2021-01-13,06017,quantile,0.65,38.019529636612155
5104,2020-12-27,17 day ahead inc hosp,2021-01-13,06017,quantile,0.7,39.17480712101017
5105,2020-12-27,17 day ahead inc hosp,2021-01-13,06017,quantile,0.75,40.42153317073978
5106,2020-12-27,17 day ahead inc hosp,2021-01-13,06017,quantile,0.8,41.80982174854304
5107,2020-12-27,17 day ahead inc hosp,2021-01-13,06017,quantile,0.85,43.4280416399586
5108,2020-12-27,17 day ahead inc hosp,2021-01-13,06017,quantile,0.9,45.46413177179835
5109,2020-12-27,17 day ahead inc hosp,2021-01-13,06017,quantile,0.95,48.481924062951165
5110,2020-12-27,17 day ahead inc hosp,2021-01-13,06017,quantile,0.975,51.09940882015502
5111,2020-12-27,17 day ahead inc hosp,2021-01-13,06017,quantile,0.99,54.142800517566236
5112,2020-12-27,18 day ahead inc hosp,2021-01-14,06017,point,NA,35.7615852355957
5113,2020-12-27,18 day ahead inc hosp,2021-01-14,06017,quantile,0.01,26.40150800492456
5114,2020-12-27,18 day ahead inc hosp,2021-01-14,06017,quantile,0.025,27.87565619233397
5115,2020-12-27,18 day ahead inc hosp,2021-01-14,06017,quantile,0.05,29.143504959118083
5116,2020-12-27,18 day ahead inc hosp,2021-01-14,06017,quantile,0.1,30.605253389254486
5117,2020-12-27,18 day ahead inc hosp,2021-01-14,06017,quantile,0.15,31.591488115401276
5118,2020-12-27,18 day ahead inc hosp,2021-01-14,06017,quantile,0.2,32.375316211465694
5119,2020-12-27,18 day ahead inc hosp,2021-01-14,06017,quantile,0.25,33.0477709245119
5120,2020-12-27,18 day ahead inc hosp,2021-01-14,06017,quantile,0.3,33.65165603991401
5121,2020-12-27,18 day ahead inc hosp,2021-01-14,06017,quantile,0.35,34.21124559620704
5122,2020-12-27,18 day ahead inc hosp,2021-01-14,06017,quantile,0.4,34.7422413627471
5123,2020-12-27,18 day ahead inc hosp,2021-01-14,06017,quantile,0.45,35.25598591203856
5124,2020-12-27,18 day ahead inc hosp,2021-01-14,06017,quantile,0.5,35.7615852355957
5125,2020-12-27,18 day ahead inc hosp,2021-01-14,06017,quantile,0.55,37.0330810344298
5126,2020-12-27,18 day ahead inc hosp,2021-01-14,06017,quantile,0.6,38.32506068246857
5127,2020-12-27,18 day ahead inc hosp,2021-01-14,06017,quantile,0.65,39.6604241904818
5128,2020-12-27,18 day ahead inc hosp,2021-01-14,06017,quantile,0.7,41.06769618778621
5129,2020-12-27,18 day ahead inc hosp,2021-01-14,06017,quantile,0.75,42.58636393799225
5130,2020-12-27,18 day ahead inc hosp,2021-01-14,06017,quantile,0.8,44.27747249511793
5131,2020-12-27,18 day ahead inc hosp,2021-01-14,06017,quantile,0.85,46.24866605633992
5132,2020-12-27,18 day ahead inc hosp,2021-01-14,06017,quantile,0.9,48.7288776637002
5133,2020-12-27,18 day ahead inc hosp,2021-01-14,06017,quantile,0.95,52.404924883847855
5134,2020-12-27,18 day ahead inc hosp,2021-01-14,06017,quantile,0.975,55.59334762377818
5135,2020-12-27,18 day ahead inc hosp,2021-01-14,06017,quantile,0.99,59.30057811206841
5136,2020-12-27,19 day ahead inc hosp,2021-01-15,06017,point,NA,35.84441375732422
5137,2020-12-27,19 day ahead inc hosp,2021-01-15,06017,quantile,0.01,27.592999442200416
5138,2020-12-27,19 day ahead inc hosp,2021-01-15,06017,quantile,0.025,28.892540798156904
5139,2020-12-27,19 day ahead inc hosp,2021-01-15,06017,quantile,0.05,30.010218057204945
5140,2020-12-27,19 day ahead inc hosp,2021-01-15,06017,quantile,0.1,31.298828356489025
5141,2020-12-27,19 day ahead inc hosp,2021-01-15,06017,quantile,0.15,32.16824760772487
5142,2020-12-27,19 day ahead inc hosp,2021-01-15,06017,quantile,0.2,32.85923446745599
5143,2020-12-27,19 day ahead inc hosp,2021-01-15,06017,quantile,0.25,33.45203966646866
5144,2020-12-27,19 day ahead inc hosp,2021-01-15,06017,quantile,0.3,33.98439705659693
5145,2020-12-27,19 day ahead inc hosp,2021-01-15,06017,quantile,0.35,34.47770551566175
5146,2020-12-27,19 day ahead inc hosp,2021-01-15,06017,quantile,0.4,34.945807002574874
5147,2020-12-27,19 day ahead inc hosp,2021-01-15,06017,quantile,0.45,35.398700608457695
5148,2020-12-27,19 day ahead inc hosp,2021-01-15,06017,quantile,0.5,35.84441375732422
5149,2020-12-27,19 day ahead inc hosp,2021-01-15,06017,quantile,0.55,37.06035197227377
5150,2020-12-27,19 day ahead inc hosp,2021-01-15,06017,quantile,0.6,38.2958790014845
5151,2020-12-27,19 day ahead inc hosp,2021-01-15,06017,quantile,0.65,39.5728942474108
5152,2020-12-27,19 day ahead inc hosp,2021-01-15,06017,quantile,0.7,40.91867596522683
5153,2020-12-27,19 day ahead inc hosp,2021-01-15,06017,quantile,0.75,42.3709860357597
5154,2020-12-27,19 day ahead inc hosp,2021-01-15,06017,quantile,0.8,43.9882021697987
5155,2020-12-27,19 day ahead inc hosp,2021-01-15,06017,quantile,0.85,45.87326508730902
5156,2020-12-27,19 day ahead inc hosp,2021-01-15,06017,quantile,0.9,48.24510467759014
5157,2020-12-27,19 day ahead inc hosp,2021-01-15,06017,quantile,0.95,51.760528243311114
5158,2020-12-27,19 day ahead inc hosp,2021-01-15,06017,quantile,0.975,54.80963391747096
5159,2020-12-27,19 day ahead inc hosp,2021-01-15,06017,quantile,0.99,58.354878208857215
5160,2020-12-27,20 day ahead inc hosp,2021-01-16,06017,point,NA,36.236541748046875
5161,2020-12-27,20 day ahead inc hosp,2021-01-16,06017,quantile,0.01,21.057350161629074
5162,2020-12-27,20 day ahead inc hosp,2021-01-16,06017,quantile,0.025,23.44796908623954
5163,2020-12-27,20 day ahead inc hosp,2021-01-16,06017,quantile,0.05,25.50403324675285
5164,2020-12-27,20 day ahead inc hosp,2021-01-16,06017,quantile,0.1,27.87454354547984
5165,2020-12-27,20 day ahead inc hosp,2021-01-16,06017,quantile,0.15,29.47391559000804
5166,2020-12-27,20 day ahead inc hosp,2021-01-16,06017,quantile,0.2,30.74504578987348
5167,2020-12-27,20 day ahead inc hosp,2021-01-16,06017,quantile,0.25,31.835562317778887
5168,2020-12-27,20 day ahead inc hosp,2021-01-16,06017,quantile,0.3,32.81487986366813
5169,2020-12-27,20 day ahead inc hosp,2021-01-16,06017,quantile,0.35,33.72236351742441
5170,2020-12-27,20 day ahead inc hosp,2021-01-16,06017,quantile,0.4,34.583476761819135
5171,2020-12-27,20 day ahead inc hosp,2021-01-16,06017,quantile,0.45,35.41661379135342
5172,2020-12-27,20 day ahead inc hosp,2021-01-16,06017,quantile,0.5,36.236541748046875
5173,2020-12-27,20 day ahead inc hosp,2021-01-16,06017,quantile,0.55,37.47404708826738
5174,2020-12-27,20 day ahead inc hosp,2021-01-16,06017,quantile,0.6,38.73148869001727
5175,2020-12-27,20 day ahead inc hosp,2021-01-16,06017,quantile,0.65,40.031154385977295
5176,2020-12-27,20 day ahead inc hosp,2021-01-16,06017,quantile,0.7,41.40080626638766
5177,2020-12-27,20 day ahead inc hosp,2021-01-16,06017,quantile,0.75,42.87887599546104
5178,2020-12-27,20 day ahead inc hosp,2021-01-16,06017,quantile,0.8,44.52477673084261
5179,2020-12-27,20 day ahead inc hosp,2021-01-16,06017,quantile,0.85,46.44327505451564
5180,2020-12-27,20 day ahead inc hosp,2021-01-16,06017,quantile,0.9,48.85718402047497
5181,2020-12-27,20 day ahead inc hosp,2021-01-16,06017,quantile,0.95,52.43496073826422
5182,2020-12-27,20 day ahead inc hosp,2021-01-16,06017,quantile,0.975,55.53814847286965
5183,2020-12-27,20 day ahead inc hosp,2021-01-16,06017,quantile,0.99,59.14627484725027
5184,2020-12-27,21 day ahead inc hosp,2021-01-17,06017,point,NA,40.359745025634766
5185,2020-12-27,21 day ahead inc hosp,2021-01-17,06017,quantile,0.01,24.77909172697758
5186,2020-12-27,21 day ahead inc hosp,2021-01-17,06017,quantile,0.025,27.232938127262365
5187,2020-12-27,21 day ahead inc hosp,2021-01-17,06017,quantile,0.05,29.34338140498059
5188,2020-12-27,21 day ahead inc hosp,2021-01-17,06017,quantile,0.1,31.7765873431947
5189,2020-12-27,21 day ahead inc hosp,2021-01-17,06017,quantile,0.15,33.41825983803665
5190,2020-12-27,21 day ahead inc hosp,2021-01-17,06017,quantile,0.2,34.72300909485989
5191,2020-12-27,21 day ahead inc hosp,2021-01-17,06017,quantile,0.25,35.842367780137494
5192,2020-12-27,21 day ahead inc hosp,2021-01-17,06017,quantile,0.3,36.847586474751324
5193,2020-12-27,21 day ahead inc hosp,2021-01-17,06017,quantile,0.35,37.77907140284373
5194,2020-12-27,21 day ahead inc hosp,2021-01-17,06017,quantile,0.4,38.66295950949371
5195,2020-12-27,21 day ahead inc hosp,2021-01-17,06017,quantile,0.45,39.51813148183128
5196,2020-12-27,21 day ahead inc hosp,2021-01-17,06017,quantile,0.5,40.359745025634766
5197,2020-12-27,21 day ahead inc hosp,2021-01-17,06017,quantile,0.55,41.57444301643404
5198,2020-12-27,21 day ahead inc hosp,2021-01-17,06017,quantile,0.6,42.808709841432815
5199,2020-12-27,21 day ahead inc hosp,2021-01-17,06017,quantile,0.65,44.08442256628625
5200,2020-12-27,21 day ahead inc hosp,2021-01-17,06017,quantile,0.7,45.42883162308471
5201,2020-12-27,21 day ahead inc hosp,2021-01-17,06017,quantile,0.75,46.87966037655638
5202,2020-12-27,21 day ahead inc hosp,2021-01-17,06017,quantile,0.8,48.49522699380168
5203,2020-12-27,21 day ahead inc hosp,2021-01-17,06017,quantile,0.85,50.37836719803073
5204,2020-12-27,21 day ahead inc hosp,2021-01-17,06017,quantile,0.9,52.747787575966775
5205,2020-12-27,21 day ahead inc hosp,2021-01-17,06017,quantile,0.95,56.25962550456321
5206,2020-12-27,21 day ahead inc hosp,2021-01-17,06017,quantile,0.975,59.30562117325785
5207,2020-12-27,21 day ahead inc hosp,2021-01-17,06017,quantile,0.99,62.847249411184514
5208,2020-12-27,22 day ahead inc hosp,2021-01-18,06017,point,NA,35.52137756347656
5209,2020-12-27,22 day ahead inc hosp,2021-01-18,06017,quantile,0.01,26.53401259920038
5210,2020-12-27,22 day ahead inc hosp,2021-01-18,06017,quantile,0.025,27.949461152152608
5211,2020-12-27,22 day ahead inc hosp,2021-01-18,06017,quantile,0.05,29.166824994969886
5212,2020-12-27,22 day ahead inc hosp,2021-01-18,06017,quantile,0.1,30.57036754102339
5213,2020-12-27,22 day ahead inc hosp,2021-01-18,06017,quantile,0.15,31.5173310335125
5214,2020-12-27,22 day ahead inc hosp,2021-01-18,06017,quantile,0.2,32.269947597989244
5215,2020-12-27,22 day ahead inc hosp,2021-01-18,06017,quantile,0.25,32.915625596060686
5216,2020-12-27,22 day ahead inc hosp,2021-01-18,06017,quantile,0.3,33.4954643938463
5217,2020-12-27,22 day ahead inc hosp,2021-01-18,06017,quantile,0.35,34.03277145324993
5218,2020-12-27,22 day ahead inc hosp,2021-01-18,06017,quantile,0.4,34.54262330925208
5219,2020-12-27,22 day ahead inc hosp,2021-01-18,06017,quantile,0.45,35.03591088040162
5220,2020-12-27,22 day ahead inc hosp,2021-01-18,06017,quantile,0.5,35.52137756347656
5221,2020-12-27,22 day ahead inc hosp,2021-01-18,06017,quantile,0.55,36.78359127502341
5222,2020-12-27,22 day ahead inc hosp,2021-01-18,06017,quantile,0.6,38.066139300969965
5223,2020-12-27,22 day ahead inc hosp,2021-01-18,06017,quantile,0.65,39.391754478982456
5224,2020-12-27,22 day ahead inc hosp,2021-01-18,06017,quantile,0.7,40.7887532048157
5225,2020-12-27,22 day ahead inc hosp,2021-01-18,06017,quantile,0.75,42.296334479839786
5226,2020-12-27,22 day ahead inc hosp,2021-01-18,06017,quantile,0.8,43.97509772111475
5227,2020-12-27,22 day ahead inc hosp,2021-01-18,06017,quantile,0.85,45.93190130895885
5228,2020-12-27,22 day ahead inc hosp,2021-01-18,06017,quantile,0.9,48.39400704396669
5229,2020-12-27,22 day ahead inc hosp,2021-01-18,06017,quantile,0.95,52.04321863382697
5230,2020-12-27,22 day ahead inc hosp,2021-01-18,06017,quantile,0.975,55.20836546658732
5231,2020-12-27,22 day ahead inc hosp,2021-01-18,06017,quantile,0.99,58.88853268261364
5232,2020-12-27,23 day ahead inc hosp,2021-01-19,06017,point,NA,36.76508712768555
5233,2020-12-27,23 day ahead inc hosp,2021-01-19,06017,quantile,0.01,28.1800119599688
5234,2020-12-27,23 day ahead inc hosp,2021-01-19,06017,quantile,0.025,29.53210261962629
5235,2020-12-27,23 day ahead inc hosp,2021-01-19,06017,quantile,0.05,30.69497517889022
5236,2020-12-27,23 day ahead inc hosp,2021-01-19,06017,quantile,0.1,32.035692764840434
5237,2020-12-27,23 day ahead inc hosp,2021-01-19,06017,quantile,0.15,32.94026855501002
5238,2020-12-27,23 day ahead inc hosp,2021-01-19,06017,quantile,0.2,33.65919671740071
5239,2020-12-27,23 day ahead inc hosp,2021-01-19,06017,quantile,0.25,34.27597306615453
5240,2020-12-27,23 day ahead inc hosp,2021-01-19,06017,quantile,0.3,34.829857289609876
5241,2020-12-27,23 day ahead inc hosp,2021-01-19,06017,quantile,0.35,35.34311356789173
5242,2020-12-27,23 day ahead inc hosp,2021-01-19,06017,quantile,0.4,35.83014358454031
5243,2020-12-27,23 day ahead inc hosp,2021-01-19,06017,quantile,0.45,36.30135076200028
5244,2020-12-27,23 day ahead inc hosp,2021-01-19,06017,quantile,0.5,36.76508712768555
5245,2020-12-27,23 day ahead inc hosp,2021-01-19,06017,quantile,0.55,37.796443102321845
5246,2020-12-27,23 day ahead inc hosp,2021-01-19,06017,quantile,0.6,38.84441426379569
5247,2020-12-27,23 day ahead inc hosp,2021-01-19,06017,quantile,0.65,39.927575634492776
5248,2020-12-27,23 day ahead inc hosp,2021-01-19,06017,quantile,0.7,41.06906456720426
5249,2020-12-27,23 day ahead inc hosp,2021-01-19,06017,quantile,0.75,42.30091060169268
5250,2020-12-27,23 day ahead inc hosp,2021-01-19,06017,quantile,0.8,43.6726295768945
5251,2020-12-27,23 day ahead inc hosp,2021-01-19,06017,quantile,0.85,45.27153557280504
5252,2020-12-27,23 day ahead inc hosp,2021-01-19,06017,quantile,0.9,47.28332441391555
5253,2020-12-27,23 day ahead inc hosp,2021-01-19,06017,quantile,0.95,50.26509853147134
5254,2020-12-27,23 day ahead inc hosp,2021-01-19,06017,quantile,0.975,52.8513428946133
5255,2020-12-27,23 day ahead inc hosp,2021-01-19,06017,quantile,0.99,55.85841088253581
5256,2020-12-27,24 day ahead inc hosp,2021-01-20,06017,point,NA,38.345794677734375
5257,2020-12-27,24 day ahead inc hosp,2021-01-20,06017,quantile,0.01,29.74031691007576
5258,2020-12-27,24 day ahead inc hosp,2021-01-20,06017,quantile,0.025,31.095620839771684
5259,2020-12-27,24 day ahead inc hosp,2021-01-20,06017,quantile,0.05,32.26125698853792
5260,2020-12-27,24 day ahead inc hosp,2021-01-20,06017,quantile,0.1,33.605160816193276
5261,2020-12-27,24 day ahead inc hosp,2021-01-20,06017,quantile,0.15,34.51188634851461
5262,2020-12-27,24 day ahead inc hosp,2021-01-20,06017,quantile,0.2,35.23252305781929
5263,2020-12-27,24 day ahead inc hosp,2021-01-20,06017,quantile,0.25,35.85076518769341
5264,2020-12-27,24 day ahead inc hosp,2021-01-20,06017,quantile,0.3,36.40596572789667
5265,2020-12-27,24 day ahead inc hosp,2021-01-20,06017,quantile,0.35,36.92044176981586
5266,2020-12-27,24 day ahead inc hosp,2021-01-20,06017,quantile,0.4,37.40862922287534
5267,2020-12-27,24 day ahead inc hosp,2021-01-20,06017,quantile,0.45,37.88095623345775
5268,2020-12-27,24 day ahead inc hosp,2021-01-20,06017,quantile,0.5,38.345794677734375
5269,2020-12-27,24 day ahead inc hosp,2021-01-20,06017,quantile,0.55,39.44087233619122
5270,2020-12-27,24 day ahead inc hosp,2021-01-20,06017,quantile,0.6,40.553591740412244
5271,2020-12-27,24 day ahead inc hosp,2021-01-20,06017,quantile,0.65,41.70367555892327
5272,2020-12-27,24 day ahead inc hosp,2021-01-20,06017,quantile,0.7,42.91569067138617
5273,2020-12-27,24 day ahead inc hosp,2021-01-20,06017,quantile,0.75,44.22364554264451
5274,2020-12-27,24 day ahead inc hosp,2021-01-20,06017,quantile,0.8,45.68011531677324
5275,2020-12-27,24 day ahead inc hosp,2021-01-20,06017,quantile,0.85,47.377808719588685
5276,2020-12-27,24 day ahead inc hosp,2021-01-20,06017,quantile,0.9,49.5138946759529
5277,2020-12-27,24 day ahead inc hosp,2021-01-20,06017,quantile,0.95,52.67989584238015
5278,2020-12-27,24 day ahead inc hosp,2021-01-20,06017,quantile,0.975,55.42592969590533
5279,2020-12-27,24 day ahead inc hosp,2021-01-20,06017,quantile,0.99,58.6187874986596
5280,2020-12-27,25 day ahead inc hosp,2021-01-21,06017,point,NA,40.465240478515625
5281,2020-12-27,25 day ahead inc hosp,2021-01-21,06017,quantile,0.01,30.573510928587137
5282,2020-12-27,25 day ahead inc hosp,2021-01-21,06017,quantile,0.025,32.13139072241931
5283,2020-12-27,25 day ahead inc hosp,2021-01-21,06017,quantile,0.05,33.47125329002118
5284,2020-12-27,25 day ahead inc hosp,2021-01-21,06017,quantile,0.1,35.016029020456585
5285,2020-12-27,25 day ahead inc hosp,2021-01-21,06017,quantile,0.15,36.058281871942114
5286,2020-12-27,25 day ahead inc hosp,2021-01-21,06017,quantile,0.2,36.886631398215066
5287,2020-12-27,25 day ahead inc hosp,2021-01-21,06017,quantile,0.25,37.59728153411687
5288,2020-12-27,25 day ahead inc hosp,2021-01-21,06017,quantile,0.3,38.235467319722474
5289,2020-12-27,25 day ahead inc hosp,2021-01-21,06017,quantile,0.35,38.82684155878078
5290,2020-12-27,25 day ahead inc hosp,2021-01-21,06017,quantile,0.4,39.38799788103419
5291,2020-12-27,25 day ahead inc hosp,2021-01-21,06017,quantile,0.45,39.930923117023575
5292,2020-12-27,25 day ahead inc hosp,2021-01-21,06017,quantile,0.5,40.465240478515625
5293,2020-12-27,25 day ahead inc hosp,2021-01-21,06017,quantile,0.55,41.79312543098774
5294,2020-12-27,25 day ahead inc hosp,2021-01-21,06017,quantile,0.6,43.1424026642307
5295,2020-12-27,25 day ahead inc hosp,2021-01-21,06017,quantile,0.65,44.536987774143846
5296,2020-12-27,25 day ahead inc hosp,2021-01-21,06017,quantile,0.7,46.00667041955205
5297,2020-12-27,25 day ahead inc hosp,2021-01-21,06017,quantile,0.75,47.5926890718767
5298,2020-12-27,25 day ahead inc hosp,2021-01-21,06017,quantile,0.8,49.35879605238196
5299,2020-12-27,25 day ahead inc hosp,2021-01-21,06017,quantile,0.85,51.41740943573468
5300,2020-12-27,25 day ahead inc hosp,2021-01-21,06017,quantile,0.9,54.00761514099957
5301,2020-12-27,25 day ahead inc hosp,2021-01-21,06017,quantile,0.95,57.84669018370677
5302,2020-12-27,25 day ahead inc hosp,2021-01-21,06017,quantile,0.975,61.176515246719696
5303,2020-12-27,25 day ahead inc hosp,2021-01-21,06017,quantile,0.99,65.04815649418622
5304,2020-12-27,26 day ahead inc hosp,2021-01-22,06017,point,NA,38.70379638671875
5305,2020-12-27,26 day ahead inc hosp,2021-01-22,06017,quantile,0.01,30.42121382084781
5306,2020-12-27,26 day ahead inc hosp,2021-01-22,06017,quantile,0.025,31.725663963261
5307,2020-12-27,26 day ahead inc hosp,2021-01-22,06017,quantile,0.05,32.84756304946909
5308,2020-12-27,26 day ahead inc hosp,2021-01-22,06017,quantile,0.1,34.14104084508647
5309,2020-12-27,26 day ahead inc hosp,2021-01-22,06017,quantile,0.15,35.01374417298991
5310,2020-12-27,26 day ahead inc hosp,2021-01-22,06017,quantile,0.2,35.70734111274908
5311,2020-12-27,26 day ahead inc hosp,2021-01-22,06017,quantile,0.25,36.302385528019876
5312,2020-12-27,26 day ahead inc hosp,2021-01-22,06017,quantile,0.3,36.83675380355384
5313,2020-12-27,26 day ahead inc hosp,2021-01-22,06017,quantile,0.35,37.33192564762887
5314,2020-12-27,26 day ahead inc hosp,2021-01-22,06017,quantile,0.4,37.801795304695865
5315,2020-12-27,26 day ahead inc hosp,2021-01-22,06017,quantile,0.45,38.25639963566542
5316,2020-12-27,26 day ahead inc hosp,2021-01-22,06017,quantile,0.5,38.70379638671875
5317,2020-12-27,26 day ahead inc hosp,2021-01-22,06017,quantile,0.55,39.9275689019269
5318,2020-12-27,26 day ahead inc hosp,2021-01-22,06017,quantile,0.6,41.17105644229308
5319,2020-12-27,26 day ahead inc hosp,2021-01-22,06017,quantile,0.65,42.45629950830792
5320,2020-12-27,26 day ahead inc hosp,2021-01-22,06017,quantile,0.7,43.81075210917564
5321,2020-12-27,26 day ahead inc hosp,2021-01-22,06017,quantile,0.75,45.2724194258426
5322,2020-12-27,26 day ahead inc hosp,2021-01-22,06017,quantile,0.8,46.90005529718513
5323,2020-12-27,26 day ahead inc hosp,2021-01-22,06017,quantile,0.85,48.79726369110253
5324,2020-12-27,26 day ahead inc hosp,2021-01-22,06017,quantile,0.9,51.184385064032654
5325,2020-12-27,26 day ahead inc hosp,2021-01-22,06017,quantile,0.95,54.722458533680815
5326,2020-12-27,26 day ahead inc hosp,2021-01-22,06017,quantile,0.975,57.7912096216272
5327,2020-12-27,26 day ahead inc hosp,2021-01-22,06017,quantile,0.99,61.359295952129685
5328,2020-12-27,27 day ahead inc hosp,2021-01-23,06017,point,NA,39.510711669921875
5329,2020-12-27,27 day ahead inc hosp,2021-01-23,06017,quantile,0.01,23.750042934615678
5330,2020-12-27,27 day ahead inc hosp,2021-01-23,06017,quantile,0.025,26.232240535761527
5331,2020-12-27,27 day ahead inc hosp,2021-01-23,06017,quantile,0.05,28.36706741029557
5332,2020-12-27,27 day ahead inc hosp,2021-01-23,06017,quantile,0.1,30.828386074017942
5333,2020-12-27,27 day ahead inc hosp,2021-01-23,06017,quantile,0.15,32.48902609129485
5334,2020-12-27,27 day ahead inc hosp,2021-01-23,06017,quantile,0.2,33.8088501336667
5335,2020-12-27,27 day ahead inc hosp,2021-01-23,06017,quantile,0.25,34.94114164266066
5336,2020-12-27,27 day ahead inc hosp,2021-01-23,06017,quantile,0.3,35.957974412677494
5337,2020-12-27,27 day ahead inc hosp,2021-01-23,06017,quantile,0.35,36.90022151247402
5338,2020-12-27,27 day ahead inc hosp,2021-01-23,06017,quantile,0.4,37.79432186763614
5339,2020-12-27,27 day ahead inc hosp,2021-01-23,06017,quantile,0.45,38.65937430859461
5340,2020-12-27,27 day ahead inc hosp,2021-01-23,06017,quantile,0.5,39.510711669921875
5341,2020-12-27,27 day ahead inc hosp,2021-01-23,06017,quantile,0.55,40.78273260763185
5342,2020-12-27,27 day ahead inc hosp,2021-01-23,06017,quantile,0.6,42.07524585455523
5343,2020-12-27,27 day ahead inc hosp,2021-01-23,06017,quantile,0.65,43.411160879366335
5344,2020-12-27,27 day ahead inc hosp,2021-01-23,06017,quantile,0.7,44.819014092303085
5345,2020-12-27,27 day ahead inc hosp,2021-01-23,06017,quantile,0.75,46.33830906556084
5346,2020-12-27,27 day ahead inc hosp,2021-01-23,06017,quantile,0.8,48.03011606529836
5347,2020-12-27,27 day ahead inc hosp,2021-01-23,06017,quantile,0.85,50.00212374668641
5348,2020-12-27,27 day ahead inc hosp,2021-01-23,06017,quantile,0.9,52.48335970311386
5349,2020-12-27,27 day ahead inc hosp,2021-01-23,06017,quantile,0.95,56.16092516288657
5350,2020-12-27,27 day ahead inc hosp,2021-01-23,06017,quantile,0.975,59.35066474927052
5351,2020-12-27,27 day ahead inc hosp,2021-01-23,06017,quantile,0.99,63.05942635614805
5352,2020-12-27,28 day ahead inc hosp,2021-01-24,06017,point,NA,39.58566665649414
5353,2020-12-27,28 day ahead inc hosp,2021-01-24,06017,quantile,0.01,24.037678594237025
5354,2020-12-27,28 day ahead inc hosp,2021-01-24,06017,quantile,0.025,26.48638044305671
5355,2020-12-27,28 day ahead inc hosp,2021-01-24,06017,quantile,0.05,28.59239912270102
5356,2020-12-27,28 day ahead inc hosp,2021-01-24,06017,quantile,0.1,31.020503782704374
5357,2020-12-27,28 day ahead inc hosp,2021-01-24,06017,quantile,0.15,32.6587344693559
5358,2020-12-27,28 day ahead inc hosp,2021-01-24,06017,quantile,0.2,33.960748286136926
5359,2020-12-27,28 day ahead inc hosp,2021-01-24,06017,quantile,0.25,35.077760207426515
5360,2020-12-27,28 day ahead inc hosp,2021-01-24,06017,quantile,0.3,36.08087143544932
5361,2020-12-27,28 day ahead inc hosp,2021-01-24,06017,quantile,0.35,37.010403481669826
5362,2020-12-27,28 day ahead inc hosp,2021-01-24,06017,quantile,0.4,37.89243849439611
5363,2020-12-27,28 day ahead inc hosp,2021-01-24,06017,quantile,0.45,38.74581757691683
5364,2020-12-27,28 day ahead inc hosp,2021-01-24,06017,quantile,0.5,39.58566665649414
5365,2020-12-27,28 day ahead inc hosp,2021-01-24,06017,quantile,0.55,40.78608283524535
5366,2020-12-27,28 day ahead inc hosp,2021-01-24,06017,quantile,0.6,42.00583776762119
5367,2020-12-27,28 day ahead inc hosp,2021-01-24,06017,quantile,0.65,43.26655129966976
5368,2020-12-27,28 day ahead inc hosp,2021-01-24,06017,quantile,0.7,44.59515346651669
5369,2020-12-27,28 day ahead inc hosp,2021-01-24,06017,quantile,0.75,46.02892410041629
5370,2020-12-27,28 day ahead inc hosp,2021-01-24,06017,quantile,0.8,47.62549569259908
5371,2020-12-27,28 day ahead inc hosp,2021-01-24,06017,quantile,0.85,49.48649487522387
5372,2020-12-27,28 day ahead inc hosp,2021-01-24,06017,quantile,0.9,51.82805679224465
5373,2020-12-27,28 day ahead inc hosp,2021-01-24,06017,quantile,0.95,55.29860428517777
5374,2020-12-27,28 day ahead inc hosp,2021-01-24,06017,quantile,0.975,58.308786658741425
5375,2020-12-27,28 day ahead inc hosp,2021-01-24,06017,quantile,0.99,61.808774201432485
5376,2020-12-27,1 day ahead inc hosp,2020-12-28,06019,point,NA,674.8956909179688
5377,2020-12-27,1 day ahead inc hosp,2020-12-28,06019,quantile,0.01,447.92156146682055
5378,2020-12-27,1 day ahead inc hosp,2020-12-28,06019,quantile,0.025,483.6684354800864
5379,2020-12-27,1 day ahead inc hosp,2020-12-28,06019,quantile,0.05,514.4127192103075
5380,2020-12-27,1 day ahead inc hosp,2020-12-28,06019,quantile,0.1,549.8589093677581
5381,2020-12-27,1 day ahead inc hosp,2020-12-28,06019,quantile,0.15,573.7742855858246
5382,2020-12-27,1 day ahead inc hosp,2020-12-28,06019,quantile,0.2,592.7814684710897
5383,2020-12-27,1 day ahead inc hosp,2020-12-28,06019,quantile,0.25,609.087938954992
5384,2020-12-27,1 day ahead inc hosp,2020-12-28,06019,quantile,0.3,623.7316534221932
5385,2020-12-27,1 day ahead inc hosp,2020-12-28,06019,quantile,0.35,637.3012372257723
5386,2020-12-27,1 day ahead inc hosp,2020-12-28,06019,quantile,0.4,650.1774452828755
5387,2020-12-27,1 day ahead inc hosp,2020-12-28,06019,quantile,0.45,662.6353255932647
5388,2020-12-27,1 day ahead inc hosp,2020-12-28,06019,quantile,0.5,674.8956909179688
5389,2020-12-27,1 day ahead inc hosp,2020-12-28,06019,quantile,0.55,707.78937002527
5390,2020-12-27,1 day ahead inc hosp,2020-12-28,06019,quantile,0.6,741.2129676452704
5391,2020-12-27,1 day ahead inc hosp,2020-12-28,06019,quantile,0.65,775.758908547682
5392,2020-12-27,1 day ahead inc hosp,2020-12-28,06019,quantile,0.7,812.1651267502657
5393,2020-12-27,1 day ahead inc hosp,2020-12-28,06019,quantile,0.75,851.453160333775
5394,2020-12-27,1 day ahead inc hosp,2020-12-28,06019,quantile,0.8,895.202248820509
5395,2020-12-27,1 day ahead inc hosp,2020-12-28,06019,quantile,0.85,946.1971546005125
5396,2020-12-27,1 day ahead inc hosp,2020-12-28,06019,quantile,0.9,1010.3603903780287
5397,2020-12-27,1 day ahead inc hosp,2020-12-28,06019,quantile,0.95,1105.4599713233224
5398,2020-12-27,1 day ahead inc hosp,2020-12-28,06019,quantile,0.975,1187.9446752144877
5399,2020-12-27,1 day ahead inc hosp,2020-12-28,06019,quantile,0.99,1283.85096933708
5400,2020-12-27,2 day ahead inc hosp,2020-12-29,06019,point,NA,706.2862548828125
5401,2020-12-27,2 day ahead inc hosp,2020-12-29,06019,quantile,0.01,455.2357063861206
5402,2020-12-27,2 day ahead inc hosp,2020-12-29,06019,quantile,0.025,494.7744518359806
5403,2020-12-27,2 day ahead inc hosp,2020-12-29,06019,quantile,0.05,528.7799541911342
5404,2020-12-27,2 day ahead inc hosp,2020-12-29,06019,quantile,0.1,567.9861205620081
5405,2020-12-27,2 day ahead inc hosp,2020-12-29,06019,quantile,0.15,594.4383348807443
5406,2020-12-27,2 day ahead inc hosp,2020-12-29,06019,quantile,0.2,615.4617162690174
5407,2020-12-27,2 day ahead inc hosp,2020-12-29,06019,quantile,0.25,633.4979055427816
5408,2020-12-27,2 day ahead inc hosp,2020-12-29,06019,quantile,0.3,649.6949609424855
5409,2020-12-27,2 day ahead inc hosp,2020-12-29,06019,quantile,0.35,664.703946614104
5410,2020-12-27,2 day ahead inc hosp,2020-12-29,06019,quantile,0.4,678.946006284561
5411,2020-12-27,2 day ahead inc hosp,2020-12-29,06019,quantile,0.45,692.725363837742
5412,2020-12-27,2 day ahead inc hosp,2020-12-29,06019,quantile,0.5,706.2862548828125
5413,2020-12-27,2 day ahead inc hosp,2020-12-29,06019,quantile,0.55,734.1515895200857
5414,2020-12-27,2 day ahead inc hosp,2020-12-29,06019,quantile,0.6,762.4658358354559
5415,2020-12-27,2 day ahead inc hosp,2020-12-29,06019,quantile,0.65,791.7308566458368
5416,2020-12-27,2 day ahead inc hosp,2020-12-29,06019,quantile,0.7,822.5717805140155
5417,2020-12-27,2 day ahead inc hosp,2020-12-29,06019,quantile,0.75,855.853986480508
5418,2020-12-27,2 day ahead inc hosp,2020-12-29,06019,quantile,0.8,892.9153011112547
5419,2020-12-27,2 day ahead inc hosp,2020-12-29,06019,quantile,0.85,936.1147896731956
5420,2020-12-27,2 day ahead inc hosp,2020-12-29,06019,quantile,0.9,990.4696105650272
5421,2020-12-27,2 day ahead inc hosp,2020-12-29,06019,quantile,0.95,1071.0316431142185
5422,2020-12-27,2 day ahead inc hosp,2020-12-29,06019,quantile,0.975,1140.9071918141972
5423,2020-12-27,2 day ahead inc hosp,2020-12-29,06019,quantile,0.99,1222.1526180503151
5424,2020-12-27,3 day ahead inc hosp,2020-12-30,06019,point,NA,730.5958862304688
5425,2020-12-27,3 day ahead inc hosp,2020-12-30,06019,quantile,0.01,486.2519576992935
5426,2020-12-27,3 day ahead inc hosp,2020-12-30,06019,quantile,0.025,524.7344563445423
5427,2020-12-27,3 day ahead inc hosp,2020-12-30,06019,quantile,0.05,557.8315281768463
5428,2020-12-27,3 day ahead inc hosp,2020-12-30,06019,quantile,0.1,595.9903323342985
5429,2020-12-27,3 day ahead inc hosp,2020-12-30,06019,quantile,0.15,621.7358963400022
5430,2020-12-27,3 day ahead inc hosp,2020-12-30,06019,quantile,0.2,642.1976544607478
5431,2020-12-27,3 day ahead inc hosp,2020-12-30,06019,quantile,0.25,659.7520209788574
5432,2020-12-27,3 day ahead inc hosp,2020-12-30,06019,quantile,0.3,675.5163846526253
5433,2020-12-27,3 day ahead inc hosp,2020-12-30,06019,quantile,0.35,690.1244169562062
5434,2020-12-27,3 day ahead inc hosp,2020-12-30,06019,quantile,0.4,703.9860110897109
5435,2020-12-27,3 day ahead inc hosp,2020-12-30,06019,quantile,0.45,717.3972638327988
5436,2020-12-27,3 day ahead inc hosp,2020-12-30,06019,quantile,0.5,730.5958862304688
5437,2020-12-27,3 day ahead inc hosp,2020-12-30,06019,quantile,0.55,761.013300891259
5438,2020-12-27,3 day ahead inc hosp,2020-12-30,06019,quantile,0.6,791.9207413434667
5439,2020-12-27,3 day ahead inc hosp,2020-12-30,06019,quantile,0.65,823.8660341107499
5440,2020-12-27,3 day ahead inc hosp,2020-12-30,06019,quantile,0.7,857.5315609035065
5441,2020-12-27,3 day ahead inc hosp,2020-12-30,06019,quantile,0.75,893.8619575374115
5442,2020-12-27,3 day ahead inc hosp,2020-12-30,06019,quantile,0.8,934.3175770256313
5443,2020-12-27,3 day ahead inc hosp,2020-12-30,06019,quantile,0.85,981.4735424510369
5444,2020-12-27,3 day ahead inc hosp,2020-12-30,06019,quantile,0.9,1040.8065146690806
5445,2020-12-27,3 day ahead inc hosp,2020-12-30,06019,quantile,0.95,1128.746917390353
5446,2020-12-27,3 day ahead inc hosp,2020-12-30,06019,quantile,0.975,1205.0221018489121
5447,2020-12-27,3 day ahead inc hosp,2020-12-30,06019,quantile,0.99,1293.7084876858512
5448,2020-12-27,4 day ahead inc hosp,2020-12-31,06019,point,NA,785.4876098632812
5449,2020-12-27,4 day ahead inc hosp,2020-12-31,06019,quantile,0.01,508.2075920288082
5450,2020-12-27,4 day ahead inc hosp,2020-12-31,06019,quantile,0.025,551.8772996201236
5451,2020-12-27,4 day ahead inc hosp,2020-12-31,06019,quantile,0.05,589.4356573133011
5452,2020-12-27,4 day ahead inc hosp,2020-12-31,06019,quantile,0.1,632.738038350244
5453,2020-12-27,4 day ahead inc hosp,2020-12-31,06019,quantile,0.15,661.9539492573541
5454,2020-12-27,4 day ahead inc hosp,2020-12-31,06019,quantile,0.2,685.1738290831021
5455,2020-12-27,4 day ahead inc hosp,2020-12-31,06019,quantile,0.25,705.0944184362903
5456,2020-12-27,4 day ahead inc hosp,2020-12-31,06019,quantile,0.3,722.9837233471499
5457,2020-12-27,4 day ahead inc hosp,2020-12-31,06019,quantile,0.35,739.5608303864461
5458,2020-12-27,4 day ahead inc hosp,2020-12-31,06019,quantile,0.4,755.2908838879066
5459,2020-12-27,4 day ahead inc hosp,2020-12-31,06019,quantile,0.45,770.5098926929957
5460,2020-12-27,4 day ahead inc hosp,2020-12-31,06019,quantile,0.5,785.4876098632812
5461,2020-12-27,4 day ahead inc hosp,2020-12-31,06019,quantile,0.55,822.9611749071657
5462,2020-12-27,4 day ahead inc hosp,2020-12-31,06019,quantile,0.6,861.0384406130772
5463,2020-12-27,4 day ahead inc hosp,2020-12-31,06019,quantile,0.65,900.3943168343346
5464,2020-12-27,4 day ahead inc hosp,2020-12-31,06019,quantile,0.7,941.869482362825
5465,2020-12-27,4 day ahead inc hosp,2020-12-31,06019,quantile,0.75,986.6277071006336
5466,2020-12-27,4 day ahead inc hosp,2020-12-31,06019,quantile,0.8,1036.468112841516
5467,2020-12-27,4 day ahead inc hosp,2020-12-31,06019,quantile,0.85,1094.5631928239054
5468,2020-12-27,4 day ahead inc hosp,2020-12-31,06019,quantile,0.9,1167.660069019829
5469,2020-12-27,4 day ahead inc hosp,2020-12-31,06019,quantile,0.95,1276.0006508250608
5470,2020-12-27,4 day ahead inc hosp,2020-12-31,06019,quantile,0.975,1369.9699482790822
5471,2020-12-27,4 day ahead inc hosp,2020-12-31,06019,quantile,0.99,1479.2295643651144
5472,2020-12-27,5 day ahead inc hosp,2021-01-01,06019,point,NA,768.6903686523438
5473,2020-12-27,5 day ahead inc hosp,2021-01-01,06019,quantile,0.01,522.664420607657
5474,2020-12-27,5 day ahead inc hosp,2021-01-01,06019,quantile,0.025,561.4118258296278
5475,2020-12-27,5 day ahead inc hosp,2021-01-01,06019,quantile,0.05,594.7367319322436
5476,2020-12-27,5 day ahead inc hosp,2021-01-01,06019,quantile,0.1,633.1582144119726
5477,2020-12-27,5 day ahead inc hosp,2021-01-01,06019,quantile,0.15,659.0810062346484
5478,2020-12-27,5 day ahead inc hosp,2021-01-01,06019,quantile,0.2,679.6836194060872
5479,2020-12-27,5 day ahead inc hosp,2021-01-01,06019,quantile,0.25,697.3588270157202
5480,2020-12-27,5 day ahead inc hosp,2021-01-01,06019,quantile,0.3,713.2317097244269
5481,2020-12-27,5 day ahead inc hosp,2021-01-01,06019,quantile,0.35,727.9403010864478
5482,2020-12-27,5 day ahead inc hosp,2021-01-01,06019,quantile,0.4,741.8973159327203
5483,2020-12-27,5 day ahead inc hosp,2021-01-01,06019,quantile,0.45,755.4008893197059
5484,2020-12-27,5 day ahead inc hosp,2021-01-01,06019,quantile,0.5,768.6903686523438
5485,2020-12-27,5 day ahead inc hosp,2021-01-01,06019,quantile,0.55,804.9181230845528
5486,2020-12-27,5 day ahead inc hosp,2021-01-01,06019,quantile,0.6,841.7295081189975
5487,2020-12-27,5 day ahead inc hosp,2021-01-01,06019,quantile,0.65,879.7769961959508
5488,2020-12-27,5 day ahead inc hosp,2021-01-01,06019,quantile,0.7,919.8733176973016
5489,2020-12-27,5 day ahead inc hosp,2021-01-01,06019,quantile,0.75,963.1435529344365
5490,2020-12-27,5 day ahead inc hosp,2021-01-01,06019,quantile,0.8,1011.3270118038513
5491,2020-12-27,5 day ahead inc hosp,2021-01-01,06019,quantile,0.85,1067.4907178418766
5492,2020-12-27,5 day ahead inc hosp,2021-01-01,06019,quantile,0.9,1138.1574846009596
5493,2020-12-27,5 day ahead inc hosp,2021-01-01,06019,quantile,0.95,1242.8962781501239
5494,2020-12-27,5 day ahead inc hosp,2021-01-01,06019,quantile,0.975,1333.7415614410197
5495,2020-12-27,5 day ahead inc hosp,2021-01-01,06019,quantile,0.99,1439.3688359286969
5496,2020-12-27,6 day ahead inc hosp,2021-01-02,06019,point,NA,815.29052734375
5497,2020-12-27,6 day ahead inc hosp,2021-01-02,06019,quantile,0.01,336.74025934163467
5498,2020-12-27,6 day ahead inc hosp,2021-01-02,06019,quantile,0.025,412.1086556458843
5499,2020-12-27,6 day ahead inc hosp,2021-01-02,06019,quantile,0.05,476.92963438124724
5500,2020-12-27,6 day ahead inc hosp,2021-01-02,06019,quantile,0.1,551.6640714755541
5501,2020-12-27,6 day ahead inc hosp,2021-01-02,06019,quantile,0.15,602.0870413805469
5502,2020-12-27,6 day ahead inc hosp,2021-01-02,06019,quantile,0.2,642.1616194203608
5503,2020-12-27,6 day ahead inc hosp,2021-01-02,06019,quantile,0.25,676.5420390704317
5504,2020-12-27,6 day ahead inc hosp,2021-01-02,06019,quantile,0.3,707.4167184877346
5505,2020-12-27,6 day ahead inc hosp,2021-01-02,06019,quantile,0.35,736.0267102149089
5506,2020-12-27,6 day ahead inc hosp,2021-01-02,06019,quantile,0.4,763.1747945868063
5507,2020-12-27,6 day ahead inc hosp,2021-01-02,06019,quantile,0.45,789.440880398838
5508,2020-12-27,6 day ahead inc hosp,2021-01-02,06019,quantile,0.5,815.29052734375
5509,2020-12-27,6 day ahead inc hosp,2021-01-02,06019,quantile,0.55,852.0932798437723
5510,2020-12-27,6 day ahead inc hosp,2021-01-02,06019,quantile,0.6,889.4889261883663
5511,2020-12-27,6 day ahead inc hosp,2021-01-02,06019,quantile,0.65,928.1402947009766
5512,2020-12-27,6 day ahead inc hosp,2021-01-02,06019,quantile,0.7,968.873015221561
5513,2020-12-27,6 day ahead inc hosp,2021-01-02,06019,quantile,0.75,1012.8300250613485
5514,2020-12-27,6 day ahead inc hosp,2021-01-02,06019,quantile,0.8,1061.778240018594
5515,2020-12-27,6 day ahead inc hosp,2021-01-02,06019,quantile,0.85,1118.833362677915
5516,2020-12-27,6 day ahead inc hosp,2021-01-02,06019,quantile,0.9,1190.621735094923
5517,2020-12-27,6 day ahead inc hosp,2021-01-02,06019,quantile,0.95,1297.0229171873393
5518,2020-12-27,6 day ahead inc hosp,2021-01-02,06019,quantile,0.975,1389.3100746208888
5519,2020-12-27,6 day ahead inc hosp,2021-01-02,06019,quantile,0.99,1496.613839404216
5520,2020-12-27,7 day ahead inc hosp,2021-01-03,06019,point,NA,797.8944091796875
5521,2020-12-27,7 day ahead inc hosp,2021-01-03,06019,quantile,0.01,329.47963589996914
5522,2020-12-27,7 day ahead inc hosp,2021-01-03,06019,quantile,0.025,403.2517610618654
5523,2020-12-27,7 day ahead inc hosp,2021-01-03,06019,quantile,0.05,466.6998585519294
5524,2020-12-27,7 day ahead inc hosp,2021-01-03,06019,quantile,0.1,539.8514514950607
5525,2020-12-27,7 day ahead inc hosp,2021-01-03,06019,quantile,0.15,589.2064839658248
5526,2020-12-27,7 day ahead inc hosp,2021-01-03,06019,quantile,0.2,628.4322991872193
5527,2020-12-27,7 day ahead inc hosp,2021-01-03,06019,quantile,0.25,662.0845559143607
5528,2020-12-27,7 day ahead inc hosp,2021-01-03,06019,quantile,0.3,692.3053225220518
5529,2020-12-27,7 day ahead inc hosp,2021-01-03,06019,quantile,0.35,720.3093665786309
5530,2020-12-27,7 day ahead inc hosp,2021-01-03,06019,quantile,0.4,746.8824658668854
5531,2020-12-27,7 day ahead inc hosp,2021-01-03,06019,quantile,0.45,772.5922469562443
5532,2020-12-27,7 day ahead inc hosp,2021-01-03,06019,quantile,0.5,797.8944091796875
5533,2020-12-27,7 day ahead inc hosp,2021-01-03,06019,quantile,0.55,834.4056916275943
5534,2020-12-27,7 day ahead inc hosp,2021-01-03,06019,quantile,0.6,871.5051723256394
5535,2020-12-27,7 day ahead inc hosp,2021-01-03,06019,quantile,0.65,909.8504301364835
5536,2020-12-27,7 day ahead inc hosp,2021-01-03,06019,quantile,0.7,950.2605560855632
5537,2020-12-27,7 day ahead inc hosp,2021-01-03,06019,quantile,0.75,993.8694356612125
5538,2020-12-27,7 day ahead inc hosp,2021-01-03,06019,quantile,0.8,1042.429991060534
5539,2020-12-27,7 day ahead inc hosp,2021-01-03,06019,quantile,0.85,1099.03324915959
5540,2020-12-27,7 day ahead inc hosp,2021-01-03,06019,quantile,0.9,1170.2530727798835
5541,2020-12-27,7 day ahead inc hosp,2021-01-03,06019,quantile,0.95,1275.8115799096158
5542,2020-12-27,7 day ahead inc hosp,2021-01-03,06019,quantile,0.975,1367.3678424845066
5543,2020-12-27,7 day ahead inc hosp,2021-01-03,06019,quantile,0.99,1473.8217840402488
5544,2020-12-27,8 day ahead inc hosp,2021-01-04,06019,point,NA,711.13818359375
5545,2020-12-27,8 day ahead inc hosp,2021-01-04,06019,quantile,0.01,472.6392857397808
5546,2020-12-27,8 day ahead inc hosp,2021-01-04,06019,quantile,0.025,510.20123200433756
5547,2020-12-27,8 day ahead inc hosp,2021-01-04,06019,quantile,0.05,542.5065780043346
5548,2020-12-27,8 day ahead inc hosp,2021-01-04,06019,quantile,0.1,579.752572982338
5549,2020-12-27,8 day ahead inc hosp,2021-01-04,06019,quantile,0.15,604.882268968239
5550,2020-12-27,8 day ahead inc hosp,2021-01-04,06019,quantile,0.2,624.8545547102591
5551,2020-12-27,8 day ahead inc hosp,2021-01-04,06019,quantile,0.25,641.9889975108691
5552,2020-12-27,8 day ahead inc hosp,2021-01-04,06019,quantile,0.3,657.3762567080342
5553,2020-12-27,8 day ahead inc hosp,2021-01-04,06019,quantile,0.35,671.6348455142411
5554,2020-12-27,8 day ahead inc hosp,2021-01-04,06019,quantile,0.4,685.1648519408919
5555,2020-12-27,8 day ahead inc hosp,2021-01-04,06019,quantile,0.45,698.2552897401654
5556,2020-12-27,8 day ahead inc hosp,2021-01-04,06019,quantile,0.5,711.13818359375
5557,2020-12-27,8 day ahead inc hosp,2021-01-04,06019,quantile,0.55,741.9936508411868
5558,2020-12-27,8 day ahead inc hosp,2021-01-04,06019,quantile,0.6,773.3462009250874
5559,2020-12-27,8 day ahead inc hosp,2021-01-04,06019,quantile,0.65,805.7515498241604
5560,2020-12-27,8 day ahead inc hosp,2021-01-04,06019,quantile,0.7,839.9019064835196
5561,2020-12-27,8 day ahead inc hosp,2021-01-04,06019,quantile,0.75,876.7555107731987
5562,2020-12-27,8 day ahead inc hosp,2021-01-04,06019,quantile,0.8,917.7937467973348
5563,2020-12-27,8 day ahead inc hosp,2021-01-04,06019,quantile,0.85,965.6288229512747
5564,2020-12-27,8 day ahead inc hosp,2021-01-04,06019,quantile,0.9,1025.8162715356825
5565,2020-12-27,8 day ahead inc hosp,2021-01-04,06019,quantile,0.95,1115.0231369498692
5566,2020-12-27,8 day ahead inc hosp,2021-01-04,06019,quantile,0.975,1192.3967889219111
5567,2020-12-27,8 day ahead inc hosp,2021-01-04,06019,quantile,0.99,1282.3603806341507
5568,2020-12-27,9 day ahead inc hosp,2021-01-05,06019,point,NA,737.8965454101562
5569,2020-12-27,9 day ahead inc hosp,2021-01-05,06019,quantile,0.01,485.6909163497851
5570,2020-12-27,9 day ahead inc hosp,2021-01-05,06019,quantile,0.025,525.4115790934127
5571,2020-12-27,9 day ahead inc hosp,2021-01-05,06019,quantile,0.05,559.5735403571955
5572,2020-12-27,9 day ahead inc hosp,2021-01-05,06019,quantile,0.1,598.9600938294822
5573,2020-12-27,9 day ahead inc hosp,2021-01-05,06019,quantile,0.15,625.5340144691518
5574,2020-12-27,9 day ahead inc hosp,2021-01-05,06019,quantile,0.2,646.6541241831338
5575,2020-12-27,9 day ahead inc hosp,2021-01-05,06019,quantile,0.25,664.773297747503
5576,2020-12-27,9 day ahead inc hosp,2021-01-05,06019,quantile,0.3,681.0448756049074
5577,2020-12-27,9 day ahead inc hosp,2021-01-05,06019,quantile,0.35,696.1229174396517
5578,2020-12-27,9 day ahead inc hosp,2021-01-05,06019,quantile,0.4,710.4305046558983
5579,2020-12-27,9 day ahead inc hosp,2021-01-05,06019,quantile,0.45,724.2732608679747
5580,2020-12-27,9 day ahead inc hosp,2021-01-05,06019,quantile,0.5,737.8965454101562
5581,2020-12-27,9 day ahead inc hosp,2021-01-05,06019,quantile,0.55,765.3971944669279
5582,2020-12-27,9 day ahead inc hosp,2021-01-05,06019,quantile,0.6,793.3408801022129
5583,2020-12-27,9 day ahead inc hosp,2021-01-05,06019,quantile,0.65,822.2228970390875
5584,2020-12-27,9 day ahead inc hosp,2021-01-05,06019,quantile,0.7,852.6601925148395
5585,2020-12-27,9 day ahead inc hosp,2021-01-05,06019,quantile,0.75,885.5068199834866
5586,2020-12-27,9 day ahead inc hosp,2021-01-05,06019,quantile,0.8,922.0830973011631
5587,2020-12-27,9 day ahead inc hosp,2021-01-05,06019,quantile,0.85,964.7172156363092
5588,2020-12-27,9 day ahead inc hosp,2021-01-05,06019,quantile,0.9,1018.3606716847601
5589,2020-12-27,9 day ahead inc hosp,2021-01-05,06019,quantile,0.95,1097.8683543763582
5590,2020-12-27,9 day ahead inc hosp,2021-01-05,06019,quantile,0.975,1166.8294118142642
5591,2020-12-27,9 day ahead inc hosp,2021-01-05,06019,quantile,0.99,1247.0115443266316
5592,2020-12-27,10 day ahead inc hosp,2021-01-06,06019,point,NA,733.9021606445312
5593,2020-12-27,10 day ahead inc hosp,2021-01-06,06019,quantile,0.01,484.7826626292209
5594,2020-12-27,10 day ahead inc hosp,2021-01-06,06019,quantile,0.025,524.0172808270539
5595,2020-12-27,10 day ahead inc hosp,2021-01-06,06019,quantile,0.05,557.7612169674122
5596,2020-12-27,10 day ahead inc hosp,2021-01-06,06019,quantile,0.1,596.6658142443449
5597,2020-12-27,10 day ahead inc hosp,2021-01-06,06019,quantile,0.15,622.9145613271014
5598,2020-12-27,10 day ahead inc hosp,2021-01-06,06019,quantile,0.2,643.7762334062605
5599,2020-12-27,10 day ahead inc hosp,2021-01-06,06019,quantile,0.25,661.6736904916748
5600,2020-12-27,10 day ahead inc hosp,2021-01-06,06019,quantile,0.3,677.746160098542
5601,2020-12-27,10 day ahead inc hosp,2021-01-06,06019,quantile,0.35,692.6396984661025
5602,2020-12-27,10 day ahead inc hosp,2021-01-06,06019,quantile,0.4,706.7722099346249
5603,2020-12-27,10 day ahead inc hosp,2021-01-06,06019,quantile,0.45,720.4455783346431
5604,2020-12-27,10 day ahead inc hosp,2021-01-06,06019,quantile,0.5,733.9021606445312
5605,2020-12-27,10 day ahead inc hosp,2021-01-06,06019,quantile,0.55,764.4008325770045
5606,2020-12-27,10 day ahead inc hosp,2021-01-06,06019,quantile,0.6,795.390839358858
5607,2020-12-27,10 day ahead inc hosp,2021-01-06,06019,quantile,0.65,827.4214709809497
5608,2020-12-27,10 day ahead inc hosp,2021-01-06,06019,quantile,0.7,861.1769320724449
5609,2020-12-27,10 day ahead inc hosp,2021-01-06,06019,quantile,0.75,897.6043819550417
5610,2020-12-27,10 day ahead inc hosp,2021-01-06,06019,quantile,0.8,938.1680748380757
5611,2020-12-27,10 day ahead inc hosp,2021-01-06,06019,quantile,0.85,985.4500130043201
5612,2020-12-27,10 day ahead inc hosp,2021-01-06,06019,quantile,0.9,1044.9414876952746
5613,2020-12-27,10 day ahead inc hosp,2021-01-06,06019,quantile,0.95,1133.116814958147
5614,2020-12-27,10 day ahead inc hosp,2021-01-06,06019,quantile,0.975,1209.5957614213125
5615,2020-12-27,10 day ahead inc hosp,2021-01-06,06019,quantile,0.99,1298.5190646238107
5616,2020-12-27,11 day ahead inc hosp,2021-01-07,06019,point,NA,743.8522338867188
5617,2020-12-27,11 day ahead inc hosp,2021-01-07,06019,quantile,0.01,455.5122664091389
5618,2020-12-27,11 day ahead inc hosp,2021-01-07,06019,quantile,0.025,500.923840474141
5619,2020-12-27,11 day ahead inc hosp,2021-01-07,06019,quantile,0.05,539.9802994297482
5620,2020-12-27,11 day ahead inc hosp,2021-01-07,06019,quantile,0.1,585.0098952780415
5621,2020-12-27,11 day ahead inc hosp,2021-01-07,06019,quantile,0.15,615.3911498183991
5622,2020-12-27,11 day ahead inc hosp,2021-01-07,06019,quantile,0.2,639.537207821707
5623,2020-12-27,11 day ahead inc hosp,2021-01-07,06019,quantile,0.25,660.2523755827732
5624,2020-12-27,11 day ahead inc hosp,2021-01-07,06019,quantile,0.3,678.8552364613852
5625,2020-12-27,11 day ahead inc hosp,2021-01-07,06019,quantile,0.35,696.0935594459014
5626,2020-12-27,11 day ahead inc hosp,2021-01-07,06019,quantile,0.4,712.4510422189273
5627,2020-12-27,11 day ahead inc hosp,2021-01-07,06019,quantile,0.45,728.2770961054357
5628,2020-12-27,11 day ahead inc hosp,2021-01-07,06019,quantile,0.5,743.8522338867188
5629,2020-12-27,11 day ahead inc hosp,2021-01-07,06019,quantile,0.55,781.2858624905963
5630,2020-12-27,11 day ahead inc hosp,2021-01-07,06019,quantile,0.6,819.3225483788226
5631,2020-12-27,11 day ahead inc hosp,2021-01-07,06019,quantile,0.65,858.6364821377658
5632,2020-12-27,11 day ahead inc hosp,2021-01-07,06019,quantile,0.7,900.0674466285922
5633,2020-12-27,11 day ahead inc hosp,2021-01-07,06019,quantile,0.75,944.7779714970405
5634,2020-12-27,11 day ahead inc hosp,2021-01-07,06019,quantile,0.8,994.5652611713979
5635,2020-12-27,11 day ahead inc hosp,2021-01-07,06019,quantile,0.85,1052.5984278910994
5636,2020-12-27,11 day ahead inc hosp,2021-01-07,06019,quantile,0.9,1125.61740306513
5637,2020-12-27,11 day ahead inc hosp,2021-01-07,06019,quantile,0.95,1233.8425238209388
5638,2020-12-27,11 day ahead inc hosp,2021-01-07,06019,quantile,0.975,1327.7116760337515
5639,2020-12-27,11 day ahead inc hosp,2021-01-07,06019,quantile,0.99,1436.8548516343935
5640,2020-12-27,12 day ahead inc hosp,2021-01-08,06019,point,NA,739.9365844726562
5641,2020-12-27,12 day ahead inc hosp,2021-01-08,06019,quantile,0.01,489.0256111688466
5642,2020-12-27,12 day ahead inc hosp,2021-01-08,06019,quantile,0.025,528.5423744798285
5643,2020-12-27,12 day ahead inc hosp,2021-01-08,06019,quantile,0.05,562.528970982839
5644,2020-12-27,12 day ahead inc hosp,2021-01-08,06019,quantile,0.1,601.7133401169965
5645,2020-12-27,12 day ahead inc hosp,2021-01-08,06019,quantile,0.15,628.1508479436027
5646,2020-12-27,12 day ahead inc hosp,2021-01-08,06019,quantile,0.2,649.1625410781362
5647,2020-12-27,12 day ahead inc hosp,2021-01-08,06019,quantile,0.25,667.1887028709336
5648,2020-12-27,12 day ahead inc hosp,2021-01-08,06019,quantile,0.3,683.376753282817
5649,2020-12-27,12 day ahead inc hosp,2021-01-08,06019,quantile,0.35,698.3773944912084
5650,2020-12-27,12 day ahead inc hosp,2021-01-08,06019,quantile,0.4,712.6115360820697
5651,2020-12-27,12 day ahead inc hosp,2021-01-08,06019,quantile,0.45,726.3832328016066
5652,2020-12-27,12 day ahead inc hosp,2021-01-08,06019,quantile,0.5,739.9365844726562
5653,2020-12-27,12 day ahead inc hosp,2021-01-08,06019,quantile,0.55,776.1098721046523
5654,2020-12-27,12 day ahead inc hosp,2021-01-08,06019,quantile,0.6,812.8659128765097
5655,2020-12-27,12 day ahead inc hosp,2021-01-08,06019,quantile,0.65,850.8561982655191
5656,2020-12-27,12 day ahead inc hosp,2021-01-08,06019,quantile,0.7,890.8922367499752
5657,2020-12-27,12 day ahead inc hosp,2021-01-08,06019,quantile,0.75,934.0974171335931
5658,2020-12-27,12 day ahead inc hosp,2021-01-08,06019,quantile,0.8,982.208434338628
5659,2020-12-27,12 day ahead inc hosp,2021-01-08,06019,quantile,0.85,1038.2877007693978
5660,2020-12-27,12 day ahead inc hosp,2021-01-08,06019,quantile,0.9,1108.8482232213994
5661,2020-12-27,12 day ahead inc hosp,2021-01-08,06019,quantile,0.95,1213.4295467028705
5662,2020-12-27,12 day ahead inc hosp,2021-01-08,06019,quantile,0.975,1304.1382481941805
5663,2020-12-27,12 day ahead inc hosp,2021-01-08,06019,quantile,0.99,1409.6067168230143
5664,2020-12-27,13 day ahead inc hosp,2021-01-09,06019,point,NA,728.3756103515625
5665,2020-12-27,13 day ahead inc hosp,2021-01-09,06019,quantile,0.01,262.65873467729347
5666,2020-12-27,13 day ahead inc hosp,2021-01-09,06019,quantile,0.025,336.00595940654614
5667,2020-12-27,13 day ahead inc hosp,2021-01-09,06019,quantile,0.05,399.0886190836859
5668,2020-12-27,13 day ahead inc hosp,2021-01-09,06019,quantile,0.1,471.8188856325743
5669,2020-12-27,13 day ahead inc hosp,2021-01-09,06019,quantile,0.15,520.8896511853941
5670,2020-12-27,13 day ahead inc hosp,2021-01-09,06019,quantile,0.2,559.8895400718513
5671,2020-12-27,13 day ahead inc hosp,2021-01-09,06019,quantile,0.25,593.3479721204787
5672,2020-12-27,13 day ahead inc hosp,2021-01-09,06019,quantile,0.3,623.3946781764608
5673,2020-12-27,13 day ahead inc hosp,2021-01-09,06019,quantile,0.35,651.2374291916738
5674,2020-12-27,13 day ahead inc hosp,2021-01-09,06019,quantile,0.4,677.6574771565527
5675,2020-12-27,13 day ahead inc hosp,2021-01-09,06019,quantile,0.45,703.219179319297
5676,2020-12-27,13 day ahead inc hosp,2021-01-09,06019,quantile,0.5,728.3756103515625
5677,2020-12-27,13 day ahead inc hosp,2021-01-09,06019,quantile,0.55,764.8856618029989
5678,2020-12-27,13 day ahead inc hosp,2021-01-09,06019,quantile,0.6,801.9838916731703
5679,2020-12-27,13 day ahead inc hosp,2021-01-09,06019,quantile,0.65,840.3278566541313
5680,2020-12-27,13 day ahead inc hosp,2021-01-09,06019,quantile,0.7,880.7366201552477
5681,2020-12-27,13 day ahead inc hosp,2021-01-09,06019,quantile,0.75,924.3440294353271
5682,2020-12-27,13 day ahead inc hosp,2021-01-09,06019,quantile,0.8,972.9029475908081
5683,2020-12-27,13 day ahead inc hosp,2021-01-09,06019,quantile,0.85,1029.5042972822087
5684,2020-12-27,13 day ahead inc hosp,2021-01-09,06019,quantile,0.9,1100.721719689901
5685,2020-12-27,13 day ahead inc hosp,2021-01-09,06019,quantile,0.95,1206.276667860841
5686,2020-12-27,13 day ahead inc hosp,2021-01-09,06019,quantile,0.975,1297.8298435697411
5687,2020-12-27,13 day ahead inc hosp,2021-01-09,06019,quantile,0.99,1404.2801959766634
5688,2020-12-27,14 day ahead inc hosp,2021-01-10,06019,point,NA,755.2584228515625
5689,2020-12-27,14 day ahead inc hosp,2021-01-10,06019,quantile,0.01,282.1285496556325
5690,2020-12-27,14 day ahead inc hosp,2021-01-10,06019,quantile,0.025,356.6432708264764
5691,2020-12-27,14 day ahead inc hosp,2021-01-10,06019,quantile,0.05,420.7300418516736
5692,2020-12-27,14 day ahead inc hosp,2021-01-10,06019,quantile,0.1,494.61798447767654
5693,2020-12-27,14 day ahead inc hosp,2021-01-10,06019,quantile,0.15,544.4698285836461
5694,2020-12-27,14 day ahead inc hosp,2021-01-10,06019,quantile,0.2,584.0904939434527
5695,2020-12-27,14 day ahead inc hosp,2021-01-10,06019,quantile,0.25,618.0814969312287
5696,2020-12-27,14 day ahead inc hosp,2021-01-10,06019,quantile,0.3,648.6064681503628
5697,2020-12-27,14 day ahead inc hosp,2021-01-10,06019,quantile,0.35,676.8924031149938
5698,2020-12-27,14 day ahead inc hosp,2021-01-10,06019,quantile,0.4,703.7329893088177
5699,2020-12-27,14 day ahead inc hosp,2021-01-10,06019,quantile,0.45,729.7015670749156
5700,2020-12-27,14 day ahead inc hosp,2021-01-10,06019,quantile,0.5,755.2584228515625
5701,2020-12-27,14 day ahead inc hosp,2021-01-10,06019,quantile,0.55,791.88826444862
5702,2020-12-27,14 day ahead inc hosp,2021-01-10,06019,quantile,0.6,829.1082142885466
5703,2020-12-27,14 day ahead inc hosp,2021-01-10,06019,quantile,0.65,867.5779865189132
5704,2020-12-27,14 day ahead inc hosp,2021-01-10,06019,quantile,0.7,908.1193319110906
5705,2020-12-27,14 day ahead inc hosp,2021-01-10,06019,quantile,0.75,951.869817897451
5706,2020-12-27,14 day ahead inc hosp,2021-01-10,06019,quantile,0.8,1000.5880587502661
5707,2020-12-27,14 day ahead inc hosp,2021-01-10,06019,quantile,0.85,1057.3751185037547
5708,2020-12-27,14 day ahead inc hosp,2021-01-10,06019,quantile,0.9,1128.826206575061
5709,2020-12-27,14 day ahead inc hosp,2021-01-10,06019,quantile,0.95,1234.7274824587744
5710,2020-12-27,14 day ahead inc hosp,2021-01-10,06019,quantile,0.975,1326.581045809276
5711,2020-12-27,14 day ahead inc hosp,2021-01-10,06019,quantile,0.99,1433.3806637666235
5712,2020-12-27,15 day ahead inc hosp,2021-01-11,06019,point,NA,729.0994873046875
5713,2020-12-27,15 day ahead inc hosp,2021-01-11,06019,quantile,0.01,496.52469025563164
5714,2020-12-27,15 day ahead inc hosp,2021-01-11,06019,quantile,0.025,533.1536311348293
5715,2020-12-27,15 day ahead inc hosp,2021-01-11,06019,quantile,0.05,564.6565410314998
5716,2020-12-27,15 day ahead inc hosp,2021-01-11,06019,quantile,0.1,600.9773785734967
5717,2020-12-27,15 day ahead inc hosp,2021-01-11,06019,quantile,0.15,625.4828752295188
5718,2020-12-27,15 day ahead inc hosp,2021-01-11,06019,quantile,0.2,644.9590671316724
5719,2020-12-27,15 day ahead inc hosp,2021-01-11,06019,quantile,0.25,661.6679055907103
5720,2020-12-27,15 day ahead inc hosp,2021-01-11,06019,quantile,0.3,676.6729589352884
5721,2020-12-27,15 day ahead inc hosp,2021-01-11,06019,quantile,0.35,690.5773770590148
5722,2020-12-27,15 day ahead inc hosp,2021-01-11,06019,quantile,0.4,703.7713101424182
5723,2020-12-27,15 day ahead inc hosp,2021-01-11,06019,quantile,0.45,716.5365930927547
5724,2020-12-27,15 day ahead inc hosp,2021-01-11,06019,quantile,0.5,729.0994873046875
5725,2020-12-27,15 day ahead inc hosp,2021-01-11,06019,quantile,0.55,760.7130355420225
5726,2020-12-27,15 day ahead inc hosp,2021-01-11,06019,quantile,0.6,792.8358793315033
5727,2020-12-27,15 day ahead inc hosp,2021-01-11,06019,quantile,0.65,826.0373879119193
5728,2020-12-27,15 day ahead inc hosp,2021-01-11,06019,quantile,0.7,861.0267769532579
5729,2020-12-27,15 day ahead inc hosp,2021-01-11,06019,quantile,0.75,898.7858291039981
5730,2020-12-27,15 day ahead inc hosp,2021-01-11,06019,quantile,0.8,940.8323242589838
5731,2020-12-27,15 day ahead inc hosp,2021-01-11,06019,quantile,0.85,989.842649570288
5732,2020-12-27,15 day ahead inc hosp,2021-01-11,06019,quantile,0.9,1051.508829954037
5733,2020-12-27,15 day ahead inc hosp,2021-01-11,06019,quantile,0.95,1142.9073986503872
5734,2020-12-27,15 day ahead inc hosp,2021-01-11,06019,quantile,0.975,1222.1820263622758
5735,2020-12-27,15 day ahead inc hosp,2021-01-11,06019,quantile,0.99,1314.355913193792
5736,2020-12-27,16 day ahead inc hosp,2021-01-12,06019,point,NA,768.6682739257812
5737,2020-12-27,16 day ahead inc hosp,2021-01-12,06019,quantile,0.01,523.5448435003799
5738,2020-12-27,16 day ahead inc hosp,2021-01-12,06019,quantile,0.025,562.1501083660495
5739,2020-12-27,16 day ahead inc hosp,2021-01-12,06019,quantile,0.05,595.3527659206659
5740,2020-12-27,16 day ahead inc hosp,2021-01-12,06019,quantile,0.1,633.633303653824
5741,2020-12-27,16 day ahead inc hosp,2021-01-12,06019,quantile,0.15,659.461000725125
5742,2020-12-27,16 day ahead inc hosp,2021-01-12,06019,quantile,0.2,679.9880356027363
5743,2020-12-27,16 day ahead inc hosp,2021-01-12,06019,quantile,0.25,697.598403765884
5744,2020-12-27,16 day ahead inc hosp,2021-01-12,06019,quantile,0.3,713.4130586476996
5745,2020-12-27,16 day ahead inc hosp,2021-01-12,06019,quantile,0.35,728.067693250425
5746,2020-12-27,16 day ahead inc hosp,2021-01-12,06019,quantile,0.4,741.9735084085692
5747,2020-12-27,16 day ahead inc hosp,2021-01-12,06019,quantile,0.45,755.4275455047613
5748,2020-12-27,16 day ahead inc hosp,2021-01-12,06019,quantile,0.5,768.6682739257812
5749,2020-12-27,16 day ahead inc hosp,2021-01-12,06019,quantile,0.55,795.9930745615311
5750,2020-12-27,16 day ahead inc hosp,2021-01-12,06019,quantile,0.6,823.758078850556
5751,2020-12-27,16 day ahead inc hosp,2021-01-12,06019,quantile,0.65,852.4554144345001
5752,2020-12-27,16 day ahead inc hosp,2021-01-12,06019,quantile,0.7,882.6980835820323
5753,2020-12-27,16 day ahead inc hosp,2021-01-12,06019,quantile,0.75,915.3346786414687
5754,2020-12-27,16 day ahead inc hosp,2021-01-12,06019,quantile,0.8,951.6770749114694
5755,2020-12-27,16 day ahead inc hosp,2021-01-12,06019,quantile,0.85,994.038576321269
5756,2020-12-27,16 day ahead inc hosp,2021-01-12,06019,quantile,0.9,1047.339018027593
5757,2020-12-27,16 day ahead inc hosp,2021-01-12,06019,quantile,0.95,1126.3383017926221
5758,2020-12-27,16 day ahead inc hosp,2021-01-12,06019,quantile,0.975,1194.8583989812844
5759,2020-12-27,16 day ahead inc hosp,2021-01-12,06019,quantile,0.99,1274.52781990756
5760,2020-12-27,17 day ahead inc hosp,2021-01-13,06019,point,NA,781.6226196289062
5761,2020-12-27,17 day ahead inc hosp,2021-01-13,06019,quantile,0.01,535.4822106967707
5762,2020-12-27,17 day ahead inc hosp,2021-01-13,06019,quantile,0.025,574.2476427261709
5763,2020-12-27,17 day ahead inc hosp,2021-01-13,06019,quantile,0.05,607.5880528776765
5764,2020-12-27,17 day ahead inc hosp,2021-01-13,06019,quantile,0.1,646.0274105328359
5765,2020-12-27,17 day ahead inc hosp,2021-01-13,06019,quantile,0.15,671.962262651512
5766,2020-12-27,17 day ahead inc hosp,2021-01-13,06019,quantile,0.2,692.5744609638928
5767,2020-12-27,17 day ahead inc hosp,2021-01-13,06019,quantile,0.25,710.2578917709767
5768,2020-12-27,17 day ahead inc hosp,2021-01-13,06019,quantile,0.3,726.1381591651431
5769,2020-12-27,17 day ahead inc hosp,2021-01-13,06019,quantile,0.35,740.8535935387804
5770,2020-12-27,17 day ahead inc hosp,2021-01-13,06019,quantile,0.4,754.8171017338974
5771,2020-12-27,17 day ahead inc hosp,2021-01-13,06019,quantile,0.45,768.3269575110369
5772,2020-12-27,17 day ahead inc hosp,2021-01-13,06019,quantile,0.5,781.6226196289062
5773,2020-12-27,17 day ahead inc hosp,2021-01-13,06019,quantile,0.55,811.9668992937897
5774,2020-12-27,17 day ahead inc hosp,2021-01-13,06019,quantile,0.6,842.8000265423221
5775,2020-12-27,17 day ahead inc hosp,2021-01-13,06019,quantile,0.65,874.668510715521
5776,2020-12-27,17 day ahead inc hosp,2021-01-13,06019,quantile,0.7,908.2530928194656
5777,2020-12-27,17 day ahead inc hosp,2021-01-13,06019,quantile,0.75,944.4961374072238
5778,2020-12-27,17 day ahead inc hosp,2021-01-13,06019,quantile,0.8,984.8544862497075
5779,2020-12-27,17 day ahead inc hosp,2021-01-13,06019,quantile,0.85,1031.8970708576826
5780,2020-12-27,17 day ahead inc hosp,2021-01-13,06019,quantile,0.9,1091.087384117735
5781,2020-12-27,17 day ahead inc hosp,2021-01-13,06019,quantile,0.95,1178.816344773178
5782,2020-12-27,17 day ahead inc hosp,2021-01-13,06019,quantile,0.975,1254.9081347728268
5783,2020-12-27,17 day ahead inc hosp,2021-01-13,06019,quantile,0.99,1343.3812849177289
5784,2020-12-27,18 day ahead inc hosp,2021-01-14,06019,point,NA,803.463134765625
5785,2020-12-27,18 day ahead inc hosp,2021-01-14,06019,quantile,0.01,530.6350047275209
5786,2020-12-27,18 day ahead inc hosp,2021-01-14,06019,quantile,0.025,573.6035704197008
5787,2020-12-27,18 day ahead inc hosp,2021-01-14,06019,quantile,0.05,610.5589073991184
5788,2020-12-27,18 day ahead inc hosp,2021-01-14,06019,quantile,0.1,653.1660441728877
5789,2020-12-27,18 day ahead inc hosp,2021-01-14,06019,quantile,0.15,681.9128770763141
5790,2020-12-27,18 day ahead inc hosp,2021-01-14,06019,quantile,0.2,704.7599485748096
5791,2020-12-27,18 day ahead inc hosp,2021-01-14,06019,quantile,0.25,724.3607015786981
5792,2020-12-27,18 day ahead inc hosp,2021-01-14,06019,quantile,0.3,741.9627835629286
5793,2020-12-27,18 day ahead inc hosp,2021-01-14,06019,quantile,0.35,758.2737357559301
5794,2020-12-27,18 day ahead inc hosp,2021-01-14,06019,quantile,0.4,773.7512343355961
5795,2020-12-27,18 day ahead inc hosp,2021-01-14,06019,quantile,0.45,788.7258933310546
5796,2020-12-27,18 day ahead inc hosp,2021-01-14,06019,quantile,0.5,803.463134765625
5797,2020-12-27,18 day ahead inc hosp,2021-01-14,06019,quantile,0.55,840.4330190044973
5798,2020-12-27,18 day ahead inc hosp,2021-01-14,06019,quantile,0.6,877.9984895870743
5799,2020-12-27,18 day ahead inc hosp,2021-01-14,06019,quantile,0.65,916.8253849282402
5800,2020-12-27,18 day ahead inc hosp,2021-01-14,06019,quantile,0.7,957.7430842872604
5801,2020-12-27,18 day ahead inc hosp,2021-01-14,06019,quantile,0.75,1001.8997153779087
5802,2020-12-27,18 day ahead inc hosp,2021-01-14,06019,quantile,0.8,1051.0702180642963
5803,2020-12-27,18 day ahead inc hosp,2021-01-14,06019,quantile,0.85,1108.3844442203015
5804,2020-12-27,18 day ahead inc hosp,2021-01-14,06019,quantile,0.9,1180.4988280004882
5805,2020-12-27,18 day ahead inc hosp,2021-01-14,06019,quantile,0.95,1287.3832080433513
5806,2020-12-27,18 day ahead inc hosp,2021-01-14,06019,quantile,0.975,1380.0894676376802
5807,2020-12-27,18 day ahead inc hosp,2021-01-14,06019,quantile,0.99,1487.8805292554869
5808,2020-12-27,19 day ahead inc hosp,2021-01-15,06019,point,NA,800.6045532226562
5809,2020-12-27,19 day ahead inc hosp,2021-01-15,06019,quantile,0.01,560.5332513677952
5810,2020-12-27,19 day ahead inc hosp,2021-01-15,06019,quantile,0.025,598.3428405150618
5811,2020-12-27,19 day ahead inc hosp,2021-01-15,06019,quantile,0.05,630.861173056119
5812,2020-12-27,19 day ahead inc hosp,2021-01-15,06019,quantile,0.1,668.3527278754784
5813,2020-12-27,19 day ahead inc hosp,2021-01-15,06019,quantile,0.15,693.6481019205445
5814,2020-12-27,19 day ahead inc hosp,2021-01-15,06019,quantile,0.2,713.7520633318875
5815,2020-12-27,19 day ahead inc hosp,2021-01-15,06019,quantile,0.25,730.9994721321526
5816,2020-12-27,19 day ahead inc hosp,2021-01-15,06019,quantile,0.3,746.4881782883691
5817,2020-12-27,19 day ahead inc hosp,2021-01-15,06019,quantile,0.35,760.8407728207562
5818,2020-12-27,19 day ahead inc hosp,2021-01-15,06019,quantile,0.4,774.4599814887121
5819,2020-12-27,19 day ahead inc hosp,2021-01-15,06019,quantile,0.45,787.6367234887773
5820,2020-12-27,19 day ahead inc hosp,2021-01-15,06019,quantile,0.5,800.6045532226562
5821,2020-12-27,19 day ahead inc hosp,2021-01-15,06019,quantile,0.55,835.9813516244151
5822,2020-12-27,19 day ahead inc hosp,2021-01-15,06019,quantile,0.6,871.9280716920342
5823,2020-12-27,19 day ahead inc hosp,2021-01-15,06019,quantile,0.65,909.081859899095
5824,2020-12-27,19 day ahead inc hosp,2021-01-15,06019,quantile,0.7,948.2363563517998
5825,2020-12-27,19 day ahead inc hosp,2021-01-15,06019,quantile,0.75,990.4902142784684
5826,2020-12-27,19 day ahead inc hosp,2021-01-15,06019,quantile,0.8,1037.5418888146974
5827,2020-12-27,19 day ahead inc hosp,2021-01-15,06019,quantile,0.85,1092.3863619856972
5828,2020-12-27,19 day ahead inc hosp,2021-01-15,06019,quantile,0.9,1161.39323256108
5829,2020-12-27,19 day ahead inc hosp,2021-01-15,06019,quantile,0.95,1263.6718099199327
5830,2020-12-27,19 day ahead inc hosp,2021-01-15,06019,quantile,0.975,1352.3832225675624
5831,2020-12-27,19 day ahead inc hosp,2021-01-15,06019,quantile,0.99,1455.5294112795943
5832,2020-12-27,20 day ahead inc hosp,2021-01-16,06019,point,NA,805.4904174804688
5833,2020-12-27,20 day ahead inc hosp,2021-01-16,06019,quantile,0.01,363.75189969448576
5834,2020-12-27,20 day ahead inc hosp,2021-01-16,06019,quantile,0.025,433.32269694916124
5835,2020-12-27,20 day ahead inc hosp,2021-01-16,06019,quantile,0.05,493.1574206607137
5836,2020-12-27,20 day ahead inc hosp,2021-01-16,06019,quantile,0.1,562.1430250517303
5837,2020-12-27,20 day ahead inc hosp,2021-01-16,06019,quantile,0.15,608.6872848244576
5838,2020-12-27,20 day ahead inc hosp,2021-01-16,06019,quantile,0.2,645.6791870087603
5839,2020-12-27,20 day ahead inc hosp,2021-01-16,06019,quantile,0.25,677.4149452614654
5840,2020-12-27,20 day ahead inc hosp,2021-01-16,06019,quantile,0.3,705.9146370072373
5841,2020-12-27,20 day ahead inc hosp,2021-01-16,06019,quantile,0.35,732.32384871282
5842,2020-12-27,20 day ahead inc hosp,2021-01-16,06019,quantile,0.4,757.3836080589747
5843,2020-12-27,20 day ahead inc hosp,2021-01-16,06019,quantile,0.45,781.6292152406114
5844,2020-12-27,20 day ahead inc hosp,2021-01-16,06019,quantile,0.5,805.4904174804688
5845,2020-12-27,20 day ahead inc hosp,2021-01-16,06019,quantile,0.55,841.4820276738888
5846,2020-12-27,20 day ahead inc hosp,2021-01-16,06019,quantile,0.6,878.053464176221
5847,2020-12-27,20 day ahead inc hosp,2021-01-16,06019,quantile,0.65,915.8529464010153
5848,2020-12-27,20 day ahead inc hosp,2021-01-16,06019,quantile,0.7,955.6879070902601
5849,2020-12-27,20 day ahead inc hosp,2021-01-16,06019,quantile,0.75,998.6760929174206
5850,2020-12-27,20 day ahead inc hosp,2021-01-16,06019,quantile,0.8,1046.545476393666
5851,2020-12-27,20 day ahead inc hosp,2021-01-16,06019,quantile,0.85,1102.3430892024035
5852,2020-12-27,20 day ahead inc hosp,2021-01-16,06019,quantile,0.9,1172.5492270843854
5853,2020-12-27,20 day ahead inc hosp,2021-01-16,06019,quantile,0.95,1276.605299248744
5854,2020-12-27,20 day ahead inc hosp,2021-01-16,06019,quantile,0.975,1366.858423555277
5855,2020-12-27,20 day ahead inc hosp,2021-01-16,06019,quantile,0.99,1471.7971852515825
5856,2020-12-27,21 day ahead inc hosp,2021-01-17,06019,point,NA,914.6094360351562
5857,2020-12-27,21 day ahead inc hosp,2021-01-17,06019,quantile,0.01,462.2728588425321
5858,2020-12-27,21 day ahead inc hosp,2021-01-17,06019,quantile,0.025,533.5127780156853
5859,2020-12-27,21 day ahead inc hosp,2021-01-17,06019,quantile,0.05,594.7830386590256
5860,2020-12-27,21 day ahead inc hosp,2021-01-17,06019,quantile,0.1,665.4237251950257
5861,2020-12-27,21 day ahead inc hosp,2021-01-17,06019,quantile,0.15,713.0846610334531
5862,2020-12-27,21 day ahead inc hosp,2021-01-17,06019,quantile,0.2,750.9640619554227
5863,2020-12-27,21 day ahead inc hosp,2021-01-17,06019,quantile,0.25,783.4612151006601
5864,2020-12-27,21 day ahead inc hosp,2021-01-17,06019,quantile,0.3,812.6446629918242
5865,2020-12-27,21 day ahead inc hosp,2021-01-17,06019,quantile,0.35,839.6874766661489
5866,2020-12-27,21 day ahead inc hosp,2021-01-17,06019,quantile,0.4,865.3484623205679
5867,2020-12-27,21 day ahead inc hosp,2021-01-17,06019,quantile,0.45,890.1757629133859
5868,2020-12-27,21 day ahead inc hosp,2021-01-17,06019,quantile,0.5,914.6094360351562
5869,2020-12-27,21 day ahead inc hosp,2021-01-17,06019,quantile,0.55,949.9421448219007
5870,2020-12-27,21 day ahead inc hosp,2021-01-17,06019,quantile,0.6,985.8440649890083
5871,2020-12-27,21 day ahead inc hosp,2021-01-17,06019,quantile,0.65,1022.9515489432146
5872,2020-12-27,21 day ahead inc hosp,2021-01-17,06019,quantile,0.7,1062.057247688024
5873,2020-12-27,21 day ahead inc hosp,2021-01-17,06019,quantile,0.75,1104.258445215419
5874,2020-12-27,21 day ahead inc hosp,2021-01-17,06019,quantile,0.8,1151.2514798998295
5875,2020-12-27,21 day ahead inc hosp,2021-01-17,06019,quantile,0.85,1206.027601161753
5876,2020-12-27,21 day ahead inc hosp,2021-01-17,06019,quantile,0.9,1274.9484694278685
5877,2020-12-27,21 day ahead inc hosp,2021-01-17,06019,quantile,0.95,1377.099578409036
5878,2020-12-27,21 day ahead inc hosp,2021-01-17,06019,quantile,0.975,1465.7004312488898
5879,2020-12-27,21 day ahead inc hosp,2021-01-17,06019,quantile,0.99,1568.7180702911955
5880,2020-12-27,22 day ahead inc hosp,2021-01-18,06019,point,NA,773.1070556640625
5881,2020-12-27,22 day ahead inc hosp,2021-01-18,06019,quantile,0.01,512.4278422018333
5882,2020-12-27,22 day ahead inc hosp,2021-01-18,06019,quantile,0.025,553.4830365715386
5883,2020-12-27,22 day ahead inc hosp,2021-01-18,06019,quantile,0.05,588.7927686570122
5884,2020-12-27,22 day ahead inc hosp,2021-01-18,06019,quantile,0.1,629.5026283790012
5885,2020-12-27,22 day ahead inc hosp,2021-01-18,06019,quantile,0.15,656.9693774629345
5886,2020-12-27,22 day ahead inc hosp,2021-01-18,06019,quantile,0.2,678.7990789211798
5887,2020-12-27,22 day ahead inc hosp,2021-01-18,06019,quantile,0.25,697.5270190188796
5888,2020-12-27,22 day ahead inc hosp,2021-01-18,06019,quantile,0.3,714.3452880379358
5889,2020-12-27,22 day ahead inc hosp,2021-01-18,06019,quantile,0.35,729.9299207072204
5890,2020-12-27,22 day ahead inc hosp,2021-01-18,06019,quantile,0.4,744.71821308582
5891,2020-12-27,22 day ahead inc hosp,2021-01-18,06019,quantile,0.45,759.0260571056285
5892,2020-12-27,22 day ahead inc hosp,2021-01-18,06019,quantile,0.5,773.1070556640625
5893,2020-12-27,22 day ahead inc hosp,2021-01-18,06019,quantile,0.55,809.6302760933157
5894,2020-12-27,22 day ahead inc hosp,2021-01-18,06019,quantile,0.6,846.7418870940738
5895,2020-12-27,22 day ahead inc hosp,2021-01-18,06019,quantile,0.65,885.0996825355292
5896,2020-12-27,22 day ahead inc hosp,2021-01-18,06019,quantile,0.7,925.5230212587828
5897,2020-12-27,22 day ahead inc hosp,2021-01-18,06019,quantile,0.75,969.1461594952079
5898,2020-12-27,22 day ahead inc hosp,2021-01-18,06019,quantile,0.8,1017.7225925894681
5899,2020-12-27,22 day ahead inc hosp,2021-01-18,06019,quantile,0.85,1074.3443580811443
5900,2020-12-27,22 day ahead inc hosp,2021-01-18,06019,quantile,0.9,1145.587468227379
5901,2020-12-27,22 day ahead inc hosp,2021-01-18,06019,quantile,0.95,1251.1804894964291
5902,2020-12-27,22 day ahead inc hosp,2021-01-18,06019,quantile,0.975,1342.7666879399471
5903,2020-12-27,22 day ahead inc hosp,2021-01-18,06019,quantile,0.99,1449.2554364124378
5904,2020-12-27,23 day ahead inc hosp,2021-01-19,06019,point,NA,804.2252807617188
5905,2020-12-27,23 day ahead inc hosp,2021-01-19,06019,quantile,0.01,554.4677373993939
5906,2020-12-27,23 day ahead inc hosp,2021-01-19,06019,quantile,0.025,593.8028433783217
5907,2020-12-27,23 day ahead inc hosp,2021-01-19,06019,quantile,0.05,627.6332045541182
5908,2020-12-27,23 day ahead inc hosp,2021-01-19,06019,quantile,0.1,666.6374443619156
5909,2020-12-27,23 day ahead inc hosp,2021-01-19,06019,quantile,0.15,692.9534197871927
5910,2020-12-27,23 day ahead inc hosp,2021-01-19,06019,quantile,0.2,713.8685228218053
5911,2020-12-27,23 day ahead inc hosp,2021-01-19,06019,quantile,0.25,731.8118189094162
5912,2020-12-27,23 day ahead inc hosp,2021-01-19,06019,quantile,0.3,747.9254533569699
5913,2020-12-27,23 day ahead inc hosp,2021-01-19,06019,quantile,0.35,762.857137084214
5914,2020-12-27,23 day ahead inc hosp,2021-01-19,06019,quantile,0.4,777.0258447688334
5915,2020-12-27,23 day ahead inc hosp,2021-01-19,06019,quantile,0.45,790.7342334268208
5916,2020-12-27,23 day ahead inc hosp,2021-01-19,06019,quantile,0.5,804.2252807617188
5917,2020-12-27,23 day ahead inc hosp,2021-01-19,06019,quantile,0.55,834.1301407052463
5918,2020-12-27,23 day ahead inc hosp,2021-01-19,06019,quantile,0.6,864.5167691627806
5919,2020-12-27,23 day ahead inc hosp,2021-01-19,06019,quantile,0.65,895.923761397793
5920,2020-12-27,23 day ahead inc hosp,2021-01-19,06019,quantile,0.7,929.0220005114622
5921,2020-12-27,23 day ahead inc hosp,2021-01-19,06019,quantile,0.75,964.7402045450956
5922,2020-12-27,23 day ahead inc hosp,2021-01-19,06019,quantile,0.8,1004.5141185419147
5923,2020-12-27,23 day ahead inc hosp,2021-01-19,06019,quantile,0.85,1050.875472959271
5924,2020-12-27,23 day ahead inc hosp,2021-01-19,06019,quantile,0.9,1109.2086430856937
5925,2020-12-27,23 day ahead inc hosp,2021-01-19,06019,quantile,0.95,1195.667188497414
5926,2020-12-27,23 day ahead inc hosp,2021-01-19,06019,quantile,0.975,1270.6570827352132
5927,2020-12-27,23 day ahead inc hosp,2021-01-19,06019,quantile,0.99,1357.8490409252067
5928,2020-12-27,24 day ahead inc hosp,2021-01-20,06019,point,NA,844.00341796875
5929,2020-12-27,24 day ahead inc hosp,2021-01-20,06019,quantile,0.01,593.800490591905
5930,2020-12-27,24 day ahead inc hosp,2021-01-20,06019,quantile,0.025,633.205741508906
5931,2020-12-27,24 day ahead inc hosp,2021-01-20,06019,quantile,0.05,667.0964312011921
5932,2020-12-27,24 day ahead inc hosp,2021-01-20,06019,quantile,0.1,706.1702259248294
5933,2020-12-27,24 day ahead inc hosp,2021-01-20,06019,quantile,0.15,732.5331297216107
5934,2020-12-27,24 day ahead inc hosp,2021-01-20,06019,quantile,0.2,753.4855299382353
5935,2020-12-27,24 day ahead inc hosp,2021-01-20,06019,quantile,0.25,771.4608236870085
5936,2020-12-27,24 day ahead inc hosp,2021-01-20,06019,quantile,0.3,787.6031930232151
5937,2020-12-27,24 day ahead inc hosp,2021-01-20,06019,quantile,0.35,802.5615039071507
5938,2020-12-27,24 day ahead inc hosp,2021-01-20,06019,quantile,0.4,816.755478159595
5939,2020-12-27,24 day ahead inc hosp,2021-01-20,06019,quantile,0.45,830.4883125143606
5940,2020-12-27,24 day ahead inc hosp,2021-01-20,06019,quantile,0.5,844.00341796875
5941,2020-12-27,24 day ahead inc hosp,2021-01-20,06019,quantile,0.55,875.8010020958425
5942,2020-12-27,24 day ahead inc hosp,2021-01-20,06019,quantile,0.6,908.1108466007747
5943,2020-12-27,24 day ahead inc hosp,2021-01-20,06019,quantile,0.65,941.5056352624715
5944,2020-12-27,24 day ahead inc hosp,2021-01-20,06019,quantile,0.7,976.6987123965214
5945,2020-12-27,24 day ahead inc hosp,2021-01-20,06019,quantile,0.75,1014.677576025138
5946,2020-12-27,24 day ahead inc hosp,2021-01-20,06019,quantile,0.8,1056.9688416844954
5947,2020-12-27,24 day ahead inc hosp,2021-01-20,06019,quantile,0.85,1106.2644769128724
5948,2020-12-27,24 day ahead inc hosp,2021-01-20,06019,quantile,0.9,1168.28964232069
5949,2020-12-27,24 day ahead inc hosp,2021-01-20,06019,quantile,0.95,1260.220280900064
5950,2020-12-27,24 day ahead inc hosp,2021-01-20,06019,quantile,0.975,1339.9563998857768
5951,2020-12-27,24 day ahead inc hosp,2021-01-20,06019,quantile,0.99,1432.6668700564392
5952,2020-12-27,25 day ahead inc hosp,2021-01-21,06019,point,NA,898.6044311523438
5953,2020-12-27,25 day ahead inc hosp,2021-01-21,06019,quantile,0.01,610.1241962854774
5954,2020-12-27,25 day ahead inc hosp,2021-01-21,06019,quantile,0.025,655.5578615055603
5955,2020-12-27,25 day ahead inc hosp,2021-01-21,06019,quantile,0.05,694.6333200732587
5956,2020-12-27,25 day ahead inc hosp,2021-01-21,06019,quantile,0.1,739.6848212574841
5957,2020-12-27,25 day ahead inc hosp,2021-01-21,06019,quantile,0.15,770.0808552239993
5958,2020-12-27,25 day ahead inc hosp,2021-01-21,06019,quantile,0.2,794.2386594467
5959,2020-12-27,25 day ahead inc hosp,2021-01-21,06019,quantile,0.25,814.963904418102
5960,2020-12-27,25 day ahead inc hosp,2021-01-21,06019,quantile,0.3,833.5758149430446
5961,2020-12-27,25 day ahead inc hosp,2021-01-21,06019,quantile,0.35,850.8225237735533
5962,2020-12-27,25 day ahead inc hosp,2021-01-21,06019,quantile,0.4,867.1879638943723
5963,2020-12-27,25 day ahead inc hosp,2021-01-21,06019,quantile,0.45,883.0217166069601
5964,2020-12-27,25 day ahead inc hosp,2021-01-21,06019,quantile,0.5,898.6044311523438
5965,2020-12-27,25 day ahead inc hosp,2021-01-21,06019,quantile,0.55,937.1774524487307
5966,2020-12-27,25 day ahead inc hosp,2021-01-21,06019,quantile,0.6,976.3718866922377
5967,2020-12-27,25 day ahead inc hosp,2021-01-21,06019,quantile,0.65,1016.8824452644672
5968,2020-12-27,25 day ahead inc hosp,2021-01-21,06019,quantile,0.7,1059.574472065977
5969,2020-12-27,25 day ahead inc hosp,2021-01-21,06019,quantile,0.75,1105.6458814442453
5970,2020-12-27,25 day ahead inc hosp,2021-01-21,06019,quantile,0.8,1156.948580555265
5971,2020-12-27,25 day ahead inc hosp,2021-01-21,06019,quantile,0.85,1216.748142052863
5972,2020-12-27,25 day ahead inc hosp,2021-01-21,06019,quantile,0.9,1291.9896452005564
5973,2020-12-27,25 day ahead inc hosp,2021-01-21,06019,quantile,0.95,1403.5088872140184
5974,2020-12-27,25 day ahead inc hosp,2021-01-21,06019,quantile,0.975,1500.2351983524359
5975,2020-12-27,25 day ahead inc hosp,2021-01-21,06019,quantile,0.99,1612.7004386674712
5976,2020-12-27,26 day ahead inc hosp,2021-01-22,06019,point,NA,843.6631469726562
5977,2020-12-27,26 day ahead inc hosp,2021-01-22,06019,quantile,0.01,602.4454968779838
5978,2020-12-27,26 day ahead inc hosp,2021-01-22,06019,quantile,0.025,640.4356280376945
5979,2020-12-27,26 day ahead inc hosp,2021-01-22,06019,quantile,0.05,673.1092366695716
5980,2020-12-27,26 day ahead inc hosp,2021-01-22,06019,quantile,0.1,710.7798148771616
5981,2020-12-27,26 day ahead inc hosp,2021-01-22,06019,quantile,0.15,736.1959751523513
5982,2020-12-27,26 day ahead inc hosp,2021-01-22,06019,quantile,0.2,756.3959336303951
5983,2020-12-27,26 day ahead inc hosp,2021-01-22,06019,quantile,0.25,773.7256993661488
5984,2020-12-27,26 day ahead inc hosp,2021-01-22,06019,quantile,0.3,789.2883645957819
5985,2020-12-27,26 day ahead inc hosp,2021-01-22,06019,quantile,0.35,803.7094932317949
5986,2020-12-27,26 day ahead inc hosp,2021-01-22,06019,quantile,0.4,817.3937340621272
5987,2020-12-27,26 day ahead inc hosp,2021-01-22,06019,quantile,0.45,830.6333954319026
5988,2020-12-27,26 day ahead inc hosp,2021-01-22,06019,quantile,0.5,843.6631469726562
5989,2020-12-27,26 day ahead inc hosp,2021-01-22,06019,quantile,0.55,879.2825322115536
5990,2020-12-27,26 day ahead inc hosp,2021-01-22,06019,quantile,0.6,915.4757472001569
5991,2020-12-27,26 day ahead inc hosp,2021-01-22,06019,quantile,0.65,952.8843074718492
5992,2020-12-27,26 day ahead inc hosp,2021-01-22,06019,quantile,0.7,992.3072953054401
5993,2020-12-27,26 day ahead inc hosp,2021-01-22,06019,quantile,0.75,1034.8508976469348
5994,2020-12-27,26 day ahead inc hosp,2021-01-22,06019,quantile,0.8,1082.225216329143
5995,2020-12-27,26 day ahead inc hosp,2021-01-22,06019,quantile,0.85,1137.4457706573464
5996,2020-12-27,26 day ahead inc hosp,2021-01-22,06019,quantile,0.9,1206.9258372038173
5997,2020-12-27,26 day ahead inc hosp,2021-01-22,06019,quantile,0.95,1309.9057622738662
5998,2020-12-27,26 day ahead inc hosp,2021-01-22,06019,quantile,0.975,1399.225489466184
5999,2020-12-27,26 day ahead inc hosp,2021-01-22,06019,quantile,0.99,1503.0789752998603
6000,2020-12-27,27 day ahead inc hosp,2021-01-23,06019,point,NA,860.61669921875
6001,2020-12-27,27 day ahead inc hosp,2021-01-23,06019,quantile,0.01,400.4983435586731
6002,2020-12-27,27 day ahead inc hosp,2021-01-23,06019,quantile,0.025,472.9638396517504
6003,2020-12-27,27 day ahead inc hosp,2021-01-23,06019,quantile,0.05,535.2881640586905
6004,2020-12-27,27 day ahead inc hosp,2021-01-23,06019,quantile,0.1,607.1441186077786
6005,2020-12-27,27 day ahead inc hosp,2021-01-23,06019,quantile,0.15,655.6249900051389
6006,2020-12-27,27 day ahead inc hosp,2021-01-23,06019,quantile,0.2,694.156049716862
6007,2020-12-27,27 day ahead inc hosp,2021-01-23,06019,quantile,0.25,727.2122680789089
6008,2020-12-27,27 day ahead inc hosp,2021-01-23,06019,quantile,0.3,756.897773813405
6009,2020-12-27,27 day ahead inc hosp,2021-01-23,06019,quantile,0.35,784.4058189011525
6010,2020-12-27,27 day ahead inc hosp,2021-01-23,06019,quantile,0.4,810.5082636718307
6011,2020-12-27,27 day ahead inc hosp,2021-01-23,06019,quantile,0.45,835.7626810685942
6012,2020-12-27,27 day ahead inc hosp,2021-01-23,06019,quantile,0.5,860.61669921875
6013,2020-12-27,27 day ahead inc hosp,2021-01-23,06019,quantile,0.55,897.5973824796176
6014,2020-12-27,27 day ahead inc hosp,2021-01-23,06019,quantile,0.6,935.1738260568751
6015,2020-12-27,27 day ahead inc hosp,2021-01-23,06019,quantile,0.65,974.012062858947
6016,2020-12-27,27 day ahead inc hosp,2021-01-23,06019,quantile,0.7,1014.9417144094464
6017,2020-12-27,27 day ahead inc hosp,2021-01-23,06019,quantile,0.75,1059.1112437939412
6018,2020-12-27,27 day ahead inc hosp,2021-01-23,06019,quantile,0.8,1108.2961093421816
6019,2020-12-27,27 day ahead inc hosp,2021-01-23,06019,quantile,0.85,1165.627077167836
6020,2020-12-27,27 day ahead inc hosp,2021-01-23,06019,quantile,0.9,1237.7625257912773
6021,2020-12-27,27 day ahead inc hosp,2021-01-23,06019,quantile,0.95,1344.6781271050424
6022,2020-12-27,27 day ahead inc hosp,2021-01-23,06019,quantile,0.975,1437.4114664957267
6023,2020-12-27,27 day ahead inc hosp,2021-01-23,06019,quantile,0.99,1545.2340142290373
6024,2020-12-27,28 day ahead inc hosp,2021-01-24,06019,point,NA,856.8882446289062
6025,2020-12-27,28 day ahead inc hosp,2021-01-24,06019,quantile,0.01,403.195210964866
6026,2020-12-27,28 day ahead inc hosp,2021-01-24,06019,quantile,0.025,474.64876276084476
6027,2020-12-27,28 day ahead inc hosp,2021-01-24,06019,quantile,0.05,536.1027592454712
6028,2020-12-27,28 day ahead inc hosp,2021-01-24,06019,quantile,0.1,606.9552814393165
6029,2020-12-27,28 day ahead inc hosp,2021-01-24,06019,quantile,0.15,654.7591417904001
6030,2020-12-27,28 day ahead inc hosp,2021-01-24,06019,quantile,0.2,692.7521345842295
6031,2020-12-27,28 day ahead inc hosp,2021-01-24,06019,quantile,0.25,725.3467394411105
6032,2020-12-27,28 day ahead inc hosp,2021-01-24,06019,quantile,0.3,754.6177019812023
6033,2020-12-27,28 day ahead inc hosp,2021-01-24,06019,quantile,0.35,781.7416110200485
6034,2020-12-27,28 day ahead inc hosp,2021-01-24,06019,quantile,0.4,807.4795482450654
6035,2020-12-27,28 day ahead inc hosp,2021-01-24,06019,quantile,0.45,832.3813003729902
6036,2020-12-27,28 day ahead inc hosp,2021-01-24,06019,quantile,0.5,856.8882446289062
6037,2020-12-27,28 day ahead inc hosp,2021-01-24,06019,quantile,0.55,891.8677916494587
6038,2020-12-27,28 day ahead inc hosp,2021-01-24,06019,quantile,0.6,927.4108605999097
6039,2020-12-27,28 day ahead inc hosp,2021-01-24,06019,quantile,0.65,964.1474433404189
6040,2020-12-27,28 day ahead inc hosp,2021-01-24,06019,quantile,0.7,1002.8622680732685
6041,2020-12-27,28 day ahead inc hosp,2021-01-24,06019,quantile,0.75,1044.6416510847105
6042,2020-12-27,28 day ahead inc hosp,2021-01-24,06019,quantile,0.8,1091.1649753025945
6043,2020-12-27,28 day ahead inc hosp,2021-01-24,06019,quantile,0.85,1145.3935916492633
6044,2020-12-27,28 day ahead inc hosp,2021-01-24,06019,quantile,0.9,1213.6255737133258
6045,2020-12-27,28 day ahead inc hosp,2021-01-24,06019,quantile,0.95,1314.7556495695214
6046,2020-12-27,28 day ahead inc hosp,2021-01-24,06019,quantile,0.975,1402.4709084441943
6047,2020-12-27,28 day ahead inc hosp,2021-01-24,06019,quantile,0.99,1504.4588531154093
6048,2020-12-27,1 day ahead inc hosp,2020-12-28,06021,point,NA,11.33332347869873
6049,2020-12-27,1 day ahead inc hosp,2020-12-28,06021,quantile,0.01,5.935224828964753
6050,2020-12-27,1 day ahead inc hosp,2020-12-28,06021,quantile,0.025,6.785388470124362
6051,2020-12-27,1 day ahead inc hosp,2020-12-28,06021,quantile,0.05,7.516576103236817
6052,2020-12-27,1 day ahead inc hosp,2020-12-28,06021,quantile,0.1,8.359588616115868
6053,2020-12-27,1 day ahead inc hosp,2020-12-28,06021,quantile,0.15,8.92836515634448
6054,2020-12-27,1 day ahead inc hosp,2020-12-28,06021,quantile,0.2,9.380410719934932
6055,2020-12-27,1 day ahead inc hosp,2020-12-28,06021,quantile,0.25,9.768225562595338
6056,2020-12-27,1 day ahead inc hosp,2020-12-28,06021,quantile,0.3,10.116495277225976
6057,2020-12-27,1 day ahead inc hosp,2020-12-28,06021,quantile,0.35,10.4392190703943
6058,2020-12-27,1 day ahead inc hosp,2020-12-28,06021,quantile,0.4,10.745452390882495
6059,2020-12-27,1 day ahead inc hosp,2020-12-28,06021,quantile,0.45,11.04173667246417
6060,2020-12-27,1 day ahead inc hosp,2020-12-28,06021,quantile,0.5,11.33332347869873
6061,2020-12-27,1 day ahead inc hosp,2020-12-28,06021,quantile,0.55,12.103609753061274
6062,2020-12-27,1 day ahead inc hosp,2020-12-28,06021,quantile,0.6,12.886305370736586
6063,2020-12-27,1 day ahead inc hosp,2020-12-28,06021,quantile,0.65,13.695283412544036
6064,2020-12-27,1 day ahead inc hosp,2020-12-28,06021,quantile,0.7,14.547824415677775
6065,2020-12-27,1 day ahead inc hosp,2020-12-28,06021,quantile,0.75,15.467850202922548
6066,2020-12-27,1 day ahead inc hosp,2020-12-28,06021,quantile,0.8,16.49234254588224
6067,2020-12-27,1 day ahead inc hosp,2020-12-28,06021,quantile,0.85,17.686513494550272
6068,2020-12-27,1 day ahead inc hosp,2020-12-28,06021,quantile,0.9,19.189053228001306
6069,2020-12-27,1 day ahead inc hosp,2020-12-28,06021,quantile,0.95,21.416043454933067
6070,2020-12-27,1 day ahead inc hosp,2020-12-28,06021,quantile,0.975,23.34762535688334
6071,2020-12-27,1 day ahead inc hosp,2020-12-28,06021,quantile,0.99,25.593506753933024
6072,2020-12-27,2 day ahead inc hosp,2020-12-29,06021,point,NA,12.127224922180176
6073,2020-12-27,2 day ahead inc hosp,2020-12-29,06021,quantile,0.01,6.234878627308194
6074,2020-12-27,2 day ahead inc hosp,2020-12-29,06021,quantile,0.025,7.162882894378891
6075,2020-12-27,2 day ahead inc hosp,2020-12-29,06021,quantile,0.05,7.961017760076224
6076,2020-12-27,2 day ahead inc hosp,2020-12-29,06021,quantile,0.1,8.88121614456451
6077,2020-12-27,2 day ahead inc hosp,2020-12-29,06021,quantile,0.15,9.502069625927124
6078,2020-12-27,2 day ahead inc hosp,2020-12-29,06021,quantile,0.2,9.995504291458252
6079,2020-12-27,2 day ahead inc hosp,2020-12-29,06021,quantile,0.25,10.418827298228239
6080,2020-12-27,2 day ahead inc hosp,2020-12-29,06021,quantile,0.3,10.79898444165523
6081,2020-12-27,2 day ahead inc hosp,2020-12-29,06021,quantile,0.35,11.151256689780245
6082,2020-12-27,2 day ahead inc hosp,2020-12-29,06021,quantile,0.4,11.485528604472632
6083,2020-12-27,2 day ahead inc hosp,2020-12-29,06021,quantile,0.45,11.808940550434869
6084,2020-12-27,2 day ahead inc hosp,2020-12-29,06021,quantile,0.5,12.127224922180176
6085,2020-12-27,2 day ahead inc hosp,2020-12-29,06021,quantile,0.55,12.781846303209294
6086,2020-12-27,2 day ahead inc hosp,2020-12-29,06021,quantile,0.6,13.447013661399684
6087,2020-12-27,2 day ahead inc hosp,2020-12-29,06021,quantile,0.65,14.134516919053441
6088,2020-12-27,2 day ahead inc hosp,2020-12-29,06021,quantile,0.7,14.859041796920712
6089,2020-12-27,2 day ahead inc hosp,2020-12-29,06021,quantile,0.75,15.640918057051385
6090,2020-12-27,2 day ahead inc hosp,2020-12-29,06021,quantile,0.8,16.511574350332786
6091,2020-12-27,2 day ahead inc hosp,2020-12-29,06021,quantile,0.85,17.52643059484895
6092,2020-12-27,2 day ahead inc hosp,2020-12-29,06021,quantile,0.9,18.803351485302073
6093,2020-12-27,2 day ahead inc hosp,2020-12-29,06021,quantile,0.95,20.695940599782737
6094,2020-12-27,2 day ahead inc hosp,2020-12-29,06021,quantile,0.975,22.337479407250065
6095,2020-12-27,2 day ahead inc hosp,2020-12-29,06021,quantile,0.99,24.246123025469725
6096,2020-12-27,3 day ahead inc hosp,2020-12-30,06021,point,NA,12.773310661315918
6097,2020-12-27,3 day ahead inc hosp,2020-12-30,06021,quantile,0.01,7.026866389760752
6098,2020-12-27,3 day ahead inc hosp,2020-12-30,06021,quantile,0.025,7.931892085403953
6099,2020-12-27,3 day ahead inc hosp,2020-12-30,06021,quantile,0.05,8.710264111994855
6100,2020-12-27,3 day ahead inc hosp,2020-12-30,06021,quantile,0.1,9.607677208682498
6101,2020-12-27,3 day ahead inc hosp,2020-12-30,06021,quantile,0.15,10.213157564539415
6102,2020-12-27,3 day ahead inc hosp,2020-12-30,06021,quantile,0.2,10.694374157256611
6103,2020-12-27,3 day ahead inc hosp,2020-12-30,06021,quantile,0.25,11.107215145470077
6104,2020-12-27,3 day ahead inc hosp,2020-12-30,06021,quantile,0.3,11.47795911227291
6105,2020-12-27,3 day ahead inc hosp,2020-12-30,06021,quantile,0.35,11.82150864941189
6106,2020-12-27,3 day ahead inc hosp,2020-12-30,06021,quantile,0.4,12.147503564374297
6107,2020-12-27,3 day ahead inc hosp,2020-12-30,06021,quantile,0.45,12.46290741730884
6108,2020-12-27,3 day ahead inc hosp,2020-12-30,06021,quantile,0.5,12.773310661315918
6109,2020-12-27,3 day ahead inc hosp,2020-12-30,06021,quantile,0.55,13.488043486273886
6110,2020-12-27,3 day ahead inc hosp,2020-12-30,06021,quantile,0.6,14.214290686207766
6111,2020-12-27,3 day ahead inc hosp,2020-12-30,06021,quantile,0.65,14.964924808084728
6112,2020-12-27,3 day ahead inc hosp,2020-12-30,06021,quantile,0.7,15.755980107708936
6113,2020-12-27,3 day ahead inc hosp,2020-12-30,06021,quantile,0.75,16.60965315348119
6114,2020-12-27,3 day ahead inc hosp,2020-12-30,06021,quantile,0.8,17.56025857227482
6115,2020-12-27,3 day ahead inc hosp,2020-12-30,06021,quantile,0.85,18.668305286894743
6116,2020-12-27,3 day ahead inc hosp,2020-12-30,06021,quantile,0.9,20.06248106808697
6117,2020-12-27,3 day ahead inc hosp,2020-12-30,06021,quantile,0.95,22.12885959387071
6118,2020-12-27,3 day ahead inc hosp,2020-12-30,06021,quantile,0.975,23.921134797737096
6119,2020-12-27,3 day ahead inc hosp,2020-12-30,06021,quantile,0.99,26.005042052559034
6120,2020-12-27,4 day ahead inc hosp,2020-12-31,06021,point,NA,14.09034538269043
6121,2020-12-27,4 day ahead inc hosp,2020-12-31,06021,quantile,0.01,7.520372086807633
6122,2020-12-27,4 day ahead inc hosp,2020-12-31,06021,quantile,0.025,8.555097974935737
6123,2020-12-27,4 day ahead inc hosp,2020-12-31,06021,quantile,0.05,9.445019322346704
6124,2020-12-27,4 day ahead inc hosp,2020-12-31,06021,quantile,0.1,10.471041641887561
6125,2020-12-27,4 day ahead inc hosp,2020-12-31,06021,quantile,0.15,11.163294029829885
6126,2020-12-27,4 day ahead inc hosp,2020-12-31,06021,quantile,0.2,11.71347428291917
6127,2020-12-27,4 day ahead inc hosp,2020-12-31,06021,quantile,0.25,12.185479951091132
6128,2020-12-27,4 day ahead inc hosp,2020-12-31,06021,quantile,0.3,12.609355629058
6129,2020-12-27,4 day ahead inc hosp,2020-12-31,06021,quantile,0.35,13.002139614798306
6130,2020-12-27,4 day ahead inc hosp,2020-12-31,06021,quantile,0.4,13.374853206836146
6131,2020-12-27,4 day ahead inc hosp,2020-12-31,06021,quantile,0.45,13.735457920512015
6132,2020-12-27,4 day ahead inc hosp,2020-12-31,06021,quantile,0.5,14.09034538269043
6133,2020-12-27,4 day ahead inc hosp,2020-12-31,06021,quantile,0.55,14.97019393811423
6134,2020-12-27,4 day ahead inc hosp,2020-12-31,06021,quantile,0.6,15.864216889669565
6135,2020-12-27,4 day ahead inc hosp,2020-12-31,06021,quantile,0.65,16.788260566863343
6136,2020-12-27,4 day ahead inc hosp,2020-12-31,06021,quantile,0.7,17.762063417845642
6137,2020-12-27,4 day ahead inc hosp,2020-12-31,06021,quantile,0.75,18.81294980489681
6138,2020-12-27,4 day ahead inc hosp,2020-12-31,06021,quantile,0.8,19.983161631326915
6139,2020-12-27,4 day ahead inc hosp,2020-12-31,06021,quantile,0.85,21.347186434941836
6140,2020-12-27,4 day ahead inc hosp,2020-12-31,06021,quantile,0.9,23.063441102776586
6141,2020-12-27,4 day ahead inc hosp,2020-12-31,06021,quantile,0.95,25.607189056393388
6142,2020-12-27,4 day ahead inc hosp,2020-12-31,06021,quantile,0.975,27.81351104690288
6143,2020-12-27,4 day ahead inc hosp,2020-12-31,06021,quantile,0.99,30.37883717124884
6144,2020-12-27,5 day ahead inc hosp,2021-01-01,06021,point,NA,13.882011413574219
6145,2020-12-27,5 day ahead inc hosp,2021-01-01,06021,quantile,0.01,8.093435787005202
6146,2020-12-27,5 day ahead inc hosp,2021-01-01,06021,quantile,0.025,9.005096883093952
6147,2020-12-27,5 day ahead inc hosp,2021-01-01,06021,quantile,0.05,9.78917572012892
6148,2020-12-27,5 day ahead inc hosp,2021-01-01,06021,quantile,0.1,10.693168403772235
6149,2020-12-27,5 day ahead inc hosp,2021-01-01,06021,quantile,0.15,11.303087975711486
6150,2020-12-27,5 day ahead inc hosp,2021-01-01,06021,quantile,0.2,11.787832716644907
6151,2020-12-27,5 day ahead inc hosp,2021-01-01,06021,quantile,0.25,12.203700541875621
6152,2020-12-27,5 day ahead inc hosp,2021-01-01,06021,quantile,0.3,12.577162701868271
6153,2020-12-27,5 day ahead inc hosp,2021-01-01,06021,quantile,0.35,12.923231050089383
6154,2020-12-27,5 day ahead inc hosp,2021-01-01,06021,quantile,0.4,13.251616070453661
6155,2020-12-27,5 day ahead inc hosp,2021-01-01,06021,quantile,0.45,13.569332378024978
6156,2020-12-27,5 day ahead inc hosp,2021-01-01,06021,quantile,0.5,13.882011413574219
6157,2020-12-27,5 day ahead inc hosp,2021-01-01,06021,quantile,0.55,14.733636570659232
6158,2020-12-27,5 day ahead inc hosp,2021-01-01,06021,quantile,0.6,15.598981443776841
6159,2020-12-27,5 day ahead inc hosp,2021-01-01,06021,quantile,0.65,16.493384050785178
6160,2020-12-27,5 day ahead inc hosp,2021-01-01,06021,quantile,0.7,17.435949678500705
6161,2020-12-27,5 day ahead inc hosp,2021-01-01,06021,quantile,0.75,18.453126190224218
6162,2020-12-27,5 day ahead inc hosp,2021-01-01,06021,quantile,0.8,19.585800471909266
6163,2020-12-27,5 day ahead inc hosp,2021-01-01,06021,quantile,0.85,20.90607068260124
6164,2020-12-27,5 day ahead inc hosp,2021-01-01,06021,quantile,0.9,22.56727208150408
6165,2020-12-27,5 day ahead inc hosp,2021-01-01,06021,quantile,0.95,25.029422797362365
6166,2020-12-27,5 day ahead inc hosp,2021-01-01,06021,quantile,0.975,27.164971353037064
6167,2020-12-27,5 day ahead inc hosp,2021-01-01,06021,quantile,0.99,29.64800806447214
6168,2020-12-27,6 day ahead inc hosp,2021-01-02,06021,point,NA,14.925025939941406
6169,2020-12-27,6 day ahead inc hosp,2021-01-02,06021,quantile,0.01,3.655963097560786
6170,2020-12-27,6 day ahead inc hosp,2021-01-02,06021,quantile,0.025,5.43076347083794
6171,2020-12-27,6 day ahead inc hosp,2021-01-02,06021,quantile,0.05,6.957189703808295
6172,2020-12-27,6 day ahead inc hosp,2021-01-02,06021,quantile,0.1,8.717061392150892
6173,2020-12-27,6 day ahead inc hosp,2021-01-02,06021,quantile,0.15,9.904438465266058
6174,2020-12-27,6 day ahead inc hosp,2021-01-02,06021,quantile,0.2,10.848128122358787
6175,2020-12-27,6 day ahead inc hosp,2021-01-02,06021,quantile,0.25,11.657729820423981
6176,2020-12-27,6 day ahead inc hosp,2021-01-02,06021,quantile,0.3,12.384777167078909
6177,2020-12-27,6 day ahead inc hosp,2021-01-02,06021,quantile,0.35,13.058494885469344
6178,2020-12-27,6 day ahead inc hosp,2021-01-02,06021,quantile,0.4,13.697787117222543
6179,2020-12-27,6 day ahead inc hosp,2021-01-02,06021,quantile,0.45,14.316309749912486
6180,2020-12-27,6 day ahead inc hosp,2021-01-02,06021,quantile,0.5,14.925025939941406
6181,2020-12-27,6 day ahead inc hosp,2021-01-02,06021,quantile,0.55,15.789109962928768
6182,2020-12-27,6 day ahead inc hosp,2021-01-02,06021,quantile,0.6,16.667114414786816
6183,2020-12-27,6 day ahead inc hosp,2021-01-02,06021,quantile,0.65,17.5746017011881
6184,2020-12-27,6 day ahead inc hosp,2021-01-02,06021,quantile,0.7,18.530956610094037
6185,2020-12-27,6 day ahead inc hosp,2021-01-02,06021,quantile,0.75,19.56301392430812
6186,2020-12-27,6 day ahead inc hosp,2021-01-02,06021,quantile,0.8,20.71225868523412
6187,2020-12-27,6 day ahead inc hosp,2021-01-02,06021,quantile,0.85,22.051843813261534
6188,2020-12-27,6 day ahead inc hosp,2021-01-02,06021,quantile,0.9,23.73734778858962
6189,2020-12-27,6 day ahead inc hosp,2021-01-02,06021,quantile,0.95,26.23551858364008
6190,2020-12-27,6 day ahead inc hosp,2021-01-02,06021,quantile,0.975,28.40230918619627
6191,2020-12-27,6 day ahead inc hosp,2021-01-02,06021,quantile,0.99,30.921671528880033
6192,2020-12-27,7 day ahead inc hosp,2021-01-03,06021,point,NA,14.765597343444824
6193,2020-12-27,7 day ahead inc hosp,2021-01-03,06021,quantile,0.01,3.699221588528056
6194,2020-12-27,7 day ahead inc hosp,2021-01-03,06021,quantile,0.025,5.442100130902251
6195,2020-12-27,7 day ahead inc hosp,2021-01-03,06021,quantile,0.05,6.941071828236719
6196,2020-12-27,7 day ahead inc hosp,2021-01-03,06021,quantile,0.1,8.669290195286374
6197,2020-12-27,7 day ahead inc hosp,2021-01-03,06021,quantile,0.15,9.83531092279967
6198,2020-12-27,7 day ahead inc hosp,2021-01-03,06021,quantile,0.2,10.762027233417964
6199,2020-12-27,7 day ahead inc hosp,2021-01-03,06021,quantile,0.25,11.557067311543522
6200,2020-12-27,7 day ahead inc hosp,2021-01-03,06021,quantile,0.3,12.271037873446872
6201,2020-12-27,7 day ahead inc hosp,2021-01-03,06021,quantile,0.35,12.932638001934464
6202,2020-12-27,7 day ahead inc hosp,2021-01-03,06021,quantile,0.4,13.560431825851563
6203,2020-12-27,7 day ahead inc hosp,2021-01-03,06021,quantile,0.45,14.167829615890092
6204,2020-12-27,7 day ahead inc hosp,2021-01-03,06021,quantile,0.5,14.765597343444824
6205,2020-12-27,7 day ahead inc hosp,2021-01-03,06021,quantile,0.55,15.623745331758712
6206,2020-12-27,7 day ahead inc hosp,2021-01-03,06021,quantile,0.6,16.495718119182467
6207,2020-12-27,7 day ahead inc hosp,2021-01-03,06021,quantile,0.65,17.39697120167012
6208,2020-12-27,7 day ahead inc hosp,2021-01-03,06021,quantile,0.7,18.346756198682783
6209,2020-12-27,7 day ahead inc hosp,2021-01-03,06021,quantile,0.75,19.371723544977996
6210,2020-12-27,7 day ahead inc hosp,2021-01-03,06021,quantile,0.8,20.513073290410503
6211,2020-12-27,7 day ahead inc hosp,2021-01-03,06021,quantile,0.85,21.84345581364892
6212,2020-12-27,7 day ahead inc hosp,2021-01-03,06021,quantile,0.9,23.5173808108063
6213,2020-12-27,7 day ahead inc hosp,2021-01-03,06021,quantile,0.95,25.99838981595535
6214,2020-12-27,7 day ahead inc hosp,2021-01-03,06021,quantile,0.975,28.15029512517807
6215,2020-12-27,7 day ahead inc hosp,2021-01-03,06021,quantile,0.99,30.65235009748654
6216,2020-12-27,8 day ahead inc hosp,2021-01-04,06021,point,NA,12.957077026367188
6217,2020-12-27,8 day ahead inc hosp,2021-01-04,06021,quantile,0.01,7.349986644516937
6218,2020-12-27,8 day ahead inc hosp,2021-01-04,06021,quantile,0.025,8.233065055019818
6219,2020-12-27,8 day ahead inc hosp,2021-01-04,06021,quantile,0.05,8.992561205605124
6220,2020-12-27,8 day ahead inc hosp,2021-01-04,06021,quantile,0.1,9.868211626142823
6221,2020-12-27,8 day ahead inc hosp,2021-01-04,06021,quantile,0.15,10.459008807719911
6222,2020-12-27,8 day ahead inc hosp,2021-01-04,06021,quantile,0.2,10.928555678985594
6223,2020-12-27,8 day ahead inc hosp,2021-01-04,06021,quantile,0.25,11.331385085285364
6224,2020-12-27,8 day ahead inc hosp,2021-01-04,06021,quantile,0.3,11.69313834210875
6225,2020-12-27,8 day ahead inc hosp,2021-01-04,06021,quantile,0.35,12.028356646568136
6226,2020-12-27,8 day ahead inc hosp,2021-01-04,06021,quantile,0.4,12.34644603643063
6227,2020-12-27,8 day ahead inc hosp,2021-01-04,06021,quantile,0.45,12.65420120234111
6228,2020-12-27,8 day ahead inc hosp,2021-01-04,06021,quantile,0.5,12.957077026367188
6229,2020-12-27,8 day ahead inc hosp,2021-01-04,06021,quantile,0.55,13.682016504205157
6230,2020-12-27,8 day ahead inc hosp,2021-01-04,06021,quantile,0.6,14.418634786613433
6231,2020-12-27,8 day ahead inc hosp,2021-01-04,06021,quantile,0.65,15.179988245359151
6232,2020-12-27,8 day ahead inc hosp,2021-01-04,06021,quantile,0.7,15.98234011143478
6233,2020-12-27,8 day ahead inc hosp,2021-01-04,06021,quantile,0.75,16.848203928565162
6234,2020-12-27,8 day ahead inc hosp,2021-01-04,06021,quantile,0.8,17.81238434936887
6235,2020-12-27,8 day ahead inc hosp,2021-01-04,06021,quantile,0.85,18.936254386769047
6236,2020-12-27,8 day ahead inc hosp,2021-01-04,06021,quantile,0.9,20.35033952115653
6237,2020-12-27,8 day ahead inc hosp,2021-01-04,06021,quantile,0.95,22.446226707512288
6238,2020-12-27,8 day ahead inc hosp,2021-01-04,06021,quantile,0.975,24.26409627368094
6239,2020-12-27,8 day ahead inc hosp,2021-01-04,06021,quantile,0.99,26.37776250590165
6240,2020-12-27,9 day ahead inc hosp,2021-01-05,06021,point,NA,13.744183540344238
6241,2020-12-27,9 day ahead inc hosp,2021-01-05,06021,quantile,0.01,7.819190312342489
6242,2020-12-27,9 day ahead inc hosp,2021-01-05,06021,quantile,0.025,8.752336248238311
6243,2020-12-27,9 day ahead inc hosp,2021-01-05,06021,quantile,0.05,9.55489323278016
6244,2020-12-27,9 day ahead inc hosp,2021-01-05,06021,quantile,0.1,10.480190037086482
6245,2020-12-27,9 day ahead inc hosp,2021-01-05,06021,quantile,0.15,11.104483398095523
6246,2020-12-27,9 day ahead inc hosp,2021-01-05,06021,quantile,0.2,11.600651970923227
6247,2020-12-27,9 day ahead inc hosp,2021-01-05,06021,quantile,0.25,12.026320426721956
6248,2020-12-27,9 day ahead inc hosp,2021-01-05,06021,quantile,0.3,12.408583855865906
6249,2020-12-27,9 day ahead inc hosp,2021-01-05,06021,quantile,0.35,12.762807891607006
6250,2020-12-27,9 day ahead inc hosp,2021-01-05,06021,quantile,0.4,13.09893186188133
6251,2020-12-27,9 day ahead inc hosp,2021-01-05,06021,quantile,0.45,13.424135693052754
6252,2020-12-27,9 day ahead inc hosp,2021-01-05,06021,quantile,0.5,13.744183540344238
6253,2020-12-27,9 day ahead inc hosp,2021-01-05,06021,quantile,0.55,14.390083205921716
6254,2020-12-27,9 day ahead inc hosp,2021-01-05,06021,quantile,0.6,15.046388341468637
6255,2020-12-27,9 day ahead inc hosp,2021-01-05,06021,quantile,0.65,15.724731788644
6256,2020-12-27,9 day ahead inc hosp,2021-01-05,06021,quantile,0.7,16.439603605970447
6257,2020-12-27,9 day ahead inc hosp,2021-01-05,06021,quantile,0.75,17.211062696028655
6258,2020-12-27,9 day ahead inc hosp,2021-01-05,06021,quantile,0.8,18.070118976438124
6259,2020-12-27,9 day ahead inc hosp,2021-01-05,06021,quantile,0.85,19.071453989223244
6260,2020-12-27,9 day ahead inc hosp,2021-01-05,06021,quantile,0.9,20.33136208268633
6261,2020-12-27,9 day ahead inc hosp,2021-01-05,06021,quantile,0.95,22.198735669227133
6262,2020-12-27,9 day ahead inc hosp,2021-01-05,06021,quantile,0.975,23.818403766698633
6263,2020-12-27,9 day ahead inc hosp,2021-01-05,06021,quantile,0.99,25.701617958047862
6264,2020-12-27,10 day ahead inc hosp,2021-01-06,06021,point,NA,13.819137573242188
6265,2020-12-27,10 day ahead inc hosp,2021-01-06,06021,quantile,0.01,7.966478314831825
6266,2020-12-27,10 day ahead inc hosp,2021-01-06,06021,quantile,0.025,8.888232144921954
6267,2020-12-27,10 day ahead inc hosp,2021-01-06,06021,quantile,0.05,9.680991289992722
6268,2020-12-27,10 day ahead inc hosp,2021-01-06,06021,quantile,0.1,10.59499181288063
6269,2020-12-27,10 day ahead inc hosp,2021-01-06,06021,quantile,0.15,11.211663626445883
6270,2020-12-27,10 day ahead inc hosp,2021-01-06,06021,quantile,0.2,11.701774834973238
6271,2020-12-27,10 day ahead inc hosp,2021-01-06,06021,quantile,0.25,12.122246611560207
6272,2020-12-27,10 day ahead inc hosp,2021-01-06,06021,quantile,0.3,12.499843262161878
6273,2020-12-27,10 day ahead inc hosp,2021-01-06,06021,quantile,0.35,12.849742832094519
6274,2020-12-27,10 day ahead inc hosp,2021-01-06,06021,quantile,0.4,13.18176330720705
6275,2020-12-27,10 day ahead inc hosp,2021-01-06,06021,quantile,0.45,13.502996959320079
6276,2020-12-27,10 day ahead inc hosp,2021-01-06,06021,quantile,0.5,13.819137573242188
6277,2020-12-27,10 day ahead inc hosp,2021-01-06,06021,quantile,0.55,14.53557170674682
6278,2020-12-27,10 day ahead inc hosp,2021-01-06,06021,quantile,0.6,15.263547623377477
6279,2020-12-27,10 day ahead inc hosp,2021-01-06,06021,quantile,0.65,16.015968511165244
6280,2020-12-27,10 day ahead inc hosp,2021-01-06,06021,quantile,0.7,16.808906792926468
6281,2020-12-27,10 day ahead inc hosp,2021-01-06,06021,quantile,0.75,17.664611872485494
6282,2020-12-27,10 day ahead inc hosp,2021-01-06,06021,quantile,0.8,18.617480057262476
6283,2020-12-27,10 day ahead inc hosp,2021-01-06,06021,quantile,0.85,19.72816430199136
6284,2020-12-27,10 day ahead inc hosp,2021-01-06,06021,quantile,0.9,21.125658698320976
6285,2020-12-27,10 day ahead inc hosp,2021-01-06,06021,quantile,0.95,23.196955911653127
6286,2020-12-27,10 day ahead inc hosp,2021-01-06,06021,quantile,0.975,24.993497343424316
6287,2020-12-27,10 day ahead inc hosp,2021-01-06,06021,quantile,0.99,27.082365010164224
6288,2020-12-27,11 day ahead inc hosp,2021-01-07,06021,point,NA,14.169466972351074
6289,2020-12-27,11 day ahead inc hosp,2021-01-07,06021,quantile,0.01,7.359533365644531
6290,2020-12-27,11 day ahead inc hosp,2021-01-07,06021,quantile,0.025,8.43205136259113
6291,2020-12-27,11 day ahead inc hosp,2021-01-07,06021,quantile,0.05,9.354476008496055
6292,2020-12-27,11 day ahead inc hosp,2021-01-07,06021,quantile,0.1,10.417972549562807
6293,2020-12-27,11 day ahead inc hosp,2021-01-07,06021,quantile,0.15,11.135508616859386
6294,2020-12-27,11 day ahead inc hosp,2021-01-07,06021,quantile,0.2,11.705783536790488
6295,2020-12-27,11 day ahead inc hosp,2021-01-07,06021,quantile,0.25,12.195028639849664
6296,2020-12-27,11 day ahead inc hosp,2021-01-07,06021,quantile,0.3,12.634385863152385
6297,2020-12-27,11 day ahead inc hosp,2021-01-07,06021,quantile,0.35,13.041515807857836
6298,2020-12-27,11 day ahead inc hosp,2021-01-07,06021,quantile,0.4,13.427842312059214
6299,2020-12-27,11 day ahead inc hosp,2021-01-07,06021,quantile,0.45,13.801617675794255
6300,2020-12-27,11 day ahead inc hosp,2021-01-07,06021,quantile,0.5,14.169466972351074
6301,2020-12-27,11 day ahead inc hosp,2021-01-07,06021,quantile,0.55,15.048840601858597
6302,2020-12-27,11 day ahead inc hosp,2021-01-07,06021,quantile,0.6,15.942380976421763
6303,2020-12-27,11 day ahead inc hosp,2021-01-07,06021,quantile,0.65,16.865925871992992
6304,2020-12-27,11 day ahead inc hosp,2021-01-07,06021,quantile,0.7,17.839203082274484
6305,2020-12-27,11 day ahead inc hosp,2021-01-07,06021,quantile,0.75,18.889522220363094
6306,2020-12-27,11 day ahead inc hosp,2021-01-07,06021,quantile,0.8,20.059102388173677
6307,2020-12-27,11 day ahead inc hosp,2021-01-07,06021,quantile,0.85,21.422390916522033
6308,2020-12-27,11 day ahead inc hosp,2021-01-07,06021,quantile,0.9,23.13771918194848
6309,2020-12-27,11 day ahead inc hosp,2021-01-07,06021,quantile,0.95,25.680094067643303
6310,2020-12-27,11 day ahead inc hosp,2021-01-07,06021,quantile,0.975,27.885225126501567
6311,2020-12-27,11 day ahead inc hosp,2021-01-07,06021,quantile,0.99,30.449166535429573
6312,2020-12-27,12 day ahead inc hosp,2021-01-08,06021,point,NA,14.24838638305664
6313,2020-12-27,12 day ahead inc hosp,2021-01-08,06021,quantile,0.01,8.353639031907688
6314,2020-12-27,12 day ahead inc hosp,2021-01-08,06021,quantile,0.025,9.282021448930713
6315,2020-12-27,12 day ahead inc hosp,2021-01-08,06021,quantile,0.05,10.080481544448775
6316,2020-12-27,12 day ahead inc hosp,2021-01-08,06021,quantile,0.1,11.001054898091377
6317,2020-12-27,12 day ahead inc hosp,2021-01-08,06021,quantile,0.15,11.622161369362239
6318,2020-12-27,12 day ahead inc hosp,2021-01-08,06021,quantile,0.2,12.1157971032525
6319,2020-12-27,12 day ahead inc hosp,2021-01-08,06021,quantile,0.25,12.539292608771158
6320,2020-12-27,12 day ahead inc hosp,2021-01-08,06021,quantile,0.3,12.919604661405751
6321,2020-12-27,12 day ahead inc hosp,2021-01-08,06021,quantile,0.35,13.272020455997698
6322,2020-12-27,12 day ahead inc hosp,2021-01-08,06021,quantile,0.4,13.606428582249762
6323,2020-12-27,12 day ahead inc hosp,2021-01-08,06021,quantile,0.45,13.929972314472352
6324,2020-12-27,12 day ahead inc hosp,2021-01-08,06021,quantile,0.5,14.24838638305664
6325,2020-12-27,12 day ahead inc hosp,2021-01-08,06021,quantile,0.55,15.097986723517526
6326,2020-12-27,12 day ahead inc hosp,2021-01-08,06021,quantile,0.6,15.961274160132563
6327,2020-12-27,12 day ahead inc hosp,2021-01-08,06021,quantile,0.65,16.853550243220994
6328,2020-12-27,12 day ahead inc hosp,2021-01-08,06021,quantile,0.7,17.793874835034217
6329,2020-12-27,12 day ahead inc hosp,2021-01-08,06021,quantile,0.75,18.808632916661487
6330,2020-12-27,12 day ahead inc hosp,2021-01-08,06021,quantile,0.8,19.938614161749154
6331,2020-12-27,12 day ahead inc hosp,2021-01-08,06021,quantile,0.85,21.255745309381858
6332,2020-12-27,12 day ahead inc hosp,2021-01-08,06021,quantile,0.9,22.912997050174503
6333,2020-12-27,12 day ahead inc hosp,2021-01-08,06021,quantile,0.95,25.369293777738633
6334,2020-12-27,12 day ahead inc hosp,2021-01-08,06021,quantile,0.975,27.499764871596724
6335,2020-12-27,12 day ahead inc hosp,2021-01-08,06021,quantile,0.99,29.976897936374804
6336,2020-12-27,13 day ahead inc hosp,2021-01-09,06021,point,NA,14.073311805725098
6337,2020-12-27,13 day ahead inc hosp,2021-01-09,06021,quantile,0.01,3.052826231968874
6338,2020-12-27,13 day ahead inc hosp,2021-01-09,06021,quantile,0.025,4.788477384471108
6339,2020-12-27,13 day ahead inc hosp,2021-01-09,06021,quantile,0.05,6.281233127796005
6340,2020-12-27,13 day ahead inc hosp,2021-01-09,06021,quantile,0.1,8.002284897966492
6341,2020-12-27,13 day ahead inc hosp,2021-01-09,06021,quantile,0.15,9.163470356588906
6342,2020-12-27,13 day ahead inc hosp,2021-01-09,06021,quantile,0.2,10.086343748773874
6343,2020-12-27,13 day ahead inc hosp,2021-01-09,06021,quantile,0.25,10.878086945063583
6344,2020-12-27,13 day ahead inc hosp,2021-01-09,06021,quantile,0.3,11.589096805183923
6345,2020-12-27,13 day ahead inc hosp,2021-01-09,06021,quantile,0.35,12.247953402236785
6346,2020-12-27,13 day ahead inc hosp,2021-01-09,06021,quantile,0.4,12.873143883112851
6347,2020-12-27,13 day ahead inc hosp,2021-01-09,06021,quantile,0.45,13.478022908630935
6348,2020-12-27,13 day ahead inc hosp,2021-01-09,06021,quantile,0.5,14.073311805725098
6349,2020-12-27,13 day ahead inc hosp,2021-01-09,06021,quantile,0.55,14.930941006683053
6350,2020-12-27,13 day ahead inc hosp,2021-01-09,06021,quantile,0.6,15.802386649065399
6351,2020-12-27,13 day ahead inc hosp,2021-01-09,06021,quantile,0.65,16.70309488531434
6352,2020-12-27,13 day ahead inc hosp,2021-01-09,06021,quantile,0.7,17.652305696459276
6353,2020-12-27,13 day ahead inc hosp,2021-01-09,06021,quantile,0.75,18.676653405924082
6354,2020-12-27,13 day ahead inc hosp,2021-01-09,06021,quantile,0.8,19.817313156361912
6355,2020-12-27,13 day ahead inc hosp,2021-01-09,06021,quantile,0.85,21.1468914061638
6356,2020-12-27,13 day ahead inc hosp,2021-01-09,06021,quantile,0.9,22.81980444368819
6357,2020-12-27,13 day ahead inc hosp,2021-01-09,06021,quantile,0.95,25.299313572219965
6358,2020-12-27,13 day ahead inc hosp,2021-01-09,06021,quantile,0.975,27.44991796215977
6359,2020-12-27,13 day ahead inc hosp,2021-01-09,06021,quantile,0.99,29.95046033465893
6360,2020-12-27,14 day ahead inc hosp,2021-01-10,06021,point,NA,14.794827461242676
6361,2020-12-27,14 day ahead inc hosp,2021-01-10,06021,quantile,0.01,3.6129103712846966
6362,2020-12-27,14 day ahead inc hosp,2021-01-10,06021,quantile,0.025,5.373985884199234
6363,2020-12-27,14 day ahead inc hosp,2021-01-10,06021,quantile,0.05,6.88860798008646
6364,2020-12-27,14 day ahead inc hosp,2021-01-10,06021,quantile,0.1,8.634870254355057
6365,2020-12-27,14 day ahead inc hosp,2021-01-10,06021,quantile,0.15,9.81306512040533
6366,2020-12-27,14 day ahead inc hosp,2021-01-10,06021,quantile,0.2,10.74945705040477
6367,2020-12-27,14 day ahead inc hosp,2021-01-10,06021,quantile,0.25,11.552797948425864
6368,2020-12-27,14 day ahead inc hosp,2021-01-10,06021,quantile,0.3,12.274222903143029
6369,2020-12-27,14 day ahead inc hosp,2021-01-10,06021,quantile,0.35,12.94273063749923
6370,2020-12-27,14 day ahead inc hosp,2021-01-10,06021,quantile,0.4,13.577079103889389
6371,2020-12-27,14 day ahead inc hosp,2021-01-10,06021,quantile,0.45,14.19081858637686
6372,2020-12-27,14 day ahead inc hosp,2021-01-10,06021,quantile,0.5,14.794827461242676
6373,2020-12-27,14 day ahead inc hosp,2021-01-10,06021,quantile,0.55,15.655357868737891
6374,2020-12-27,14 day ahead inc hosp,2021-01-10,06021,quantile,0.6,16.5297514562132
6375,2020-12-27,14 day ahead inc hosp,2021-01-10,06021,quantile,0.65,17.433506627688054
6376,2020-12-27,14 day ahead inc hosp,2021-01-10,06021,quantile,0.7,18.385928449614173
6377,2020-12-27,14 day ahead inc hosp,2021-01-10,06021,quantile,0.75,19.4137413445785
6378,2020-12-27,14 day ahead inc hosp,2021-01-10,06021,quantile,0.8,20.55825974339382
6379,2020-12-27,14 day ahead inc hosp,2021-01-10,06021,quantile,0.85,21.892335719142785
6380,2020-12-27,14 day ahead inc hosp,2021-01-10,06021,quantile,0.9,23.570907922930772
6381,2020-12-27,14 day ahead inc hosp,2021-01-10,06021,quantile,0.95,26.05880478835963
6382,2020-12-27,14 day ahead inc hosp,2021-01-10,06021,quantile,0.975,28.216684289161083
6383,2020-12-27,14 day ahead inc hosp,2021-01-10,06021,quantile,0.99,30.725685550268153
6384,2020-12-27,15 day ahead inc hosp,2021-01-11,06021,point,NA,14.353301048278809
6385,2020-12-27,15 day ahead inc hosp,2021-01-11,06021,quantile,0.01,8.820592938360175
6386,2020-12-27,15 day ahead inc hosp,2021-01-11,06021,quantile,0.025,9.691956649438987
6387,2020-12-27,15 day ahead inc hosp,2021-01-11,06021,quantile,0.05,10.441377512244607
6388,2020-12-27,15 day ahead inc hosp,2021-01-11,06021,quantile,0.1,11.30541177123294
6389,2020-12-27,15 day ahead inc hosp,2021-01-11,06021,quantile,0.15,11.88837158376052
6390,2020-12-27,15 day ahead inc hosp,2021-01-11,06021,quantile,0.2,12.351689562555311
6391,2020-12-27,15 day ahead inc hosp,2021-01-11,06021,quantile,0.25,12.749175133746157
6392,2020-12-27,15 day ahead inc hosp,2021-01-11,06021,quantile,0.3,13.106129461483562
6393,2020-12-27,15 day ahead inc hosp,2021-01-11,06021,quantile,0.35,13.436900842961384
6394,2020-12-27,15 day ahead inc hosp,2021-01-11,06021,quantile,0.4,13.75077053777992
6395,2020-12-27,15 day ahead inc hosp,2021-01-11,06021,quantile,0.45,14.054443099901238
6396,2020-12-27,15 day ahead inc hosp,2021-01-11,06021,quantile,0.5,14.353301048278809
6397,2020-12-27,15 day ahead inc hosp,2021-01-11,06021,quantile,0.55,15.100714720340626
6398,2020-12-27,15 day ahead inc hosp,2021-01-11,06021,quantile,0.6,15.860169257158795
6399,2020-12-27,15 day ahead inc hosp,2021-01-11,06021,quantile,0.65,16.64512579730364
6400,2020-12-27,15 day ahead inc hosp,2021-01-11,06021,quantile,0.7,17.472351755941904
6401,2020-12-27,15 day ahead inc hosp,2021-01-11,06021,quantile,0.75,18.36505862989632
6402,2020-12-27,15 day ahead inc hosp,2021-01-11,06021,quantile,0.8,19.35913006740752
6403,2020-12-27,15 day ahead inc hosp,2021-01-11,06021,quantile,0.85,20.517841735419708
6404,2020-12-27,15 day ahead inc hosp,2021-01-11,06021,quantile,0.9,21.97576559694351
6405,2020-12-27,15 day ahead inc hosp,2021-01-11,06021,quantile,0.95,24.136628380762815
6406,2020-12-27,15 day ahead inc hosp,2021-01-11,06021,quantile,0.975,26.010854587661726
6407,2020-12-27,15 day ahead inc hosp,2021-01-11,06021,quantile,0.99,28.190047594019486
6408,2020-12-27,16 day ahead inc hosp,2021-01-12,06021,point,NA,15.450560569763184
6409,2020-12-27,16 day ahead inc hosp,2021-01-12,06021,quantile,0.01,9.622653433892062
6410,2020-12-27,16 day ahead inc hosp,2021-01-12,06021,quantile,0.025,10.540508973863794
6411,2020-12-27,16 day ahead inc hosp,2021-01-12,06021,quantile,0.05,11.329915374372387
6412,2020-12-27,16 day ahead inc hosp,2021-01-12,06021,quantile,0.1,12.240050397502909
6413,2020-12-27,16 day ahead inc hosp,2021-01-12,06021,quantile,0.15,12.854114176733354
6414,2020-12-27,16 day ahead inc hosp,2021-01-12,06021,quantile,0.2,13.342152602247774
6415,2020-12-27,16 day ahead inc hosp,2021-01-12,06021,quantile,0.25,13.760846115573747
6416,2020-12-27,16 day ahead inc hosp,2021-01-12,06021,quantile,0.3,14.136845830807502
6417,2020-12-27,16 day ahead inc hosp,2021-01-12,06021,quantile,0.35,14.485265602130829
6418,2020-12-27,16 day ahead inc hosp,2021-01-12,06021,quantile,0.4,14.81588189307294
6419,2020-12-27,16 day ahead inc hosp,2021-01-12,06021,quantile,0.45,15.135756980750594
6420,2020-12-27,16 day ahead inc hosp,2021-01-12,06021,quantile,0.5,15.450560569763184
6421,2020-12-27,16 day ahead inc hosp,2021-01-12,06021,quantile,0.55,16.09818167700717
6422,2020-12-27,16 day ahead inc hosp,2021-01-12,06021,quantile,0.6,16.756235986716092
6423,2020-12-27,16 day ahead inc hosp,2021-01-12,06021,quantile,0.65,17.436387344216236
6424,2020-12-27,16 day ahead inc hosp,2021-01-12,06021,quantile,0.7,18.153164426707136
6425,2020-12-27,16 day ahead inc hosp,2021-01-12,06021,quantile,0.75,18.92667959744228
6426,2020-12-27,16 day ahead inc hosp,2021-01-12,06021,quantile,0.8,19.78802542118763
6427,2020-12-27,16 day ahead inc hosp,2021-01-12,06021,quantile,0.85,20.792029176356444
6428,2020-12-27,16 day ahead inc hosp,2021-01-12,06021,quantile,0.9,22.05529515712563
6429,2020-12-27,16 day ahead inc hosp,2021-01-12,06021,quantile,0.95,23.927645638484815
6430,2020-12-27,16 day ahead inc hosp,2021-01-12,06021,quantile,0.975,25.551630449987137
6431,2020-12-27,16 day ahead inc hosp,2021-01-12,06021,quantile,0.99,27.43986375428644
6432,2020-12-27,17 day ahead inc hosp,2021-01-13,06021,point,NA,15.871159553527832
6433,2020-12-27,17 day ahead inc hosp,2021-01-13,06021,quantile,0.01,10.037039289355803
6434,2020-12-27,17 day ahead inc hosp,2021-01-13,06021,quantile,0.025,10.955873354568002
6435,2020-12-27,17 day ahead inc hosp,2021-01-13,06021,quantile,0.05,11.746121340766546
6436,2020-12-27,17 day ahead inc hosp,2021-01-13,06021,quantile,0.1,12.657226658299162
6437,2020-12-27,17 day ahead inc hosp,2021-01-13,06021,quantile,0.15,13.271945090556217
6438,2020-12-27,17 day ahead inc hosp,2021-01-13,06021,quantile,0.2,13.760503813543263
6439,2020-12-27,17 day ahead inc hosp,2021-01-13,06021,quantile,0.25,14.179643695772583
6440,2020-12-27,17 day ahead inc hosp,2021-01-13,06021,quantile,0.3,14.556044264077158
6441,2020-12-27,17 day ahead inc hosp,2021-01-13,06021,quantile,0.35,14.904835485509643
6442,2020-12-27,17 day ahead inc hosp,2021-01-13,06021,quantile,0.4,15.235804246281164
6443,2020-12-27,17 day ahead inc hosp,2021-01-13,06021,quantile,0.45,15.556020352597875
6444,2020-12-27,17 day ahead inc hosp,2021-01-13,06021,quantile,0.5,15.871159553527832
6445,2020-12-27,17 day ahead inc hosp,2021-01-13,06021,quantile,0.55,16.589769082615415
6446,2020-12-27,17 day ahead inc hosp,2021-01-13,06021,quantile,0.6,17.31995544054063
6447,2020-12-27,17 day ahead inc hosp,2021-01-13,06021,quantile,0.65,18.074660994844503
6448,2020-12-27,17 day ahead inc hosp,2021-01-13,06021,quantile,0.7,18.870006970984075
6449,2020-12-27,17 day ahead inc hosp,2021-01-13,06021,quantile,0.75,19.72831033133868
6450,2020-12-27,17 day ahead inc hosp,2021-01-13,06021,quantile,0.8,20.68407182499551
6451,2020-12-27,17 day ahead inc hosp,2021-01-13,06021,quantile,0.85,21.798128574588468
6452,2020-12-27,17 day ahead inc hosp,2021-01-13,06021,quantile,0.9,23.19986635212342
6453,2020-12-27,17 day ahead inc hosp,2021-01-13,06021,quantile,0.95,25.277452895623043
6454,2020-12-27,17 day ahead inc hosp,2021-01-13,06021,quantile,0.975,27.079449383361684
6455,2020-12-27,17 day ahead inc hosp,2021-01-13,06021,quantile,0.99,29.174659731561174
6456,2020-12-27,18 day ahead inc hosp,2021-01-14,06021,point,NA,16.519412994384766
6457,2020-12-27,18 day ahead inc hosp,2021-01-14,06021,quantile,0.01,9.970527284468801
6458,2020-12-27,18 day ahead inc hosp,2021-01-14,06021,quantile,0.025,11.001932021941442
6459,2020-12-27,18 day ahead inc hosp,2021-01-14,06021,quantile,0.05,11.888996996567908
6460,2020-12-27,18 day ahead inc hosp,2021-01-14,06021,quantile,0.1,12.91172610122146
6461,2020-12-27,18 day ahead inc hosp,2021-01-14,06021,quantile,0.15,13.60175657271389
6462,2020-12-27,18 day ahead inc hosp,2021-01-14,06021,quantile,0.2,14.150170917044985
6463,2020-12-27,18 day ahead inc hosp,2021-01-14,06021,quantile,0.25,14.620661592741918
6464,2020-12-27,18 day ahead inc hosp,2021-01-14,06021,quantile,0.3,15.043176760643396
6465,2020-12-27,18 day ahead inc hosp,2021-01-14,06021,quantile,0.35,15.434700031051591
6466,2020-12-27,18 day ahead inc hosp,2021-01-14,06021,quantile,0.4,15.806217327524875
6467,2020-12-27,18 day ahead inc hosp,2021-01-14,06021,quantile,0.45,16.165664611397425
6468,2020-12-27,18 day ahead inc hosp,2021-01-14,06021,quantile,0.5,16.519412994384766
6469,2020-12-27,18 day ahead inc hosp,2021-01-14,06021,quantile,0.55,17.39600519743409
6470,2020-12-27,18 day ahead inc hosp,2021-01-14,06021,quantile,0.6,18.286719336645312
6471,2020-12-27,18 day ahead inc hosp,2021-01-14,06021,quantile,0.65,19.20734309366783
6472,2020-12-27,18 day ahead inc hosp,2021-01-14,06021,quantile,0.7,20.177541863917686
6473,2020-12-27,18 day ahead inc hosp,2021-01-14,06021,quantile,0.75,21.22453888118961
6474,2020-12-27,18 day ahead inc hosp,2021-01-14,06021,quantile,0.8,22.390419709931365
6475,2020-12-27,18 day ahead inc hosp,2021-01-14,06021,quantile,0.85,23.74939620678859
6476,2020-12-27,18 day ahead inc hosp,2021-01-14,06021,quantile,0.9,25.459298951978973
6477,2020-12-27,18 day ahead inc hosp,2021-01-14,06021,quantile,0.95,27.99363239938585
6478,2020-12-27,18 day ahead inc hosp,2021-01-14,06021,quantile,0.975,30.191788709781
6479,2020-12-27,18 day ahead inc hosp,2021-01-14,06021,quantile,0.99,32.747620466301015
6480,2020-12-27,19 day ahead inc hosp,2021-01-15,06021,point,NA,16.598690032958984
6481,2020-12-27,19 day ahead inc hosp,2021-01-15,06021,quantile,0.01,10.87818926044639
6482,2020-12-27,19 day ahead inc hosp,2021-01-15,06021,quantile,0.025,11.779129032315016
6483,2020-12-27,19 day ahead inc hosp,2021-01-15,06021,quantile,0.05,12.55398693904808
6484,2020-12-27,19 day ahead inc hosp,2021-01-15,06021,quantile,0.1,13.44734848059754
6485,2020-12-27,19 day ahead inc hosp,2021-01-15,06021,quantile,0.15,14.050095271437526
6486,2020-12-27,19 day ahead inc hosp,2021-01-15,06021,quantile,0.2,14.529139313335039
6487,2020-12-27,19 day ahead inc hosp,2021-01-15,06021,quantile,0.25,14.94011644639281
6488,2020-12-27,19 day ahead inc hosp,2021-01-15,06021,quantile,0.3,15.309186613660962
6489,2020-12-27,19 day ahead inc hosp,2021-01-15,06021,quantile,0.35,15.651185126085066
6490,2020-12-27,19 day ahead inc hosp,2021-01-15,06021,quantile,0.4,15.975708270268093
6491,2020-12-27,19 day ahead inc hosp,2021-01-15,06021,quantile,0.45,16.289688167940923
6492,2020-12-27,19 day ahead inc hosp,2021-01-15,06021,quantile,0.5,16.598690032958984
6493,2020-12-27,19 day ahead inc hosp,2021-01-15,06021,quantile,0.55,17.43910673469185
6494,2020-12-27,19 day ahead inc hosp,2021-01-15,06021,quantile,0.6,18.293062583784206
6495,2020-12-27,19 day ahead inc hosp,2021-01-15,06021,quantile,0.65,19.175693730539052
6496,2020-12-27,19 day ahead inc hosp,2021-01-15,06021,quantile,0.7,20.105854012232534
6497,2020-12-27,19 day ahead inc hosp,2021-01-15,06021,quantile,0.75,21.10964320510801
6498,2020-12-27,19 day ahead inc hosp,2021-01-15,06021,quantile,0.8,22.227410072411065
6499,2020-12-27,19 day ahead inc hosp,2021-01-15,06021,quantile,0.85,23.530303870973594
6500,2020-12-27,19 day ahead inc hosp,2021-01-15,06021,quantile,0.9,25.16964177564352
6501,2020-12-27,19 day ahead inc hosp,2021-01-15,06021,quantile,0.95,27.599387499541002
6502,2020-12-27,19 day ahead inc hosp,2021-01-15,06021,quantile,0.975,29.706829557375087
6503,2020-12-27,19 day ahead inc hosp,2021-01-15,06021,quantile,0.99,32.15718639094802
6504,2020-12-27,20 day ahead inc hosp,2021-01-16,06021,point,NA,16.80663299560547
6505,2020-12-27,20 day ahead inc hosp,2021-01-16,06021,quantile,0.01,6.152939412268143
6506,2020-12-27,20 day ahead inc hosp,2021-01-16,06021,quantile,0.025,7.830823333314154
6507,2020-12-27,20 day ahead inc hosp,2021-01-16,06021,quantile,0.05,9.273896070691723
6508,2020-12-27,20 day ahead inc hosp,2021-01-16,06021,quantile,0.1,10.937666516897856
6509,2020-12-27,20 day ahead inc hosp,2021-01-16,06021,quantile,0.15,12.06020453818522
6510,2020-12-27,20 day ahead inc hosp,2021-01-16,06021,quantile,0.2,12.952362172324982
6511,2020-12-27,20 day ahead inc hosp,2021-01-16,06021,quantile,0.25,13.71775398319486
6512,2020-12-27,20 day ahead inc hosp,2021-01-16,06021,quantile,0.3,14.405099484784389
6513,2020-12-27,20 day ahead inc hosp,2021-01-16,06021,quantile,0.35,15.04202752696403
6514,2020-12-27,20 day ahead inc hosp,2021-01-16,06021,quantile,0.4,15.646409953663468
6515,2020-12-27,20 day ahead inc hosp,2021-01-16,06021,quantile,0.45,16.231156945956016
6516,2020-12-27,20 day ahead inc hosp,2021-01-16,06021,quantile,0.5,16.80663299560547
6517,2020-12-27,20 day ahead inc hosp,2021-01-16,06021,quantile,0.55,17.660476331153095
6518,2020-12-27,20 day ahead inc hosp,2021-01-16,06021,quantile,0.6,18.528075117678867
6519,2020-12-27,20 day ahead inc hosp,2021-01-16,06021,quantile,0.65,19.42480732308301
6520,2020-12-27,20 day ahead inc hosp,2021-01-16,06021,quantile,0.7,20.369827996610187
6521,2020-12-27,20 day ahead inc hosp,2021-01-16,06021,quantile,0.75,21.389653888770873
6522,2020-12-27,20 day ahead inc hosp,2021-01-16,06021,quantile,0.8,22.525278381209894
6523,2020-12-27,20 day ahead inc hosp,2021-01-16,06021,quantile,0.85,23.848987422849763
6524,2020-12-27,20 day ahead inc hosp,2021-01-16,06021,quantile,0.9,25.51451565631644
6525,2020-12-27,20 day ahead inc hosp,2021-01-16,06021,quantile,0.95,27.983079392790888
6526,2020-12-27,20 day ahead inc hosp,2021-01-16,06021,quantile,0.975,30.124190287450826
6527,2020-12-27,20 day ahead inc hosp,2021-01-16,06021,quantile,0.99,32.6136944200387
6528,2020-12-27,21 day ahead inc hosp,2021-01-17,06021,point,NA,19.047155380249023
6529,2020-12-27,21 day ahead inc hosp,2021-01-17,06021,quantile,0.01,8.193798631559659
6530,2020-12-27,21 day ahead inc hosp,2021-01-17,06021,quantile,0.025,9.903128136444622
6531,2020-12-27,21 day ahead inc hosp,2021-01-17,06021,quantile,0.05,11.373245810709495
6532,2020-12-27,21 day ahead inc hosp,2021-01-17,06021,quantile,0.1,13.068197337083754
6533,2020-12-27,21 day ahead inc hosp,2021-01-17,06021,quantile,0.15,14.21177308512804
6534,2020-12-27,21 day ahead inc hosp,2021-01-17,06021,quantile,0.2,15.120650837584698
6535,2020-12-27,21 day ahead inc hosp,2021-01-17,06021,quantile,0.25,15.900387021182906
6536,2020-12-27,21 day ahead inc hosp,2021-01-17,06021,quantile,0.3,16.60061421281395
6537,2020-12-27,21 day ahead inc hosp,2021-01-17,06021,quantile,0.35,17.249479060572643
6538,2020-12-27,21 day ahead inc hosp,2021-01-17,06021,quantile,0.4,17.865188348463835
6539,2020-12-27,21 day ahead inc hosp,2021-01-17,06021,quantile,0.45,18.460894210044103
6540,2020-12-27,21 day ahead inc hosp,2021-01-17,06021,quantile,0.5,19.047155380249023
6541,2020-12-27,21 day ahead inc hosp,2021-01-17,06021,quantile,0.55,19.88685232294753
6542,2020-12-27,21 day ahead inc hosp,2021-01-17,06021,quantile,0.6,20.740076817658114
6543,2020-12-27,21 day ahead inc hosp,2021-01-17,06021,quantile,0.65,21.621952051613306
6544,2020-12-27,21 day ahead inc hosp,2021-01-17,06021,quantile,0.7,22.551315715075887
6545,2020-12-27,21 day ahead inc hosp,2021-01-17,06021,quantile,0.75,23.554245231628094
6546,2020-12-27,21 day ahead inc hosp,2021-01-17,06021,quantile,0.8,24.671054808578173
6547,2020-12-27,21 day ahead inc hosp,2021-01-17,06021,quantile,0.85,25.972832768318852
6548,2020-12-27,21 day ahead inc hosp,2021-01-17,06021,quantile,0.9,27.61076669295742
6549,2020-12-27,21 day ahead inc hosp,2021-01-17,06021,quantile,0.95,30.038431506953465
6550,2020-12-27,21 day ahead inc hosp,2021-01-17,06021,quantile,0.975,32.14406868578242
6551,2020-12-27,21 day ahead inc hosp,2021-01-17,06021,quantile,0.99,34.59232695745776
6552,2020-12-27,22 day ahead inc hosp,2021-01-18,06021,point,NA,16.271278381347656
6553,2020-12-27,22 day ahead inc hosp,2021-01-18,06021,quantile,0.01,10.1607055225249
6554,2020-12-27,22 day ahead inc hosp,2021-01-18,06021,quantile,0.025,11.123078981832437
6555,2020-12-27,22 day ahead inc hosp,2021-01-18,06021,quantile,0.05,11.950773248928503
6556,2020-12-27,22 day ahead inc hosp,2021-01-18,06021,quantile,0.1,12.9050517301305
6557,2020-12-27,22 day ahead inc hosp,2021-01-18,06021,quantile,0.15,13.548898890950236
6558,2020-12-27,22 day ahead inc hosp,2021-01-18,06021,quantile,0.2,14.060608203999411
6559,2020-12-27,22 day ahead inc hosp,2021-01-18,06021,quantile,0.25,14.499609231134414
6560,2020-12-27,22 day ahead inc hosp,2021-01-18,06021,quantile,0.3,14.89384572139878
6561,2020-12-27,22 day ahead inc hosp,2021-01-18,06021,quantile,0.35,15.259164582610747
6562,2020-12-27,22 day ahead inc hosp,2021-01-18,06021,quantile,0.4,15.605816457291578
6563,2020-12-27,22 day ahead inc hosp,2021-01-18,06021,quantile,0.45,15.941206157814742
6564,2020-12-27,22 day ahead inc hosp,2021-01-18,06021,quantile,0.5,16.271278381347656
6565,2020-12-27,22 day ahead inc hosp,2021-01-18,06021,quantile,0.55,17.11847988454734
6566,2020-12-27,22 day ahead inc hosp,2021-01-18,06021,quantile,0.6,17.979329838535016
6567,2020-12-27,22 day ahead inc hosp,2021-01-18,06021,quantile,0.65,18.869086589870086
6568,2020-12-27,22 day ahead inc hosp,2021-01-18,06021,quantile,0.7,19.806756185491526
6569,2020-12-27,22 day ahead inc hosp,2021-01-18,06021,quantile,0.75,20.818649108783305
6570,2020-12-27,22 day ahead inc hosp,2021-01-18,06021,quantile,0.8,21.94543986419473
6571,2020-12-27,22 day ahead inc hosp,2021-01-18,06021,quantile,0.85,23.25885210644998
6572,2020-12-27,22 day ahead inc hosp,2021-01-18,06021,quantile,0.9,24.911424615093487
6573,2020-12-27,22 day ahead inc hosp,2021-01-18,06021,quantile,0.95,27.360786015735037
6574,2020-12-27,22 day ahead inc hosp,2021-01-18,06021,quantile,0.975,29.48524174778067
6575,2020-12-27,22 day ahead inc hosp,2021-01-18,06021,quantile,0.99,31.955380654466126
6576,2020-12-27,23 day ahead inc hosp,2021-01-19,06021,point,NA,17.18366050720215
6577,2020-12-27,23 day ahead inc hosp,2021-01-19,06021,quantile,0.01,11.246479519757074
6578,2020-12-27,23 day ahead inc hosp,2021-01-19,06021,quantile,0.025,12.181544944461503
6579,2020-12-27,23 day ahead inc hosp,2021-01-19,06021,quantile,0.05,12.985752795272857
6580,2020-12-27,23 day ahead inc hosp,2021-01-19,06021,quantile,0.1,13.912952942660022
6581,2020-12-27,23 day ahead inc hosp,2021-01-19,06021,quantile,0.15,14.538530480209566
6582,2020-12-27,23 day ahead inc hosp,2021-01-19,06021,quantile,0.2,15.03571967584244
6583,2020-12-27,23 day ahead inc hosp,2021-01-19,06021,quantile,0.25,15.462263735130023
6584,2020-12-27,23 day ahead inc hosp,2021-01-19,06021,quantile,0.3,15.84531348326863
6585,2020-12-27,23 day ahead inc hosp,2021-01-19,06021,quantile,0.35,16.200266160743233
6586,2020-12-27,23 day ahead inc hosp,2021-01-19,06021,quantile,0.4,16.53708154076862
6587,2020-12-27,23 day ahead inc hosp,2021-01-19,06021,quantile,0.45,16.862954318875826
6588,2020-12-27,23 day ahead inc hosp,2021-01-19,06021,quantile,0.5,17.18366050720215
6589,2020-12-27,23 day ahead inc hosp,2021-01-19,06021,quantile,0.55,17.88434700571021
6590,2020-12-27,23 day ahead inc hosp,2021-01-19,06021,quantile,0.6,18.596321592301894
6591,2020-12-27,23 day ahead inc hosp,2021-01-19,06021,quantile,0.65,19.332203835501755
6592,2020-12-27,23 day ahead inc hosp,2021-01-19,06021,quantile,0.7,20.107712877013213
6593,2020-12-27,23 day ahead inc hosp,2021-01-19,06021,quantile,0.75,20.94460906594654
6594,2020-12-27,23 day ahead inc hosp,2021-01-19,06021,quantile,0.8,21.876532659068864
6595,2020-12-27,23 day ahead inc hosp,2021-01-19,06021,quantile,0.85,22.962803424226536
6596,2020-12-27,23 day ahead inc hosp,2021-01-19,06021,quantile,0.9,24.329580088619657
6597,2020-12-27,23 day ahead inc hosp,2021-01-19,06021,quantile,0.95,26.35534899591562
6598,2020-12-27,23 day ahead inc hosp,2021-01-19,06021,quantile,0.975,28.11240141201784
6599,2020-12-27,23 day ahead inc hosp,2021-01-19,06021,quantile,0.99,30.15535456403321
6600,2020-12-27,24 day ahead inc hosp,2021-01-20,06021,point,NA,18.15677833557129
6601,2020-12-27,24 day ahead inc hosp,2021-01-20,06021,quantile,0.01,12.223844261480977
6602,2020-12-27,24 day ahead inc hosp,2021-01-20,06021,quantile,0.025,13.158240826359817
6603,2020-12-27,24 day ahead inc hosp,2021-01-20,06021,quantile,0.05,13.961873420821593
6604,2020-12-27,24 day ahead inc hosp,2021-01-20,06021,quantile,0.1,14.88841033447935
6605,2020-12-27,24 day ahead inc hosp,2021-01-20,06021,quantile,0.15,15.513540391380372
6606,2020-12-27,24 day ahead inc hosp,2021-01-20,06021,quantile,0.2,16.010373943579225
6607,2020-12-27,24 day ahead inc hosp,2021-01-20,06021,quantile,0.25,16.43661289246751
6608,2020-12-27,24 day ahead inc hosp,2021-01-20,06021,quantile,0.3,16.819388642037715
6609,2020-12-27,24 day ahead inc hosp,2021-01-20,06021,quantile,0.35,17.174087419004742
6610,2020-12-27,24 day ahead inc hosp,2021-01-20,06021,quantile,0.4,17.510661872277428
6611,2020-12-27,24 day ahead inc hosp,2021-01-20,06021,quantile,0.45,17.836301550963167
6612,2020-12-27,24 day ahead inc hosp,2021-01-20,06021,quantile,0.5,18.15677833557129
6613,2020-12-27,24 day ahead inc hosp,2021-01-20,06021,quantile,0.55,18.906480172655172
6614,2020-12-27,24 day ahead inc hosp,2021-01-20,06021,quantile,0.6,19.668259736927283
6615,2020-12-27,24 day ahead inc hosp,2021-01-20,06021,quantile,0.65,20.45561937747842
6616,2020-12-27,24 day ahead inc hosp,2021-01-20,06021,quantile,0.7,21.285377841976096
6617,2020-12-27,24 day ahead inc hosp,2021-01-20,06021,quantile,0.75,22.180817687938244
6618,2020-12-27,24 day ahead inc hosp,2021-01-20,06021,quantile,0.8,23.177932419381268
6619,2020-12-27,24 day ahead inc hosp,2021-01-20,06021,quantile,0.85,24.34019141815353
6620,2020-12-27,24 day ahead inc hosp,2021-01-20,06021,quantile,0.9,25.80257863178002
6621,2020-12-27,24 day ahead inc hosp,2021-01-20,06021,quantile,0.95,27.970056775772996
6622,2020-12-27,24 day ahead inc hosp,2021-01-20,06021,quantile,0.975,29.850020821047593
6623,2020-12-27,24 day ahead inc hosp,2021-01-20,06021,quantile,0.99,32.03588530452688
6624,2020-12-27,25 day ahead inc hosp,2021-01-21,06021,point,NA,19.42552947998047
6625,2020-12-27,25 day ahead inc hosp,2021-01-21,06021,quantile,0.01,12.5488998655803
6626,2020-12-27,25 day ahead inc hosp,2021-01-21,06021,quantile,0.025,13.63192202786934
6627,2020-12-27,25 day ahead inc hosp,2021-01-21,06021,quantile,0.05,14.56338083546117
6628,2020-12-27,25 day ahead inc hosp,2021-01-21,06021,quantile,0.1,15.637293186370073
6629,2020-12-27,25 day ahead inc hosp,2021-01-21,06021,quantile,0.15,16.361856751117983
6630,2020-12-27,25 day ahead inc hosp,2021-01-21,06021,quantile,0.2,16.9377169032472
6631,2020-12-27,25 day ahead inc hosp,2021-01-21,06021,quantile,0.25,17.431753638213856
6632,2020-12-27,25 day ahead inc hosp,2021-01-21,06021,quantile,0.3,17.8754138950611
6633,2020-12-27,25 day ahead inc hosp,2021-01-21,06021,quantile,0.35,18.28653124162575
6634,2020-12-27,25 day ahead inc hosp,2021-01-21,06021,quantile,0.4,18.676641400262625
6635,2020-12-27,25 day ahead inc hosp,2021-01-21,06021,quantile,0.45,19.054077493451885
6636,2020-12-27,25 day ahead inc hosp,2021-01-21,06021,quantile,0.5,19.42552947998047
6637,2020-12-27,25 day ahead inc hosp,2021-01-21,06021,quantile,0.55,20.33657766011973
6638,2020-12-27,25 day ahead inc hosp,2021-01-21,06021,quantile,0.6,21.26230286361784
6639,2020-12-27,25 day ahead inc hosp,2021-01-21,06021,quantile,0.65,22.219113334336956
6640,2020-12-27,25 day ahead inc hosp,2021-01-21,06021,quantile,0.7,23.227447450171827
6641,2020-12-27,25 day ahead inc hosp,2021-01-21,06021,quantile,0.75,24.315598501343278
6642,2020-12-27,25 day ahead inc hosp,2021-01-21,06021,quantile,0.8,25.5273062984119
6643,2020-12-27,25 day ahead inc hosp,2021-01-21,06021,quantile,0.85,26.939699723777714
6644,2020-12-27,25 day ahead inc hosp,2021-01-21,06021,quantile,0.9,28.716813162389
6645,2020-12-27,25 day ahead inc hosp,2021-01-21,06021,quantile,0.95,31.350762982036407
6646,2020-12-27,25 day ahead inc hosp,2021-01-21,06021,quantile,0.975,33.63532163916429
6647,2020-12-27,25 day ahead inc hosp,2021-01-21,06021,quantile,0.99,36.29161479625579
6648,2020-12-27,26 day ahead inc hosp,2021-01-22,06021,point,NA,18.483531951904297
6649,2020-12-27,26 day ahead inc hosp,2021-01-22,06021,quantile,0.01,12.72198249054848
6650,2020-12-27,26 day ahead inc hosp,2021-01-22,06021,quantile,0.025,13.629387150340838
6651,2020-12-27,26 day ahead inc hosp,2021-01-22,06021,quantile,0.05,14.409805217342393
6652,2020-12-27,26 day ahead inc hosp,2021-01-22,06021,quantile,0.1,15.309577267587136
6653,2020-12-27,26 day ahead inc hosp,2021-01-22,06021,quantile,0.15,15.916649198209871
6654,2020-12-27,26 day ahead inc hosp,2021-01-22,06021,quantile,0.2,16.39913072409699
6655,2020-12-27,26 day ahead inc hosp,2021-01-22,06021,quantile,0.25,16.813056912338467
6656,2020-12-27,26 day ahead inc hosp,2021-01-22,06021,quantile,0.3,17.18477542230597
6657,2020-12-27,26 day ahead inc hosp,2021-01-22,06021,quantile,0.35,17.529228018922982
6658,2020-12-27,26 day ahead inc hosp,2021-01-22,06021,quantile,0.4,17.85607984901966
6659,2020-12-27,26 day ahead inc hosp,2021-01-22,06021,quantile,0.45,18.172312777263613
6660,2020-12-27,26 day ahead inc hosp,2021-01-22,06021,quantile,0.5,18.483531951904297
6661,2020-12-27,26 day ahead inc hosp,2021-01-22,06021,quantile,0.55,19.332095736293304
6662,2020-12-27,26 day ahead inc hosp,2021-01-22,06021,quantile,0.6,20.19432991787585
6663,2020-12-27,26 day ahead inc hosp,2021-01-22,06021,quantile,0.65,21.085517378293517
6664,2020-12-27,26 day ahead inc hosp,2021-01-22,06021,quantile,0.7,22.02469472578637
6665,2020-12-27,26 day ahead inc hosp,2021-01-22,06021,quantile,0.75,23.038214750410955
6666,2020-12-27,26 day ahead inc hosp,2021-01-22,06021,quantile,0.8,24.166817360315793
6667,2020-12-27,26 day ahead inc hosp,2021-01-22,06021,quantile,0.85,25.48234154026791
6668,2020-12-27,26 day ahead inc hosp,2021-01-22,06021,quantile,0.9,27.137571348779296
6669,2020-12-27,26 day ahead inc hosp,2021-01-22,06021,quantile,0.95,29.590871268119574
6670,2020-12-27,26 day ahead inc hosp,2021-01-22,06021,quantile,0.975,31.718743077769396
6671,2020-12-27,26 day ahead inc hosp,2021-01-22,06021,quantile,0.99,34.19285391292155
6672,2020-12-27,27 day ahead inc hosp,2021-01-23,06021,point,NA,18.917430877685547
6673,2020-12-27,27 day ahead inc hosp,2021-01-23,06021,quantile,0.01,7.86543483749198
6674,2020-12-27,27 day ahead inc hosp,2021-01-23,06021,quantile,0.025,9.606048673083071
6675,2020-12-27,27 day ahead inc hosp,2021-01-23,06021,quantile,0.05,11.103072597645028
6676,2020-12-27,27 day ahead inc hosp,2021-01-23,06021,quantile,0.1,12.829045307430917
6677,2020-12-27,27 day ahead inc hosp,2021-01-23,06021,quantile,0.15,13.993550900649634
6678,2020-12-27,27 day ahead inc hosp,2021-01-23,06021,quantile,0.2,14.91906303056133
6679,2020-12-27,27 day ahead inc hosp,2021-01-23,06021,quantile,0.25,15.713070028862912
6680,2020-12-27,27 day ahead inc hosp,2021-01-23,06021,quantile,0.3,16.426112853155654
6681,2020-12-27,27 day ahead inc hosp,2021-01-23,06021,quantile,0.35,17.086853294486477
6682,2020-12-27,27 day ahead inc hosp,2021-01-23,06021,quantile,0.4,17.713831359360793
6683,2020-12-27,27 day ahead inc hosp,2021-01-23,06021,quantile,0.45,18.320439893084725
6684,2020-12-27,27 day ahead inc hosp,2021-01-23,06021,quantile,0.5,18.917430877685547
6685,2020-12-27,27 day ahead inc hosp,2021-01-23,06021,quantile,0.55,19.793967714655306
6686,2020-12-27,27 day ahead inc hosp,2021-01-23,06021,quantile,0.6,20.68462559583716
6687,2020-12-27,27 day ahead inc hosp,2021-01-23,06021,quantile,0.65,21.605191205721244
6688,2020-12-27,27 day ahead inc hosp,2021-01-23,06021,quantile,0.7,22.575328697645645
6689,2020-12-27,27 day ahead inc hosp,2021-01-23,06021,quantile,0.75,23.622259585969626
6690,2020-12-27,27 day ahead inc hosp,2021-01-23,06021,quantile,0.8,24.788066776991922
6691,2020-12-27,27 day ahead inc hosp,2021-01-23,06021,quantile,0.85,26.146957440093615
6692,2020-12-27,27 day ahead inc hosp,2021-01-23,06021,quantile,0.9,27.85675218682005
6693,2020-12-27,27 day ahead inc hosp,2021-01-23,06021,quantile,0.95,30.390925564234507
6694,2020-12-27,27 day ahead inc hosp,2021-01-23,06021,quantile,0.975,32.58894303778311
6695,2020-12-27,27 day ahead inc hosp,2021-01-23,06021,quantile,0.99,35.144613366464846
6696,2020-12-27,28 day ahead inc hosp,2021-01-24,06021,point,NA,18.962989807128906
6697,2020-12-27,28 day ahead inc hosp,2021-01-24,06021,quantile,0.01,8.039342954031946
6698,2020-12-27,28 day ahead inc hosp,2021-01-24,06021,quantile,0.025,9.75974266992604
6699,2020-12-27,28 day ahead inc hosp,2021-01-24,06021,quantile,0.05,11.239381336378697
6700,2020-12-27,28 day ahead inc hosp,2021-01-24,06021,quantile,0.1,12.945309956984108
6701,2020-12-27,28 day ahead inc hosp,2021-01-24,06021,quantile,0.15,14.09629189839228
6702,2020-12-27,28 day ahead inc hosp,2021-01-24,06021,quantile,0.2,15.011055858553448
6703,2020-12-27,28 day ahead inc hosp,2021-01-24,06021,quantile,0.25,15.79584188424425
6704,2020-12-27,28 day ahead inc hosp,2021-01-24,06021,quantile,0.3,16.50060399014638
6705,2020-12-27,28 day ahead inc hosp,2021-01-24,06021,quantile,0.35,17.15367111181456
6706,2020-12-27,28 day ahead inc hosp,2021-01-24,06021,quantile,0.4,17.773367946704592
6707,2020-12-27,28 day ahead inc hosp,2021-01-24,06021,quantile,0.45,18.372931806153744
6708,2020-12-27,28 day ahead inc hosp,2021-01-24,06021,quantile,0.5,18.962989807128906
6709,2020-12-27,28 day ahead inc hosp,2021-01-24,06021,quantile,0.55,19.800379410405498
6710,2020-12-27,28 day ahead inc hosp,2021-01-24,06021,quantile,0.6,20.651259394361926
6711,2020-12-27,28 day ahead inc hosp,2021-01-24,06021,quantile,0.65,21.530711390373703
6712,2020-12-27,28 day ahead inc hosp,2021-01-24,06021,quantile,0.7,22.45752132604598
6713,2020-12-27,28 day ahead inc hosp,2021-01-24,06021,quantile,0.75,23.4576949687903
6714,2020-12-27,28 day ahead inc hosp,2021-01-24,06021,quantile,0.8,24.571435749568053
6715,2020-12-27,28 day ahead inc hosp,2021-01-24,06021,quantile,0.85,25.869636652572716
6716,2020-12-27,28 day ahead inc hosp,2021-01-24,06021,quantile,0.9,27.503069823043163
6717,2020-12-27,28 day ahead inc hosp,2021-01-24,06021,quantile,0.95,29.924063841370323
6718,2020-12-27,28 day ahead inc hosp,2021-01-24,06021,quantile,0.975,32.02391509979882
6719,2020-12-27,28 day ahead inc hosp,2021-01-24,06021,quantile,0.99,34.46544598860777
6720,2020-12-27,1 day ahead inc hosp,2020-12-28,06023,point,NA,9.182268142700195
6721,2020-12-27,1 day ahead inc hosp,2020-12-28,06023,quantile,0.01,5.866327059487467
6722,2020-12-27,1 day ahead inc hosp,2020-12-28,06023,quantile,0.025,6.388565115532218
6723,2020-12-27,1 day ahead inc hosp,2020-12-28,06023,quantile,0.05,6.837718654490635
6724,2020-12-27,1 day ahead inc hosp,2020-12-28,06023,quantile,0.1,7.355563919370298
6725,2020-12-27,1 day ahead inc hosp,2020-12-28,06023,quantile,0.15,7.704951661108697
6726,2020-12-27,1 day ahead inc hosp,2020-12-28,06023,quantile,0.2,7.982633962425569
6727,2020-12-27,1 day ahead inc hosp,2020-12-28,06023,quantile,0.25,8.220860651654506
6728,2020-12-27,1 day ahead inc hosp,2020-12-28,06023,quantile,0.3,8.434795581287446
6729,2020-12-27,1 day ahead inc hosp,2020-12-28,06023,quantile,0.35,8.633038176270372
6730,2020-12-27,1 day ahead inc hosp,2020-12-28,06023,quantile,0.4,8.821151012723536
6731,2020-12-27,1 day ahead inc hosp,2020-12-28,06023,quantile,0.45,9.003152359004094
6732,2020-12-27,1 day ahead inc hosp,2020-12-28,06023,quantile,0.5,9.182268142700195
6733,2020-12-27,1 day ahead inc hosp,2020-12-28,06023,quantile,0.55,9.66326787969015
6734,2020-12-27,1 day ahead inc hosp,2020-12-28,06023,quantile,0.6,10.15201654207099
6735,2020-12-27,1 day ahead inc hosp,2020-12-28,06023,quantile,0.65,10.657177075616845
6736,2020-12-27,1 day ahead inc hosp,2020-12-28,06023,quantile,0.7,11.189540187785548
6737,2020-12-27,1 day ahead inc hosp,2020-12-28,06023,quantile,0.75,11.76404368916876
6738,2020-12-27,1 day ahead inc hosp,2020-12-28,06023,quantile,0.8,12.403780581689192
6739,2020-12-27,1 day ahead inc hosp,2020-12-28,06023,quantile,0.85,13.149472062049156
6740,2020-12-27,1 day ahead inc hosp,2020-12-28,06023,quantile,0.9,14.08772221742807
6741,2020-12-27,1 day ahead inc hosp,2020-12-28,06023,quantile,0.95,15.478350285310803
6742,2020-12-27,1 day ahead inc hosp,2020-12-28,06023,quantile,0.975,16.68451274430245
6743,2020-12-27,1 day ahead inc hosp,2020-12-28,06023,quantile,0.99,18.08693726781549
6744,2020-12-27,2 day ahead inc hosp,2020-12-29,06023,point,NA,9.258008003234863
6745,2020-12-27,2 day ahead inc hosp,2020-12-29,06023,quantile,0.01,5.587410829780703
6746,2020-12-27,2 day ahead inc hosp,2020-12-29,06023,quantile,0.025,6.165504795952986
6747,2020-12-27,2 day ahead inc hosp,2020-12-29,06023,quantile,0.05,6.662697499072532
6748,2020-12-27,2 day ahead inc hosp,2020-12-29,06023,quantile,0.1,7.235928843615083
6749,2020-12-27,2 day ahead inc hosp,2020-12-29,06023,quantile,0.15,7.622685310356029
6750,2020-12-27,2 day ahead inc hosp,2020-12-29,06023,quantile,0.2,7.930067089692236
6751,2020-12-27,2 day ahead inc hosp,2020-12-29,06023,quantile,0.25,8.193773286570096
6752,2020-12-27,2 day ahead inc hosp,2020-12-29,06023,quantile,0.3,8.430589601549057
6753,2020-12-27,2 day ahead inc hosp,2020-12-29,06023,quantile,0.35,8.650035210063162
6754,2020-12-27,2 day ahead inc hosp,2020-12-29,06023,quantile,0.4,8.858267632910206
6755,2020-12-27,2 day ahead inc hosp,2020-12-29,06023,quantile,0.45,9.059734911868915
6756,2020-12-27,2 day ahead inc hosp,2020-12-29,06023,quantile,0.5,9.258008003234863
6757,2020-12-27,2 day ahead inc hosp,2020-12-29,06023,quantile,0.55,9.66539880708176
6758,2020-12-27,2 day ahead inc hosp,2020-12-29,06023,quantile,0.6,10.079352693402875
6759,2020-12-27,2 day ahead inc hosp,2020-12-29,06023,quantile,0.65,10.507206889583593
6760,2020-12-27,2 day ahead inc hosp,2020-12-29,06023,quantile,0.7,10.958100766495157
6761,2020-12-27,2 day ahead inc hosp,2020-12-29,06023,quantile,0.75,11.444686153643199
6762,2020-12-27,2 day ahead inc hosp,2020-12-29,06023,quantile,0.8,11.986522056767315
6763,2020-12-27,2 day ahead inc hosp,2020-12-29,06023,quantile,0.85,12.618097977175713
6764,2020-12-27,2 day ahead inc hosp,2020-12-29,06023,quantile,0.9,13.412764700698839
6765,2020-12-27,2 day ahead inc hosp,2020-12-29,06023,quantile,0.95,14.59058049322314
6766,2020-12-27,2 day ahead inc hosp,2020-12-29,06023,quantile,0.975,15.612160040882678
6767,2020-12-27,2 day ahead inc hosp,2020-12-29,06023,quantile,0.99,16.799967039580707
6768,2020-12-27,3 day ahead inc hosp,2020-12-30,06023,point,NA,9.228877067565918
6769,2020-12-27,3 day ahead inc hosp,2020-12-30,06023,quantile,0.01,5.656779220567568
6770,2020-12-27,3 day ahead inc hosp,2020-12-30,06023,quantile,0.025,6.219360216069045
6771,2020-12-27,3 day ahead inc hosp,2020-12-30,06023,quantile,0.05,6.703210908594187
6772,2020-12-27,3 day ahead inc hosp,2020-12-30,06023,quantile,0.1,7.261059769395634
6773,2020-12-27,3 day ahead inc hosp,2020-12-30,06023,quantile,0.15,7.637437747384961
6774,2020-12-27,3 day ahead inc hosp,2020-12-30,06023,quantile,0.2,7.936571032866173
6775,2020-12-27,3 day ahead inc hosp,2020-12-30,06023,quantile,0.25,8.193200756476264
6776,2020-12-27,3 day ahead inc hosp,2020-12-30,06023,quantile,0.3,8.423662179753169
6777,2020-12-27,3 day ahead inc hosp,2020-12-30,06023,quantile,0.35,8.637219034037134
6778,2020-12-27,3 day ahead inc hosp,2020-12-30,06023,quantile,0.4,8.839863604982304
6779,2020-12-27,3 day ahead inc hosp,2020-12-30,06023,quantile,0.45,9.035924572558267
6780,2020-12-27,3 day ahead inc hosp,2020-12-30,06023,quantile,0.5,9.228877067565918
6781,2020-12-27,3 day ahead inc hosp,2020-12-30,06023,quantile,0.55,9.673575321440401
6782,2020-12-27,3 day ahead inc hosp,2020-12-30,06023,quantile,0.6,10.12543768233144
6783,2020-12-27,3 day ahead inc hosp,2020-12-30,06023,quantile,0.65,10.592473295697763
6784,2020-12-27,3 day ahead inc hosp,2020-12-30,06023,quantile,0.7,11.084658484592268
6785,2020-12-27,3 day ahead inc hosp,2020-12-30,06023,quantile,0.75,11.61580368959521
6786,2020-12-27,3 day ahead inc hosp,2020-12-30,06023,quantile,0.8,12.20725906298737
6787,2020-12-27,3 day ahead inc hosp,2020-12-30,06023,quantile,0.85,12.896672536101349
6788,2020-12-27,3 day ahead inc hosp,2020-12-30,06023,quantile,0.9,13.764112107701738
6789,2020-12-27,3 day ahead inc hosp,2020-12-30,06023,quantile,0.95,15.049788223547957
6790,2020-12-27,3 day ahead inc hosp,2020-12-30,06023,quantile,0.975,16.164920516050103
6791,2020-12-27,3 day ahead inc hosp,2020-12-30,06023,quantile,0.99,17.461502798401806
6792,2020-12-27,4 day ahead inc hosp,2020-12-31,06023,point,NA,9.650177955627441
6793,2020-12-27,4 day ahead inc hosp,2020-12-31,06023,quantile,0.01,5.598083777999894
6794,2020-12-27,4 day ahead inc hosp,2020-12-31,06023,quantile,0.025,6.236260914785502
6795,2020-12-27,4 day ahead inc hosp,2020-12-31,06023,quantile,0.05,6.78512845929291
6796,2020-12-27,4 day ahead inc hosp,2020-12-31,06023,quantile,0.1,7.41793758649786
6797,2020-12-27,4 day ahead inc hosp,2020-12-31,06023,quantile,0.15,7.844890900354967
6798,2020-12-27,4 day ahead inc hosp,2020-12-31,06023,quantile,0.2,8.184219859513115
6799,2020-12-27,4 day ahead inc hosp,2020-12-31,06023,quantile,0.25,8.47533389204737
6800,2020-12-27,4 day ahead inc hosp,2020-12-31,06023,quantile,0.3,8.736763290520546
6801,2020-12-27,4 day ahead inc hosp,2020-12-31,06023,quantile,0.35,8.97901658897475
6802,2020-12-27,4 day ahead inc hosp,2020-12-31,06023,quantile,0.4,9.208891279206082
6803,2020-12-27,4 day ahead inc hosp,2020-12-31,06023,quantile,0.45,9.431297702323011
6804,2020-12-27,4 day ahead inc hosp,2020-12-31,06023,quantile,0.5,9.650177955627441
6805,2020-12-27,4 day ahead inc hosp,2020-12-31,06023,quantile,0.55,10.19806054589317
6806,2020-12-27,4 day ahead inc hosp,2020-12-31,06023,quantile,0.6,10.754769547045326
6807,2020-12-27,4 day ahead inc hosp,2020-12-31,06023,quantile,0.65,11.330172484583526
6808,2020-12-27,4 day ahead inc hosp,2020-12-31,06023,quantile,0.7,11.936560510244767
6809,2020-12-27,4 day ahead inc hosp,2020-12-31,06023,quantile,0.75,12.590948532209818
6810,2020-12-27,4 day ahead inc hosp,2020-12-31,06023,quantile,0.8,13.319640626629745
6811,2020-12-27,4 day ahead inc hosp,2020-12-31,06023,quantile,0.85,14.16902025904987
6812,2020-12-27,4 day ahead inc hosp,2020-12-31,06023,quantile,0.9,15.237733786136394
6813,2020-12-27,4 day ahead inc hosp,2020-12-31,06023,quantile,0.95,16.821728223837578
6814,2020-12-27,4 day ahead inc hosp,2020-12-31,06023,quantile,0.975,18.195607171150655
6815,2020-12-27,4 day ahead inc hosp,2020-12-31,06023,quantile,0.99,19.79303835770982
6816,2020-12-27,5 day ahead inc hosp,2021-01-01,06023,point,NA,9.016708374023438
6817,2020-12-27,5 day ahead inc hosp,2021-01-01,06023,quantile,0.01,5.420152366099799
6818,2020-12-27,5 day ahead inc hosp,2021-01-01,06023,quantile,0.025,5.9865853547747125
6819,2020-12-27,5 day ahead inc hosp,2021-01-01,06023,quantile,0.05,6.473748973935259
6820,2020-12-27,5 day ahead inc hosp,2021-01-01,06023,quantile,0.1,7.035417426974622
6821,2020-12-27,5 day ahead inc hosp,2021-01-01,06023,quantile,0.15,7.414372465713317
6822,2020-12-27,5 day ahead inc hosp,2021-01-01,06023,quantile,0.2,7.715553917383636
6823,2020-12-27,5 day ahead inc hosp,2021-01-01,06023,quantile,0.25,7.9739407852118065
6824,2020-12-27,5 day ahead inc hosp,2021-01-01,06023,quantile,0.3,8.205980178303372
6825,2020-12-27,5 day ahead inc hosp,2021-01-01,06023,quantile,0.35,8.420999256785134
6826,2020-12-27,5 day ahead inc hosp,2021-01-01,06023,quantile,0.4,8.625031335502795
6827,2020-12-27,5 day ahead inc hosp,2021-01-01,06023,quantile,0.45,8.822434732906142
6828,2020-12-27,5 day ahead inc hosp,2021-01-01,06023,quantile,0.5,9.016708374023438
6829,2020-12-27,5 day ahead inc hosp,2021-01-01,06023,quantile,0.55,9.546336636032244
6830,2020-12-27,5 day ahead inc hosp,2021-01-01,06023,quantile,0.6,10.084497230954357
6831,2020-12-27,5 day ahead inc hosp,2021-01-01,06023,quantile,0.65,10.64072891850499
6832,2020-12-27,5 day ahead inc hosp,2021-01-01,06023,quantile,0.7,11.22691333436341
6833,2020-12-27,5 day ahead inc hosp,2021-01-01,06023,quantile,0.75,11.859498484741401
6834,2020-12-27,5 day ahead inc hosp,2021-01-01,06023,quantile,0.8,12.563912047727587
6835,2020-12-27,5 day ahead inc hosp,2021-01-01,06023,quantile,0.85,13.384992086584386
6836,2020-12-27,5 day ahead inc hosp,2021-01-01,06023,quantile,0.9,14.418098262967193
6837,2020-12-27,5 day ahead inc hosp,2021-01-01,06023,quantile,0.95,15.949317243049046
6838,2020-12-27,5 day ahead inc hosp,2021-01-01,06023,quantile,0.975,17.277421351491324
6839,2020-12-27,5 day ahead inc hosp,2021-01-01,06023,quantile,0.99,18.821629395418498
6840,2020-12-27,6 day ahead inc hosp,2021-01-02,06023,point,NA,9.319611549377441
6841,2020-12-27,6 day ahead inc hosp,2021-01-02,06023,quantile,0.01,2.323016200323819
6842,2020-12-27,6 day ahead inc hosp,2021-01-02,06023,quantile,0.025,3.424932145851222
6843,2020-12-27,6 day ahead inc hosp,2021-01-02,06023,quantile,0.05,4.372640649357774
6844,2020-12-27,6 day ahead inc hosp,2021-01-02,06023,quantile,0.1,5.465287858962632
6845,2020-12-27,6 day ahead inc hosp,2021-01-02,06023,quantile,0.15,6.202491743928763
6846,2020-12-27,6 day ahead inc hosp,2021-01-02,06023,quantile,0.2,6.788398021861115
6847,2020-12-27,6 day ahead inc hosp,2021-01-02,06023,quantile,0.25,7.291053438242857
6848,2020-12-27,6 day ahead inc hosp,2021-01-02,06023,quantile,0.3,7.7424535373723975
6849,2020-12-27,6 day ahead inc hosp,2021-01-02,06023,quantile,0.35,8.160743001278675
6850,2020-12-27,6 day ahead inc hosp,2021-01-02,06023,quantile,0.4,8.557658797909873
6851,2020-12-27,6 day ahead inc hosp,2021-01-02,06023,quantile,0.45,8.94167942461965
6852,2020-12-27,6 day ahead inc hosp,2021-01-02,06023,quantile,0.5,9.319611549377441
6853,2020-12-27,6 day ahead inc hosp,2021-01-02,06023,quantile,0.55,9.857684456760058
6854,2020-12-27,6 day ahead inc hosp,2021-01-02,06023,quantile,0.6,10.404425740637553
6855,2020-12-27,6 day ahead inc hosp,2021-01-02,06023,quantile,0.65,10.969526251255193
6856,2020-12-27,6 day ahead inc hosp,2021-01-02,06023,quantile,0.7,11.565057070753031
6857,2020-12-27,6 day ahead inc hosp,2021-01-02,06023,quantile,0.75,12.207728460191266
6858,2020-12-27,6 day ahead inc hosp,2021-01-02,06023,quantile,0.8,12.923373528674079
6859,2020-12-27,6 day ahead inc hosp,2021-01-02,06023,quantile,0.85,13.757545258909586
6860,2020-12-27,6 day ahead inc hosp,2021-01-02,06023,quantile,0.9,14.80712377243686
6861,2020-12-27,6 day ahead inc hosp,2021-01-02,06023,quantile,0.95,16.362757237552795
6862,2020-12-27,6 day ahead inc hosp,2021-01-02,06023,quantile,0.975,17.712037270732846
6863,2020-12-27,6 day ahead inc hosp,2021-01-02,06023,quantile,0.99,19.280866903517254
6864,2020-12-27,7 day ahead inc hosp,2021-01-03,06023,point,NA,8.674708366394043
6865,2020-12-27,7 day ahead inc hosp,2021-01-03,06023,quantile,0.01,1.8287572515992778
6866,2020-12-27,7 day ahead inc hosp,2021-01-03,06023,quantile,0.025,2.9069477598889746
6867,2020-12-27,7 day ahead inc hosp,2021-01-03,06023,quantile,0.05,3.834251078489319
6868,2020-12-27,7 day ahead inc hosp,2021-01-03,06023,quantile,0.1,4.903372416724716
6869,2020-12-27,7 day ahead inc hosp,2021-01-03,06023,quantile,0.15,5.624703507967197
6870,2020-12-27,7 day ahead inc hosp,2021-01-03,06023,quantile,0.2,6.197994592625792
6871,2020-12-27,7 day ahead inc hosp,2021-01-03,06023,quantile,0.25,6.68982729645676
6872,2020-12-27,7 day ahead inc hosp,2021-01-03,06023,quantile,0.3,7.131508265225712
6873,2020-12-27,7 day ahead inc hosp,2021-01-03,06023,quantile,0.35,7.540791506412931
6874,2020-12-27,7 day ahead inc hosp,2021-01-03,06023,quantile,0.4,7.929161278404182
6875,2020-12-27,7 day ahead inc hosp,2021-01-03,06023,quantile,0.45,8.304913527372472
6876,2020-12-27,7 day ahead inc hosp,2021-01-03,06023,quantile,0.5,8.674708366394043
6877,2020-12-27,7 day ahead inc hosp,2021-01-03,06023,quantile,0.55,9.20848542925033
6878,2020-12-27,7 day ahead inc hosp,2021-01-03,06023,quantile,0.6,9.750861662370879
6879,2020-12-27,7 day ahead inc hosp,2021-01-03,06023,quantile,0.65,10.311450546586117
6880,2020-12-27,7 day ahead inc hosp,2021-01-03,06023,quantile,0.7,10.90222679142298
6881,2020-12-27,7 day ahead inc hosp,2021-01-03,06023,quantile,0.75,11.539767247241128
6882,2020-12-27,7 day ahead inc hosp,2021-01-03,06023,quantile,0.8,12.24969877782219
6883,2020-12-27,7 day ahead inc hosp,2021-01-03,06023,quantile,0.85,13.077210681829346
6884,2020-12-27,7 day ahead inc hosp,2021-01-03,06023,quantile,0.9,14.118409613239727
6885,2020-12-27,7 day ahead inc hosp,2021-01-03,06023,quantile,0.95,15.661623275361674
6886,2020-12-27,7 day ahead inc hosp,2021-01-03,06023,quantile,0.975,17.00013098165908
6887,2020-12-27,7 day ahead inc hosp,2021-01-03,06023,quantile,0.99,18.55643545642443
6888,2020-12-27,8 day ahead inc hosp,2021-01-04,06023,point,NA,7.000633239746094
6889,2020-12-27,8 day ahead inc hosp,2021-01-04,06023,quantile,0.01,3.514592655231935
6890,2020-12-27,8 day ahead inc hosp,2021-01-04,06023,quantile,0.025,4.063620220096238
6891,2020-12-27,8 day ahead inc hosp,2021-01-04,06023,quantile,0.05,4.535814214559545
6892,2020-12-27,8 day ahead inc hosp,2021-01-04,06023,quantile,0.1,5.080223649035972
6893,2020-12-27,8 day ahead inc hosp,2021-01-04,06023,quantile,0.15,5.447534109887628
6894,2020-12-27,8 day ahead inc hosp,2021-01-04,06023,quantile,0.2,5.73946082019396
6895,2020-12-27,8 day ahead inc hosp,2021-01-04,06023,quantile,0.25,5.989907943989627
6896,2020-12-27,8 day ahead inc hosp,2021-01-04,06023,quantile,0.3,6.214817201551899
6897,2020-12-27,8 day ahead inc hosp,2021-01-04,06023,quantile,0.35,6.423229146863155
6898,2020-12-27,8 day ahead inc hosp,2021-01-04,06023,quantile,0.4,6.62099170231497
6899,2020-12-27,8 day ahead inc hosp,2021-01-04,06023,quantile,0.45,6.812329263402009
6900,2020-12-27,8 day ahead inc hosp,2021-01-04,06023,quantile,0.5,7.000633239746094
6901,2020-12-27,8 day ahead inc hosp,2021-01-04,06023,quantile,0.55,7.451647990331067
6902,2020-12-27,8 day ahead inc hosp,2021-01-04,06023,quantile,0.6,7.909928606952358
6903,2020-12-27,8 day ahead inc hosp,2021-01-04,06023,quantile,0.65,8.383597997019645
6904,2020-12-27,8 day ahead inc hosp,2021-01-04,06023,quantile,0.7,8.882774187339315
6905,2020-12-27,8 day ahead inc hosp,2021-01-04,06023,quantile,0.75,9.421463782073866
6906,2020-12-27,8 day ahead inc hosp,2021-01-04,06023,quantile,0.8,10.021320191197297
6907,2020-12-27,8 day ahead inc hosp,2021-01-04,06023,quantile,0.85,10.720526097488497
6908,2020-12-27,8 day ahead inc hosp,2021-01-04,06023,quantile,0.9,11.600286786054888
6909,2020-12-27,8 day ahead inc hosp,2021-01-04,06023,quantile,0.95,12.904224653292632
6910,2020-12-27,8 day ahead inc hosp,2021-01-04,06023,quantile,0.975,14.03519629167928
6911,2020-12-27,8 day ahead inc hosp,2021-01-04,06023,quantile,0.99,15.350195236678074
6912,2020-12-27,9 day ahead inc hosp,2021-01-05,06023,point,NA,7.003857612609863
6913,2020-12-27,9 day ahead inc hosp,2021-01-05,06023,quantile,0.01,3.3173512920731234
6914,2020-12-27,9 day ahead inc hosp,2021-01-05,06023,quantile,0.025,3.8979508401713936
6915,2020-12-27,9 day ahead inc hosp,2021-01-05,06023,quantile,0.05,4.397298481974902
6916,2020-12-27,9 day ahead inc hosp,2021-01-05,06023,quantile,0.1,4.973014332809406
6917,2020-12-27,9 day ahead inc hosp,2021-01-05,06023,quantile,0.15,5.361447084150312
6918,2020-12-27,9 day ahead inc hosp,2021-01-05,06023,quantile,0.2,5.670161121347264
6919,2020-12-27,9 day ahead inc hosp,2021-01-05,06023,quantile,0.25,5.935010276843154
6920,2020-12-27,9 day ahead inc hosp,2021-01-05,06023,quantile,0.3,6.172853003985727
6921,2020-12-27,9 day ahead inc hosp,2021-01-05,06023,quantile,0.35,6.393249736335412
6922,2020-12-27,9 day ahead inc hosp,2021-01-05,06023,quantile,0.4,6.602384682691815
6923,2020-12-27,9 day ahead inc hosp,2021-01-05,06023,quantile,0.45,6.804725163590652
6924,2020-12-27,9 day ahead inc hosp,2021-01-05,06023,quantile,0.5,7.003857612609863
6925,2020-12-27,9 day ahead inc hosp,2021-01-05,06023,quantile,0.55,7.405840306939147
6926,2020-12-27,9 day ahead inc hosp,2021-01-05,06023,quantile,0.6,7.814298958877637
6927,2020-12-27,9 day ahead inc hosp,2021-01-05,06023,quantile,0.65,8.236473394178468
6928,2020-12-27,9 day ahead inc hosp,2021-01-05,06023,quantile,0.7,8.681381658640923
6929,2020-12-27,9 day ahead inc hosp,2021-01-05,06023,quantile,0.75,9.161507628839646
6930,2020-12-27,9 day ahead inc hosp,2021-01-05,06023,quantile,0.8,9.696150664876438
6931,2020-12-27,9 day ahead inc hosp,2021-01-05,06023,quantile,0.85,10.319342420217774
6932,2020-12-27,9 day ahead inc hosp,2021-01-05,06023,quantile,0.9,11.103459949624995
6933,2020-12-27,9 day ahead inc hosp,2021-01-05,06023,quantile,0.95,12.265640247343338
6934,2020-12-27,9 day ahead inc hosp,2021-01-05,06023,quantile,0.975,13.273658335042256
6935,2020-12-27,9 day ahead inc hosp,2021-01-05,06023,quantile,0.99,14.445697205755838
6936,2020-12-27,10 day ahead inc hosp,2021-01-06,06023,point,NA,6.556742191314697
6937,2020-12-27,10 day ahead inc hosp,2021-01-06,06023,quantile,0.01,2.9153509361734127
6938,2020-12-27,10 day ahead inc hosp,2021-01-06,06023,quantile,0.025,3.4888451698347844
6939,2020-12-27,10 day ahead inc hosp,2021-01-06,06023,quantile,0.05,3.9820818492375145
6940,2020-12-27,10 day ahead inc hosp,2021-01-06,06023,quantile,0.1,4.550752151793718
6941,2020-12-27,10 day ahead inc hosp,2021-01-06,06023,quantile,0.15,4.9344313051600714
6942,2020-12-27,10 day ahead inc hosp,2021-01-06,06023,quantile,0.2,5.239367333378971
6943,2020-12-27,10 day ahead inc hosp,2021-01-06,06023,quantile,0.25,5.50097529357199
6944,2020-12-27,10 day ahead inc hosp,2021-01-06,06023,quantile,0.3,5.735907327159234
6945,2020-12-27,10 day ahead inc hosp,2021-01-06,06023,quantile,0.35,5.95360686814985
6946,2020-12-27,10 day ahead inc hosp,2021-01-06,06023,quantile,0.4,6.160182443665416
6947,2020-12-27,10 day ahead inc hosp,2021-01-06,06023,quantile,0.45,6.360046703656384
6948,2020-12-27,10 day ahead inc hosp,2021-01-06,06023,quantile,0.5,6.556742191314697
6949,2020-12-27,10 day ahead inc hosp,2021-01-06,06023,quantile,0.55,7.0025447108605245
6950,2020-12-27,10 day ahead inc hosp,2021-01-06,06023,quantile,0.6,7.455529127187934
6951,2020-12-27,10 day ahead inc hosp,2021-01-06,06023,quantile,0.65,7.923724473902979
6952,2020-12-27,10 day ahead inc hosp,2021-01-06,06023,quantile,0.7,8.41713184706132
6953,2020-12-27,10 day ahead inc hosp,2021-01-06,06023,quantile,0.75,8.949595981048747
6954,2020-12-27,10 day ahead inc hosp,2021-01-06,06023,quantile,0.8,9.542520044410518
6955,2020-12-27,10 day ahead inc hosp,2021-01-06,06023,quantile,0.85,10.23364545505762
6956,2020-12-27,10 day ahead inc hosp,2021-01-06,06023,quantile,0.9,11.103239034982842
6957,2020-12-27,10 day ahead inc hosp,2021-01-06,06023,quantile,0.95,12.392107715645377
6958,2020-12-27,10 day ahead inc hosp,2021-01-06,06023,quantile,0.975,13.510009082005784
6959,2020-12-27,10 day ahead inc hosp,2021-01-06,06023,quantile,0.99,14.809811011144944
6960,2020-12-27,11 day ahead inc hosp,2021-01-07,06023,point,NA,6.315337657928467
6961,2020-12-27,11 day ahead inc hosp,2021-01-07,06023,quantile,0.01,2.101968928508123
6962,2020-12-27,11 day ahead inc hosp,2021-01-07,06023,quantile,0.025,2.7655457048844796
6963,2020-12-27,11 day ahead inc hosp,2021-01-07,06023,quantile,0.05,3.3362583406838855
6964,2020-12-27,11 day ahead inc hosp,2021-01-07,06023,quantile,0.1,3.994253459103906
6965,2020-12-27,11 day ahead inc hosp,2021-01-07,06023,quantile,0.15,4.4381996416630605
6966,2020-12-27,11 day ahead inc hosp,2021-01-07,06023,quantile,0.2,4.791033994180696
6967,2020-12-27,11 day ahead inc hosp,2021-01-07,06023,quantile,0.25,5.093734451674363
6968,2020-12-27,11 day ahead inc hosp,2021-01-07,06023,quantile,0.3,5.3655688178546095
6969,2020-12-27,11 day ahead inc hosp,2021-01-07,06023,quantile,0.35,5.617463869539583
6970,2020-12-27,11 day ahead inc hosp,2021-01-07,06023,quantile,0.4,5.856487640717813
6971,2020-12-27,11 day ahead inc hosp,2021-01-07,06023,quantile,0.45,6.0877459055323175
6972,2020-12-27,11 day ahead inc hosp,2021-01-07,06023,quantile,0.5,6.315337657928467
6973,2020-12-27,11 day ahead inc hosp,2021-01-07,06023,quantile,0.55,6.862508278759777
6974,2020-12-27,11 day ahead inc hosp,2021-01-07,06023,quantile,0.6,7.41849384062087
6975,2020-12-27,11 day ahead inc hosp,2021-01-07,06023,quantile,0.65,7.993149046233871
6976,2020-12-27,11 day ahead inc hosp,2021-01-07,06023,quantile,0.7,8.598749075073641
6977,2020-12-27,11 day ahead inc hosp,2021-01-07,06023,quantile,0.75,9.252286724571732
6978,2020-12-27,11 day ahead inc hosp,2021-01-07,06023,quantile,0.8,9.98003188892389
6979,2020-12-27,11 day ahead inc hosp,2021-01-07,06023,quantile,0.85,10.82830775869989
6980,2020-12-27,11 day ahead inc hosp,2021-01-07,06023,quantile,0.9,11.895632500344139
6981,2020-12-27,11 day ahead inc hosp,2021-01-07,06023,quantile,0.95,13.477568548813814
6982,2020-12-27,11 day ahead inc hosp,2021-01-07,06023,quantile,0.975,14.849662150444333
6983,2020-12-27,11 day ahead inc hosp,2021-01-07,06023,quantile,0.99,16.44501748681474
6984,2020-12-27,12 day ahead inc hosp,2021-01-08,06023,point,NA,5.869575500488281
6985,2020-12-27,12 day ahead inc hosp,2021-01-08,06023,quantile,0.01,2.201992265543952
6986,2020-12-27,12 day ahead inc hosp,2021-01-08,06023,quantile,0.025,2.7796115570013002
6987,2020-12-27,12 day ahead inc hosp,2021-01-08,06023,quantile,0.05,3.276396013679212
6988,2020-12-27,12 day ahead inc hosp,2021-01-08,06023,quantile,0.1,3.8491566762202476
6989,2020-12-27,12 day ahead inc hosp,2021-01-08,06023,quantile,0.15,4.235595576049338
6990,2020-12-27,12 day ahead inc hosp,2021-01-08,06023,quantile,0.2,4.542724963271079
6991,2020-12-27,12 day ahead inc hosp,2021-01-08,06023,quantile,0.25,4.806214630188146
6992,2020-12-27,12 day ahead inc hosp,2021-01-08,06023,quantile,0.3,5.042836494570176
6993,2020-12-27,12 day ahead inc hosp,2021-01-08,06023,quantile,0.35,5.262101915627294
6994,2020-12-27,12 day ahead inc hosp,2021-01-08,06023,quantile,0.4,5.470163358198224
6995,2020-12-27,12 day ahead inc hosp,2021-01-08,06023,quantile,0.45,5.671465211761058
6996,2020-12-27,12 day ahead inc hosp,2021-01-08,06023,quantile,0.5,5.869575500488281
6997,2020-12-27,12 day ahead inc hosp,2021-01-08,06023,quantile,0.55,6.398329829303937
6998,2020-12-27,12 day ahead inc hosp,2021-01-08,06023,quantile,0.6,6.9356024119334965
6999,2020-12-27,12 day ahead inc hosp,2021-01-08,06023,quantile,0.65,7.490916268300067
7000,2020-12-27,12 day ahead inc hosp,2021-01-08,06023,quantile,0.7,8.076133428339503
7001,2020-12-27,12 day ahead inc hosp,2021-01-08,06023,quantile,0.75,8.70767475760736
7002,2020-12-27,12 day ahead inc hosp,2021-01-08,06023,quantile,0.8,9.410925976288006
7003,2020-12-27,12 day ahead inc hosp,2021-01-08,06023,quantile,0.85,10.230651160897661
7004,2020-12-27,12 day ahead inc hosp,2021-01-08,06023,quantile,0.9,11.262052621266703
7005,2020-12-27,12 day ahead inc hosp,2021-01-08,06023,quantile,0.95,12.790744955418447
7006,2020-12-27,12 day ahead inc hosp,2021-01-08,06023,quantile,0.975,14.116657575325116
7007,2020-12-27,12 day ahead inc hosp,2021-01-08,06023,quantile,0.99,15.658317540224935
7008,2020-12-27,13 day ahead inc hosp,2021-01-09,06023,point,NA,5.565857887268066
7009,2020-12-27,13 day ahead inc hosp,2021-01-09,06023,quantile,0.01,-1.2394372270281497
7010,2020-12-27,13 day ahead inc hosp,2021-01-09,06023,quantile,0.025,-0.16764976093193606
7011,2020-12-27,13 day ahead inc hosp,2021-01-09,06023,quantile,0.05,0.7541465881398279
7012,2020-12-27,13 day ahead inc hosp,2021-01-09,06023,quantile,0.1,1.816918743196518
7013,2020-12-27,13 day ahead inc hosp,2021-01-09,06023,quantile,0.15,2.5339660706911404
7014,2020-12-27,13 day ahead inc hosp,2021-01-09,06023,quantile,0.2,3.1038525557210113
7015,2020-12-27,13 day ahead inc hosp,2021-01-09,06023,quantile,0.25,3.592764416221832
7016,2020-12-27,13 day ahead inc hosp,2021-01-09,06023,quantile,0.3,4.031822377407855
7017,2020-12-27,13 day ahead inc hosp,2021-01-09,06023,quantile,0.35,4.438675011163216
7018,2020-12-27,13 day ahead inc hosp,2021-01-09,06023,quantile,0.4,4.824738374391253
7019,2020-12-27,13 day ahead inc hosp,2021-01-09,06023,quantile,0.45,5.198259146189283
7020,2020-12-27,13 day ahead inc hosp,2021-01-09,06023,quantile,0.5,5.565857887268066
7021,2020-12-27,13 day ahead inc hosp,2021-01-09,06023,quantile,0.55,6.099529790525178
7022,2020-12-27,13 day ahead inc hosp,2021-01-09,06023,quantile,0.6,6.641799169921116
7023,2020-12-27,13 day ahead inc hosp,2021-01-09,06023,quantile,0.65,7.202277612331212
7024,2020-12-27,13 day ahead inc hosp,2021-01-09,06023,quantile,0.7,7.792937468140832
7025,2020-12-27,13 day ahead inc hosp,2021-01-09,06023,quantile,0.75,8.430352321898763
7026,2020-12-27,13 day ahead inc hosp,2021-01-09,06023,quantile,0.8,9.14014398862955
7027,2020-12-27,13 day ahead inc hosp,2021-01-09,06023,quantile,0.85,9.96749286423741
7028,2020-12-27,13 day ahead inc hosp,2021-01-09,06023,quantile,0.9,11.008486668695157
7029,2020-12-27,13 day ahead inc hosp,2021-01-09,06023,quantile,0.95,12.551396301773064
7030,2020-12-27,13 day ahead inc hosp,2021-01-09,06023,quantile,0.975,13.889640308215824
7031,2020-12-27,13 day ahead inc hosp,2021-01-09,06023,quantile,0.99,15.44563817491172
7032,2020-12-27,14 day ahead inc hosp,2021-01-10,06023,point,NA,5.91365385055542
7033,2020-12-27,14 day ahead inc hosp,2021-01-10,06023,quantile,0.01,-0.9996516350193119
7034,2020-12-27,14 day ahead inc hosp,2021-01-10,06023,quantile,0.025,0.08914672629899378
7035,2020-12-27,14 day ahead inc hosp,2021-01-10,06023,quantile,0.05,1.0255733837165737
7036,2020-12-27,14 day ahead inc hosp,2021-01-10,06023,quantile,0.1,2.105213347314144
7037,2020-12-27,14 day ahead inc hosp,2021-01-10,06023,quantile,0.15,2.833641305151198
7038,2020-12-27,14 day ahead inc hosp,2021-01-10,06023,quantile,0.2,3.41257275440391
7039,2020-12-27,14 day ahead inc hosp,2021-01-10,06023,quantile,0.25,3.9092443888290433
7040,2020-12-27,14 day ahead inc hosp,2021-01-10,06023,quantile,0.3,4.355270866824993
7041,2020-12-27,14 day ahead inc hosp,2021-01-10,06023,quantile,0.35,4.768580869921362
7042,2020-12-27,14 day ahead inc hosp,2021-01-10,06023,quantile,0.4,5.16077164518649
7043,2020-12-27,14 day ahead inc hosp,2021-01-10,06023,quantile,0.45,5.5402207590423656
7044,2020-12-27,14 day ahead inc hosp,2021-01-10,06023,quantile,0.5,5.91365385055542
7045,2020-12-27,14 day ahead inc hosp,2021-01-10,06023,quantile,0.55,6.449074578918825
7046,2020-12-27,14 day ahead inc hosp,2021-01-10,06023,quantile,0.6,6.993120957064882
7047,2020-12-27,14 day ahead inc hosp,2021-01-10,06023,quantile,0.65,7.555436068719958
7048,2020-12-27,14 day ahead inc hosp,2021-01-10,06023,quantile,0.7,8.148031497264089
7049,2020-12-27,14 day ahead inc hosp,2021-01-10,06023,quantile,0.75,8.787535138332299
7050,2020-12-27,14 day ahead inc hosp,2021-01-10,06023,quantile,0.8,9.499652768786191
7051,2020-12-27,14 day ahead inc hosp,2021-01-10,06023,quantile,0.85,10.329712839187136
7052,2020-12-27,14 day ahead inc hosp,2021-01-10,06023,quantile,0.9,11.374117945775687
7053,2020-12-27,14 day ahead inc hosp,2021-01-10,06023,quantile,0.95,12.922083642488571
7054,2020-12-27,14 day ahead inc hosp,2021-01-10,06023,quantile,0.975,14.264713030103788
7055,2020-12-27,14 day ahead inc hosp,2021-01-10,06023,quantile,0.99,15.82580985014163
7056,2020-12-27,15 day ahead inc hosp,2021-01-11,06023,point,NA,5.412532806396484
7057,2020-12-27,15 day ahead inc hosp,2021-01-11,06023,quantile,0.01,2.0179664204092593
7058,2020-12-27,15 day ahead inc hosp,2021-01-11,06023,quantile,0.025,2.5525874242345847
7059,2020-12-27,15 day ahead inc hosp,2021-01-11,06023,quantile,0.05,3.0123909814251184
7060,2020-12-27,15 day ahead inc hosp,2021-01-11,06023,quantile,0.1,3.542515035257828
7061,2020-12-27,15 day ahead inc hosp,2021-01-11,06023,quantile,0.15,3.9001872176091648
7062,2020-12-27,15 day ahead inc hosp,2021-01-11,06023,quantile,0.2,4.1844537297030895
7063,2020-12-27,15 day ahead inc hosp,2021-01-11,06023,quantile,0.25,4.428329085509493
7064,2020-12-27,15 day ahead inc hosp,2021-01-11,06023,quantile,0.3,4.647336692308377
7065,2020-12-27,15 day ahead inc hosp,2021-01-11,06023,quantile,0.35,4.850279878665571
7066,2020-12-27,15 day ahead inc hosp,2021-01-11,06023,quantile,0.4,5.042853116661084
7067,2020-12-27,15 day ahead inc hosp,2021-01-11,06023,quantile,0.45,5.229169953053671
7068,2020-12-27,15 day ahead inc hosp,2021-01-11,06023,quantile,0.5,5.412532806396484
7069,2020-12-27,15 day ahead inc hosp,2021-01-11,06023,quantile,0.55,5.8741290993385205
7070,2020-12-27,15 day ahead inc hosp,2021-01-11,06023,quantile,0.6,6.343161727396044
7071,2020-12-27,15 day ahead inc hosp,2021-01-11,06023,quantile,0.65,6.8279441746476905
7072,2020-12-27,15 day ahead inc hosp,2021-01-11,06023,quantile,0.7,7.338831853327006
7073,2020-12-27,15 day ahead inc hosp,2021-01-11,06023,quantile,0.75,7.890159985396754
7074,2020-12-27,15 day ahead inc hosp,2021-01-11,06023,quantile,0.8,8.5040900051794
7075,2020-12-27,15 day ahead inc hosp,2021-01-11,06023,quantile,0.85,9.219700423527316
7076,2020-12-27,15 day ahead inc hosp,2021-01-11,06023,quantile,0.9,10.120101734108996
7077,2020-12-27,15 day ahead inc hosp,2021-01-11,06023,quantile,0.95,11.454632112468065
7078,2020-12-27,15 day ahead inc hosp,2021-01-11,06023,quantile,0.975,12.612138191869565
7079,2020-12-27,15 day ahead inc hosp,2021-01-11,06023,quantile,0.99,13.957989158931827
7080,2020-12-27,16 day ahead inc hosp,2021-01-12,06023,point,NA,5.941832065582275
7081,2020-12-27,16 day ahead inc hosp,2021-01-12,06023,quantile,0.01,2.3637457213276423
7082,2020-12-27,16 day ahead inc hosp,2021-01-12,06023,quantile,0.025,2.927269864215417
7083,2020-12-27,16 day ahead inc hosp,2021-01-12,06023,quantile,0.05,3.4119317155242053
7084,2020-12-27,16 day ahead inc hosp,2021-01-12,06023,quantile,0.1,3.970715790453434
7085,2020-12-27,16 day ahead inc hosp,2021-01-12,06023,quantile,0.15,4.347724752974837
7086,2020-12-27,16 day ahead inc hosp,2021-01-12,06023,quantile,0.2,4.6473595249595245
7087,2020-12-27,16 day ahead inc hosp,2021-01-12,06023,quantile,0.25,4.9044194793363936
7088,2020-12-27,16 day ahead inc hosp,2021-01-12,06023,quantile,0.3,5.135267263138706
7089,2020-12-27,16 day ahead inc hosp,2021-01-12,06023,quantile,0.35,5.349182138028689
7090,2020-12-27,16 day ahead inc hosp,2021-01-12,06023,quantile,0.4,5.552166435518059
7091,2020-12-27,16 day ahead inc hosp,2021-01-12,06023,quantile,0.45,5.748556092457161
7092,2020-12-27,16 day ahead inc hosp,2021-01-12,06023,quantile,0.5,5.941832065582275
7093,2020-12-27,16 day ahead inc hosp,2021-01-12,06023,quantile,0.55,6.340772411815405
7094,2020-12-27,16 day ahead inc hosp,2021-01-12,06023,quantile,0.6,6.746139703305763
7095,2020-12-27,16 day ahead inc hosp,2021-01-12,06023,quantile,0.65,7.165118972228535
7096,2020-12-27,16 day ahead inc hosp,2021-01-12,06023,quantile,0.7,7.606660012602877
7097,2020-12-27,16 day ahead inc hosp,2021-01-12,06023,quantile,0.75,8.083152218582505
7098,2020-12-27,16 day ahead inc hosp,2021-01-12,06023,quantile,0.8,8.613748885843341
7099,2020-12-27,16 day ahead inc hosp,2021-01-12,06023,quantile,0.85,9.232224104186574
7100,2020-12-27,16 day ahead inc hosp,2021-01-12,06023,quantile,0.9,10.010407153064147
7101,2020-12-27,16 day ahead inc hosp,2021-01-12,06023,quantile,0.95,11.16379165666988
7102,2020-12-27,16 day ahead inc hosp,2021-01-12,06023,quantile,0.975,12.164180704727883
7103,2020-12-27,16 day ahead inc hosp,2021-01-12,06023,quantile,0.99,13.32734916813977
7104,2020-12-27,17 day ahead inc hosp,2021-01-13,06023,point,NA,6.0838470458984375
7105,2020-12-27,17 day ahead inc hosp,2021-01-13,06023,quantile,0.01,2.4902461841618404
7106,2020-12-27,17 day ahead inc hosp,2021-01-13,06023,quantile,0.025,3.056213757510811
7107,2020-12-27,17 day ahead inc hosp,2021-01-13,06023,quantile,0.05,3.5429770938150766
7108,2020-12-27,17 day ahead inc hosp,2021-01-13,06023,quantile,0.1,4.104184046356818
7109,2020-12-27,17 day ahead inc hosp,2021-01-13,06023,quantile,0.15,4.482827712900746
7110,2020-12-27,17 day ahead inc hosp,2021-01-13,06023,quantile,0.2,4.783761695821364
7111,2020-12-27,17 day ahead inc hosp,2021-01-13,06023,quantile,0.25,5.041936257497326
7112,2020-12-27,17 day ahead inc hosp,2021-01-13,06023,quantile,0.3,5.273784993102612
7113,2020-12-27,17 day ahead inc hosp,2021-01-13,06023,quantile,0.35,5.488627399009688
7114,2020-12-27,17 day ahead inc hosp,2021-01-13,06023,quantile,0.4,5.6924918327308225
7115,2020-12-27,17 day ahead inc hosp,2021-01-13,06023,quantile,0.45,5.889733031659891
7116,2020-12-27,17 day ahead inc hosp,2021-01-13,06023,quantile,0.5,6.0838470458984375
7117,2020-12-27,17 day ahead inc hosp,2021-01-13,06023,quantile,0.55,6.526892915905871
7118,2020-12-27,17 day ahead inc hosp,2021-01-13,06023,quantile,0.6,6.977076272958334
7119,2020-12-27,17 day ahead inc hosp,2021-01-13,06023,quantile,0.65,7.442376502598412
7120,2020-12-27,17 day ahead inc hosp,2021-01-13,06023,quantile,0.7,7.9327328584389445
7121,2020-12-27,17 day ahead inc hosp,2021-01-13,06023,quantile,0.75,8.461904465029571
7122,2020-12-27,17 day ahead inc hosp,2021-01-13,06023,quantile,0.8,9.051162142998919
7123,2020-12-27,17 day ahead inc hosp,2021-01-13,06023,quantile,0.85,9.738013933689423
7124,2020-12-27,17 day ahead inc hosp,2021-01-13,06023,quantile,0.9,10.602230323860013
7125,2020-12-27,17 day ahead inc hosp,2021-01-13,06023,quantile,0.95,11.883129199288568
7126,2020-12-27,17 day ahead inc hosp,2021-01-13,06023,quantile,0.975,12.994117948177259
7127,2020-12-27,17 day ahead inc hosp,2021-01-13,06023,quantile,0.99,14.285882465613106
7128,2020-12-27,18 day ahead inc hosp,2021-01-14,06023,point,NA,6.3543701171875
7129,2020-12-27,18 day ahead inc hosp,2021-01-14,06023,quantile,0.01,2.374086602014051
7130,2020-12-27,18 day ahead inc hosp,2021-01-14,06023,quantile,0.025,3.000954050291268
7131,2020-12-27,18 day ahead inc hosp,2021-01-14,06023,quantile,0.05,3.5400946387500616
7132,2020-12-27,18 day ahead inc hosp,2021-01-14,06023,quantile,0.1,4.161689208583051
7133,2020-12-27,18 day ahead inc hosp,2021-01-14,06023,quantile,0.15,4.581076113822528
7134,2020-12-27,18 day ahead inc hosp,2021-01-14,06023,quantile,0.2,4.914391531271418
7135,2020-12-27,18 day ahead inc hosp,2021-01-14,06023,quantile,0.25,5.2003464804750354
7136,2020-12-27,18 day ahead inc hosp,2021-01-14,06023,quantile,0.3,5.4571428626691265
7137,2020-12-27,18 day ahead inc hosp,2021-01-14,06023,quantile,0.35,5.695102981083306
7138,2020-12-27,18 day ahead inc hosp,2021-01-14,06023,quantile,0.4,5.920903863287647
7139,2020-12-27,18 day ahead inc hosp,2021-01-14,06023,quantile,0.45,6.139368829992667
7140,2020-12-27,18 day ahead inc hosp,2021-01-14,06023,quantile,0.5,6.3543701171875
7141,2020-12-27,18 day ahead inc hosp,2021-01-14,06023,quantile,0.55,6.8941133544770254
7142,2020-12-27,18 day ahead inc hosp,2021-01-14,06023,quantile,0.6,7.442551877344389
7143,2020-12-27,18 day ahead inc hosp,2021-01-14,06023,quantile,0.65,8.009406619164421
7144,2020-12-27,18 day ahead inc hosp,2021-01-14,06023,quantile,0.7,8.60678613411718
7145,2020-12-27,18 day ahead inc hosp,2021-01-14,06023,quantile,0.75,9.251452556621313
7146,2020-12-27,18 day ahead inc hosp,2021-01-14,06023,quantile,0.8,9.969319189030161
7147,2020-12-27,18 day ahead inc hosp,2021-01-14,06023,quantile,0.85,10.80608042334475
7148,2020-12-27,18 day ahead inc hosp,2021-01-14,06023,quantile,0.9,11.858917124297442
7149,2020-12-27,18 day ahead inc hosp,2021-01-14,06023,quantile,0.95,13.419379713989837
7150,2020-12-27,18 day ahead inc hosp,2021-01-14,06023,quantile,0.975,14.77284829255341
7151,2020-12-27,18 day ahead inc hosp,2021-01-14,06023,quantile,0.99,16.34654801453675
7152,2020-12-27,19 day ahead inc hosp,2021-01-15,06023,point,NA,6.265950679779053
7153,2020-12-27,19 day ahead inc hosp,2021-01-15,06023,quantile,0.01,2.7622224804179103
7154,2020-12-27,19 day ahead inc hosp,2021-01-15,06023,quantile,0.025,3.314035723725212
7155,2020-12-27,19 day ahead inc hosp,2021-01-15,06023,quantile,0.05,3.7886255553294355
7156,2020-12-27,19 day ahead inc hosp,2021-01-15,06023,quantile,0.1,4.335797236590613
7157,2020-12-27,19 day ahead inc hosp,2021-01-15,06023,quantile,0.15,4.704971372234144
7158,2020-12-27,19 day ahead inc hosp,2021-01-15,06023,quantile,0.2,4.998379272185366
7159,2020-12-27,19 day ahead inc hosp,2021-01-15,06023,quantile,0.25,5.25009712480872
7160,2020-12-27,19 day ahead inc hosp,2021-01-15,06023,quantile,0.3,5.476147536131781
7161,2020-12-27,19 day ahead inc hosp,2021-01-15,06023,quantile,0.35,5.685616930468316
7162,2020-12-27,19 day ahead inc hosp,2021-01-15,06023,quantile,0.4,5.884382901636955
7163,2020-12-27,19 day ahead inc hosp,2021-01-15,06023,quantile,0.45,6.076691279042456
7164,2020-12-27,19 day ahead inc hosp,2021-01-15,06023,quantile,0.5,6.265950679779053
7165,2020-12-27,19 day ahead inc hosp,2021-01-15,06023,quantile,0.55,6.78237640877134
7166,2020-12-27,19 day ahead inc hosp,2021-01-15,06023,quantile,0.6,7.307121777331287
7167,2020-12-27,19 day ahead inc hosp,2021-01-15,06023,quantile,0.65,7.849487763697719
7168,2020-12-27,19 day ahead inc hosp,2021-01-15,06023,quantile,0.7,8.421059819039751
7169,2020-12-27,19 day ahead inc hosp,2021-01-15,06023,quantile,0.75,9.037875934921836
7170,2020-12-27,19 day ahead inc hosp,2021-01-15,06023,quantile,0.8,9.724729930207959
7171,2020-12-27,19 day ahead inc hosp,2021-01-15,06023,quantile,0.85,10.52534214833122
7172,2020-12-27,19 day ahead inc hosp,2021-01-15,06023,quantile,0.9,11.532695132557077
7173,2020-12-27,19 day ahead inc hosp,2021-01-15,06023,quantile,0.95,13.02574400241223
7174,2020-12-27,19 day ahead inc hosp,2021-01-15,06023,quantile,0.975,14.32074123269325
7175,2020-12-27,19 day ahead inc hosp,2021-01-15,06023,quantile,0.99,15.82645537599851
7176,2020-12-27,20 day ahead inc hosp,2021-01-16,06023,point,NA,6.290698528289795
7177,2020-12-27,20 day ahead inc hosp,2021-01-16,06023,quantile,0.01,-0.15259062344937924
7178,2020-12-27,20 day ahead inc hosp,2021-01-16,06023,quantile,0.025,0.8621833778662022
7179,2020-12-27,20 day ahead inc hosp,2021-01-16,06023,quantile,0.05,1.7349450019153476
7180,2020-12-27,20 day ahead inc hosp,2021-01-16,06023,quantile,0.1,2.741183259395443
7181,2020-12-27,20 day ahead inc hosp,2021-01-16,06023,quantile,0.15,3.420087434590418
7182,2020-12-27,20 day ahead inc hosp,2021-01-16,06023,quantile,0.2,3.9596589513350637
7183,2020-12-27,20 day ahead inc hosp,2021-01-16,06023,quantile,0.25,4.42256326834312
7184,2020-12-27,20 day ahead inc hosp,2021-01-16,06023,quantile,0.3,4.8382656516757185
7185,2020-12-27,20 day ahead inc hosp,2021-01-16,06023,quantile,0.35,5.223475861872978
7186,2020-12-27,20 day ahead inc hosp,2021-01-16,06023,quantile,0.4,5.589002681561591
7187,2020-12-27,20 day ahead inc hosp,2021-01-16,06023,quantile,0.45,5.942654109817746
7188,2020-12-27,20 day ahead inc hosp,2021-01-16,06023,quantile,0.5,6.290698528289795
7189,2020-12-27,20 day ahead inc hosp,2021-01-16,06023,quantile,0.55,6.816143655291388
7190,2020-12-27,20 day ahead inc hosp,2021-01-16,06023,quantile,0.6,7.350053724730623
7191,2020-12-27,20 day ahead inc hosp,2021-01-16,06023,quantile,0.65,7.901892156839243
7192,2020-12-27,20 day ahead inc hosp,2021-01-16,06023,quantile,0.7,8.483446743199215
7193,2020-12-27,20 day ahead inc hosp,2021-01-16,06023,quantile,0.75,9.11103557960115
7194,2020-12-27,20 day ahead inc hosp,2021-01-16,06023,quantile,0.8,9.809885510043054
7195,2020-12-27,20 day ahead inc hosp,2021-01-16,06023,quantile,0.85,10.624480455673826
7196,2020-12-27,20 day ahead inc hosp,2021-01-16,06023,quantile,0.9,11.64942690395564
7197,2020-12-27,20 day ahead inc hosp,2021-01-16,06023,quantile,0.95,13.168551937813787
7198,2020-12-27,20 day ahead inc hosp,2021-01-16,06023,quantile,0.975,14.486166351525316
7199,2020-12-27,20 day ahead inc hosp,2021-01-16,06023,quantile,0.99,16.018177858389926
7200,2020-12-27,21 day ahead inc hosp,2021-01-17,06023,point,NA,7.855505466461182
7201,2020-12-27,21 day ahead inc hosp,2021-01-17,06023,quantile,0.01,1.2548281573234679
7202,2020-12-27,21 day ahead inc hosp,2021-01-17,06023,quantile,0.025,2.2943897176763297
7203,2020-12-27,21 day ahead inc hosp,2021-01-17,06023,quantile,0.05,3.188470009974311
7204,2020-12-27,21 day ahead inc hosp,2021-01-17,06023,quantile,0.1,4.219287326614891
7205,2020-12-27,21 day ahead inc hosp,2021-01-17,06023,quantile,0.15,4.9147748763361
7206,2020-12-27,21 day ahead inc hosp,2021-01-17,06023,quantile,0.2,5.467526333450527
7207,2020-12-27,21 day ahead inc hosp,2021-01-17,06023,quantile,0.25,5.941737865731712
7208,2020-12-27,21 day ahead inc hosp,2021-01-17,06023,quantile,0.3,6.367594477843759
7209,2020-12-27,21 day ahead inc hosp,2021-01-17,06023,quantile,0.35,6.762214094287778
7210,2020-12-27,21 day ahead inc hosp,2021-01-17,06023,quantile,0.4,7.1366695203567225
7211,2020-12-27,21 day ahead inc hosp,2021-01-17,06023,quantile,0.45,7.498959478615768
7212,2020-12-27,21 day ahead inc hosp,2021-01-17,06023,quantile,0.5,7.855505466461182
7213,2020-12-27,21 day ahead inc hosp,2021-01-17,06023,quantile,0.55,8.371269678658653
7214,2020-12-27,21 day ahead inc hosp,2021-01-17,06023,quantile,0.6,8.895342873361226
7215,2020-12-27,21 day ahead inc hosp,2021-01-17,06023,quantile,0.65,9.437014114697007
7216,2020-12-27,21 day ahead inc hosp,2021-01-17,06023,quantile,0.7,10.007854013423232
7217,2020-12-27,21 day ahead inc hosp,2021-01-17,06023,quantile,0.75,10.623880017200008
7218,2020-12-27,21 day ahead inc hosp,2021-01-17,06023,quantile,0.8,11.309854185188692
7219,2020-12-27,21 day ahead inc hosp,2021-01-17,06023,quantile,0.85,12.10944085714202
7220,2020-12-27,21 day ahead inc hosp,2021-01-17,06023,quantile,0.9,13.115503470110287
7221,2020-12-27,21 day ahead inc hosp,2021-01-17,06023,quantile,0.95,14.606639815380703
7222,2020-12-27,21 day ahead inc hosp,2021-01-17,06023,quantile,0.975,15.899978215806861
7223,2020-12-27,21 day ahead inc hosp,2021-01-17,06023,quantile,0.99,17.403763610914524
7224,2020-12-27,22 day ahead inc hosp,2021-01-18,06023,point,NA,5.692465305328369
7225,2020-12-27,22 day ahead inc hosp,2021-01-18,06023,quantile,0.01,1.8850947259596844
7226,2020-12-27,22 day ahead inc hosp,2021-01-18,06023,quantile,0.025,2.4847295687129876
7227,2020-12-27,22 day ahead inc hosp,2021-01-18,06023,quantile,0.05,3.0004486140564395
7228,2020-12-27,22 day ahead inc hosp,2021-01-18,06023,quantile,0.1,3.595039644684148
7229,2020-12-27,22 day ahead inc hosp,2021-01-18,06023,quantile,0.15,3.9962073902214117
7230,2020-12-27,22 day ahead inc hosp,2021-01-18,06023,quantile,0.2,4.315042797098098
7231,2020-12-27,22 day ahead inc hosp,2021-01-18,06023,quantile,0.25,4.588575186555354
7232,2020-12-27,22 day ahead inc hosp,2021-01-18,06023,quantile,0.3,4.834215726161863
7233,2020-12-27,22 day ahead inc hosp,2021-01-18,06023,quantile,0.35,5.06183829386575
7234,2020-12-27,22 day ahead inc hosp,2021-01-18,06023,quantile,0.4,5.277829851357312
7235,2020-12-27,22 day ahead inc hosp,2021-01-18,06023,quantile,0.45,5.486804182880329
7236,2020-12-27,22 day ahead inc hosp,2021-01-18,06023,quantile,0.5,5.692465305328369
7237,2020-12-27,22 day ahead inc hosp,2021-01-18,06023,quantile,0.55,6.226257527944538
7238,2020-12-27,22 day ahead inc hosp,2021-01-18,06023,quantile,0.6,6.768649165049317
7239,2020-12-27,22 day ahead inc hosp,2021-01-18,06023,quantile,0.65,7.329253970504842
7240,2020-12-27,22 day ahead inc hosp,2021-01-18,06023,quantile,0.7,7.920046993930817
7241,2020-12-27,22 day ahead inc hosp,2021-01-18,06023,quantile,0.75,8.557605556484713
7242,2020-12-27,22 day ahead inc hosp,2021-01-18,06023,quantile,0.8,9.267557249774672
7243,2020-12-27,22 day ahead inc hosp,2021-01-18,06023,quantile,0.85,10.095092655881558
7244,2020-12-27,22 day ahead inc hosp,2021-01-18,06023,quantile,0.9,11.136321158299923
7245,2020-12-27,22 day ahead inc hosp,2021-01-18,06023,quantile,0.95,12.679578649110272
7246,2020-12-27,22 day ahead inc hosp,2021-01-18,06023,quantile,0.975,14.018124370258517
7247,2020-12-27,22 day ahead inc hosp,2021-01-18,06023,quantile,0.99,15.574473045503396
7248,2020-12-27,23 day ahead inc hosp,2021-01-19,06023,point,NA,6.097693920135498
7249,2020-12-27,23 day ahead inc hosp,2021-01-19,06023,quantile,0.01,2.4528122868119597
7250,2020-12-27,23 day ahead inc hosp,2021-01-19,06023,quantile,0.025,3.0268562311801923
7251,2020-12-27,23 day ahead inc hosp,2021-01-19,06023,quantile,0.05,3.5205656921171897
7252,2020-12-27,23 day ahead inc hosp,2021-01-19,06023,quantile,0.1,4.089781081503636
7253,2020-12-27,23 day ahead inc hosp,2021-01-19,06023,quantile,0.15,4.473828002366548
7254,2020-12-27,23 day ahead inc hosp,2021-01-19,06023,quantile,0.2,4.779056320533247
7255,2020-12-27,23 day ahead inc hosp,2021-01-19,06023,quantile,0.25,5.040915039475486
7256,2020-12-27,23 day ahead inc hosp,2021-01-19,06023,quantile,0.3,5.276072262169555
7257,2020-12-27,23 day ahead inc hosp,2021-01-19,06023,quantile,0.35,5.49398047442753
7258,2020-12-27,23 day ahead inc hosp,2021-01-19,06023,quantile,0.4,5.700754058569811
7259,2020-12-27,23 day ahead inc hosp,2021-01-19,06023,quantile,0.45,5.900809894198663
7260,2020-12-27,23 day ahead inc hosp,2021-01-19,06023,quantile,0.5,6.097693920135498
7261,2020-12-27,23 day ahead inc hosp,2021-01-19,06023,quantile,0.55,6.534498223391853
7262,2020-12-27,23 day ahead inc hosp,2021-01-19,06023,quantile,0.6,6.978339461798179
7263,2020-12-27,23 day ahead inc hosp,2021-01-19,06023,quantile,0.65,7.4370846084565745
7264,2020-12-27,23 day ahead inc hosp,2021-01-19,06023,quantile,0.7,7.920532894198759
7265,2020-12-27,23 day ahead inc hosp,2021-01-19,06023,quantile,0.75,8.442249606998692
7266,2020-12-27,23 day ahead inc hosp,2021-01-19,06023,quantile,0.8,9.023205907210992
7267,2020-12-27,23 day ahead inc hosp,2021-01-19,06023,quantile,0.85,9.700381428264627
7268,2020-12-27,23 day ahead inc hosp,2021-01-19,06023,quantile,0.9,10.552422861728058
7269,2020-12-27,23 day ahead inc hosp,2021-01-19,06023,quantile,0.95,11.815276617286214
7270,2020-12-27,23 day ahead inc hosp,2021-01-19,06023,quantile,0.975,12.910613915827856
7271,2020-12-27,23 day ahead inc hosp,2021-01-19,06023,quantile,0.99,14.18418023978519
7272,2020-12-27,24 day ahead inc hosp,2021-01-20,06023,point,NA,6.634703636169434
7273,2020-12-27,24 day ahead inc hosp,2021-01-20,06023,quantile,0.01,2.9828395825477245
7274,2020-12-27,24 day ahead inc hosp,2021-01-20,06023,quantile,0.025,3.557983210387857
7275,2020-12-27,24 day ahead inc hosp,2021-01-20,06023,quantile,0.05,4.0526384597778815
7276,2020-12-27,24 day ahead inc hosp,2021-01-20,06023,quantile,0.1,4.622944282678697
7277,2020-12-27,24 day ahead inc hosp,2021-01-20,06023,quantile,0.15,5.007726913856908
7278,2020-12-27,24 day ahead inc hosp,2021-01-20,06023,quantile,0.2,5.313539951259715
7279,2020-12-27,24 day ahead inc hosp,2021-01-20,06023,quantile,0.25,5.575900307242147
7280,2020-12-27,24 day ahead inc hosp,2021-01-20,06023,quantile,0.3,5.811508015502055
7281,2020-12-27,24 day ahead inc hosp,2021-01-20,06023,quantile,0.35,6.0298336697725485
7282,2020-12-27,24 day ahead inc hosp,2021-01-20,06023,quantile,0.4,6.237003365562968
7283,2020-12-27,24 day ahead inc hosp,2021-01-20,06023,quantile,0.45,6.437442443795555
7284,2020-12-27,24 day ahead inc hosp,2021-01-20,06023,quantile,0.5,6.634703636169434
7285,2020-12-27,24 day ahead inc hosp,2021-01-20,06023,quantile,0.55,7.098974518210507
7286,2020-12-27,24 day ahead inc hosp,2021-01-20,06023,quantile,0.6,7.570724823106593
7287,2020-12-27,24 day ahead inc hosp,2021-01-20,06023,quantile,0.65,8.05831620506731
7288,2020-12-27,24 day ahead inc hosp,2021-01-20,06023,quantile,0.7,8.572164077832067
7289,2020-12-27,24 day ahead inc hosp,2021-01-20,06023,quantile,0.75,9.126686724750769
7290,2020-12-27,24 day ahead inc hosp,2021-01-20,06023,quantile,0.8,9.744173988305926
7291,2020-12-27,24 day ahead inc hosp,2021-01-20,06023,quantile,0.85,10.463930808722782
7292,2020-12-27,24 day ahead inc hosp,2021-01-20,06023,quantile,0.9,11.369549239907167
7293,2020-12-27,24 day ahead inc hosp,2021-01-20,06023,quantile,0.95,12.711812176904314
7294,2020-12-27,24 day ahead inc hosp,2021-01-20,06023,quantile,0.975,13.87602509773711
7295,2020-12-27,24 day ahead inc hosp,2021-01-20,06023,quantile,0.99,15.229674217385238
7296,2020-12-27,25 day ahead inc hosp,2021-01-21,06023,point,NA,7.389925003051758
7297,2020-12-27,25 day ahead inc hosp,2021-01-21,06023,quantile,0.01,3.1805161584291577
7298,2020-12-27,25 day ahead inc hosp,2021-01-21,06023,quantile,0.025,3.8434692800158063
7299,2020-12-27,25 day ahead inc hosp,2021-01-21,06023,quantile,0.05,4.413645538290359
7300,2020-12-27,25 day ahead inc hosp,2021-01-21,06023,quantile,0.1,5.071022247775925
7301,2020-12-27,25 day ahead inc hosp,2021-01-21,06023,quantile,0.15,5.514551192762907
7302,2020-12-27,25 day ahead inc hosp,2021-01-21,06023,quantile,0.2,5.867053938084879
7303,2020-12-27,25 day ahead inc hosp,2021-01-21,06023,quantile,0.25,6.169469906131533
7304,2020-12-27,25 day ahead inc hosp,2021-01-21,06023,quantile,0.3,6.441048791995844
7305,2020-12-27,25 day ahead inc hosp,2021-01-21,06023,quantile,0.35,6.692707103093927
7306,2020-12-27,25 day ahead inc hosp,2021-01-21,06023,quantile,0.4,6.931506230606108
7307,2020-12-27,25 day ahead inc hosp,2021-01-21,06023,quantile,0.45,7.162547150073932
7308,2020-12-27,25 day ahead inc hosp,2021-01-21,06023,quantile,0.5,7.389925003051758
7309,2020-12-27,25 day ahead inc hosp,2021-01-21,06023,quantile,0.55,7.953061127997931
7310,2020-12-27,25 day ahead inc hosp,2021-01-21,06023,quantile,0.6,8.525269398896677
7311,2020-12-27,25 day ahead inc hosp,2021-01-21,06023,quantile,0.65,9.116692061863114
7312,2020-12-27,25 day ahead inc hosp,2021-01-21,06023,quantile,0.7,9.739962465142419
7313,2020-12-27,25 day ahead inc hosp,2021-01-21,06023,quantile,0.75,10.412569226970458
7314,2020-12-27,25 day ahead inc hosp,2021-01-21,06023,quantile,0.8,11.161548752185016
7315,2020-12-27,25 day ahead inc hosp,2021-01-21,06023,quantile,0.85,12.034575862933846
7316,2020-12-27,25 day ahead inc hosp,2021-01-21,06023,quantile,0.9,13.133043317483125
7317,2020-12-27,25 day ahead inc hosp,2021-01-21,06023,quantile,0.95,14.761137557803309
7318,2020-12-27,25 day ahead inc hosp,2021-01-21,06023,quantile,0.975,16.173266507109346
7319,2020-12-27,25 day ahead inc hosp,2021-01-21,06023,quantile,0.99,17.81517158723024
7320,2020-12-27,26 day ahead inc hosp,2021-01-22,06023,point,NA,6.532006740570068
7321,2020-12-27,26 day ahead inc hosp,2021-01-22,06023,quantile,0.01,3.012868296903232
7322,2020-12-27,26 day ahead inc hosp,2021-01-22,06023,quantile,0.025,3.567108548359177
7323,2020-12-27,26 day ahead inc hosp,2021-01-22,06023,quantile,0.05,4.043785740864099
7324,2020-12-27,26 day ahead inc hosp,2021-01-22,06023,quantile,0.1,4.593364015561071
7325,2020-12-27,26 day ahead inc hosp,2021-01-22,06023,quantile,0.15,4.964161868370406
7326,2020-12-27,26 day ahead inc hosp,2021-01-22,06023,quantile,0.2,5.258860247252125
7327,2020-12-27,26 day ahead inc hosp,2021-01-22,06023,quantile,0.25,5.511685215891425
7328,2020-12-27,26 day ahead inc hosp,2021-01-22,06023,quantile,0.3,5.738729851613663
7329,2020-12-27,26 day ahead inc hosp,2021-01-22,06023,quantile,0.35,5.949120543025091
7330,2020-12-27,26 day ahead inc hosp,2021-01-22,06023,quantile,0.4,6.1487607350239655
7331,2020-12-27,26 day ahead inc hosp,2021-01-22,06023,quantile,0.45,6.341914931199996
7332,2020-12-27,26 day ahead inc hosp,2021-01-22,06023,quantile,0.5,6.532006740570068
7333,2020-12-27,26 day ahead inc hosp,2021-01-22,06023,quantile,0.55,7.051758089456289
7334,2020-12-27,26 day ahead inc hosp,2021-01-22,06023,quantile,0.6,7.579882653782369
7335,2020-12-27,26 day ahead inc hosp,2021-01-22,06023,quantile,0.65,8.12574130717291
7336,2020-12-27,26 day ahead inc hosp,2021-01-22,06023,quantile,0.7,8.700994107472736
7337,2020-12-27,26 day ahead inc hosp,2021-01-22,06023,quantile,0.75,9.321782325887122
7338,2020-12-27,26 day ahead inc hosp,2021-01-22,06023,quantile,0.8,10.01305944570542
7339,2020-12-27,26 day ahead inc hosp,2021-01-22,06023,quantile,0.85,10.818827355674461
7340,2020-12-27,26 day ahead inc hosp,2021-01-22,06023,quantile,0.9,11.83266737750608
7341,2020-12-27,26 day ahead inc hosp,2021-01-22,06023,quantile,0.95,13.335331014297603
7342,2020-12-27,26 day ahead inc hosp,2021-01-22,06023,quantile,0.975,14.638667621007476
7343,2020-12-27,26 day ahead inc hosp,2021-01-22,06023,quantile,0.99,16.154078091641985
7344,2020-12-27,27 day ahead inc hosp,2021-01-23,06023,point,NA,6.735581874847412
7345,2020-12-27,27 day ahead inc hosp,2021-01-23,06023,quantile,0.01,0.024630135359203997
7346,2020-12-27,27 day ahead inc hosp,2021-01-23,06023,quantile,0.025,1.08155916476308
7347,2020-12-27,27 day ahead inc hosp,2021-01-23,06023,quantile,0.05,1.9905764385711668
7348,2020-12-27,27 day ahead inc hosp,2021-01-23,06023,quantile,0.1,3.0386151382705138
7349,2020-12-27,27 day ahead inc hosp,2021-01-23,06023,quantile,0.15,3.745721873382773
7350,2020-12-27,27 day ahead inc hosp,2021-01-23,06023,quantile,0.2,4.307707890710333
7351,2020-12-27,27 day ahead inc hosp,2021-01-23,06023,quantile,0.25,4.789841853393554
7352,2020-12-27,27 day ahead inc hosp,2021-01-23,06023,quantile,0.3,5.222813052859634
7353,2020-12-27,27 day ahead inc hosp,2021-01-23,06023,quantile,0.35,5.624025394772637
7354,2020-12-27,27 day ahead inc hosp,2021-01-23,06023,quantile,0.4,6.004736672607618
7355,2020-12-27,27 day ahead inc hosp,2021-01-23,06023,quantile,0.45,6.3730792398486855
7356,2020-12-27,27 day ahead inc hosp,2021-01-23,06023,quantile,0.5,6.735581874847412
7357,2020-12-27,27 day ahead inc hosp,2021-01-23,06023,quantile,0.55,7.275361064136655
7358,2020-12-27,27 day ahead inc hosp,2021-01-23,06023,quantile,0.6,7.82383611819192
7359,2020-12-27,27 day ahead inc hosp,2021-01-23,06023,quantile,0.65,8.390728617894053
7360,2020-12-27,27 day ahead inc hosp,2021-01-23,06023,quantile,0.7,8.988147923967237
7361,2020-12-27,27 day ahead inc hosp,2021-01-23,06023,quantile,0.75,9.632857287346658
7362,2020-12-27,27 day ahead inc hosp,2021-01-23,06023,quantile,0.8,10.350771736456453
7363,2020-12-27,27 day ahead inc hosp,2021-01-23,06023,quantile,0.85,11.187588706975928
7364,2020-12-27,27 day ahead inc hosp,2021-01-23,06023,quantile,0.9,12.240495536801317
7365,2020-12-27,27 day ahead inc hosp,2021-01-23,06023,quantile,0.95,13.801062068047232
7366,2020-12-27,27 day ahead inc hosp,2021-01-23,06023,quantile,0.975,15.154620800407264
7367,2020-12-27,27 day ahead inc hosp,2021-01-23,06023,quantile,0.99,16.728425345662213
7368,2020-12-27,28 day ahead inc hosp,2021-01-24,06023,point,NA,6.634132385253906
7369,2020-12-27,28 day ahead inc hosp,2021-01-24,06023,quantile,0.01,0.017854034083707226
7370,2020-12-27,28 day ahead inc hosp,2021-01-24,06023,quantile,0.025,1.0598726519230741
7371,2020-12-27,28 day ahead inc hosp,2021-01-24,06023,quantile,0.05,1.9560661492100717
7372,2020-12-27,28 day ahead inc hosp,2021-01-24,06023,quantile,0.1,2.989319855865123
7373,2020-12-27,28 day ahead inc hosp,2021-01-24,06023,quantile,0.15,3.6864512263623075
7374,2020-12-27,28 day ahead inc hosp,2021-01-24,06023,quantile,0.2,4.2405091401193005
7375,2020-12-27,28 day ahead inc hosp,2021-01-24,06023,quantile,0.25,4.715841495870702
7376,2020-12-27,28 day ahead inc hosp,2021-01-24,06023,quantile,0.3,5.142704642099508
7377,2020-12-27,28 day ahead inc hosp,2021-01-24,06023,quantile,0.35,5.538256962406275
7378,2020-12-27,28 day ahead inc hosp,2021-01-24,06023,quantile,0.4,5.913597433231659
7379,2020-12-27,28 day ahead inc hosp,2021-01-24,06023,quantile,0.45,6.2767436825350975
7380,2020-12-27,28 day ahead inc hosp,2021-01-24,06023,quantile,0.5,6.634132385253906
7381,2020-12-27,28 day ahead inc hosp,2021-01-24,06023,quantile,0.55,7.144397020054483
7382,2020-12-27,28 day ahead inc hosp,2021-01-24,06023,quantile,0.6,7.662882038943879
7383,2020-12-27,28 day ahead inc hosp,2021-01-24,06023,quantile,0.65,8.19877745705473
7384,2020-12-27,28 day ahead inc hosp,2021-01-24,06023,quantile,0.7,8.763530508089632
7385,2020-12-27,28 day ahead inc hosp,2021-01-24,06023,quantile,0.75,9.372987846173542
7386,2020-12-27,28 day ahead inc hosp,2021-01-24,06023,quantile,0.8,10.05164749341824
7387,2020-12-27,28 day ahead inc hosp,2021-01-24,06023,quantile,0.85,10.842708198109904
7388,2020-12-27,28 day ahead inc hosp,2021-01-24,06023,quantile,0.9,11.838043197421985
7389,2020-12-27,28 day ahead inc hosp,2021-01-24,06023,quantile,0.95,13.313279603250699
7390,2020-12-27,28 day ahead inc hosp,2021-01-24,06023,quantile,0.975,14.592827177432412
7391,2020-12-27,28 day ahead inc hosp,2021-01-24,06023,quantile,0.99,16.08057775668211
7392,2020-12-27,1 day ahead inc hosp,2020-12-28,06025,point,NA,194.5532684326172
7393,2020-12-27,1 day ahead inc hosp,2020-12-28,06025,quantile,0.01,128.32435132279994
7394,2020-12-27,1 day ahead inc hosp,2020-12-28,06025,quantile,0.025,138.75495309087157
7395,2020-12-27,1 day ahead inc hosp,2020-12-28,06025,quantile,0.05,147.72584604547043
7396,2020-12-27,1 day ahead inc hosp,2020-12-28,06025,quantile,0.1,158.06871109125038
7397,2020-12-27,1 day ahead inc hosp,2020-12-28,06025,quantile,0.15,165.0469930347761
7398,2020-12-27,1 day ahead inc hosp,2020-12-28,06025,quantile,0.2,170.59311030745104
7399,2020-12-27,1 day ahead inc hosp,2020-12-28,06025,quantile,0.25,175.35118509176024
7400,2020-12-27,1 day ahead inc hosp,2020-12-28,06025,quantile,0.3,179.6240833025532
7401,2020-12-27,1 day ahead inc hosp,2020-12-28,06025,quantile,0.35,183.5835602839833
7402,2020-12-27,1 day ahead inc hosp,2020-12-28,06025,quantile,0.4,187.34071674126227
7403,2020-12-27,1 day ahead inc hosp,2020-12-28,06025,quantile,0.45,190.9758090948971
7404,2020-12-27,1 day ahead inc hosp,2020-12-28,06025,quantile,0.5,194.5532684326172
7405,2020-12-27,1 day ahead inc hosp,2020-12-28,06025,quantile,0.55,204.15657101846708
7406,2020-12-27,1 day ahead inc hosp,2020-12-28,06025,quantile,0.6,213.91458320085349
7407,2020-12-27,1 day ahead inc hosp,2020-12-28,06025,quantile,0.65,224.0002632646901
7408,2020-12-27,1 day ahead inc hosp,2020-12-28,06025,quantile,0.7,234.6290508887623
7409,2020-12-27,1 day ahead inc hosp,2020-12-28,06025,quantile,0.75,246.09918389743888
7410,2020-12-27,1 day ahead inc hosp,2020-12-28,06025,quantile,0.8,258.87172093176446
7411,2020-12-27,1 day ahead inc hosp,2020-12-28,06025,quantile,0.85,273.7596727763964
7412,2020-12-27,1 day ahead inc hosp,2020-12-28,06025,quantile,0.9,292.4921157496711
7413,2020-12-27,1 day ahead inc hosp,2020-12-28,06025,quantile,0.95,320.2564180834427
7414,2020-12-27,1 day ahead inc hosp,2020-12-28,06025,quantile,0.975,344.33780975711727
7415,2020-12-27,1 day ahead inc hosp,2020-12-28,06025,quantile,0.99,372.337631830603
7416,2020-12-27,2 day ahead inc hosp,2020-12-29,06025,point,NA,201.2891387939453
7417,2020-12-27,2 day ahead inc hosp,2020-12-29,06025,quantile,0.01,128.00110069978706
7418,2020-12-27,2 day ahead inc hosp,2020-12-29,06025,quantile,0.025,139.54346577357916
7419,2020-12-27,2 day ahead inc hosp,2020-12-29,06025,quantile,0.05,149.4705365047085
7420,2020-12-27,2 day ahead inc hosp,2020-12-29,06025,quantile,0.1,160.91581328948467
7421,2020-12-27,2 day ahead inc hosp,2020-12-29,06025,quantile,0.15,168.63788719959973
7422,2020-12-27,2 day ahead inc hosp,2020-12-29,06025,quantile,0.2,174.77514674863465
7423,2020-12-27,2 day ahead inc hosp,2020-12-29,06025,quantile,0.25,180.04036896975438
7424,2020-12-27,2 day ahead inc hosp,2020-12-29,06025,quantile,0.3,184.76870125285367
7425,2020-12-27,2 day ahead inc hosp,2020-12-29,06025,quantile,0.35,189.15020577552053
7426,2020-12-27,2 day ahead inc hosp,2020-12-29,06025,quantile,0.4,193.30782509926993
7427,2020-12-27,2 day ahead inc hosp,2020-12-29,06025,quantile,0.45,197.3303699107339
7428,2020-12-27,2 day ahead inc hosp,2020-12-29,06025,quantile,0.5,201.2891387939453
7429,2020-12-27,2 day ahead inc hosp,2020-12-29,06025,quantile,0.55,209.42348964858877
7430,2020-12-27,2 day ahead inc hosp,2020-12-29,06025,quantile,0.6,217.688885227436
7431,2020-12-27,2 day ahead inc hosp,2020-12-29,06025,quantile,0.65,226.23182756560757
7432,2020-12-27,2 day ahead inc hosp,2020-12-29,06025,quantile,0.7,235.23480200286926
7433,2020-12-27,2 day ahead inc hosp,2020-12-29,06025,quantile,0.75,244.9504269566721
7434,2020-12-27,2 day ahead inc hosp,2020-12-29,06025,quantile,0.8,255.76923607075943
7435,2020-12-27,2 day ahead inc hosp,2020-12-29,06025,quantile,0.85,268.3798794123235
7436,2020-12-27,2 day ahead inc hosp,2020-12-29,06025,quantile,0.9,284.24694828233254
7437,2020-12-27,2 day ahead inc hosp,2020-12-29,06025,quantile,0.95,307.76433455630746
7438,2020-12-27,2 day ahead inc hosp,2020-12-29,06025,quantile,0.975,328.1621599075975
7439,2020-12-27,2 day ahead inc hosp,2020-12-29,06025,quantile,0.99,351.87904007223165
7440,2020-12-27,3 day ahead inc hosp,2020-12-30,06025,point,NA,205.94442749023438
7441,2020-12-27,3 day ahead inc hosp,2020-12-30,06025,quantile,0.01,134.61961369878236
7442,2020-12-27,3 day ahead inc hosp,2020-12-30,06025,quantile,0.025,145.85278436359786
7443,2020-12-27,3 day ahead inc hosp,2020-12-30,06025,quantile,0.05,155.51393084541112
7444,2020-12-27,3 day ahead inc hosp,2020-12-30,06025,quantile,0.1,166.652614001549
7445,2020-12-27,3 day ahead inc hosp,2020-12-30,06025,quantile,0.15,174.16783064597828
7446,2020-12-27,3 day ahead inc hosp,2020-12-30,06025,quantile,0.2,180.14068659775492
7447,2020-12-27,3 day ahead inc hosp,2020-12-30,06025,quantile,0.25,185.26486517120094
7448,2020-12-27,3 day ahead inc hosp,2020-12-30,06025,quantile,0.3,189.86653589955205
7449,2020-12-27,3 day ahead inc hosp,2020-12-30,06025,quantile,0.35,194.13066961539957
7450,2020-12-27,3 day ahead inc hosp,2020-12-30,06025,quantile,0.4,198.17691552119365
7451,2020-12-27,3 day ahead inc hosp,2020-12-30,06025,quantile,0.45,202.09170526187177
7452,2020-12-27,3 day ahead inc hosp,2020-12-30,06025,quantile,0.5,205.94442749023438
7453,2020-12-27,3 day ahead inc hosp,2020-12-30,06025,quantile,0.55,214.82367789359935
7454,2020-12-27,3 day ahead inc hosp,2020-12-30,06025,quantile,0.6,223.84597338329485
7455,2020-12-27,3 day ahead inc hosp,2020-12-30,06025,quantile,0.65,233.17123185291598
7456,2020-12-27,3 day ahead inc hosp,2020-12-30,06025,quantile,0.7,242.99864965576464
7457,2020-12-27,3 day ahead inc hosp,2020-12-30,06025,quantile,0.75,253.60397862811297
7458,2020-12-27,3 day ahead inc hosp,2020-12-30,06025,quantile,0.8,265.4135153578142
7459,2020-12-27,3 day ahead inc hosp,2020-12-30,06025,quantile,0.85,279.17897273458266
7460,2020-12-27,3 day ahead inc hosp,2020-12-30,06025,quantile,0.9,296.49906135404797
7461,2020-12-27,3 day ahead inc hosp,2020-12-30,06025,quantile,0.95,322.1700417790047
7462,2020-12-27,3 day ahead inc hosp,2020-12-30,06025,quantile,0.975,344.43578888220725
7463,2020-12-27,3 day ahead inc hosp,2020-12-30,06025,quantile,0.99,370.3245317618155
7464,2020-12-27,4 day ahead inc hosp,2020-12-31,06025,point,NA,219.56837463378906
7465,2020-12-27,4 day ahead inc hosp,2020-12-31,06025,quantile,0.01,138.647908320691
7466,2020-12-27,4 day ahead inc hosp,2020-12-31,06025,quantile,0.025,151.39232867107998
7467,2020-12-27,4 day ahead inc hosp,2020-12-31,06025,quantile,0.05,162.353233254909
7468,2020-12-27,4 day ahead inc hosp,2020-12-31,06025,quantile,0.1,174.99045426110737
7469,2020-12-27,4 day ahead inc hosp,2020-12-31,06025,quantile,0.15,183.51672727864812
7470,2020-12-27,4 day ahead inc hosp,2020-12-31,06025,quantile,0.2,190.29313878463446
7471,2020-12-27,4 day ahead inc hosp,2020-12-31,06025,quantile,0.25,196.10669647364912
7472,2020-12-27,4 day ahead inc hosp,2020-12-31,06025,quantile,0.3,201.32745095393818
7473,2020-12-27,4 day ahead inc hosp,2020-12-31,06025,quantile,0.35,206.16525802787882
7474,2020-12-27,4 day ahead inc hosp,2020-12-31,06025,quantile,0.4,210.75586385086325
7475,2020-12-27,4 day ahead inc hosp,2020-12-31,06025,quantile,0.45,215.19732811124905
7476,2020-12-27,4 day ahead inc hosp,2020-12-31,06025,quantile,0.5,219.56837463378906
7477,2020-12-27,4 day ahead inc hosp,2020-12-31,06025,quantile,0.55,230.50771968084715
7478,2020-12-27,4 day ahead inc hosp,2020-12-31,06025,quantile,0.6,241.62329802301116
7479,2020-12-27,4 day ahead inc hosp,2020-12-31,06025,quantile,0.65,253.11213046020953
7480,2020-12-27,4 day ahead inc hosp,2020-12-31,06025,quantile,0.7,265.21962933491426
7481,2020-12-27,4 day ahead inc hosp,2020-12-31,06025,quantile,0.75,278.2855242805184
7482,2020-12-27,4 day ahead inc hosp,2020-12-31,06025,quantile,0.8,292.83501790479437
7483,2020-12-27,4 day ahead inc hosp,2020-12-31,06025,quantile,0.85,309.79422967766806
7484,2020-12-27,4 day ahead inc hosp,2020-12-31,06025,quantile,0.9,331.1327905974221
7485,2020-12-27,4 day ahead inc hosp,2020-12-31,06025,quantile,0.95,362.7597523123943
7486,2020-12-27,4 day ahead inc hosp,2020-12-31,06025,quantile,0.975,390.1914249454985
7487,2020-12-27,4 day ahead inc hosp,2020-12-31,06025,quantile,0.99,422.08667266677867
7488,2020-12-27,5 day ahead inc hosp,2021-01-01,06025,point,NA,212.18453979492188
7489,2020-12-27,5 day ahead inc hosp,2021-01-01,06025,quantile,0.01,140.3695222717796
7490,2020-12-27,5 day ahead inc hosp,2021-01-01,06025,quantile,0.025,151.67989667377847
7491,2020-12-27,5 day ahead inc hosp,2021-01-01,06025,quantile,0.05,161.40744262873497
7492,2020-12-27,5 day ahead inc hosp,2021-01-01,06025,quantile,0.1,172.6226801249265
7493,2020-12-27,5 day ahead inc hosp,2021-01-01,06025,quantile,0.15,180.18954761914742
7494,2020-12-27,5 day ahead inc hosp,2021-01-01,06025,quantile,0.2,186.2034540289732
7495,2020-12-27,5 day ahead inc hosp,2021-01-01,06025,quantile,0.25,191.36285024022328
7496,2020-12-27,5 day ahead inc hosp,2021-01-01,06025,quantile,0.3,195.9961474957693
7497,2020-12-27,5 day ahead inc hosp,2021-01-01,06025,quantile,0.35,200.28958790235768
7498,2020-12-27,5 day ahead inc hosp,2021-01-01,06025,quantile,0.4,204.36364299175727
7499,2020-12-27,5 day ahead inc hosp,2021-01-01,06025,quantile,0.45,208.30533843940682
7500,2020-12-27,5 day ahead inc hosp,2021-01-01,06025,quantile,0.5,212.18453979492188
7501,2020-12-27,5 day ahead inc hosp,2021-01-01,06025,quantile,0.55,222.75977545219382
7502,2020-12-27,5 day ahead inc hosp,2021-01-01,06025,quantile,0.6,233.50537858744417
7503,2020-12-27,5 day ahead inc hosp,2021-01-01,06025,quantile,0.65,244.6118122841267
7504,2020-12-27,5 day ahead inc hosp,2021-01-01,06025,quantile,0.7,256.3163204854281
7505,2020-12-27,5 day ahead inc hosp,2021-01-01,06025,quantile,0.75,268.94732513228143
7506,2020-12-27,5 day ahead inc hosp,2021-01-01,06025,quantile,0.8,283.01254778581426
7507,2020-12-27,5 day ahead inc hosp,2021-01-01,06025,quantile,0.85,299.4072825974703
7508,2020-12-27,5 day ahead inc hosp,2021-01-01,06025,quantile,0.9,320.03560260590996
7509,2020-12-27,5 day ahead inc hosp,2021-01-01,06025,quantile,0.95,350.60988029992006
7510,2020-12-27,5 day ahead inc hosp,2021-01-01,06025,quantile,0.975,377.1285065357961
7511,2020-12-27,5 day ahead inc hosp,2021-01-01,06025,quantile,0.99,407.96214050095875
7512,2020-12-27,6 day ahead inc hosp,2021-01-02,06025,point,NA,223.42349243164062
7513,2020-12-27,6 day ahead inc hosp,2021-01-02,06025,quantile,0.01,83.72737816220845
7514,2020-12-27,6 day ahead inc hosp,2021-01-02,06025,quantile,0.025,105.72856133232376
7515,2020-12-27,6 day ahead inc hosp,2021-01-02,06025,quantile,0.05,124.65079261698301
7516,2020-12-27,6 day ahead inc hosp,2021-01-02,06025,quantile,0.1,146.46691343491523
7517,2020-12-27,6 day ahead inc hosp,2021-01-02,06025,quantile,0.15,161.1861465785081
7518,2020-12-27,6 day ahead inc hosp,2021-01-02,06025,quantile,0.2,172.8845264718496
7519,2020-12-27,6 day ahead inc hosp,2021-01-02,06025,quantile,0.25,182.92069477683967
7520,2020-12-27,6 day ahead inc hosp,2021-01-02,06025,quantile,0.3,191.93348409554204
7521,2020-12-27,6 day ahead inc hosp,2021-01-02,06025,quantile,0.35,200.28517657343485
7522,2020-12-27,6 day ahead inc hosp,2021-01-02,06025,quantile,0.4,208.21011602116704
7523,2020-12-27,6 day ahead inc hosp,2021-01-02,06025,quantile,0.45,215.87758665142496
7524,2020-12-27,6 day ahead inc hosp,2021-01-02,06025,quantile,0.5,223.42349243164062
7525,2020-12-27,6 day ahead inc hosp,2021-01-02,06025,quantile,0.55,234.1670333010334
7526,2020-12-27,6 day ahead inc hosp,2021-01-02,06025,quantile,0.6,245.08365305223984
7527,2020-12-27,6 day ahead inc hosp,2021-01-02,06025,quantile,0.65,256.3668459947497
7528,2020-12-27,6 day ahead inc hosp,2021-01-02,06025,quantile,0.7,268.2576318166577
7529,2020-12-27,6 day ahead inc hosp,2021-01-02,06025,quantile,0.75,281.08965930454116
7530,2020-12-27,6 day ahead inc hosp,2021-01-02,06025,quantile,0.8,295.378730424335
7531,2020-12-27,6 day ahead inc hosp,2021-01-02,06025,quantile,0.85,312.03438796240266
7532,2020-12-27,6 day ahead inc hosp,2021-01-02,06025,quantile,0.9,332.991008340426
7533,2020-12-27,6 day ahead inc hosp,2021-01-02,06025,quantile,0.95,364.05187663718954
7534,2020-12-27,6 day ahead inc hosp,2021-01-02,06025,quantile,0.975,390.99254765376156
7535,2020-12-27,6 day ahead inc hosp,2021-01-02,06025,quantile,0.99,422.3168998849891
7536,2020-12-27,7 day ahead inc hosp,2021-01-03,06025,point,NA,215.83721923828125
7537,2020-12-27,7 day ahead inc hosp,2021-01-03,06025,quantile,0.01,79.12825192811343
7538,2020-12-27,7 day ahead inc hosp,2021-01-03,06025,quantile,0.025,100.65897986938771
7539,2020-12-27,7 day ahead inc hosp,2021-01-03,06025,quantile,0.05,119.17659370323189
7540,2020-12-27,7 day ahead inc hosp,2021-01-03,06025,quantile,0.1,140.52621651364944
7541,2020-12-27,7 day ahead inc hosp,2021-01-03,06025,quantile,0.15,154.93070566627648
7542,2020-12-27,7 day ahead inc hosp,2021-01-03,06025,quantile,0.2,166.37893701318583
7543,2020-12-27,7 day ahead inc hosp,2021-01-03,06025,quantile,0.25,176.20050013898606
7544,2020-12-27,7 day ahead inc hosp,2021-01-03,06025,quantile,0.3,185.02056737412406
7545,2020-12-27,7 day ahead inc hosp,2021-01-03,06025,quantile,0.35,193.1936741202625
7546,2020-12-27,7 day ahead inc hosp,2021-01-03,06025,quantile,0.4,200.94915317249658
7547,2020-12-27,7 day ahead inc hosp,2021-01-03,06025,quantile,0.45,208.4526689089609
7548,2020-12-27,7 day ahead inc hosp,2021-01-03,06025,quantile,0.5,215.83721923828125
7549,2020-12-27,7 day ahead inc hosp,2021-01-03,06025,quantile,0.55,226.49525954130416
7550,2020-12-27,7 day ahead inc hosp,2021-01-03,06025,quantile,0.6,237.32500130852753
7551,2020-12-27,7 day ahead inc hosp,2021-01-03,06025,quantile,0.65,248.51839895926418
7552,2020-12-27,7 day ahead inc hosp,2021-01-03,06025,quantile,0.7,260.3145540691271
7553,2020-12-27,7 day ahead inc hosp,2021-01-03,06025,quantile,0.75,273.0444601399447
7554,2020-12-27,7 day ahead inc hosp,2021-01-03,06025,quantile,0.8,287.2198142191005
7555,2020-12-27,7 day ahead inc hosp,2021-01-03,06025,quantile,0.85,303.74292065785374
7556,2020-12-27,7 day ahead inc hosp,2021-01-03,06025,quantile,0.9,324.532761485885
7557,2020-12-27,7 day ahead inc hosp,2021-01-03,06025,quantile,0.95,355.34643736595854
7558,2020-12-27,7 day ahead inc hosp,2021-01-03,06025,quantile,0.975,382.07270582584067
7559,2020-12-27,7 day ahead inc hosp,2021-01-03,06025,quantile,0.99,413.14776875017225
7560,2020-12-27,8 day ahead inc hosp,2021-01-04,06025,point,NA,187.8924560546875
7561,2020-12-27,8 day ahead inc hosp,2021-01-04,06025,quantile,0.01,118.2803580249781
7562,2020-12-27,8 day ahead inc hosp,2021-01-04,06025,quantile,0.025,129.24378766378507
7563,2020-12-27,8 day ahead inc hosp,2021-01-04,06025,quantile,0.05,138.67294198219378
7564,2020-12-27,8 day ahead inc hosp,2021-01-04,06025,quantile,0.1,149.54415303160658
7565,2020-12-27,8 day ahead inc hosp,2021-01-04,06025,quantile,0.15,156.87890751545513
7566,2020-12-27,8 day ahead inc hosp,2021-01-04,06025,quantile,0.2,162.7083378627691
7567,2020-12-27,8 day ahead inc hosp,2021-01-04,06025,quantile,0.25,167.7094700384441
7568,2020-12-27,8 day ahead inc hosp,2021-01-04,06025,quantile,0.3,172.20064129868805
7569,2020-12-27,8 day ahead inc hosp,2021-01-04,06025,quantile,0.35,176.3623807896216
7570,2020-12-27,8 day ahead inc hosp,2021-01-04,06025,quantile,0.4,180.3114645891254
7571,2020-12-27,8 day ahead inc hosp,2021-01-04,06025,quantile,0.45,184.13224886751976
7572,2020-12-27,8 day ahead inc hosp,2021-01-04,06025,quantile,0.5,187.8924560546875
7573,2020-12-27,8 day ahead inc hosp,2021-01-04,06025,quantile,0.55,196.8985633287382
7574,2020-12-27,8 day ahead inc hosp,2021-01-04,06025,quantile,0.6,206.04975935848273
7575,2020-12-27,8 day ahead inc hosp,2021-01-04,06025,quantile,0.65,215.5082467668151
7576,2020-12-27,8 day ahead inc hosp,2021-01-04,06025,quantile,0.7,225.4760678033554
7577,2020-12-27,8 day ahead inc hosp,2021-01-04,06025,quantile,0.75,236.23291394043136
7578,2020-12-27,8 day ahead inc hosp,2021-01-04,06025,quantile,0.8,248.21117221820498
7579,2020-12-27,8 day ahead inc hosp,2021-01-04,06025,quantile,0.85,262.17329516549415
7580,2020-12-27,8 day ahead inc hosp,2021-01-04,06025,quantile,0.9,279.7408339797903
7581,2020-12-27,8 day ahead inc hosp,2021-01-04,06025,quantile,0.95,305.7785728692802
7582,2020-12-27,8 day ahead inc hosp,2021-01-04,06025,quantile,0.975,328.3624282443162
7583,2020-12-27,8 day ahead inc hosp,2021-01-04,06025,quantile,0.99,354.6210407366172
7584,2020-12-27,9 day ahead inc hosp,2021-01-05,06025,point,NA,193.23263549804688
7585,2020-12-27,9 day ahead inc hosp,2021-01-05,06025,quantile,0.01,119.61856402321088
7586,2020-12-27,9 day ahead inc hosp,2021-01-05,06025,quantile,0.025,131.21227712601134
7587,2020-12-27,9 day ahead inc hosp,2021-01-05,06025,quantile,0.05,141.18350999484915
7588,2020-12-27,9 day ahead inc hosp,2021-01-05,06025,quantile,0.1,152.67970289608814
7589,2020-12-27,9 day ahead inc hosp,2021-01-05,06025,quantile,0.15,160.43612966825586
7590,2020-12-27,9 day ahead inc hosp,2021-01-05,06025,quantile,0.2,166.60069178304232
7591,2020-12-27,9 day ahead inc hosp,2021-01-05,06025,quantile,0.25,171.88933717451036
7592,2020-12-27,9 day ahead inc hosp,2021-01-05,06025,quantile,0.3,176.63870418850593
7593,2020-12-27,9 day ahead inc hosp,2021-01-05,06025,quantile,0.35,181.03970052414974
7594,2020-12-27,9 day ahead inc hosp,2021-01-05,06025,quantile,0.4,185.21581567230572
7595,2020-12-27,9 day ahead inc hosp,2021-01-05,06025,quantile,0.45,189.2562554079335
7596,2020-12-27,9 day ahead inc hosp,2021-01-05,06025,quantile,0.5,193.23263549804688
7597,2020-12-27,9 day ahead inc hosp,2021-01-05,06025,quantile,0.55,201.25959868825203
7598,2020-12-27,9 day ahead inc hosp,2021-01-05,06025,quantile,0.6,209.41587658300472
7599,2020-12-27,9 day ahead inc hosp,2021-01-05,06025,quantile,0.65,217.84603713421865
7600,2020-12-27,9 day ahead inc hosp,2021-01-05,06025,quantile,0.7,226.73015655586914
7601,2020-12-27,9 day ahead inc hosp,2021-01-05,06025,quantile,0.75,236.31751826027553
7602,2020-12-27,9 day ahead inc hosp,2021-01-05,06025,quantile,0.8,246.99350016374382
7603,2020-12-27,9 day ahead inc hosp,2021-01-05,06025,quantile,0.85,259.43766094760724
7604,2020-12-27,9 day ahead inc hosp,2021-01-05,06025,quantile,0.9,275.095256744979
7605,2020-12-27,9 day ahead inc hosp,2021-01-05,06025,quantile,0.95,298.30217237036936
7606,2020-12-27,9 day ahead inc hosp,2021-01-05,06025,quantile,0.975,318.43071073573543
7607,2020-12-27,9 day ahead inc hosp,2021-01-05,06025,quantile,0.99,341.834486583362
7608,2020-12-27,10 day ahead inc hosp,2021-01-06,06025,point,NA,189.5859375
7609,2020-12-27,10 day ahead inc hosp,2021-01-06,06025,quantile,0.01,116.87267533922116
7610,2020-12-27,10 day ahead inc hosp,2021-01-06,06025,quantile,0.025,128.32451713211753
7611,2020-12-27,10 day ahead inc hosp,2021-01-06,06025,quantile,0.05,138.17373284770017
7612,2020-12-27,10 day ahead inc hosp,2021-01-06,06025,quantile,0.1,149.52924778568897
7613,2020-12-27,10 day ahead inc hosp,2021-01-06,06025,quantile,0.15,157.1907598039219
7614,2020-12-27,10 day ahead inc hosp,2021-01-06,06025,quantile,0.2,163.27988668113994
7615,2020-12-27,10 day ahead inc hosp,2021-01-06,06025,quantile,0.25,168.50381535565518
7616,2020-12-27,10 day ahead inc hosp,2021-01-06,06025,quantile,0.3,173.19506475767292
7617,2020-12-27,10 day ahead inc hosp,2021-01-06,06025,quantile,0.35,177.54220646456366
7618,2020-12-27,10 day ahead inc hosp,2021-01-06,06025,quantile,0.4,181.6672188364886
7619,2020-12-27,10 day ahead inc hosp,2021-01-06,06025,quantile,0.45,185.65821604470523
7620,2020-12-27,10 day ahead inc hosp,2021-01-06,06025,quantile,0.5,189.5859375
7621,2020-12-27,10 day ahead inc hosp,2021-01-06,06025,quantile,0.55,198.4879431223866
7622,2020-12-27,10 day ahead inc hosp,2021-01-06,06025,quantile,0.6,207.53336041861076
7623,2020-12-27,10 day ahead inc hosp,2021-01-06,06025,quantile,0.65,216.88251711040945
7624,2020-12-27,10 day ahead inc hosp,2021-01-06,06025,quantile,0.7,226.7351200397454
7625,2020-12-27,10 day ahead inc hosp,2021-01-06,06025,quantile,0.75,237.36762772342627
7626,2020-12-27,10 day ahead inc hosp,2021-01-06,06025,quantile,0.8,249.20742923704742
7627,2020-12-27,10 day ahead inc hosp,2021-01-06,06025,quantile,0.85,263.00816391576274
7628,2020-12-27,10 day ahead inc hosp,2021-01-06,06025,quantile,0.9,280.3726394363859
7629,2020-12-27,10 day ahead inc hosp,2021-01-06,06025,quantile,0.95,306.10940793528283
7630,2020-12-27,10 day ahead inc hosp,2021-01-06,06025,quantile,0.975,328.4322163813913
7631,2020-12-27,10 day ahead inc hosp,2021-01-06,06025,quantile,0.99,354.3873054037097
7632,2020-12-27,11 day ahead inc hosp,2021-01-07,06025,point,NA,190.03103637695312
7633,2020-12-27,11 day ahead inc hosp,2021-01-07,06025,quantile,0.01,105.88541403331016
7634,2020-12-27,11 day ahead inc hosp,2021-01-07,06025,quantile,0.025,119.13777441446737
7635,2020-12-27,11 day ahead inc hosp,2021-01-07,06025,quantile,0.05,130.53553544672545
7636,2020-12-27,11 day ahead inc hosp,2021-01-07,06025,quantile,0.1,143.67642395997666
7637,2020-12-27,11 day ahead inc hosp,2021-01-07,06025,quantile,0.15,152.54251905335906
7638,2020-12-27,11 day ahead inc hosp,2021-01-07,06025,quantile,0.2,159.58901037264536
7639,2020-12-27,11 day ahead inc hosp,2021-01-07,06025,quantile,0.25,165.63427249310882
7640,2020-12-27,11 day ahead inc hosp,2021-01-07,06025,quantile,0.3,171.06310471396534
7641,2020-12-27,11 day ahead inc hosp,2021-01-07,06025,quantile,0.35,176.09372682432414
7642,2020-12-27,11 day ahead inc hosp,2021-01-07,06025,quantile,0.4,180.86729526144586
7643,2020-12-27,11 day ahead inc hosp,2021-01-07,06025,quantile,0.45,185.48577796841857
7644,2020-12-27,11 day ahead inc hosp,2021-01-07,06025,quantile,0.5,190.03103637695312
7645,2020-12-27,11 day ahead inc hosp,2021-01-07,06025,quantile,0.55,200.95721819851437
7646,2020-12-27,11 day ahead inc hosp,2021-01-07,06025,quantile,0.6,212.05942125508167
7647,2020-12-27,11 day ahead inc hosp,2021-01-07,06025,quantile,0.65,223.53442927304695
7648,2020-12-27,11 day ahead inc hosp,2021-01-07,06025,quantile,0.7,235.6273592921936
7649,2020-12-27,11 day ahead inc hosp,2021-01-07,06025,quantile,0.75,248.6775321519922
7650,2020-12-27,11 day ahead inc hosp,2021-01-07,06025,quantile,0.8,263.20951848816105
7651,2020-12-27,11 day ahead inc hosp,2021-01-07,06025,quantile,0.85,280.14832337855194
7652,2020-12-27,11 day ahead inc hosp,2021-01-07,06025,quantile,0.9,301.46120778038323
7653,2020-12-27,11 day ahead inc hosp,2021-01-07,06025,quantile,0.95,333.0501130278938
7654,2020-12-27,11 day ahead inc hosp,2021-01-07,06025,quantile,0.975,360.4487773509876
7655,2020-12-27,11 day ahead inc hosp,2021-01-07,06025,quantile,0.99,392.30564577842284
7656,2020-12-27,12 day ahead inc hosp,2021-01-08,06025,point,NA,186.4086456298828
7657,2020-12-27,12 day ahead inc hosp,2021-01-08,06025,quantile,0.01,113.17242021143939
7658,2020-12-27,12 day ahead inc hosp,2021-01-08,06025,quantile,0.025,124.70662514294766
7659,2020-12-27,12 day ahead inc hosp,2021-01-08,06025,quantile,0.05,134.62667770153527
7660,2020-12-27,12 day ahead inc hosp,2021-01-08,06025,quantile,0.1,146.0638629828419
7661,2020-12-27,12 day ahead inc hosp,2021-01-08,06025,quantile,0.15,153.78047759398055
7662,2020-12-27,12 day ahead inc hosp,2021-01-08,06025,quantile,0.2,159.9133982652523
7663,2020-12-27,12 day ahead inc hosp,2021-01-08,06025,quantile,0.25,165.17489811559224
7664,2020-12-27,12 day ahead inc hosp,2021-01-08,06025,quantile,0.3,169.8998875946866
7665,2020-12-27,12 day ahead inc hosp,2021-01-08,06025,quantile,0.35,174.27829451126547
7666,2020-12-27,12 day ahead inc hosp,2021-01-08,06025,quantile,0.4,178.43297450975294
7667,2020-12-27,12 day ahead inc hosp,2021-01-08,06025,quantile,0.45,182.45267549000945
7668,2020-12-27,12 day ahead inc hosp,2021-01-08,06025,quantile,0.5,186.4086456298828
7669,2020-12-27,12 day ahead inc hosp,2021-01-08,06025,quantile,0.55,196.9670221960869
7670,2020-12-27,12 day ahead inc hosp,2021-01-08,06025,quantile,0.6,207.69549463962434
7671,2020-12-27,12 day ahead inc hosp,2021-01-08,06025,quantile,0.65,218.7842224067938
7672,2020-12-27,12 day ahead inc hosp,2021-01-08,06025,quantile,0.7,230.47007122535754
7673,2020-12-27,12 day ahead inc hosp,2021-01-08,06025,quantile,0.75,243.08093946442563
7674,2020-12-27,12 day ahead inc hosp,2021-01-08,06025,quantile,0.8,257.123739272994
7675,2020-12-27,12 day ahead inc hosp,2021-01-08,06025,quantile,0.85,273.4923375203047
7676,2020-12-27,12 day ahead inc hosp,2021-01-08,06025,quantile,0.9,294.0877717627085
7677,2020-12-27,12 day ahead inc hosp,2021-01-08,06025,quantile,0.95,324.6133077975554
7678,2020-12-27,12 day ahead inc hosp,2021-01-08,06025,quantile,0.975,351.0896579131449
7679,2020-12-27,12 day ahead inc hosp,2021-01-08,06025,quantile,0.99,381.8741367521413
7680,2020-12-27,13 day ahead inc hosp,2021-01-09,06025,point,NA,180.586669921875
7681,2020-12-27,13 day ahead inc hosp,2021-01-09,06025,quantile,0.01,44.678103512751505
7682,2020-12-27,13 day ahead inc hosp,2021-01-09,06025,quantile,0.025,66.08277378287656
7683,2020-12-27,13 day ahead inc hosp,2021-01-09,06025,quantile,0.05,84.4919710651995
7684,2020-12-27,13 day ahead inc hosp,2021-01-09,06025,quantile,0.1,105.71659653513063
7685,2020-12-27,13 day ahead inc hosp,2021-01-09,06025,quantile,0.15,120.03675057555768
7686,2020-12-27,13 day ahead inc hosp,2021-01-09,06025,quantile,0.2,131.41795504876796
7687,2020-12-27,13 day ahead inc hosp,2021-01-09,06025,quantile,0.25,141.18201508512036
7688,2020-12-27,13 day ahead inc hosp,2021-01-09,06025,quantile,0.3,149.95044276872656
7689,2020-12-27,13 day ahead inc hosp,2021-01-09,06025,quantile,0.35,158.07569777453915
7690,2020-12-27,13 day ahead inc hosp,2021-01-09,06025,quantile,0.4,165.7857702046359
7691,2020-12-27,13 day ahead inc hosp,2021-01-09,06025,quantile,0.45,173.24535450869578
7692,2020-12-27,13 day ahead inc hosp,2021-01-09,06025,quantile,0.5,180.586669921875
7693,2020-12-27,13 day ahead inc hosp,2021-01-09,06025,quantile,0.55,191.24328844314908
7694,2020-12-27,13 day ahead inc hosp,2021-01-09,06025,quantile,0.6,202.07158552366158
7695,2020-12-27,13 day ahead inc hosp,2021-01-09,06025,quantile,0.65,213.26348997602076
7696,2020-12-27,13 day ahead inc hosp,2021-01-09,06025,quantile,0.7,225.05807147970796
7697,2020-12-27,13 day ahead inc hosp,2021-01-09,06025,quantile,0.75,237.78627938204414
7698,2020-12-27,13 day ahead inc hosp,2021-01-09,06025,quantile,0.8,251.9597424700665
7699,2020-12-27,13 day ahead inc hosp,2021-01-09,06025,quantile,0.85,268.48064472770375
7700,2020-12-27,13 day ahead inc hosp,2021-01-09,06025,quantile,0.9,289.2677121925828
7701,2020-12-27,13 day ahead inc hosp,2021-01-09,06025,quantile,0.95,320.0772775306866
7702,2020-12-27,13 day ahead inc hosp,2021-01-09,06025,quantile,0.975,346.79998070843135
7703,2020-12-27,13 day ahead inc hosp,2021-01-09,06025,quantile,0.99,377.8708982217817
7704,2020-12-27,14 day ahead inc hosp,2021-01-10,06025,point,NA,185.9813995361328
7705,2020-12-27,14 day ahead inc hosp,2021-01-10,06025,quantile,0.01,47.91420089197413
7706,2020-12-27,14 day ahead inc hosp,2021-01-10,06025,quantile,0.025,69.65884098479822
7707,2020-12-27,14 day ahead inc hosp,2021-01-10,06025,quantile,0.05,88.36043107005251
7708,2020-12-27,14 day ahead inc hosp,2021-01-10,06025,quantile,0.1,109.92216671579128
7709,2020-12-27,14 day ahead inc hosp,2021-01-10,06025,quantile,0.15,124.46976739140158
7710,2020-12-27,14 day ahead inc hosp,2021-01-10,06025,quantile,0.2,136.03173924005046
7711,2020-12-27,14 day ahead inc hosp,2021-01-10,06025,quantile,0.25,145.95088158869686
7712,2020-12-27,14 day ahead inc hosp,2021-01-10,06025,quantile,0.3,154.8585779817634
7713,2020-12-27,14 day ahead inc hosp,2021-01-10,06025,quantile,0.35,163.1128862020778
7714,2020-12-27,14 day ahead inc hosp,2021-01-10,06025,quantile,0.4,170.94541751259538
7715,2020-12-27,14 day ahead inc hosp,2021-01-10,06025,quantile,0.45,178.5234822006675
7716,2020-12-27,14 day ahead inc hosp,2021-01-10,06025,quantile,0.5,185.9813995361328
7717,2020-12-27,14 day ahead inc hosp,2021-01-10,06025,quantile,0.55,196.672959566253
7718,2020-12-27,14 day ahead inc hosp,2021-01-10,06025,quantile,0.6,207.536761064745
7719,2020-12-27,14 day ahead inc hosp,2021-01-10,06025,quantile,0.65,218.76536215099856
7720,2020-12-27,14 day ahead inc hosp,2021-01-10,06025,quantile,0.7,230.5986163793521
7721,2020-12-27,14 day ahead inc hosp,2021-01-10,06025,quantile,0.75,243.36855823210857
7722,2020-12-27,14 day ahead inc hosp,2021-01-10,06025,quantile,0.8,257.58849405300407
7723,2020-12-27,14 day ahead inc hosp,2021-01-10,06025,quantile,0.85,274.163565956597
7724,2020-12-27,14 day ahead inc hosp,2021-01-10,06025,quantile,0.9,295.01879120532266
7725,2020-12-27,14 day ahead inc hosp,2021-01-10,06025,quantile,0.95,325.92937664634724
7726,2020-12-27,14 day ahead inc hosp,2021-01-10,06025,quantile,0.975,352.73969969784594
7727,2020-12-27,14 day ahead inc hosp,2021-01-10,06025,quantile,0.99,383.9124942500508
7728,2020-12-27,15 day ahead inc hosp,2021-01-11,06025,point,NA,175.30352783203125
7729,2020-12-27,15 day ahead inc hosp,2021-01-11,06025,quantile,0.01,107.47794878708108
7730,2020-12-27,15 day ahead inc hosp,2021-01-11,06025,quantile,0.025,118.16001389670174
7731,2020-12-27,15 day ahead inc hosp,2021-01-11,06025,quantile,0.05,127.34717919772913
7732,2020-12-27,15 day ahead inc hosp,2021-01-11,06025,quantile,0.1,137.93939240801902
7733,2020-12-27,15 day ahead inc hosp,2021-01-11,06025,quantile,0.15,145.08590837435656
7734,2020-12-27,15 day ahead inc hosp,2021-01-11,06025,quantile,0.2,150.76573271523523
7735,2020-12-27,15 day ahead inc hosp,2021-01-11,06025,quantile,0.25,155.63851625856014
7736,2020-12-27,15 day ahead inc hosp,2021-01-11,06025,quantile,0.3,160.01442648017246
7737,2020-12-27,15 day ahead inc hosp,2021-01-11,06025,quantile,0.35,164.06935944148523
7738,2020-12-27,15 day ahead inc hosp,2021-01-11,06025,quantile,0.4,167.9170942890122
7739,2020-12-27,15 day ahead inc hosp,2021-01-11,06025,quantile,0.45,171.63982228346714
7740,2020-12-27,15 day ahead inc hosp,2021-01-11,06025,quantile,0.5,175.30352783203125
7741,2020-12-27,15 day ahead inc hosp,2021-01-11,06025,quantile,0.55,184.52495498791427
7742,2020-12-27,15 day ahead inc hosp,2021-01-11,06025,quantile,0.6,193.89493971157395
7743,2020-12-27,15 day ahead inc hosp,2021-01-11,06025,quantile,0.65,203.57956259987586
7744,2020-12-27,15 day ahead inc hosp,2021-01-11,06025,quantile,0.7,213.78569637047585
7745,2020-12-27,15 day ahead inc hosp,2021-01-11,06025,quantile,0.75,224.79971941746908
7746,2020-12-27,15 day ahead inc hosp,2021-01-11,06025,quantile,0.8,237.0643563801112
7747,2020-12-27,15 day ahead inc hosp,2021-01-11,06025,quantile,0.85,251.36028866051825
7748,2020-12-27,15 day ahead inc hosp,2021-01-11,06025,quantile,0.9,269.3478358387474
7749,2020-12-27,15 day ahead inc hosp,2021-01-11,06025,quantile,0.95,296.00809039347035
7750,2020-12-27,15 day ahead inc hosp,2021-01-11,06025,quantile,0.975,319.13188526985823
7751,2020-12-27,15 day ahead inc hosp,2021-01-11,06025,quantile,0.99,346.0182941193283
7752,2020-12-27,16 day ahead inc hosp,2021-01-12,06025,point,NA,184.33761596679688
7753,2020-12-27,16 day ahead inc hosp,2021-01-12,06025,quantile,0.01,112.84845877523131
7754,2020-12-27,16 day ahead inc hosp,2021-01-12,06025,quantile,0.025,124.10751240227242
7755,2020-12-27,16 day ahead inc hosp,2021-01-12,06025,quantile,0.05,133.79091965950752
7756,2020-12-27,16 day ahead inc hosp,2021-01-12,06025,quantile,0.1,144.95526806404015
7757,2020-12-27,16 day ahead inc hosp,2021-01-12,06025,quantile,0.15,152.48780092971535
7758,2020-12-27,16 day ahead inc hosp,2021-01-12,06025,quantile,0.2,158.47441926520284
7759,2020-12-27,16 day ahead inc hosp,2021-01-12,06025,quantile,0.25,163.61040473844687
7760,2020-12-27,16 day ahead inc hosp,2021-01-12,06025,quantile,0.3,168.2226784277242
7761,2020-12-27,16 day ahead inc hosp,2021-01-12,06025,quantile,0.35,172.4966373670269
7762,2020-12-27,16 day ahead inc hosp,2021-01-12,06025,quantile,0.4,176.55220644906927
7763,2020-12-27,16 day ahead inc hosp,2021-01-12,06025,quantile,0.45,180.47601647066386
7764,2020-12-27,16 day ahead inc hosp,2021-01-12,06025,quantile,0.5,184.33761596679688
7765,2020-12-27,16 day ahead inc hosp,2021-01-12,06025,quantile,0.55,192.3076158499285
7766,2020-12-27,16 day ahead inc hosp,2021-01-12,06025,quantile,0.6,200.40601275640623
7767,2020-12-27,16 day ahead inc hosp,2021-01-12,06025,quantile,0.65,208.7763487123431
7768,2020-12-27,16 day ahead inc hosp,2021-01-12,06025,quantile,0.7,217.59742202169662
7769,2020-12-27,16 day ahead inc hosp,2021-01-12,06025,quantile,0.75,227.11674705820607
7770,2020-12-27,16 day ahead inc hosp,2021-01-12,06025,quantile,0.8,237.7169669055806
7771,2020-12-27,16 day ahead inc hosp,2021-01-12,06025,quantile,0.85,250.07281776012127
7772,2020-12-27,16 day ahead inc hosp,2021-01-12,06025,quantile,0.9,265.61929950149147
7773,2020-12-27,16 day ahead inc hosp,2021-01-12,06025,quantile,0.95,288.6615273577126
7774,2020-12-27,16 day ahead inc hosp,2021-01-12,06025,quantile,0.975,308.6472236438666
7775,2020-12-27,16 day ahead inc hosp,2021-01-12,06025,quantile,0.99,331.8849147046693
7776,2020-12-27,17 day ahead inc hosp,2021-01-13,06025,point,NA,185.6230010986328
7777,2020-12-27,17 day ahead inc hosp,2021-01-13,06025,quantile,0.01,113.82928192638813
7778,2020-12-27,17 day ahead inc hosp,2021-01-13,06025,quantile,0.025,125.13630198369552
7779,2020-12-27,17 day ahead inc hosp,2021-01-13,06025,quantile,0.05,134.86096301716532
7780,2020-12-27,17 day ahead inc hosp,2021-01-13,06025,quantile,0.1,146.07287438364423
7781,2020-12-27,17 day ahead inc hosp,2021-01-13,06025,quantile,0.15,153.63749775393893
7782,2020-12-27,17 day ahead inc hosp,2021-01-13,06025,quantile,0.2,159.6496206052083
7783,2020-12-27,17 day ahead inc hosp,2021-01-13,06025,quantile,0.25,164.80748668202807
7784,2020-12-27,17 day ahead inc hosp,2021-01-13,06025,quantile,0.3,169.43940982956485
7785,2020-12-27,17 day ahead inc hosp,2021-01-13,06025,quantile,0.35,173.73157692029963
7786,2020-12-27,17 day ahead inc hosp,2021-01-13,06025,quantile,0.4,177.80442375747202
7787,2020-12-27,17 day ahead inc hosp,2021-01-13,06025,quantile,0.45,181.74495020710873
7788,2020-12-27,17 day ahead inc hosp,2021-01-13,06025,quantile,0.5,185.6230010986328
7789,2020-12-27,17 day ahead inc hosp,2021-01-13,06025,quantile,0.55,194.4740171982191
7790,2020-12-27,17 day ahead inc hosp,2021-01-13,06025,quantile,0.6,203.46762352834986
7791,2020-12-27,17 day ahead inc hosp,2021-01-13,06025,quantile,0.65,212.7632294745613
7792,2020-12-27,17 day ahead inc hosp,2021-01-13,06025,quantile,0.7,222.55939798417
7793,2020-12-27,17 day ahead inc hosp,2021-01-13,06025,quantile,0.75,233.13100405579183
7794,2020-12-27,17 day ahead inc hosp,2021-01-13,06025,quantile,0.8,244.90298873634876
7795,2020-12-27,17 day ahead inc hosp,2021-01-13,06025,quantile,0.85,258.62467461354544
7796,2020-12-27,17 day ahead inc hosp,2021-01-13,06025,quantile,0.9,275.8896886916541
7797,2020-12-27,17 day ahead inc hosp,2021-01-13,06025,quantile,0.95,301.4790403499144
7798,2020-12-27,17 day ahead inc hosp,2021-01-13,06025,quantile,0.975,323.6739866716306
7799,2020-12-27,17 day ahead inc hosp,2021-01-13,06025,quantile,0.99,349.4804083419356
7800,2020-12-27,18 day ahead inc hosp,2021-01-14,06025,point,NA,189.48568725585938
7801,2020-12-27,18 day ahead inc hosp,2021-01-14,06025,quantile,0.01,109.94198184203307
7802,2020-12-27,18 day ahead inc hosp,2021-01-14,06025,quantile,0.025,122.46957176099066
7803,2020-12-27,18 day ahead inc hosp,2021-01-14,06025,quantile,0.05,133.24399021171612
7804,2020-12-27,18 day ahead inc hosp,2021-01-14,06025,quantile,0.1,145.66620464974335
7805,2020-12-27,18 day ahead inc hosp,2021-01-14,06025,quantile,0.15,154.04741375648496
7806,2020-12-27,18 day ahead inc hosp,2021-01-14,06025,quantile,0.2,160.70853306478773
7807,2020-12-27,18 day ahead inc hosp,2021-01-14,06025,quantile,0.25,166.42318031400185
7808,2020-12-27,18 day ahead inc hosp,2021-01-14,06025,quantile,0.3,171.5551101623943
7809,2020-12-27,18 day ahead inc hosp,2021-01-14,06025,quantile,0.35,176.31060797736637
7810,2020-12-27,18 day ahead inc hosp,2021-01-14,06025,quantile,0.4,180.82311036262962
7811,2020-12-27,18 day ahead inc hosp,2021-01-14,06025,quantile,0.45,185.18900864313648
7812,2020-12-27,18 day ahead inc hosp,2021-01-14,06025,quantile,0.5,189.48568725585938
7813,2020-12-27,18 day ahead inc hosp,2021-01-14,06025,quantile,0.55,200.2688357243017
7814,2020-12-27,18 day ahead inc hosp,2021-01-14,06025,quantile,0.6,211.22570115459465
7815,2020-12-27,18 day ahead inc hosp,2021-01-14,06025,quantile,0.65,222.55049120065712
7816,2020-12-27,18 day ahead inc hosp,2021-01-14,06025,quantile,0.7,234.48511410411425
7817,2020-12-27,18 day ahead inc hosp,2021-01-14,06025,quantile,0.75,247.36444869548544
7818,2020-12-27,18 day ahead inc hosp,2021-01-14,06025,quantile,0.8,261.7061985183795
7819,2020-12-27,18 day ahead inc hosp,2021-01-14,06025,quantile,0.85,278.4232595186478
7820,2020-12-27,18 day ahead inc hosp,2021-01-14,06025,quantile,0.9,299.4571394731419
7821,2020-12-27,18 day ahead inc hosp,2021-01-14,06025,quantile,0.95,330.63251810058557
7822,2020-12-27,18 day ahead inc hosp,2021-01-14,06025,quantile,0.975,357.6725097516414
7823,2020-12-27,18 day ahead inc hosp,2021-01-14,06025,quantile,0.99,389.1123436847346
7824,2020-12-27,19 day ahead inc hosp,2021-01-15,06025,point,NA,186.16409301757812
7825,2020-12-27,19 day ahead inc hosp,2021-01-15,06025,quantile,0.01,116.1544479568959
7826,2020-12-27,19 day ahead inc hosp,2021-01-15,06025,quantile,0.025,127.18048853583466
7827,2020-12-27,19 day ahead inc hosp,2021-01-15,06025,quantile,0.05,136.66349171686878
7828,2020-12-27,19 day ahead inc hosp,2021-01-15,06025,quantile,0.1,147.59678705619808
7829,2020-12-27,19 day ahead inc hosp,2021-01-15,06025,quantile,0.15,154.97342951570747
7830,2020-12-27,19 day ahead inc hosp,2021-01-15,06025,quantile,0.2,160.83615109820084
7831,2020-12-27,19 day ahead inc hosp,2021-01-15,06025,quantile,0.25,165.86584418935198
7832,2020-12-27,19 day ahead inc hosp,2021-01-15,06025,quantile,0.3,170.38266403440568
7833,2020-12-27,19 day ahead inc hosp,2021-01-15,06025,quantile,0.35,174.56817076156872
7834,2020-12-27,19 day ahead inc hosp,2021-01-15,06025,quantile,0.4,178.5398073440512
7835,2020-12-27,19 day ahead inc hosp,2021-01-15,06025,quantile,0.45,182.3824117009787
7836,2020-12-27,19 day ahead inc hosp,2021-01-15,06025,quantile,0.5,186.16409301757812
7837,2020-12-27,19 day ahead inc hosp,2021-01-15,06025,quantile,0.55,196.48185770982812
7838,2020-12-27,19 day ahead inc hosp,2021-01-15,06025,quantile,0.6,206.96584201230348
7839,2020-12-27,19 day ahead inc hosp,2021-01-15,06025,quantile,0.65,217.80187188116483
7840,2020-12-27,19 day ahead inc hosp,2021-01-15,06025,quantile,0.7,229.22141517772445
7841,2020-12-27,19 day ahead inc hosp,2021-01-15,06025,quantile,0.75,241.5448978873824
7842,2020-12-27,19 day ahead inc hosp,2021-01-15,06025,quantile,0.8,255.26768028074346
7843,2020-12-27,19 day ahead inc hosp,2021-01-15,06025,quantile,0.85,271.26325914637255
7844,2020-12-27,19 day ahead inc hosp,2021-01-15,06025,quantile,0.9,291.38934983042805
7845,2020-12-27,19 day ahead inc hosp,2021-01-15,06025,quantile,0.95,321.21924801008544
7846,2020-12-27,19 day ahead inc hosp,2021-01-15,06025,quantile,0.975,347.09223602953904
7847,2020-12-27,19 day ahead inc hosp,2021-01-15,06025,quantile,0.99,377.1751760386115
7848,2020-12-27,20 day ahead inc hosp,2021-01-16,06025,point,NA,185.10264587402344
7849,2020-12-27,20 day ahead inc hosp,2021-01-16,06025,quantile,0.01,56.32826382468568
7850,2020-12-27,20 day ahead inc hosp,2021-01-16,06025,quantile,0.025,76.6093488205182
7851,2020-12-27,20 day ahead inc hosp,2021-01-16,06025,quantile,0.05,94.05220078114594
7852,2020-12-27,20 day ahead inc hosp,2021-01-16,06025,quantile,0.1,114.16269198367503
7853,2020-12-27,20 day ahead inc hosp,2021-01-16,06025,quantile,0.15,127.73114492325021
7854,2020-12-27,20 day ahead inc hosp,2021-01-16,06025,quantile,0.2,138.51492119091324
7855,2020-12-27,20 day ahead inc hosp,2021-01-16,06025,quantile,0.25,147.76644102292224
7856,2020-12-27,20 day ahead inc hosp,2021-01-16,06025,quantile,0.3,156.07459176230708
7857,2020-12-27,20 day ahead inc hosp,2021-01-16,06025,quantile,0.35,163.77333158432145
7858,2020-12-27,20 day ahead inc hosp,2021-01-16,06025,quantile,0.4,171.07868281400445
7859,2020-12-27,20 day ahead inc hosp,2021-01-16,06025,quantile,0.45,178.14669467286376
7860,2020-12-27,20 day ahead inc hosp,2021-01-16,06025,quantile,0.5,185.10264587402344
7861,2020-12-27,20 day ahead inc hosp,2021-01-16,06025,quantile,0.55,195.6002424688639
7862,2020-12-27,20 day ahead inc hosp,2021-01-16,06025,quantile,0.6,206.26695577321885
7863,2020-12-27,20 day ahead inc hosp,2021-01-16,06025,quantile,0.65,217.29185056834746
7864,2020-12-27,20 day ahead inc hosp,2021-01-16,06025,quantile,0.7,228.91042904926996
7865,2020-12-27,20 day ahead inc hosp,2021-01-16,06025,quantile,0.75,241.44870201712047
7866,2020-12-27,20 day ahead inc hosp,2021-01-16,06025,quantile,0.8,255.4106635486225
7867,2020-12-27,20 day ahead inc hosp,2021-01-16,06025,quantile,0.85,271.6850349110996
7868,2020-12-27,20 day ahead inc hosp,2021-01-16,06025,quantile,0.9,292.16191021637644
7869,2020-12-27,20 day ahead inc hosp,2021-01-16,06025,quantile,0.95,322.51172404673264
7870,2020-12-27,20 day ahead inc hosp,2021-01-16,06025,quantile,0.975,348.83566135607794
7871,2020-12-27,20 day ahead inc hosp,2021-01-16,06025,quantile,0.99,379.4429273697364
7872,2020-12-27,21 day ahead inc hosp,2021-01-17,06025,point,NA,214.6584930419922
7873,2020-12-27,21 day ahead inc hosp,2021-01-17,06025,quantile,0.01,82.76226971258856
7874,2020-12-27,21 day ahead inc hosp,2021-01-17,06025,quantile,0.025,103.53502337214846
7875,2020-12-27,21 day ahead inc hosp,2021-01-17,06025,quantile,0.05,121.40073750789347
7876,2020-12-27,21 day ahead inc hosp,2021-01-17,06025,quantile,0.1,141.99876171659457
7877,2020-12-27,21 day ahead inc hosp,2021-01-17,06025,quantile,0.15,155.89615086086584
7878,2020-12-27,21 day ahead inc hosp,2021-01-17,06025,quantile,0.2,166.94135519653148
7879,2020-12-27,21 day ahead inc hosp,2021-01-17,06025,quantile,0.25,176.41715703289012
7880,2020-12-27,21 day ahead inc hosp,2021-01-17,06025,quantile,0.3,184.9267199439077
7881,2020-12-27,21 day ahead inc hosp,2021-01-17,06025,quantile,0.35,192.8120981593538
7882,2020-12-27,21 day ahead inc hosp,2021-01-17,06025,quantile,0.4,200.2945509729952
7883,2020-12-27,21 day ahead inc hosp,2021-01-17,06025,quantile,0.45,207.53391066391424
7884,2020-12-27,21 day ahead inc hosp,2021-01-17,06025,quantile,0.5,214.6584930419922
7885,2020-12-27,21 day ahead inc hosp,2021-01-17,06025,quantile,0.55,224.96328529402385
7886,2020-12-27,21 day ahead inc hosp,2021-01-17,06025,quantile,0.6,235.43408816973962
7887,2020-12-27,21 day ahead inc hosp,2021-01-17,06025,quantile,0.65,246.25649398786223
7888,2020-12-27,21 day ahead inc hosp,2021-01-17,06025,quantile,0.7,257.66167958707615
7889,2020-12-27,21 day ahead inc hosp,2021-01-17,06025,quantile,0.75,269.96966808384
7890,2020-12-27,21 day ahead inc hosp,2021-01-17,06025,quantile,0.8,283.6751969363871
7891,2020-12-27,21 day ahead inc hosp,2021-01-17,06025,quantile,0.85,299.650664692994
7892,2020-12-27,21 day ahead inc hosp,2021-01-17,06025,quantile,0.9,319.75145100967774
7893,2020-12-27,21 day ahead inc hosp,2021-01-17,06025,quantile,0.95,349.5438443050509
7894,2020-12-27,21 day ahead inc hosp,2021-01-17,06025,quantile,0.975,375.3843024306407
7895,2020-12-27,21 day ahead inc hosp,2021-01-17,06025,quantile,0.99,405.42941940802945
7896,2020-12-27,22 day ahead inc hosp,2021-01-18,06025,point,NA,170.34507751464844
7897,2020-12-27,22 day ahead inc hosp,2021-01-18,06025,quantile,0.01,94.29462999760335
7898,2020-12-27,22 day ahead inc hosp,2021-01-18,06025,quantile,0.025,106.27205567434513
7899,2020-12-27,22 day ahead inc hosp,2021-01-18,06025,quantile,0.05,116.57330252537693
7900,2020-12-27,22 day ahead inc hosp,2021-01-18,06025,quantile,0.1,128.44998041270676
7901,2020-12-27,22 day ahead inc hosp,2021-01-18,06025,quantile,0.15,136.46311859863343
7902,2020-12-27,22 day ahead inc hosp,2021-01-18,06025,quantile,0.2,142.83170680715813
7903,2020-12-27,22 day ahead inc hosp,2021-01-18,06025,quantile,0.25,148.29538842022566
7904,2020-12-27,22 day ahead inc hosp,2021-01-18,06025,quantile,0.3,153.20194337093943
7905,2020-12-27,22 day ahead inc hosp,2021-01-18,06025,quantile,0.35,157.74859775563814
7906,2020-12-27,22 day ahead inc hosp,2021-01-18,06025,quantile,0.4,162.06292814841555
7907,2020-12-27,22 day ahead inc hosp,2021-01-18,06025,quantile,0.45,166.23709273276657
7908,2020-12-27,22 day ahead inc hosp,2021-01-18,06025,quantile,0.5,170.34507751464844
7909,2020-12-27,22 day ahead inc hosp,2021-01-18,06025,quantile,0.55,181.0045185075804
7910,2020-12-27,22 day ahead inc hosp,2021-01-18,06025,quantile,0.6,191.83568352988436
7911,2020-12-27,22 day ahead inc hosp,2021-01-18,06025,quantile,0.65,203.03055222770766
7912,2020-12-27,22 day ahead inc hosp,2021-01-18,06025,quantile,0.7,214.8282575996223
7913,2020-12-27,22 day ahead inc hosp,2021-01-18,06025,quantile,0.75,227.5598366469411
7914,2020-12-27,22 day ahead inc hosp,2021-01-18,06025,quantile,0.8,241.73705366476588
7915,2020-12-27,22 day ahead inc hosp,2021-01-18,06025,quantile,0.85,258.2623315860615
7916,2020-12-27,22 day ahead inc hosp,2021-01-18,06025,quantile,0.9,279.05490463497296
7917,2020-12-27,22 day ahead inc hosp,2021-01-18,06025,quantile,0.95,309.8726300779716
7918,2020-12-27,22 day ahead inc hosp,2021-01-18,06025,quantile,0.975,336.6024109297638
7919,2020-12-27,22 day ahead inc hosp,2021-01-18,06025,quantile,0.99,367.6815577687572
7920,2020-12-27,23 day ahead inc hosp,2021-01-19,06025,point,NA,176.89483642578125
7921,2020-12-27,23 day ahead inc hosp,2021-01-19,06025,quantile,0.01,104.06552487554916
7922,2020-12-27,23 day ahead inc hosp,2021-01-19,06025,quantile,0.025,115.5356436540832
7923,2020-12-27,23 day ahead inc hosp,2021-01-19,06025,quantile,0.05,125.40057858561656
7924,2020-12-27,23 day ahead inc hosp,2021-01-19,06025,quantile,0.1,136.77421677287683
7925,2020-12-27,23 day ahead inc hosp,2021-01-19,06025,quantile,0.15,144.4479564613529
7926,2020-12-27,23 day ahead inc hosp,2021-01-19,06025,quantile,0.2,150.54680150325515
7927,2020-12-27,23 day ahead inc hosp,2021-01-19,06025,quantile,0.25,155.77906749774763
7928,2020-12-27,23 day ahead inc hosp,2021-01-19,06025,quantile,0.3,160.47780407078065
7929,2020-12-27,23 day ahead inc hosp,2021-01-19,06025,quantile,0.35,164.83188375742859
7930,2020-12-27,23 day ahead inc hosp,2021-01-19,06025,quantile,0.4,168.9634795936766
7931,2020-12-27,23 day ahead inc hosp,2021-01-19,06025,quantile,0.45,172.96084637981562
7932,2020-12-27,23 day ahead inc hosp,2021-01-19,06025,quantile,0.5,176.89483642578125
7933,2020-12-27,23 day ahead inc hosp,2021-01-19,06025,quantile,0.55,185.61964087323676
7934,2020-12-27,23 day ahead inc hosp,2021-01-19,06025,quantile,0.6,194.48500227637066
7935,2020-12-27,23 day ahead inc hosp,2021-01-19,06025,quantile,0.65,203.648056911995
7936,2020-12-27,23 day ahead inc hosp,2021-01-19,06025,quantile,0.7,213.3045363058866
7937,2020-12-27,23 day ahead inc hosp,2021-01-19,06025,quantile,0.75,223.725395858356
7938,2020-12-27,23 day ahead inc hosp,2021-01-19,06025,quantile,0.8,235.32951714123357
7939,2020-12-27,23 day ahead inc hosp,2021-01-19,06025,quantile,0.85,248.8555377269999
7940,2020-12-27,23 day ahead inc hosp,2021-01-19,06025,quantile,0.9,265.8743601897797
7941,2020-12-27,23 day ahead inc hosp,2021-01-19,06025,quantile,0.95,291.09881878792055
7942,2020-12-27,23 day ahead inc hosp,2021-01-19,06025,quantile,0.975,312.977274797937
7943,2020-12-27,23 day ahead inc hosp,2021-01-19,06025,quantile,0.99,338.4157080838638
7944,2020-12-27,24 day ahead inc hosp,2021-01-20,06025,point,NA,186.0284423828125
7945,2020-12-27,24 day ahead inc hosp,2021-01-20,06025,quantile,0.01,113.06309649053493
7946,2020-12-27,24 day ahead inc hosp,2021-01-20,06025,quantile,0.025,124.55463974814214
7947,2020-12-27,24 day ahead inc hosp,2021-01-20,06025,quantile,0.05,134.43800091362124
7948,2020-12-27,24 day ahead inc hosp,2021-01-20,06025,quantile,0.1,145.8328833685333
7949,2020-12-27,24 day ahead inc hosp,2021-01-20,06025,quantile,0.15,153.5209564635366
7950,2020-12-27,24 day ahead inc hosp,2021-01-20,06025,quantile,0.2,159.63119324256851
7951,2020-12-27,24 day ahead inc hosp,2021-01-20,06025,quantile,0.25,164.87323233317872
7952,2020-12-27,24 day ahead inc hosp,2021-01-20,06025,quantile,0.3,169.58074544857567
7953,2020-12-27,24 day ahead inc hosp,2021-01-20,06025,quantile,0.35,173.9429579096901
7954,2020-12-27,24 day ahead inc hosp,2021-01-20,06025,quantile,0.4,178.08227095360104
7955,2020-12-27,24 day ahead inc hosp,2021-01-20,06025,quantile,0.45,182.08710422746447
7956,2020-12-27,24 day ahead inc hosp,2021-01-20,06025,quantile,0.5,186.0284423828125
7957,2020-12-27,24 day ahead inc hosp,2021-01-20,06025,quantile,0.55,195.3033431049964
7958,2020-12-27,24 day ahead inc hosp,2021-01-20,06025,quantile,0.6,204.72766285629214
7959,2020-12-27,24 day ahead inc hosp,2021-01-20,06025,quantile,0.65,214.4684453081152
7960,2020-12-27,24 day ahead inc hosp,2021-01-20,06025,quantile,0.7,224.73376279958964
7961,2020-12-27,24 day ahead inc hosp,2021-01-20,06025,quantile,0.75,235.81165438685184
7962,2020-12-27,24 day ahead inc hosp,2021-01-20,06025,quantile,0.8,248.1474119978157
7963,2020-12-27,24 day ahead inc hosp,2021-01-20,06025,quantile,0.85,262.5262440799244
7964,2020-12-27,24 day ahead inc hosp,2021-01-20,06025,quantile,0.9,280.6180981382455
7965,2020-12-27,24 day ahead inc hosp,2021-01-20,06025,quantile,0.95,307.4329512020095
7966,2020-12-27,24 day ahead inc hosp,2021-01-20,06025,quantile,0.975,330.69083722909977
7967,2020-12-27,24 day ahead inc hosp,2021-01-20,06025,quantile,0.99,357.73315601982955
7968,2020-12-27,25 day ahead inc hosp,2021-01-21,06025,point,NA,199.51048278808594
7969,2020-12-27,25 day ahead inc hosp,2021-01-21,06025,quantile,0.01,115.39649736983876
7970,2020-12-27,25 day ahead inc hosp,2021-01-21,06025,quantile,0.025,128.64387515148553
7971,2020-12-27,25 day ahead inc hosp,2021-01-21,06025,quantile,0.05,140.0373508732852
7972,2020-12-27,25 day ahead inc hosp,2021-01-21,06025,quantile,0.1,153.17329869802586
7973,2020-12-27,25 day ahead inc hosp,2021-01-21,06025,quantile,0.15,162.03606033232614
7974,2020-12-27,25 day ahead inc hosp,2021-01-21,06025,quantile,0.2,169.07990232400678
7975,2020-12-27,25 day ahead inc hosp,2021-01-21,06025,quantile,0.25,175.1228915572852
7976,2020-12-27,25 day ahead inc hosp,2021-01-21,06025,quantile,0.3,180.54968265520301
7977,2020-12-27,25 day ahead inc hosp,2021-01-21,06025,quantile,0.35,185.57841336097096
7978,2020-12-27,25 day ahead inc hosp,2021-01-21,06025,quantile,0.4,190.35018704009684
7979,2020-12-27,25 day ahead inc hosp,2021-01-21,06025,quantile,0.45,194.966933297938
7980,2020-12-27,25 day ahead inc hosp,2021-01-21,06025,quantile,0.5,199.51048278808594
7981,2020-12-27,25 day ahead inc hosp,2021-01-21,06025,quantile,0.55,210.76096315174536
7982,2020-12-27,25 day ahead inc hosp,2021-01-21,06025,quantile,0.6,222.19268921315756
7983,2020-12-27,25 day ahead inc hosp,2021-01-21,06025,quantile,0.65,234.00828541019263
7984,2020-12-27,25 day ahead inc hosp,2021-01-21,06025,quantile,0.7,246.46014406872595
7985,2020-12-27,25 day ahead inc hosp,2021-01-21,06025,quantile,0.75,259.89765736470605
7986,2020-12-27,25 day ahead inc hosp,2021-01-21,06025,quantile,0.8,274.86096564476844
7987,2020-12-27,25 day ahead inc hosp,2021-01-21,06025,quantile,0.85,292.30252893883136
7988,2020-12-27,25 day ahead inc hosp,2021-01-21,06025,quantile,0.9,314.2479982136126
7989,2020-12-27,25 day ahead inc hosp,2021-01-21,06025,quantile,0.95,346.7744895351559
7990,2020-12-27,25 day ahead inc hosp,2021-01-21,06025,quantile,0.975,374.98636995153146
7991,2020-12-27,25 day ahead inc hosp,2021-01-21,06025,quantile,0.99,407.78877783232303
7992,2020-12-27,26 day ahead inc hosp,2021-01-22,06025,point,NA,180.88087463378906
7993,2020-12-27,26 day ahead inc hosp,2021-01-22,06025,quantile,0.01,110.5545408438854
7994,2020-12-27,26 day ahead inc hosp,2021-01-22,06025,quantile,0.025,121.63045773309915
7995,2020-12-27,26 day ahead inc hosp,2021-01-22,06025,quantile,0.05,131.15635729253944
7996,2020-12-27,26 day ahead inc hosp,2021-01-22,06025,quantile,0.1,142.13910940892015
7997,2020-12-27,26 day ahead inc hosp,2021-01-22,06025,quantile,0.15,149.54912012110955
7998,2020-12-27,26 day ahead inc hosp,2021-01-22,06025,quantile,0.2,155.43836173303785
7999,2020-12-27,26 day ahead inc hosp,2021-01-22,06025,quantile,0.25,160.49080664805598
8000,2020-12-27,26 day ahead inc hosp,2021-01-22,06025,quantile,0.3,165.0280583341169
8001,2020-12-27,26 day ahead inc hosp,2021-01-22,06025,quantile,0.35,169.23249820692615
8002,2020-12-27,26 day ahead inc hosp,2021-01-22,06025,quantile,0.4,173.22210049315055
8003,2020-12-27,26 day ahead inc hosp,2021-01-22,06025,quantile,0.45,177.08208687636372
8004,2020-12-27,26 day ahead inc hosp,2021-01-22,06025,quantile,0.5,180.88087463378906
8005,2020-12-27,26 day ahead inc hosp,2021-01-22,06025,quantile,0.55,191.26672186758543
8006,2020-12-27,26 day ahead inc hosp,2021-01-22,06025,quantile,0.6,201.8198855241297
8007,2020-12-27,26 day ahead inc hosp,2021-01-22,06025,quantile,0.65,212.72741774604418
8008,2020-12-27,26 day ahead inc hosp,2021-01-22,06025,quantile,0.7,224.22231375262567
8009,2020-12-27,26 day ahead inc hosp,2021-01-22,06025,quantile,0.75,236.62711388408974
8010,2020-12-27,26 day ahead inc hosp,2021-01-22,06025,quantile,0.8,250.44044708281368
8011,2020-12-27,26 day ahead inc hosp,2021-01-22,06025,quantile,0.85,266.5415739712132
8012,2020-12-27,26 day ahead inc hosp,2021-01-22,06025,quantile,0.9,286.8004681690174
8013,2020-12-27,26 day ahead inc hosp,2021-01-22,06025,quantile,0.95,316.8272011615162
8014,2020-12-27,26 day ahead inc hosp,2021-01-22,06025,quantile,0.975,342.87091402635093
8015,2020-12-27,26 day ahead inc hosp,2021-01-22,06025,quantile,0.99,373.1523585636903
8016,2020-12-27,27 day ahead inc hosp,2021-01-23,06025,point,NA,183.35951232910156
8017,2020-12-27,27 day ahead inc hosp,2021-01-23,06025,quantile,0.01,49.235854216950656
8018,2020-12-27,27 day ahead inc hosp,2021-01-23,06025,quantile,0.025,70.35941363020669
8019,2020-12-27,27 day ahead inc hosp,2021-01-23,06025,quantile,0.05,88.52684006733574
8020,2020-12-27,27 day ahead inc hosp,2021-01-23,06025,quantile,0.1,109.4727192367035
8021,2020-12-27,27 day ahead inc hosp,2021-01-23,06025,quantile,0.15,123.60480447149146
8022,2020-12-27,27 day ahead inc hosp,2021-01-23,06025,quantile,0.2,134.83653781988227
8023,2020-12-27,27 day ahead inc hosp,2021-01-23,06025,quantile,0.25,144.47236494030088
8024,2020-12-27,27 day ahead inc hosp,2021-01-23,06025,quantile,0.3,153.12563550219363
8025,2020-12-27,27 day ahead inc hosp,2021-01-23,06025,quantile,0.35,161.14418027289688
8026,2020-12-27,27 day ahead inc hosp,2021-01-23,06025,quantile,0.4,168.75299512509147
8027,2020-12-27,27 day ahead inc hosp,2021-01-23,06025,quantile,0.45,176.11461155068665
8028,2020-12-27,27 day ahead inc hosp,2021-01-23,06025,quantile,0.5,183.35951232910156
8029,2020-12-27,27 day ahead inc hosp,2021-01-23,06025,quantile,0.55,194.14423789193154
8030,2020-12-27,27 day ahead inc hosp,2021-01-23,06025,quantile,0.6,205.10270582366704
8031,2020-12-27,27 day ahead inc hosp,2021-01-23,06025,quantile,0.65,216.42915218215768
8032,2020-12-27,27 day ahead inc hosp,2021-01-23,06025,quantile,0.7,228.36552058943076
8033,2020-12-27,27 day ahead inc hosp,2021-01-23,06025,quantile,0.75,241.2467388538646
8034,2020-12-27,27 day ahead inc hosp,2021-01-23,06025,quantile,0.8,255.59058623604022
8035,2020-12-27,27 day ahead inc hosp,2021-01-23,06025,quantile,0.85,272.3100921978296
8036,2020-12-27,27 day ahead inc hosp,2021-01-23,06025,quantile,0.9,293.3470484722059
8037,2020-12-27,27 day ahead inc hosp,2021-01-23,06025,quantile,0.95,324.5269866691306
8038,2020-12-27,27 day ahead inc hosp,2021-01-23,06025,quantile,0.975,351.5709330667245
8039,2020-12-27,27 day ahead inc hosp,2021-01-23,06025,quantile,0.99,383.0153652473323
8040,2020-12-27,28 day ahead inc hosp,2021-01-24,06025,point,NA,179.7648162841797
8041,2020-12-27,28 day ahead inc hosp,2021-01-24,06025,quantile,0.01,47.526550313673624
8042,2020-12-27,28 day ahead inc hosp,2021-01-24,06025,quantile,0.025,68.35317335133499
8043,2020-12-27,28 day ahead inc hosp,2021-01-24,06025,quantile,0.05,86.26521812410597
8044,2020-12-27,28 day ahead inc hosp,2021-01-24,06025,quantile,0.1,106.91665859010384
8045,2020-12-27,28 day ahead inc hosp,2021-01-24,06025,quantile,0.15,120.850087429579
8046,2020-12-27,28 day ahead inc hosp,2021-01-24,06025,quantile,0.2,131.9239349725111
8047,2020-12-27,28 day ahead inc hosp,2021-01-24,06025,quantile,0.25,141.42431013026481
8048,2020-12-27,28 day ahead inc hosp,2021-01-24,06025,quantile,0.3,149.9559406433656
8049,2020-12-27,28 day ahead inc hosp,2021-01-24,06025,quantile,0.35,157.86176778087196
8050,2020-12-27,28 day ahead inc hosp,2021-01-24,06025,quantile,0.4,165.36362462184408
8051,2020-12-27,28 day ahead inc hosp,2021-01-24,06025,quantile,0.45,172.62175793376653
8052,2020-12-27,28 day ahead inc hosp,2021-01-24,06025,quantile,0.5,179.7648162841797
8053,2020-12-27,28 day ahead inc hosp,2021-01-24,06025,quantile,0.55,189.96228366793255
8054,2020-12-27,28 day ahead inc hosp,2021-01-24,06025,quantile,0.6,200.324032667362
8055,2020-12-27,28 day ahead inc hosp,2021-01-24,06025,quantile,0.65,211.03372264896097
8056,2020-12-27,28 day ahead inc hosp,2021-01-24,06025,quantile,0.7,222.32012273438747
8057,2020-12-27,28 day ahead inc hosp,2021-01-24,06025,quantile,0.75,234.4999229851504
8058,2020-12-27,28 day ahead inc hosp,2021-01-24,06025,quantile,0.8,248.06270814691604
8059,2020-12-27,28 day ahead inc hosp,2021-01-24,06025,quantile,0.85,263.8717906983935
8060,2020-12-27,28 day ahead inc hosp,2021-01-24,06025,quantile,0.9,283.7632264342043
8061,2020-12-27,28 day ahead inc hosp,2021-01-24,06025,quantile,0.95,313.24533063223976
8062,2020-12-27,28 day ahead inc hosp,2021-01-24,06025,quantile,0.975,338.8166592405366
8063,2020-12-27,28 day ahead inc hosp,2021-01-24,06025,quantile,0.99,368.54885499223224
8064,2020-12-27,1 day ahead inc hosp,2020-12-28,06027,point,NA,9.954123497009277
8065,2020-12-27,1 day ahead inc hosp,2020-12-28,06027,quantile,0.01,6.934223112860681
8066,2020-12-27,1 day ahead inc hosp,2020-12-28,06027,quantile,0.025,7.409836782250291
8067,2020-12-27,1 day ahead inc hosp,2020-12-28,06027,quantile,0.05,7.818890776517295
8068,2020-12-27,1 day ahead inc hosp,2020-12-28,06027,quantile,0.1,8.29050383449855
8069,2020-12-27,1 day ahead inc hosp,2020-12-28,06027,quantile,0.15,8.608698925730485
8070,2020-12-27,1 day ahead inc hosp,2020-12-28,06027,quantile,0.2,8.861590297251965
8071,2020-12-27,1 day ahead inc hosp,2020-12-28,06027,quantile,0.25,9.078548576142701
8072,2020-12-27,1 day ahead inc hosp,2020-12-28,06027,quantile,0.3,9.273383815964081
8073,2020-12-27,1 day ahead inc hosp,2020-12-28,06027,quantile,0.35,9.4539277019138
8074,2020-12-27,1 day ahead inc hosp,2020-12-28,06027,quantile,0.4,9.625246194254984
8075,2020-12-27,1 day ahead inc hosp,2020-12-28,06027,quantile,0.45,9.79099881824784
8076,2020-12-27,1 day ahead inc hosp,2020-12-28,06027,quantile,0.5,9.954123497009277
8077,2020-12-27,1 day ahead inc hosp,2020-12-28,06027,quantile,0.55,10.392705566731697
8078,2020-12-27,1 day ahead inc hosp,2020-12-28,06027,quantile,0.6,10.838353211494404
8079,2020-12-27,1 day ahead inc hosp,2020-12-28,06027,quantile,0.65,11.29896542249287
8080,2020-12-27,1 day ahead inc hosp,2020-12-28,06027,quantile,0.7,11.784381312821509
8081,2020-12-27,1 day ahead inc hosp,2020-12-28,06027,quantile,0.75,12.308221380336326
8082,2020-12-27,1 day ahead inc hosp,2020-12-28,06027,quantile,0.8,12.891542136715994
8083,2020-12-27,1 day ahead inc hosp,2020-12-28,06027,quantile,0.85,13.57147372020765
8084,2020-12-27,1 day ahead inc hosp,2020-12-28,06027,quantile,0.9,14.426982909544403
8085,2020-12-27,1 day ahead inc hosp,2020-12-28,06027,quantile,0.95,15.69497640168812
8086,2020-12-27,1 day ahead inc hosp,2020-12-28,06027,quantile,0.975,16.79477165520837
8087,2020-12-27,1 day ahead inc hosp,2020-12-28,06027,quantile,0.99,18.073521315241294
8088,2020-12-27,2 day ahead inc hosp,2020-12-29,06027,point,NA,10.605839729309082
8089,2020-12-27,2 day ahead inc hosp,2020-12-29,06027,quantile,0.01,7.260051004033777
8090,2020-12-27,2 day ahead inc hosp,2020-12-29,06027,quantile,0.025,7.786989859693815
8091,2020-12-27,2 day ahead inc hosp,2020-12-29,06027,quantile,0.05,8.240186345654468
8092,2020-12-27,2 day ahead inc hosp,2020-12-29,06027,quantile,0.1,8.762692869501663
8093,2020-12-27,2 day ahead inc hosp,2020-12-29,06027,quantile,0.15,9.115225540536077
8094,2020-12-27,2 day ahead inc hosp,2020-12-29,06027,quantile,0.2,9.395407331961136
8095,2020-12-27,2 day ahead inc hosp,2020-12-29,06027,quantile,0.25,9.635778361144078
8096,2020-12-27,2 day ahead inc hosp,2020-12-29,06027,quantile,0.3,9.851638974329326
8097,2020-12-27,2 day ahead inc hosp,2020-12-29,06027,quantile,0.35,10.051666002107684
8098,2020-12-27,2 day ahead inc hosp,2020-12-29,06027,quantile,0.4,10.24147209078365
8099,2020-12-27,2 day ahead inc hosp,2020-12-29,06027,quantile,0.45,10.425111678185617
8100,2020-12-27,2 day ahead inc hosp,2020-12-29,06027,quantile,0.5,10.605839729309082
8101,2020-12-27,2 day ahead inc hosp,2020-12-29,06027,quantile,0.55,10.977368413437063
8102,2020-12-27,2 day ahead inc hosp,2020-12-29,06027,quantile,0.6,11.35488243982718
8103,2020-12-27,2 day ahead inc hosp,2020-12-29,06027,quantile,0.65,11.745073148612537
8104,2020-12-27,2 day ahead inc hosp,2020-12-29,06027,quantile,0.7,12.156275382900757
8105,2020-12-27,2 day ahead inc hosp,2020-12-29,06027,quantile,0.75,12.600027246948617
8106,2020-12-27,2 day ahead inc hosp,2020-12-29,06027,quantile,0.8,13.094165990877295
8107,2020-12-27,2 day ahead inc hosp,2020-12-29,06027,quantile,0.85,13.670145046910271
8108,2020-12-27,2 day ahead inc hosp,2020-12-29,06027,quantile,0.9,14.394858219919932
8109,2020-12-27,2 day ahead inc hosp,2020-12-29,06027,quantile,0.95,15.468992312809675
8110,2020-12-27,2 day ahead inc hosp,2020-12-29,06027,quantile,0.975,16.400643448500617
8111,2020-12-27,2 day ahead inc hosp,2020-12-29,06027,quantile,0.99,17.48388923376909
8112,2020-12-27,3 day ahead inc hosp,2020-12-30,06027,point,NA,11.16986083984375
8113,2020-12-27,3 day ahead inc hosp,2020-12-30,06027,quantile,0.01,7.914220712609825
8114,2020-12-27,3 day ahead inc hosp,2020-12-30,06027,quantile,0.025,8.42696178024684
8115,2020-12-27,3 day ahead inc hosp,2020-12-30,06027,quantile,0.05,8.867947385246003
8116,2020-12-27,3 day ahead inc hosp,2020-12-30,06027,quantile,0.1,9.376375545376904
8117,2020-12-27,3 day ahead inc hosp,2020-12-30,06027,quantile,0.15,9.719409611249116
8118,2020-12-27,3 day ahead inc hosp,2020-12-30,06027,quantile,0.2,9.99204221240317
8119,2020-12-27,3 day ahead inc hosp,2020-12-30,06027,quantile,0.25,10.225936708526234
8120,2020-12-27,3 day ahead inc hosp,2020-12-30,06027,quantile,0.3,10.435981194858046
8121,2020-12-27,3 day ahead inc hosp,2020-12-30,06027,quantile,0.35,10.630618714330518
8122,2020-12-27,3 day ahead inc hosp,2020-12-30,06027,quantile,0.4,10.815310686665368
8123,2020-12-27,3 day ahead inc hosp,2020-12-30,06027,quantile,0.45,10.994002307322118
8124,2020-12-27,3 day ahead inc hosp,2020-12-30,06027,quantile,0.5,11.16986083984375
8125,2020-12-27,3 day ahead inc hosp,2020-12-30,06027,quantile,0.55,11.57528240286608
8126,2020-12-27,3 day ahead inc hosp,2020-12-30,06027,quantile,0.6,11.98723532381259
8127,2020-12-27,3 day ahead inc hosp,2020-12-30,06027,quantile,0.65,12.413021363466147
8128,2020-12-27,3 day ahead inc hosp,2020-12-30,06027,quantile,0.7,12.861735714915731
8129,2020-12-27,3 day ahead inc hosp,2020-12-30,06027,quantile,0.75,13.345969051403916
8130,2020-12-27,3 day ahead inc hosp,2020-12-30,06027,quantile,0.8,13.885185834580867
8131,2020-12-27,3 day ahead inc hosp,2020-12-30,06027,quantile,0.85,14.51370885081338
8132,2020-12-27,3 day ahead inc hosp,2020-12-30,06027,quantile,0.9,15.304534323775353
8133,2020-12-27,3 day ahead inc hosp,2020-12-30,06027,quantile,0.95,16.476656804323646
8134,2020-12-27,3 day ahead inc hosp,2020-12-30,06027,quantile,0.975,17.493298252910268
8135,2020-12-27,3 day ahead inc hosp,2020-12-30,06027,quantile,0.99,18.675363644258663
8136,2020-12-27,4 day ahead inc hosp,2020-12-31,06027,point,NA,12.158833503723145
8137,2020-12-27,4 day ahead inc hosp,2020-12-31,06027,quantile,0.01,8.481492129807025
8138,2020-12-27,4 day ahead inc hosp,2020-12-31,06027,quantile,0.025,9.060648261455244
8139,2020-12-27,4 day ahead inc hosp,2020-12-31,06027,quantile,0.05,9.5587544854815
8140,2020-12-27,4 day ahead inc hosp,2020-12-31,06027,quantile,0.1,10.133039061124059
8141,2020-12-27,4 day ahead inc hosp,2020-12-31,06027,quantile,0.15,10.520506137887951
8142,2020-12-27,4 day ahead inc hosp,2020-12-31,06027,quantile,0.2,10.828452687543601
8143,2020-12-27,4 day ahead inc hosp,2020-12-31,06027,quantile,0.25,11.092643407067438
8144,2020-12-27,4 day ahead inc hosp,2020-12-31,06027,quantile,0.3,11.32989483835729
8145,2020-12-27,4 day ahead inc hosp,2020-12-31,06027,quantile,0.35,11.549743646978731
8146,2020-12-27,4 day ahead inc hosp,2020-12-31,06027,quantile,0.4,11.758358667298609
8147,2020-12-27,4 day ahead inc hosp,2020-12-31,06027,quantile,0.45,11.960196113740052
8148,2020-12-27,4 day ahead inc hosp,2020-12-31,06027,quantile,0.5,12.158833503723145
8149,2020-12-27,4 day ahead inc hosp,2020-12-31,06027,quantile,0.55,12.658296390168385
8150,2020-12-27,4 day ahead inc hosp,2020-12-31,06027,quantile,0.6,13.165805644095656
8151,2020-12-27,4 day ahead inc hosp,2020-12-31,06027,quantile,0.65,13.69035673799428
8152,2020-12-27,4 day ahead inc hosp,2020-12-31,06027,quantile,0.7,14.243154580056938
8153,2020-12-27,4 day ahead inc hosp,2020-12-31,06027,quantile,0.75,14.839710367944509
8154,2020-12-27,4 day ahead inc hosp,2020-12-31,06027,quantile,0.8,15.504003527236687
8155,2020-12-27,4 day ahead inc hosp,2020-12-31,06027,quantile,0.85,16.2783183356167
8156,2020-12-27,4 day ahead inc hosp,2020-12-31,06027,quantile,0.9,17.252583173568233
8157,2020-12-27,4 day ahead inc hosp,2020-12-31,06027,quantile,0.95,18.696590426260318
8158,2020-12-27,4 day ahead inc hosp,2020-12-31,06027,quantile,0.975,19.949051367423866
8159,2020-12-27,4 day ahead inc hosp,2020-12-31,06027,quantile,0.99,21.40530788207149
8160,2020-12-27,5 day ahead inc hosp,2021-01-01,06027,point,NA,12.181295394897461
8161,2020-12-27,5 day ahead inc hosp,2021-01-01,06027,quantile,0.01,8.90383222301727
8162,2020-12-27,5 day ahead inc hosp,2021-01-01,06027,quantile,0.025,9.420010271024877
8163,2020-12-27,5 day ahead inc hosp,2021-01-01,06027,quantile,0.05,9.863951868753627
8164,2020-12-27,5 day ahead inc hosp,2021-01-01,06027,quantile,0.1,10.375788099188474
8165,2020-12-27,5 day ahead inc hosp,2021-01-01,06027,quantile,0.15,10.721121573914907
8166,2020-12-27,5 day ahead inc hosp,2021-01-01,06027,quantile,0.2,10.995581672333552
8167,2020-12-27,5 day ahead inc hosp,2021-01-01,06027,quantile,0.25,11.231043998386193
8168,2020-12-27,5 day ahead inc hosp,2021-01-01,06027,quantile,0.3,11.442496444450585
8169,2020-12-27,5 day ahead inc hosp,2021-01-01,06027,quantile,0.35,11.638438648443241
8170,2020-12-27,5 day ahead inc hosp,2021-01-01,06027,quantile,0.4,11.824368638802367
8171,2020-12-27,5 day ahead inc hosp,2021-01-01,06027,quantile,0.45,12.00425805622507
8172,2020-12-27,5 day ahead inc hosp,2021-01-01,06027,quantile,0.5,12.181295394897461
8173,2020-12-27,5 day ahead inc hosp,2021-01-01,06027,quantile,0.55,12.6641851884326
8174,2020-12-27,5 day ahead inc hosp,2021-01-01,06027,quantile,0.6,13.154854356246696
8175,2020-12-27,5 day ahead inc hosp,2021-01-01,06027,quantile,0.65,13.661999884584384
8176,2020-12-27,5 day ahead inc hosp,2021-01-01,06027,quantile,0.7,14.196454882272333
8177,2020-12-27,5 day ahead inc hosp,2021-01-01,06027,quantile,0.75,14.773215857037583
8178,2020-12-27,5 day ahead inc hosp,2021-01-01,06027,quantile,0.8,15.415466553221343
8179,2020-12-27,5 day ahead inc hosp,2021-01-01,06027,quantile,0.85,16.164088178765923
8180,2020-12-27,5 day ahead inc hosp,2021-01-01,06027,quantile,0.9,17.10602512586388
8181,2020-12-27,5 day ahead inc hosp,2021-01-01,06027,quantile,0.95,18.502117574450995
8182,2020-12-27,5 day ahead inc hosp,2021-01-01,06027,quantile,0.975,19.713019568778854
8183,2020-12-27,5 day ahead inc hosp,2021-01-01,06027,quantile,0.99,21.120954826385812
8184,2020-12-27,6 day ahead inc hosp,2021-01-02,06027,point,NA,13.060145378112793
8185,2020-12-27,6 day ahead inc hosp,2021-01-02,06027,quantile,0.01,6.698879836334301
8186,2020-12-27,6 day ahead inc hosp,2021-01-02,06027,quantile,0.025,7.70073567971502
8187,2020-12-27,6 day ahead inc hosp,2021-01-02,06027,quantile,0.05,8.562386975272958
8188,2020-12-27,6 day ahead inc hosp,2021-01-02,06027,quantile,0.1,9.555815735551334
8189,2020-12-27,6 day ahead inc hosp,2021-01-02,06027,quantile,0.15,10.226077403797536
8190,2020-12-27,6 day ahead inc hosp,2021-01-02,06027,quantile,0.2,10.75878012999234
8191,2020-12-27,6 day ahead inc hosp,2021-01-02,06027,quantile,0.25,11.215791636317341
8192,2020-12-27,6 day ahead inc hosp,2021-01-02,06027,quantile,0.3,11.626202093531585
8193,2020-12-27,6 day ahead inc hosp,2021-01-02,06027,quantile,0.35,12.006508545525541
8194,2020-12-27,6 day ahead inc hosp,2021-01-02,06027,quantile,0.4,12.367382178218781
8195,2020-12-27,6 day ahead inc hosp,2021-01-02,06027,quantile,0.45,12.716531594206018
8196,2020-12-27,6 day ahead inc hosp,2021-01-02,06027,quantile,0.5,13.060145378112793
8197,2020-12-27,6 day ahead inc hosp,2021-01-02,06027,quantile,0.55,13.550729618627624
8198,2020-12-27,6 day ahead inc hosp,2021-01-02,06027,quantile,0.6,14.04921719127624
8199,2020-12-27,6 day ahead inc hosp,2021-01-02,06027,quantile,0.65,14.5644436615411
8200,2020-12-27,6 day ahead inc hosp,2021-01-02,06027,quantile,0.7,15.10741475482228
8201,2020-12-27,6 day ahead inc hosp,2021-01-02,06027,quantile,0.75,15.693365935716752
8202,2020-12-27,6 day ahead inc hosp,2021-01-02,06027,quantile,0.8,16.345850362237364
8203,2020-12-27,6 day ahead inc hosp,2021-01-02,06027,quantile,0.85,17.106400650351997
8204,2020-12-27,6 day ahead inc hosp,2021-01-02,06027,quantile,0.9,18.06334657878418
8205,2020-12-27,6 day ahead inc hosp,2021-01-02,06027,quantile,0.95,19.481684598655292
8206,2020-12-27,6 day ahead inc hosp,2021-01-02,06027,quantile,0.975,20.711881308501468
8207,2020-12-27,6 day ahead inc hosp,2021-01-02,06027,quantile,0.99,22.142250842698093
8208,2020-12-27,7 day ahead inc hosp,2021-01-03,06027,point,NA,13.077117919921875
8209,2020-12-27,7 day ahead inc hosp,2021-01-03,06027,quantile,0.01,6.8448926523550515
8210,2020-12-27,7 day ahead inc hosp,2021-01-03,06027,quantile,0.025,7.826425534541753
8211,2020-12-27,7 day ahead inc hosp,2021-01-03,06027,quantile,0.05,8.670597962298402
8212,2020-12-27,7 day ahead inc hosp,2021-01-03,06027,quantile,0.1,9.643874707416563
8213,2020-12-27,7 day ahead inc hosp,2021-01-03,06027,quantile,0.15,10.300539906706073
8214,2020-12-27,7 day ahead inc hosp,2021-01-03,06027,quantile,0.2,10.822436590390936
8215,2020-12-27,7 day ahead inc hosp,2021-01-03,06027,quantile,0.25,11.270177474430678
8216,2020-12-27,7 day ahead inc hosp,2021-01-03,06027,quantile,0.3,11.672262626312131
8217,2020-12-27,7 day ahead inc hosp,2021-01-03,06027,quantile,0.35,12.044854442196739
8218,2020-12-27,7 day ahead inc hosp,2021-01-03,06027,quantile,0.4,12.398407639638116
8219,2020-12-27,7 day ahead inc hosp,2021-01-03,06027,quantile,0.45,12.740474449800466
8220,2020-12-27,7 day ahead inc hosp,2021-01-03,06027,quantile,0.5,13.077117919921875
8221,2020-12-27,7 day ahead inc hosp,2021-01-03,06027,quantile,0.55,13.563679820748233
8222,2020-12-27,7 day ahead inc hosp,2021-01-03,06027,quantile,0.6,14.058080253651855
8223,2020-12-27,7 day ahead inc hosp,2021-01-03,06027,quantile,0.65,14.569082340602398
8224,2020-12-27,7 day ahead inc hosp,2021-01-03,06027,quantile,0.7,15.107601570171227
8225,2020-12-27,7 day ahead inc hosp,2021-01-03,06027,quantile,0.75,15.68874849015437
8226,2020-12-27,7 day ahead inc hosp,2021-01-03,06027,quantile,0.8,16.33588314432569
8227,2020-12-27,7 day ahead inc hosp,2021-01-03,06027,quantile,0.85,17.090197619390658
8228,2020-12-27,7 day ahead inc hosp,2021-01-03,06027,quantile,0.9,18.039297471104973
8229,2020-12-27,7 day ahead inc hosp,2021-01-03,06027,quantile,0.95,19.446006423350493
8230,2020-12-27,7 day ahead inc hosp,2021-01-03,06027,quantile,0.975,20.66611665132059
8231,2020-12-27,7 day ahead inc hosp,2021-01-03,06027,quantile,0.99,22.08475847053692
8232,2020-12-27,8 day ahead inc hosp,2021-01-04,06027,point,NA,12.18112850189209
8233,2020-12-27,8 day ahead inc hosp,2021-01-04,06027,quantile,0.01,9.005783434864359
8234,2020-12-27,8 day ahead inc hosp,2021-01-04,06027,quantile,0.025,9.505878579338152
8235,2020-12-27,8 day ahead inc hosp,2021-01-04,06027,quantile,0.05,9.935987992768329
8236,2020-12-27,8 day ahead inc hosp,2021-01-04,06027,quantile,0.1,10.431876600573796
8237,2020-12-27,8 day ahead inc hosp,2021-01-04,06027,quantile,0.15,10.766450290023696
8238,2020-12-27,8 day ahead inc hosp,2021-01-04,06027,quantile,0.2,11.032358852196685
8239,2020-12-27,8 day ahead inc hosp,2021-01-04,06027,quantile,0.25,11.26048472159378
8240,2020-12-27,8 day ahead inc hosp,2021-01-04,06027,quantile,0.3,11.465348802838767
8241,2020-12-27,8 day ahead inc hosp,2021-01-04,06027,quantile,0.35,11.655185904963608
8242,2020-12-27,8 day ahead inc hosp,2021-01-04,06027,quantile,0.4,11.835322750669388
8243,2020-12-27,8 day ahead inc hosp,2021-01-04,06027,quantile,0.45,12.009607233596464
8244,2020-12-27,8 day ahead inc hosp,2021-01-04,06027,quantile,0.5,12.18112850189209
8245,2020-12-27,8 day ahead inc hosp,2021-01-04,06027,quantile,0.55,12.591818860433124
8246,2020-12-27,8 day ahead inc hosp,2021-01-04,06027,quantile,0.6,13.009125457409144
8247,2020-12-27,8 day ahead inc hosp,2021-01-04,06027,quantile,0.65,13.440444946149448
8248,2020-12-27,8 day ahead inc hosp,2021-01-04,06027,quantile,0.7,13.894990719456496
8249,2020-12-27,8 day ahead inc hosp,2021-01-04,06027,quantile,0.75,14.385517077002259
8250,2020-12-27,8 day ahead inc hosp,2021-01-04,06027,quantile,0.8,14.931741437550361
8251,2020-12-27,8 day ahead inc hosp,2021-01-04,06027,quantile,0.85,15.568432641055997
8252,2020-12-27,8 day ahead inc hosp,2021-01-04,06027,quantile,0.9,16.36953555875218
8253,2020-12-27,8 day ahead inc hosp,2021-01-04,06027,quantile,0.95,17.556890760586548
8254,2020-12-27,8 day ahead inc hosp,2021-01-04,06027,quantile,0.975,18.58674432317251
8255,2020-12-27,8 day ahead inc hosp,2021-01-04,06027,quantile,0.99,19.784171652327867
8256,2020-12-27,9 day ahead inc hosp,2021-01-05,06027,point,NA,12.775864601135254
8257,2020-12-27,9 day ahead inc hosp,2021-01-05,06027,quantile,0.01,9.416641830102382
8258,2020-12-27,9 day ahead inc hosp,2021-01-05,06027,quantile,0.025,9.945696456147113
8259,2020-12-27,9 day ahead inc hosp,2021-01-05,06027,quantile,0.05,10.400712621361144
8260,2020-12-27,9 day ahead inc hosp,2021-01-05,06027,quantile,0.1,10.925317118848145
8261,2020-12-27,9 day ahead inc hosp,2021-01-05,06027,quantile,0.15,11.279265282737185
8262,2020-12-27,9 day ahead inc hosp,2021-01-05,06027,quantile,0.2,11.560572063011064
8263,2020-12-27,9 day ahead inc hosp,2021-01-05,06027,quantile,0.25,11.801908232455384
8264,2020-12-27,9 day ahead inc hosp,2021-01-05,06027,quantile,0.3,12.018635571424268
8265,2020-12-27,9 day ahead inc hosp,2021-01-05,06027,quantile,0.35,12.219465749809125
8266,2020-12-27,9 day ahead inc hosp,2021-01-05,06027,quantile,0.4,12.41003394987039
8267,2020-12-27,9 day ahead inc hosp,2021-01-05,06027,quantile,0.45,12.594410888857476
8268,2020-12-27,9 day ahead inc hosp,2021-01-05,06027,quantile,0.5,12.775864601135254
8269,2020-12-27,9 day ahead inc hosp,2021-01-05,06027,quantile,0.55,13.142031883385258
8270,2020-12-27,9 day ahead inc hosp,2021-01-05,06027,quantile,0.6,13.514098135494361
8271,2020-12-27,9 day ahead inc hosp,2021-01-05,06027,quantile,0.65,13.89865813718166
8272,2020-12-27,9 day ahead inc hosp,2021-01-05,06027,quantile,0.7,14.303926454318058
8273,2020-12-27,9 day ahead inc hosp,2021-01-05,06027,quantile,0.75,14.74127468877041
8274,2020-12-27,9 day ahead inc hosp,2021-01-05,06027,quantile,0.8,15.228282687475744
8275,2020-12-27,9 day ahead inc hosp,2021-01-05,06027,quantile,0.85,15.795949989061175
8276,2020-12-27,9 day ahead inc hosp,2021-01-05,06027,quantile,0.9,16.51020507704871
8277,2020-12-27,9 day ahead inc hosp,2021-01-05,06027,quantile,0.95,17.568838712534106
8278,2020-12-27,9 day ahead inc hosp,2021-01-05,06027,quantile,0.975,18.487045513071664
8279,2020-12-27,9 day ahead inc hosp,2021-01-05,06027,quantile,0.99,19.554659353256053
8280,2020-12-27,10 day ahead inc hosp,2021-01-06,06027,point,NA,12.963226318359375
8281,2020-12-27,10 day ahead inc hosp,2021-01-06,06027,quantile,0.01,9.645050572236062
8282,2020-12-27,10 day ahead inc hosp,2021-01-06,06027,quantile,0.025,10.167640572415241
8283,2020-12-27,10 day ahead inc hosp,2021-01-06,06027,quantile,0.05,10.617096802745271
8284,2020-12-27,10 day ahead inc hosp,2021-01-06,06027,quantile,0.1,11.135291051390872
8285,2020-12-27,10 day ahead inc hosp,2021-01-06,06027,quantile,0.15,11.484914250819344
8286,2020-12-27,10 day ahead inc hosp,2021-01-06,06027,quantile,0.2,11.762783686444127
8287,2020-12-27,10 day ahead inc hosp,2021-01-06,06027,quantile,0.25,12.001170920246496
8288,2020-12-27,10 day ahead inc hosp,2021-01-06,06027,quantile,0.3,12.215250023868217
8289,2020-12-27,10 day ahead inc hosp,2021-01-06,06027,quantile,0.35,12.413626217537967
8290,2020-12-27,10 day ahead inc hosp,2021-01-06,06027,quantile,0.4,12.601865826080285
8291,2020-12-27,10 day ahead inc hosp,2021-01-06,06027,quantile,0.45,12.78398982582422
8292,2020-12-27,10 day ahead inc hosp,2021-01-06,06027,quantile,0.5,12.963226318359375
8293,2020-12-27,10 day ahead inc hosp,2021-01-06,06027,quantile,0.55,13.36938981081589
8294,2020-12-27,10 day ahead inc hosp,2021-01-06,06027,quantile,0.6,13.782096613710044
8295,2020-12-27,10 day ahead inc hosp,2021-01-06,06027,quantile,0.65,14.208661850190552
8296,2020-12-27,10 day ahead inc hosp,2021-01-06,06027,quantile,0.7,14.658197357728628
8297,2020-12-27,10 day ahead inc hosp,2021-01-06,06027,quantile,0.75,15.143316850746512
8298,2020-12-27,10 day ahead inc hosp,2021-01-06,06027,quantile,0.8,15.683520411242023
8299,2020-12-27,10 day ahead inc hosp,2021-01-06,06027,quantile,0.85,16.31319363695607
8300,2020-12-27,10 day ahead inc hosp,2021-01-06,06027,quantile,0.9,17.105466336087563
8301,2020-12-27,10 day ahead inc hosp,2021-01-06,06027,quantile,0.95,18.27973382382863
8302,2020-12-27,10 day ahead inc hosp,2021-01-06,06027,quantile,0.975,19.298235746261525
8303,2020-12-27,10 day ahead inc hosp,2021-01-06,06027,quantile,0.99,20.482464340525016
8304,2020-12-27,11 day ahead inc hosp,2021-01-07,06027,point,NA,13.335951805114746
8305,2020-12-27,11 day ahead inc hosp,2021-01-07,06027,quantile,0.01,9.496826993026962
8306,2020-12-27,11 day ahead inc hosp,2021-01-07,06027,quantile,0.025,10.101462910392348
8307,2020-12-27,11 day ahead inc hosp,2021-01-07,06027,quantile,0.05,10.621483155800812
8308,2020-12-27,11 day ahead inc hosp,2021-01-07,06027,quantile,0.1,11.2210331946379
8309,2020-12-27,11 day ahead inc hosp,2021-01-07,06027,quantile,0.15,11.625546759471089
8310,2020-12-27,11 day ahead inc hosp,2021-01-07,06027,quantile,0.2,11.947041317459545
8311,2020-12-27,11 day ahead inc hosp,2021-01-07,06027,quantile,0.25,12.222855021795397
8312,2020-12-27,11 day ahead inc hosp,2021-01-07,06027,quantile,0.3,12.470544252669884
8313,2020-12-27,11 day ahead inc hosp,2021-01-07,06027,quantile,0.35,12.700065238149586
8314,2020-12-27,11 day ahead inc hosp,2021-01-07,06027,quantile,0.4,12.917858208463716
8315,2020-12-27,11 day ahead inc hosp,2021-01-07,06027,quantile,0.45,13.128575427740149
8316,2020-12-27,11 day ahead inc hosp,2021-01-07,06027,quantile,0.5,13.335951805114746
8317,2020-12-27,11 day ahead inc hosp,2021-01-07,06027,quantile,0.55,13.83449809532717
8318,2020-12-27,11 day ahead inc hosp,2021-01-07,06027,quantile,0.6,14.341075986618913
8319,2020-12-27,11 day ahead inc hosp,2021-01-07,06027,quantile,0.65,14.864664443313382
8320,2020-12-27,11 day ahead inc hosp,2021-01-07,06027,quantile,0.7,15.416447810760818
8321,2020-12-27,11 day ahead inc hosp,2021-01-07,06027,quantile,0.75,16.01190882103291
8322,2020-12-27,11 day ahead inc hosp,2021-01-07,06027,quantile,0.8,16.674982893534427
8323,2020-12-27,11 day ahead inc hosp,2021-01-07,06027,quantile,0.85,17.447876707370828
8324,2020-12-27,11 day ahead inc hosp,2021-01-07,06027,quantile,0.9,18.420353609713
8325,2020-12-27,11 day ahead inc hosp,2021-01-07,06027,quantile,0.95,19.861710872498133
8326,2020-12-27,11 day ahead inc hosp,2021-01-07,06027,quantile,0.975,21.11187334262094
8327,2020-12-27,11 day ahead inc hosp,2021-01-07,06027,quantile,0.99,22.565457387958904
8328,2020-12-27,12 day ahead inc hosp,2021-01-08,06027,point,NA,13.542288780212402
8329,2020-12-27,12 day ahead inc hosp,2021-01-08,06027,quantile,0.01,10.1997086736856
8330,2020-12-27,12 day ahead inc hosp,2021-01-08,06027,quantile,0.025,10.72614219382376
8331,2020-12-27,12 day ahead inc hosp,2021-01-08,06027,quantile,0.05,11.178904063357313
8332,2020-12-27,12 day ahead inc hosp,2021-01-08,06027,quantile,0.1,11.700909502298588
8333,2020-12-27,12 day ahead inc hosp,2021-01-08,06027,quantile,0.15,12.053104093725885
8334,2020-12-27,12 day ahead inc hosp,2021-01-08,06027,quantile,0.2,12.333017190196548
8335,2020-12-27,12 day ahead inc hosp,2021-01-08,06027,quantile,0.25,12.57315770303367
8336,2020-12-27,12 day ahead inc hosp,2021-01-08,06027,quantile,0.3,12.788811305415965
8337,2020-12-27,12 day ahead inc hosp,2021-01-08,06027,quantile,0.35,12.98864650683461
8338,2020-12-27,12 day ahead inc hosp,2021-01-08,06027,quantile,0.4,13.17827057105395
8339,2020-12-27,12 day ahead inc hosp,2021-01-08,06027,quantile,0.45,13.361734047687579
8340,2020-12-27,12 day ahead inc hosp,2021-01-08,06027,quantile,0.5,13.542288780212402
8341,2020-12-27,12 day ahead inc hosp,2021-01-08,06027,quantile,0.55,14.024067956556246
8342,2020-12-27,12 day ahead inc hosp,2021-01-08,06027,quantile,0.6,14.513608615090776
8343,2020-12-27,12 day ahead inc hosp,2021-01-08,06027,quantile,0.65,15.019587739520572
8344,2020-12-27,12 day ahead inc hosp,2021-01-08,06027,quantile,0.7,15.552813523180076
8345,2020-12-27,12 day ahead inc hosp,2021-01-08,06027,quantile,0.75,16.12824798273954
8346,2020-12-27,12 day ahead inc hosp,2021-01-08,06027,quantile,0.8,16.76902154133652
8347,2020-12-27,12 day ahead inc hosp,2021-01-08,06027,quantile,0.85,17.51592138261845
8348,2020-12-27,12 day ahead inc hosp,2021-01-08,06027,quantile,0.9,18.455691931957396
8349,2020-12-27,12 day ahead inc hosp,2021-01-08,06027,quantile,0.95,19.84857345272041
8350,2020-12-27,12 day ahead inc hosp,2021-01-08,06027,quantile,0.975,21.0566904460193
8351,2020-12-27,12 day ahead inc hosp,2021-01-08,06027,quantile,0.99,22.461387538060816
8352,2020-12-27,13 day ahead inc hosp,2021-01-09,06027,point,NA,13.649165153503418
8353,2020-12-27,13 day ahead inc hosp,2021-01-09,06027,quantile,0.01,7.449084311099872
8354,2020-12-27,13 day ahead inc hosp,2021-01-09,06027,quantile,0.025,8.42555466603151
8355,2020-12-27,13 day ahead inc hosp,2021-01-09,06027,quantile,0.05,9.265373041059974
8356,2020-12-27,13 day ahead inc hosp,2021-01-09,06027,quantile,0.1,10.233629842233004
8357,2020-12-27,13 day ahead inc hosp,2021-01-09,06027,quantile,0.15,10.886908109174971
8358,2020-12-27,13 day ahead inc hosp,2021-01-09,06027,quantile,0.2,11.406112966397949
8359,2020-12-27,13 day ahead inc hosp,2021-01-09,06027,quantile,0.25,11.851544503018166
8360,2020-12-27,13 day ahead inc hosp,2021-01-09,06027,quantile,0.3,12.251555789543502
8361,2020-12-27,13 day ahead inc hosp,2021-01-09,06027,quantile,0.35,12.622225860107946
8362,2020-12-27,13 day ahead inc hosp,2021-01-09,06027,quantile,0.4,12.973955509168372
8363,2020-12-27,13 day ahead inc hosp,2021-01-09,06027,quantile,0.45,13.3142580151684
8364,2020-12-27,13 day ahead inc hosp,2021-01-09,06027,quantile,0.5,13.649165153503418
8365,2020-12-27,13 day ahead inc hosp,2021-01-09,06027,quantile,0.55,14.135370740052569
8366,2020-12-27,13 day ahead inc hosp,2021-01-09,06027,quantile,0.6,14.629409118441439
8367,2020-12-27,13 day ahead inc hosp,2021-01-09,06027,quantile,0.65,15.140036993315462
8368,2020-12-27,13 day ahead inc hosp,2021-01-09,06027,quantile,0.7,15.67816185972162
8369,2020-12-27,13 day ahead inc hosp,2021-01-09,06027,quantile,0.75,16.258883199846593
8370,2020-12-27,13 day ahead inc hosp,2021-01-09,06027,quantile,0.8,16.905543950664267
8371,2020-12-27,13 day ahead inc hosp,2021-01-09,06027,quantile,0.85,17.65930603349196
8372,2020-12-27,13 day ahead inc hosp,2021-01-09,06027,quantile,0.9,18.60771084963714
8373,2020-12-27,13 day ahead inc hosp,2021-01-09,06027,quantile,0.95,20.013389654469332
8374,2020-12-27,13 day ahead inc hosp,2021-01-09,06027,quantile,0.975,21.232606383188347
8375,2020-12-27,13 day ahead inc hosp,2021-01-09,06027,quantile,0.99,22.650209316430313
8376,2020-12-27,14 day ahead inc hosp,2021-01-10,06027,point,NA,14.268959045410156
8377,2020-12-27,14 day ahead inc hosp,2021-01-10,06027,quantile,0.01,7.966945072113118
8378,2020-12-27,14 day ahead inc hosp,2021-01-10,06027,quantile,0.025,8.959469198444337
8379,2020-12-27,14 day ahead inc hosp,2021-01-10,06027,quantile,0.05,9.813094702528772
8380,2020-12-27,14 day ahead inc hosp,2021-01-10,06027,quantile,0.1,10.7972702392411
8381,2020-12-27,14 day ahead inc hosp,2021-01-10,06027,quantile,0.15,11.461288801477066
8382,2020-12-27,14 day ahead inc hosp,2021-01-10,06027,quantile,0.2,11.989029704925423
8383,2020-12-27,14 day ahead inc hosp,2021-01-10,06027,quantile,0.25,12.441784409143047
8384,2020-12-27,14 day ahead inc hosp,2021-01-10,06027,quantile,0.3,12.848372126502866
8385,2020-12-27,14 day ahead inc hosp,2021-01-10,06027,quantile,0.35,13.225136240319573
8386,2020-12-27,14 day ahead inc hosp,2021-01-10,06027,quantile,0.4,13.58264854048861
8387,2020-12-27,14 day ahead inc hosp,2021-01-10,06027,quantile,0.45,13.928545828358294
8388,2020-12-27,14 day ahead inc hosp,2021-01-10,06027,quantile,0.5,14.268959045410156
8389,2020-12-27,14 day ahead inc hosp,2021-01-10,06027,quantile,0.55,14.756808237546425
8390,2020-12-27,14 day ahead inc hosp,2021-01-10,06027,quantile,0.6,15.252516700075489
8391,2020-12-27,14 day ahead inc hosp,2021-01-10,06027,quantile,0.65,15.764870739459546
8392,2020-12-27,14 day ahead inc hosp,2021-01-10,06027,quantile,0.7,16.304814723254438
8393,2020-12-27,14 day ahead inc hosp,2021-01-10,06027,quantile,0.75,16.887499177061347
8394,2020-12-27,14 day ahead inc hosp,2021-01-10,06027,quantile,0.8,17.536345948057352
8395,2020-12-27,14 day ahead inc hosp,2021-01-10,06027,quantile,0.85,18.29265610438516
8396,2020-12-27,14 day ahead inc hosp,2021-01-10,06027,quantile,0.9,19.244266978827056
8397,2020-12-27,14 day ahead inc hosp,2021-01-10,06027,quantile,0.95,20.65469764501426
8398,2020-12-27,14 day ahead inc hosp,2021-01-10,06027,quantile,0.975,21.87803590479476
8399,2020-12-27,14 day ahead inc hosp,2021-01-10,06027,quantile,0.99,23.300431008603763
8400,2020-12-27,15 day ahead inc hosp,2021-01-11,06027,point,NA,14.276228904724121
8401,2020-12-27,15 day ahead inc hosp,2021-01-11,06027,quantile,0.01,11.074892084577565
8402,2020-12-27,15 day ahead inc hosp,2021-01-11,06027,quantile,0.025,11.579080752513125
8403,2020-12-27,15 day ahead inc hosp,2021-01-11,06027,quantile,0.05,12.012710821951384
8404,2020-12-27,15 day ahead inc hosp,2021-01-11,06027,quantile,0.1,12.512658520657663
8405,2020-12-27,15 day ahead inc hosp,2021-01-11,06027,quantile,0.15,12.849970859467767
8406,2020-12-27,15 day ahead inc hosp,2021-01-11,06027,quantile,0.2,13.118056013335293
8407,2020-12-27,15 day ahead inc hosp,2021-01-11,06027,quantile,0.25,13.348049204598901
8408,2020-12-27,15 day ahead inc hosp,2021-01-11,06027,quantile,0.3,13.554590198592026
8409,2020-12-27,15 day ahead inc hosp,2021-01-11,06027,quantile,0.35,13.745981210287972
8410,2020-12-27,15 day ahead inc hosp,2021-01-11,06027,quantile,0.4,13.927592564219587
8411,2020-12-27,15 day ahead inc hosp,2021-01-11,06027,quantile,0.45,14.103303650919498
8412,2020-12-27,15 day ahead inc hosp,2021-01-11,06027,quantile,0.5,14.276228904724121
8413,2020-12-27,15 day ahead inc hosp,2021-01-11,06027,quantile,0.55,14.70347162385542
8414,2020-12-27,15 day ahead inc hosp,2021-01-11,06027,quantile,0.6,15.137597240626258
8415,2020-12-27,15 day ahead inc hosp,2021-01-11,06027,quantile,0.65,15.586300521215486
8416,2020-12-27,15 day ahead inc hosp,2021-01-11,06027,quantile,0.7,16.059166192684465
8417,2020-12-27,15 day ahead inc hosp,2021-01-11,06027,quantile,0.75,16.569462600781133
8418,2020-12-27,15 day ahead inc hosp,2021-01-11,06027,quantile,0.8,17.13770185014011
8419,2020-12-27,15 day ahead inc hosp,2021-01-11,06027,quantile,0.85,17.80005409526969
8420,2020-12-27,15 day ahead inc hosp,2021-01-11,06027,quantile,0.9,18.633444462836195
8421,2020-12-27,15 day ahead inc hosp,2021-01-11,06027,quantile,0.95,19.86865452914634
8422,2020-12-27,15 day ahead inc hosp,2021-01-11,06027,quantile,0.975,20.940015049878696
8423,2020-12-27,15 day ahead inc hosp,2021-01-11,06027,quantile,0.99,22.185703187988096
8424,2020-12-27,16 day ahead inc hosp,2021-01-12,06027,point,NA,14.819830894470215
8425,2020-12-27,16 day ahead inc hosp,2021-01-12,06027,quantile,0.01,11.630340727365889
8426,2020-12-27,16 day ahead inc hosp,2021-01-12,06027,quantile,0.025,12.132663628419543
8427,2020-12-27,16 day ahead inc hosp,2021-01-12,06027,quantile,0.05,12.564689035408982
8428,2020-12-27,16 day ahead inc hosp,2021-01-12,06027,quantile,0.1,13.062786661080596
8429,2020-12-27,16 day ahead inc hosp,2021-01-12,06027,quantile,0.15,13.398850764397451
8430,2020-12-27,16 day ahead inc hosp,2021-01-12,06027,quantile,0.2,13.665943860264814
8431,2020-12-27,16 day ahead inc hosp,2021-01-12,06027,quantile,0.25,13.895085954098803
8432,2020-12-27,16 day ahead inc hosp,2021-01-12,06027,quantile,0.3,14.100862636295858
8433,2020-12-27,16 day ahead inc hosp,2021-01-12,06027,quantile,0.35,14.291545399207518
8434,2020-12-27,16 day ahead inc hosp,2021-01-12,06027,quantile,0.4,14.472484694302642
8435,2020-12-27,16 day ahead inc hosp,2021-01-12,06027,quantile,0.45,14.647545556300576
8436,2020-12-27,16 day ahead inc hosp,2021-01-12,06027,quantile,0.5,14.819830894470215
8437,2020-12-27,16 day ahead inc hosp,2021-01-12,06027,quantile,0.55,15.1808971572002
8438,2020-12-27,16 day ahead inc hosp,2021-01-12,06027,quantile,0.6,15.547780212156663
8439,2020-12-27,16 day ahead inc hosp,2021-01-12,06027,quantile,0.65,15.92698296820702
8440,2020-12-27,16 day ahead inc hosp,2021-01-12,06027,quantile,0.7,16.326605555381263
8441,2020-12-27,16 day ahead inc hosp,2021-01-12,06027,quantile,0.75,16.757861159527387
8442,2020-12-27,16 day ahead inc hosp,2021-01-12,06027,quantile,0.8,17.23808472546599
8443,2020-12-27,16 day ahead inc hosp,2021-01-12,06027,quantile,0.85,17.797843942067775
8444,2020-12-27,16 day ahead inc hosp,2021-01-12,06027,quantile,0.9,18.50214885339368
8445,2020-12-27,16 day ahead inc hosp,2021-01-12,06027,quantile,0.95,19.546034828176087
8446,2020-12-27,16 day ahead inc hosp,2021-01-12,06027,quantile,0.975,20.451450232431114
8447,2020-12-27,16 day ahead inc hosp,2021-01-12,06027,quantile,0.99,21.50419131007605
8448,2020-12-27,17 day ahead inc hosp,2021-01-13,06027,point,NA,15.622179985046387
8449,2020-12-27,17 day ahead inc hosp,2021-01-13,06027,quantile,0.01,12.347543559138842
8450,2020-12-27,17 day ahead inc hosp,2021-01-13,06027,quantile,0.025,12.863276413976653
8451,2020-12-27,17 day ahead inc hosp,2021-01-13,06027,quantile,0.05,13.306835121019024
8452,2020-12-27,17 day ahead inc hosp,2021-01-13,06027,quantile,0.1,13.81822990301428
8453,2020-12-27,17 day ahead inc hosp,2021-01-13,06027,quantile,0.15,14.163265534574306
8454,2020-12-27,17 day ahead inc hosp,2021-01-13,06027,quantile,0.2,14.437488916686108
8455,2020-12-27,17 day ahead inc hosp,2021-01-13,06027,quantile,0.25,14.6727481612251
8456,2020-12-27,17 day ahead inc hosp,2021-01-13,06027,quantile,0.3,14.884018233813736
8457,2020-12-27,17 day ahead inc hosp,2021-01-13,06027,quantile,0.35,15.079791441602023
8458,2020-12-27,17 day ahead inc hosp,2021-01-13,06027,quantile,0.4,15.265561071089376
8459,2020-12-27,17 day ahead inc hosp,2021-01-13,06027,quantile,0.45,15.445295337512798
8460,2020-12-27,17 day ahead inc hosp,2021-01-13,06027,quantile,0.5,15.622179985046387
8461,2020-12-27,17 day ahead inc hosp,2021-01-13,06027,quantile,0.55,16.02579549936287
8462,2020-12-27,17 day ahead inc hosp,2021-01-13,06027,quantile,0.6,16.435913276085188
8463,2020-12-27,17 day ahead inc hosp,2021-01-13,06027,quantile,0.65,16.85980254853142
8464,2020-12-27,17 day ahead inc hosp,2021-01-13,06027,quantile,0.7,17.306517993046487
8465,2020-12-27,17 day ahead inc hosp,2021-01-13,06027,quantile,0.75,17.788594194664554
8466,2020-12-27,17 day ahead inc hosp,2021-01-13,06027,quantile,0.8,18.325408905869395
8467,2020-12-27,17 day ahead inc hosp,2021-01-13,06027,quantile,0.85,18.951132013849378
8468,2020-12-27,17 day ahead inc hosp,2021-01-13,06027,quantile,0.9,19.738434562891506
8469,2020-12-27,17 day ahead inc hosp,2021-01-13,06027,quantile,0.95,20.905335539498807
8470,2020-12-27,17 day ahead inc hosp,2021-01-13,06027,quantile,0.975,21.917448112120272
8471,2020-12-27,17 day ahead inc hosp,2021-01-13,06027,quantile,0.99,23.09424770641941
8472,2020-12-27,18 day ahead inc hosp,2021-01-14,06027,point,NA,16.189924240112305
8473,2020-12-27,18 day ahead inc hosp,2021-01-14,06027,quantile,0.01,12.56385698204847
8474,2020-12-27,18 day ahead inc hosp,2021-01-14,06027,quantile,0.025,13.134937790910143
8475,2020-12-27,18 day ahead inc hosp,2021-01-14,06027,quantile,0.05,13.626098791841635
8476,2020-12-27,18 day ahead inc hosp,2021-01-14,06027,quantile,0.1,14.19237597005502
8477,2020-12-27,18 day ahead inc hosp,2021-01-14,06027,quantile,0.15,14.574440493788657
8478,2020-12-27,18 day ahead inc hosp,2021-01-14,06027,quantile,0.2,14.878093265560274
8479,2020-12-27,18 day ahead inc hosp,2021-01-14,06027,quantile,0.25,15.138600305984847
8480,2020-12-27,18 day ahead inc hosp,2021-01-14,06027,quantile,0.3,15.372543679594669
8481,2020-12-27,18 day ahead inc hosp,2021-01-14,06027,quantile,0.35,15.589327079776414
8482,2020-12-27,18 day ahead inc hosp,2021-01-14,06027,quantile,0.4,15.795033327253964
8483,2020-12-27,18 day ahead inc hosp,2021-01-14,06027,quantile,0.45,15.994056502307505
8484,2020-12-27,18 day ahead inc hosp,2021-01-14,06027,quantile,0.5,16.189924240112305
8485,2020-12-27,18 day ahead inc hosp,2021-01-14,06027,quantile,0.55,16.68151840225922
8486,2020-12-27,18 day ahead inc hosp,2021-01-14,06027,quantile,0.6,17.181032166418625
8487,2020-12-27,18 day ahead inc hosp,2021-01-14,06027,quantile,0.65,17.697319287056594
8488,2020-12-27,18 day ahead inc hosp,2021-01-14,06027,quantile,0.7,18.24140814606976
8489,2020-12-27,18 day ahead inc hosp,2021-01-14,06027,quantile,0.75,18.828565571935147
8490,2020-12-27,18 day ahead inc hosp,2021-01-14,06027,quantile,0.8,19.482393209432633
8491,2020-12-27,18 day ahead inc hosp,2021-01-14,06027,quantile,0.85,20.2445091739894
8492,2020-12-27,18 day ahead inc hosp,2021-01-14,06027,quantile,0.9,21.203425080896317
8493,2020-12-27,18 day ahead inc hosp,2021-01-14,06027,quantile,0.95,22.62468290562372
8494,2020-12-27,18 day ahead inc hosp,2021-01-14,06027,quantile,0.975,23.857412110740615
8495,2020-12-27,18 day ahead inc hosp,2021-01-14,06027,quantile,0.99,25.29072621798945
8496,2020-12-27,19 day ahead inc hosp,2021-01-15,06027,point,NA,16.213457107543945
8497,2020-12-27,19 day ahead inc hosp,2021-01-15,06027,quantile,0.01,13.019772718317547
8498,2020-12-27,19 day ahead inc hosp,2021-01-15,06027,quantile,0.025,13.522756180687788
8499,2020-12-27,19 day ahead inc hosp,2021-01-15,06027,quantile,0.05,13.95534970685125
8500,2020-12-27,19 day ahead inc hosp,2021-01-15,06027,quantile,0.1,14.454102337545953
8501,2020-12-27,19 day ahead inc hosp,2021-01-15,06027,quantile,0.15,14.790608369642243
8502,2020-12-27,19 day ahead inc hosp,2021-01-15,06027,quantile,0.2,15.058052696494073
8503,2020-12-27,19 day ahead inc hosp,2021-01-15,06027,quantile,0.25,15.287496115238534
8504,2020-12-27,19 day ahead inc hosp,2021-01-15,06027,quantile,0.3,15.49354339651803
8505,2020-12-27,19 day ahead inc hosp,2021-01-15,06027,quantile,0.35,15.684476909806898
8506,2020-12-27,19 day ahead inc hosp,2021-01-15,06027,quantile,0.4,15.86565414248906
8507,2020-12-27,19 day ahead inc hosp,2021-01-15,06027,quantile,0.45,16.040945211856084
8508,2020-12-27,19 day ahead inc hosp,2021-01-15,06027,quantile,0.5,16.213457107543945
8509,2020-12-27,19 day ahead inc hosp,2021-01-15,06027,quantile,0.55,16.68392869089642
8510,2020-12-27,19 day ahead inc hosp,2021-01-15,06027,quantile,0.6,17.161979590655058
8511,2020-12-27,19 day ahead inc hosp,2021-01-15,06027,quantile,0.65,17.656083137471473
8512,2020-12-27,19 day ahead inc hosp,2021-01-15,06027,quantile,0.7,18.17679385109436
8513,2020-12-27,19 day ahead inc hosp,2021-01-15,06027,quantile,0.75,18.73872258234218
8514,2020-12-27,19 day ahead inc hosp,2021-01-15,06027,quantile,0.8,19.364456872004308
8515,2020-12-27,19 day ahead inc hosp,2021-01-15,06027,quantile,0.85,20.09382660857181
8516,2020-12-27,19 day ahead inc hosp,2021-01-15,06027,quantile,0.9,21.01154028331139
8517,2020-12-27,19 day ahead inc hosp,2021-01-15,06027,quantile,0.95,22.37173019327977
8518,2020-12-27,19 day ahead inc hosp,2021-01-15,06027,quantile,0.975,23.551492089644306
8519,2020-12-27,19 day ahead inc hosp,2021-01-15,06027,quantile,0.99,24.923220253652218
8520,2020-12-27,20 day ahead inc hosp,2021-01-16,06027,point,NA,16.585987091064453
8521,2020-12-27,20 day ahead inc hosp,2021-01-16,06027,quantile,0.01,10.62679669840276
8522,2020-12-27,20 day ahead inc hosp,2021-01-16,06027,quantile,0.025,11.565328453993832
8523,2020-12-27,20 day ahead inc hosp,2021-01-16,06027,quantile,0.05,12.37251754059778
8524,2020-12-27,20 day ahead inc hosp,2021-01-16,06027,quantile,0.1,13.303154861923876
8525,2020-12-27,20 day ahead inc hosp,2021-01-16,06027,quantile,0.15,13.931051444411995
8526,2020-12-27,20 day ahead inc hosp,2021-01-16,06027,quantile,0.2,14.430083743446827
8527,2020-12-27,20 day ahead inc hosp,2021-01-16,06027,quantile,0.25,14.858209021340254
8528,2020-12-27,20 day ahead inc hosp,2021-01-16,06027,quantile,0.3,15.242678752656523
8529,2020-12-27,20 day ahead inc hosp,2021-01-16,06027,quantile,0.35,15.598947256165028
8530,2020-12-27,20 day ahead inc hosp,2021-01-16,06027,quantile,0.4,15.937011226421681
8531,2020-12-27,20 day ahead inc hosp,2021-01-16,06027,quantile,0.45,16.26409203002745
8532,2020-12-27,20 day ahead inc hosp,2021-01-16,06027,quantile,0.5,16.585987091064453
8533,2020-12-27,20 day ahead inc hosp,2021-01-16,06027,quantile,0.55,17.064523726593713
8534,2020-12-27,20 day ahead inc hosp,2021-01-16,06027,quantile,0.6,17.550769606848817
8535,2020-12-27,20 day ahead inc hosp,2021-01-16,06027,quantile,0.65,18.053343316427057
8536,2020-12-27,20 day ahead inc hosp,2021-01-16,06027,quantile,0.7,18.582980305776218
8537,2020-12-27,20 day ahead inc hosp,2021-01-16,06027,quantile,0.75,19.15454189200936
8538,2020-12-27,20 day ahead inc hosp,2021-01-16,06027,quantile,0.8,19.791002822500605
8539,2020-12-27,20 day ahead inc hosp,2021-01-16,06027,quantile,0.85,20.53287576901688
8540,2020-12-27,20 day ahead inc hosp,2021-01-16,06027,quantile,0.9,21.46632133688672
8541,2020-12-27,20 day ahead inc hosp,2021-01-16,06027,quantile,0.95,22.849828282319947
8542,2020-12-27,20 day ahead inc hosp,2021-01-16,06027,quantile,0.975,24.04981422958797
8543,2020-12-27,20 day ahead inc hosp,2021-01-16,06027,quantile,0.99,25.44505722341038
8544,2020-12-27,21 day ahead inc hosp,2021-01-17,06027,point,NA,18.20539665222168
8545,2020-12-27,21 day ahead inc hosp,2021-01-17,06027,quantile,0.01,12.193293723693339
8546,2020-12-27,21 day ahead inc hosp,2021-01-17,06027,quantile,0.025,13.140158842024565
8547,2020-12-27,21 day ahead inc hosp,2021-01-17,06027,quantile,0.05,13.954515080318902
8548,2020-12-27,21 day ahead inc hosp,2021-01-17,06027,quantile,0.1,14.893415668531745
8549,2020-12-27,21 day ahead inc hosp,2021-01-17,06027,quantile,0.15,15.526887437958406
8550,2020-12-27,21 day ahead inc hosp,2021-01-17,06027,quantile,0.2,16.030350718834967
8551,2020-12-27,21 day ahead inc hosp,2021-01-17,06027,quantile,0.25,16.462277384606494
8552,2020-12-27,21 day ahead inc hosp,2021-01-17,06027,quantile,0.3,16.85016087972413
8553,2020-12-27,21 day ahead inc hosp,2021-01-17,06027,quantile,0.35,17.209592744147105
8554,2020-12-27,21 day ahead inc hosp,2021-01-17,06027,quantile,0.4,17.550658434565857
8555,2020-12-27,21 day ahead inc hosp,2021-01-17,06027,quantile,0.45,17.880643437167077
8556,2020-12-27,21 day ahead inc hosp,2021-01-17,06027,quantile,0.5,18.20539665222168
8557,2020-12-27,21 day ahead inc hosp,2021-01-17,06027,quantile,0.55,18.682655343960956
8558,2020-12-27,21 day ahead inc hosp,2021-01-17,06027,quantile,0.6,19.16760269269947
8559,2020-12-27,21 day ahead inc hosp,2021-01-17,06027,quantile,0.65,19.668834266893544
8560,2020-12-27,21 day ahead inc hosp,2021-01-17,06027,quantile,0.7,20.19705684770795
8561,2020-12-27,21 day ahead inc hosp,2021-01-17,06027,quantile,0.75,20.7670920647449
8562,2020-12-27,21 day ahead inc hosp,2021-01-17,06027,quantile,0.8,21.401853310753708
8563,2020-12-27,21 day ahead inc hosp,2021-01-17,06027,quantile,0.85,22.141745067420413
8564,2020-12-27,21 day ahead inc hosp,2021-01-17,06027,quantile,0.9,23.072697846069573
8565,2020-12-27,21 day ahead inc hosp,2021-01-17,06027,quantile,0.95,24.452510102365032
8566,2020-12-27,21 day ahead inc hosp,2021-01-17,06027,quantile,0.975,25.64929145780973
8567,2020-12-27,21 day ahead inc hosp,2021-01-17,06027,quantile,0.99,27.04080842109009
8568,2020-12-27,22 day ahead inc hosp,2021-01-18,06027,point,NA,16.604839324951172
8569,2020-12-27,22 day ahead inc hosp,2021-01-18,06027,quantile,0.01,13.137987778093365
8570,2020-12-27,22 day ahead inc hosp,2021-01-18,06027,quantile,0.025,13.683993200684467
8571,2020-12-27,22 day ahead inc hosp,2021-01-18,06027,quantile,0.05,14.153587986067675
8572,2020-12-27,22 day ahead inc hosp,2021-01-18,06027,quantile,0.1,14.695000698938207
8573,2020-12-27,22 day ahead inc hosp,2021-01-18,06027,quantile,0.15,15.060289285949334
8574,2020-12-27,22 day ahead inc hosp,2021-01-18,06027,quantile,0.2,15.350609075021918
8575,2020-12-27,22 day ahead inc hosp,2021-01-18,06027,quantile,0.25,15.599677603482007
8576,2020-12-27,22 day ahead inc hosp,2021-01-18,06027,quantile,0.3,15.823348839825652
8577,2020-12-27,22 day ahead inc hosp,2021-01-18,06027,quantile,0.35,16.030613573975806
8578,2020-12-27,22 day ahead inc hosp,2021-01-18,06027,quantile,0.4,16.22728753822176
8579,2020-12-27,22 day ahead inc hosp,2021-01-18,06027,quantile,0.45,16.417571874718963
8580,2020-12-27,22 day ahead inc hosp,2021-01-18,06027,quantile,0.5,16.604839324951172
8581,2020-12-27,22 day ahead inc hosp,2021-01-18,06027,quantile,0.55,17.09099763462069
8582,2020-12-27,22 day ahead inc hosp,2021-01-18,06027,quantile,0.6,17.584987974497473
8583,2020-12-27,22 day ahead inc hosp,2021-01-18,06027,quantile,0.65,18.095566197756533
8584,2020-12-27,22 day ahead inc hosp,2021-01-18,06027,quantile,0.7,18.633638738839334
8585,2020-12-27,22 day ahead inc hosp,2021-01-18,06027,quantile,0.75,19.2143036117133
8586,2020-12-27,22 day ahead inc hosp,2021-01-18,06027,quantile,0.8,19.86090148356923
8587,2020-12-27,22 day ahead inc hosp,2021-01-18,06027,quantile,0.85,20.614590273287497
8588,2020-12-27,22 day ahead inc hosp,2021-01-18,06027,quantile,0.9,21.562902869965082
8589,2020-12-27,22 day ahead inc hosp,2021-01-18,06027,quantile,0.95,22.968444991654398
8590,2020-12-27,22 day ahead inc hosp,2021-01-18,06027,quantile,0.975,24.187543168131068
8591,2020-12-27,22 day ahead inc hosp,2021-01-18,06027,quantile,0.99,25.605008258770866
8592,2020-12-27,23 day ahead inc hosp,2021-01-19,06027,point,NA,17.219120025634766
8593,2020-12-27,23 day ahead inc hosp,2021-01-19,06027,quantile,0.01,13.898791703994956
8594,2020-12-27,23 day ahead inc hosp,2021-01-19,06027,quantile,0.025,14.42172072010506
8595,2020-12-27,23 day ahead inc hosp,2021-01-19,06027,quantile,0.05,14.871468522838473
8596,2020-12-27,23 day ahead inc hosp,2021-01-19,06027,quantile,0.1,15.389998935791747
8597,2020-12-27,23 day ahead inc hosp,2021-01-19,06027,quantile,0.15,15.73984894368266
8598,2020-12-27,23 day ahead inc hosp,2021-01-19,06027,quantile,0.2,16.017898639483416
8599,2020-12-27,23 day ahead inc hosp,2021-01-19,06027,quantile,0.25,16.2564405204661
8600,2020-12-27,23 day ahead inc hosp,2021-01-19,06027,quantile,0.3,16.470658502035317
8601,2020-12-27,23 day ahead inc hosp,2021-01-19,06027,quantile,0.35,16.669163386820372
8602,2020-12-27,23 day ahead inc hosp,2021-01-19,06027,quantile,0.4,16.857525110646385
8603,2020-12-27,23 day ahead inc hosp,2021-01-19,06027,quantile,0.45,17.03976725834052
8604,2020-12-27,23 day ahead inc hosp,2021-01-19,06027,quantile,0.5,17.219120025634766
8605,2020-12-27,23 day ahead inc hosp,2021-01-19,06027,quantile,0.55,17.61704550683585
8606,2020-12-27,23 day ahead inc hosp,2021-01-19,06027,quantile,0.6,18.02138158377708
8607,2020-12-27,23 day ahead inc hosp,2021-01-19,06027,quantile,0.65,18.439295010617958
8608,2020-12-27,23 day ahead inc hosp,2021-01-19,06027,quantile,0.7,18.879712813981254
8609,2020-12-27,23 day ahead inc hosp,2021-01-19,06027,quantile,0.75,19.354992870619615
8610,2020-12-27,23 day ahead inc hosp,2021-01-19,06027,quantile,0.8,19.884239752107195
8611,2020-12-27,23 day ahead inc hosp,2021-01-19,06027,quantile,0.85,20.501141630280124
8612,2020-12-27,23 day ahead inc hosp,2021-01-19,06027,quantile,0.9,21.277345057962968
8613,2020-12-27,23 day ahead inc hosp,2021-01-19,06027,quantile,0.95,22.4277954647488
8614,2020-12-27,23 day ahead inc hosp,2021-01-19,06027,quantile,0.975,23.425639621389074
8615,2020-12-27,23 day ahead inc hosp,2021-01-19,06027,quantile,0.99,24.585849098548902
8616,2020-12-27,24 day ahead inc hosp,2021-01-20,06027,point,NA,18.054201126098633
8617,2020-12-27,24 day ahead inc hosp,2021-01-20,06027,quantile,0.01,14.727155226935484
8618,2020-12-27,24 day ahead inc hosp,2021-01-20,06027,quantile,0.025,15.251142215590662
8619,2020-12-27,24 day ahead inc hosp,2021-01-20,06027,quantile,0.05,15.701799933078927
8620,2020-12-27,24 day ahead inc hosp,2021-01-20,06027,quantile,0.1,16.221379419470065
8621,2020-12-27,24 day ahead inc hosp,2021-01-20,06027,quantile,0.15,16.57193723222902
8622,2020-12-27,24 day ahead inc hosp,2021-01-20,06027,quantile,0.2,16.850549468901022
8623,2020-12-27,24 day ahead inc hosp,2021-01-20,06027,quantile,0.25,17.08957395986165
8624,2020-12-27,24 day ahead inc hosp,2021-01-20,06027,quantile,0.3,17.304225340106743
8625,2020-12-27,24 day ahead inc hosp,2021-01-20,06027,quantile,0.35,17.503131833354317
8626,2020-12-27,24 day ahead inc hosp,2021-01-20,06027,quantile,0.4,17.69187464433788
8627,2020-12-27,24 day ahead inc hosp,2021-01-20,06027,quantile,0.45,17.874485498267234
8628,2020-12-27,24 day ahead inc hosp,2021-01-20,06027,quantile,0.5,18.054201126098633
8629,2020-12-27,24 day ahead inc hosp,2021-01-20,06027,quantile,0.55,18.477162021983492
8630,2020-12-27,24 day ahead inc hosp,2021-01-20,06027,quantile,0.6,18.906936835160664
8631,2020-12-27,24 day ahead inc hosp,2021-01-20,06027,quantile,0.65,19.351143214921514
8632,2020-12-27,24 day ahead inc hosp,2021-01-20,06027,quantile,0.7,19.81926983026648
8633,2020-12-27,24 day ahead inc hosp,2021-01-20,06027,quantile,0.75,20.324452051684425
8634,2020-12-27,24 day ahead inc hosp,2021-01-20,06027,quantile,0.8,20.88699641165502
8635,2020-12-27,24 day ahead inc hosp,2021-01-20,06027,quantile,0.85,21.542710567676156
8636,2020-12-27,24 day ahead inc hosp,2021-01-20,06027,quantile,0.9,22.36774870338612
8637,2020-12-27,24 day ahead inc hosp,2021-01-20,06027,quantile,0.95,23.590579503908145
8638,2020-12-27,24 day ahead inc hosp,2021-01-20,06027,quantile,0.975,24.651202857738475
8639,2020-12-27,24 day ahead inc hosp,2021-01-20,06027,quantile,0.99,25.884406718904746
8640,2020-12-27,25 day ahead inc hosp,2021-01-21,06027,point,NA,19.043241500854492
8641,2020-12-27,25 day ahead inc hosp,2021-01-21,06027,quantile,0.01,15.208464824752689
8642,2020-12-27,25 day ahead inc hosp,2021-01-21,06027,quantile,0.025,15.812415940419928
8643,2020-12-27,25 day ahead inc hosp,2021-01-21,06027,quantile,0.05,16.331847218588937
8644,2020-12-27,25 day ahead inc hosp,2021-01-21,06027,quantile,0.1,16.930718215918688
8645,2020-12-27,25 day ahead inc hosp,2021-01-21,06027,quantile,0.15,17.33477363467063
8646,2020-12-27,25 day ahead inc hosp,2021-01-21,06027,quantile,0.2,17.655904072677238
8647,2020-12-27,25 day ahead inc hosp,2021-01-21,06027,quantile,0.25,17.931405394490522
8648,2020-12-27,25 day ahead inc hosp,2021-01-21,06027,quantile,0.3,18.17881409620516
8649,2020-12-27,25 day ahead inc hosp,2021-01-21,06027,quantile,0.35,18.408075129611053
8650,2020-12-27,25 day ahead inc hosp,2021-01-21,06027,quantile,0.4,18.625621430827913
8651,2020-12-27,25 day ahead inc hosp,2021-01-21,06027,quantile,0.45,18.836099994898056
8652,2020-12-27,25 day ahead inc hosp,2021-01-21,06027,quantile,0.5,19.043241500854492
8653,2020-12-27,25 day ahead inc hosp,2021-01-21,06027,quantile,0.55,19.55628228915331
8654,2020-12-27,25 day ahead inc hosp,2021-01-21,06027,quantile,0.6,20.077588185487087
8655,2020-12-27,25 day ahead inc hosp,2021-01-21,06027,quantile,0.65,20.616399204323944
8656,2020-12-27,25 day ahead inc hosp,2021-01-21,06027,quantile,0.7,21.184224859359485
8657,2020-12-27,25 day ahead inc hosp,2021-01-21,06027,quantile,0.75,21.79699802026504
8658,2020-12-27,25 day ahead inc hosp,2021-01-21,06027,quantile,0.8,22.479349993462428
8659,2020-12-27,25 day ahead inc hosp,2021-01-21,06027,quantile,0.85,23.27471455500184
8660,2020-12-27,25 day ahead inc hosp,2021-01-21,06027,quantile,0.9,24.275464788981992
8661,2020-12-27,25 day ahead inc hosp,2021-01-21,06027,quantile,0.95,25.75872738833747
8662,2020-12-27,25 day ahead inc hosp,2021-01-21,06027,quantile,0.975,27.045236488425473
8663,2020-12-27,25 day ahead inc hosp,2021-01-21,06027,quantile,0.99,28.541081346003335
8664,2020-12-27,26 day ahead inc hosp,2021-01-22,06027,point,NA,18.53607177734375
8665,2020-12-27,26 day ahead inc hosp,2021-01-22,06027,quantile,0.01,15.330170787157186
8666,2020-12-27,26 day ahead inc hosp,2021-01-22,06027,quantile,0.025,15.835078280677802
8667,2020-12-27,26 day ahead inc hosp,2021-01-22,06027,quantile,0.05,16.269326579775285
8668,2020-12-27,26 day ahead inc hosp,2021-01-22,06027,quantile,0.1,16.769987057684816
8669,2020-12-27,26 day ahead inc hosp,2021-01-22,06027,quantile,0.15,17.107780305239427
8670,2020-12-27,26 day ahead inc hosp,2021-01-22,06027,quantile,0.2,17.37624767013197
8671,2020-12-27,26 day ahead inc hosp,2021-01-22,06027,quantile,0.25,17.606568764422327
8672,2020-12-27,26 day ahead inc hosp,2021-01-22,06027,quantile,0.3,17.813404225467742
8673,2020-12-27,26 day ahead inc hosp,2021-01-22,06027,quantile,0.35,18.005068104772
8674,2020-12-27,26 day ahead inc hosp,2021-01-22,06027,quantile,0.4,18.186938383380117
8675,2020-12-27,26 day ahead inc hosp,2021-01-22,06027,quantile,0.45,18.36289998270106
8676,2020-12-27,26 day ahead inc hosp,2021-01-22,06027,quantile,0.5,18.53607177734375
8677,2020-12-27,26 day ahead inc hosp,2021-01-22,06027,quantile,0.55,19.009362836354125
8678,2020-12-27,26 day ahead inc hosp,2021-01-22,06027,quantile,0.6,19.490278633638567
8679,2020-12-27,26 day ahead inc hosp,2021-01-22,06027,quantile,0.65,19.98734327942892
8680,2020-12-27,26 day ahead inc hosp,2021-01-22,06027,quantile,0.7,20.511174545352556
8681,2020-12-27,26 day ahead inc hosp,2021-01-22,06027,quantile,0.75,21.076470843176743
8682,2020-12-27,26 day ahead inc hosp,2021-01-22,06027,quantile,0.8,21.7059550779162
8683,2020-12-27,26 day ahead inc hosp,2021-01-22,06027,quantile,0.85,22.43969583345834
8684,2020-12-27,26 day ahead inc hosp,2021-01-22,06027,quantile,0.9,23.36290924815759
8685,2020-12-27,26 day ahead inc hosp,2021-01-22,06027,quantile,0.95,24.731250601224723
8686,2020-12-27,26 day ahead inc hosp,2021-01-22,06027,quantile,0.975,25.918082658820286
8687,2020-12-27,26 day ahead inc hosp,2021-01-22,06027,quantile,0.99,27.29803141319865
8688,2020-12-27,27 day ahead inc hosp,2021-01-23,06027,point,NA,19.037364959716797
8689,2020-12-27,27 day ahead inc hosp,2021-01-23,06027,quantile,0.01,12.900924588155451
8690,2020-12-27,27 day ahead inc hosp,2021-01-23,06027,quantile,0.025,13.867372003914056
8691,2020-12-27,27 day ahead inc hosp,2021-01-23,06027,quantile,0.05,14.698570098309528
8692,2020-12-27,27 day ahead inc hosp,2021-01-23,06027,quantile,0.1,15.656888267989018
8693,2020-12-27,27 day ahead inc hosp,2021-01-23,06027,quantile,0.15,16.30346098744605
8694,2020-12-27,27 day ahead inc hosp,2021-01-23,06027,quantile,0.2,16.817336488098185
8695,2020-12-27,27 day ahead inc hosp,2021-01-23,06027,quantile,0.25,17.258195911315525
8696,2020-12-27,27 day ahead inc hosp,2021-01-23,06027,quantile,0.3,17.654101298697974
8697,2020-12-27,27 day ahead inc hosp,2021-01-23,06027,quantile,0.35,18.020966641805238
8698,2020-12-27,27 day ahead inc hosp,2021-01-23,06027,quantile,0.4,18.369085976573906
8699,2020-12-27,27 day ahead inc hosp,2021-01-23,06027,quantile,0.45,18.705895461714835
8700,2020-12-27,27 day ahead inc hosp,2021-01-23,06027,quantile,0.5,19.037364959716797
8701,2020-12-27,27 day ahead inc hosp,2021-01-23,06027,quantile,0.55,19.529014937343273
8702,2020-12-27,27 day ahead inc hosp,2021-01-23,06027,quantile,0.6,20.028585416171893
8703,2020-12-27,27 day ahead inc hosp,2021-01-23,06027,quantile,0.65,20.544931155921823
8704,2020-12-27,27 day ahead inc hosp,2021-01-23,06027,quantile,0.7,21.089081790649452
8705,2020-12-27,27 day ahead inc hosp,2021-01-23,06027,quantile,0.75,21.676305882223723
8706,2020-12-27,27 day ahead inc hosp,2021-01-23,06027,quantile,0.8,22.33020775514943
8707,2020-12-27,27 day ahead inc hosp,2021-01-23,06027,quantile,0.85,23.092410250164285
8708,2020-12-27,27 day ahead inc hosp,2021-01-23,06027,quantile,0.9,24.05143503214606
8709,2020-12-27,27 day ahead inc hosp,2021-01-23,06027,quantile,0.95,25.472854226135304
8710,2020-12-27,27 day ahead inc hosp,2021-01-23,06027,quantile,0.975,26.705723395021202
8711,2020-12-27,27 day ahead inc hosp,2021-01-23,06027,quantile,0.99,28.139200240399212
8712,2020-12-27,28 day ahead inc hosp,2021-01-24,06027,point,NA,19.248233795166016
8713,2020-12-27,28 day ahead inc hosp,2021-01-24,06027,quantile,0.01,13.188967776224267
8714,2020-12-27,28 day ahead inc hosp,2021-01-24,06027,quantile,0.025,14.143260758934407
8715,2020-12-27,28 day ahead inc hosp,2021-01-24,06027,quantile,0.05,14.964005370374043
8716,2020-12-27,28 day ahead inc hosp,2021-01-24,06027,quantile,0.1,15.910271343687157
8717,2020-12-27,28 day ahead inc hosp,2021-01-24,06027,quantile,0.15,16.548712503473727
8718,2020-12-27,28 day ahead inc hosp,2021-01-24,06027,quantile,0.2,17.056125298275465
8719,2020-12-27,28 day ahead inc hosp,2021-01-24,06027,quantile,0.25,17.491440295323404
8720,2020-12-27,28 day ahead inc hosp,2021-01-24,06027,quantile,0.3,17.882366616648035
8721,2020-12-27,28 day ahead inc hosp,2021-01-24,06027,quantile,0.35,18.244618113023556
8722,2020-12-27,28 day ahead inc hosp,2021-01-24,06027,quantile,0.4,18.588359358432857
8723,2020-12-27,28 day ahead inc hosp,2021-01-24,06027,quantile,0.45,18.92093299145138
8724,2020-12-27,28 day ahead inc hosp,2021-01-24,06027,quantile,0.5,19.248233795166016
8725,2020-12-27,28 day ahead inc hosp,2021-01-24,06027,quantile,0.55,19.712915908163865
8726,2020-12-27,28 day ahead inc hosp,2021-01-24,06027,quantile,0.6,20.185084068964223
8727,2020-12-27,28 day ahead inc hosp,2021-01-24,06027,quantile,0.65,20.673107338166368
8728,2020-12-27,28 day ahead inc hosp,2021-01-24,06027,quantile,0.7,21.187410355030245
8729,2020-12-27,28 day ahead inc hosp,2021-01-24,06027,quantile,0.75,21.742424173994124
8730,2020-12-27,28 day ahead inc hosp,2021-01-24,06027,quantile,0.8,22.36045838091362
8731,2020-12-27,28 day ahead inc hosp,2021-01-24,06027,quantile,0.85,23.080852730620716
8732,2020-12-27,28 day ahead inc hosp,2021-01-24,06027,quantile,0.9,23.98727331922728
8733,2020-12-27,28 day ahead inc hosp,2021-01-24,06027,quantile,0.95,25.330725174360754
8734,2020-12-27,28 day ahead inc hosp,2021-01-24,06027,quantile,0.975,26.49596930436872
8735,2020-12-27,28 day ahead inc hosp,2021-01-24,06027,quantile,0.99,27.8508174275386
8736,2020-12-27,1 day ahead inc hosp,2020-12-28,06029,point,NA,376.70623779296875
8737,2020-12-27,1 day ahead inc hosp,2020-12-28,06029,quantile,0.01,256.7178425815922
8738,2020-12-27,1 day ahead inc hosp,2020-12-28,06029,quantile,0.025,275.6151947029413
8739,2020-12-27,1 day ahead inc hosp,2020-12-28,06029,quantile,0.05,291.8679600539213
8740,2020-12-27,1 day ahead inc hosp,2020-12-28,06029,quantile,0.1,310.60635761330127
8741,2020-12-27,1 day ahead inc hosp,2020-12-28,06029,quantile,0.15,323.24906548587285
8742,2020-12-27,1 day ahead inc hosp,2020-12-28,06029,quantile,0.2,333.29708892099734
8743,2020-12-27,1 day ahead inc hosp,2020-12-28,06029,quantile,0.25,341.91739833536263
8744,2020-12-27,1 day ahead inc hosp,2020-12-28,06029,quantile,0.3,349.6587026113254
8745,2020-12-27,1 day ahead inc hosp,2020-12-28,06029,quantile,0.35,356.8321747079688
8746,2020-12-27,1 day ahead inc hosp,2020-12-28,06029,quantile,0.4,363.6390982323176
8747,2020-12-27,1 day ahead inc hosp,2020-12-28,06029,quantile,0.45,370.2248755180093
8748,2020-12-27,1 day ahead inc hosp,2020-12-28,06029,quantile,0.5,376.70623779296875
8749,2020-12-27,1 day ahead inc hosp,2020-12-28,06029,quantile,0.55,394.1078186511362
8750,2020-12-27,1 day ahead inc hosp,2020-12-28,06029,quantile,0.6,411.7897396870287
8751,2020-12-27,1 day ahead inc hosp,2020-12-28,06029,quantile,0.65,430.0654084552983
8752,2020-12-27,1 day ahead inc hosp,2020-12-28,06029,quantile,0.7,449.3252105505807
8753,2020-12-27,1 day ahead inc hosp,2020-12-28,06029,quantile,0.75,470.1095652264942
8754,2020-12-27,1 day ahead inc hosp,2020-12-28,06029,quantile,0.8,493.2539297802312
8755,2020-12-27,1 day ahead inc hosp,2020-12-28,06029,quantile,0.85,520.2315133272291
8756,2020-12-27,1 day ahead inc hosp,2020-12-28,06029,quantile,0.9,554.175473559281
8757,2020-12-27,1 day ahead inc hosp,2020-12-28,06029,quantile,0.95,604.4855359271613
8758,2020-12-27,1 day ahead inc hosp,2020-12-28,06029,quantile,0.975,648.1220120915289
8759,2020-12-27,1 day ahead inc hosp,2020-12-28,06029,quantile,0.99,698.8588459536625
8760,2020-12-27,2 day ahead inc hosp,2020-12-29,06029,point,NA,397.5240478515625
8761,2020-12-27,2 day ahead inc hosp,2020-12-29,06029,quantile,0.01,264.73398598086425
8762,2020-12-27,2 day ahead inc hosp,2020-12-29,06029,quantile,0.025,285.6475131012636
8763,2020-12-27,2 day ahead inc hosp,2020-12-29,06029,quantile,0.05,303.6343001795022
8764,2020-12-27,2 day ahead inc hosp,2020-12-29,06029,quantile,0.1,324.37191373691627
8765,2020-12-27,2 day ahead inc hosp,2020-12-29,06029,quantile,0.15,338.3634831520623
8766,2020-12-27,2 day ahead inc hosp,2020-12-29,06029,quantile,0.2,349.48353898144387
8767,2020-12-27,2 day ahead inc hosp,2020-12-29,06029,quantile,0.25,359.02355673450734
8768,2020-12-27,2 day ahead inc hosp,2020-12-29,06029,quantile,0.3,367.59078752340224
8769,2020-12-27,2 day ahead inc hosp,2020-12-29,06029,quantile,0.35,375.5296036219335
8770,2020-12-27,2 day ahead inc hosp,2020-12-29,06029,quantile,0.4,383.06276376092075
8771,2020-12-27,2 day ahead inc hosp,2020-12-29,06029,quantile,0.45,390.351183375943
8772,2020-12-27,2 day ahead inc hosp,2020-12-29,06029,quantile,0.5,397.5240478515625
8773,2020-12-27,2 day ahead inc hosp,2020-12-29,06029,quantile,0.55,412.2632287766777
8774,2020-12-27,2 day ahead inc hosp,2020-12-29,06029,quantile,0.6,427.2398585079528
8775,2020-12-27,2 day ahead inc hosp,2020-12-29,06029,quantile,0.65,442.71939399949844
8776,2020-12-27,2 day ahead inc hosp,2020-12-29,06029,quantile,0.7,459.03249279080984
8777,2020-12-27,2 day ahead inc hosp,2020-12-29,06029,quantile,0.75,476.6368912921259
8778,2020-12-27,2 day ahead inc hosp,2020-12-29,06029,quantile,0.8,496.2402238476415
8779,2020-12-27,2 day ahead inc hosp,2020-12-29,06029,quantile,0.85,519.0903021286034
8780,2020-12-27,2 day ahead inc hosp,2020-12-29,06029,quantile,0.9,547.8409182509488
8781,2020-12-27,2 day ahead inc hosp,2020-12-29,06029,quantile,0.95,590.4536623250585
8782,2020-12-27,2 day ahead inc hosp,2020-12-29,06029,quantile,0.975,627.4138628012826
8783,2020-12-27,2 day ahead inc hosp,2020-12-29,06029,quantile,0.99,670.3880833595548
8784,2020-12-27,3 day ahead inc hosp,2020-12-30,06029,point,NA,414.58905029296875
8785,2020-12-27,3 day ahead inc hosp,2020-12-30,06029,quantile,0.01,285.3577298737489
8786,2020-12-27,3 day ahead inc hosp,2020-12-30,06029,quantile,0.025,305.7107795396498
8787,2020-12-27,3 day ahead inc hosp,2020-12-30,06029,quantile,0.05,323.2155250866737
8788,2020-12-27,3 day ahead inc hosp,2020-12-30,06029,quantile,0.1,343.3973756304116
8789,2020-12-27,3 day ahead inc hosp,2020-12-30,06029,quantile,0.15,357.0139743787211
8790,2020-12-27,3 day ahead inc hosp,2020-12-30,06029,quantile,0.2,367.836015408913
8791,2020-12-27,3 day ahead inc hosp,2020-12-30,06029,quantile,0.25,377.12036300001273
8792,2020-12-27,3 day ahead inc hosp,2020-12-30,06029,quantile,0.3,385.45799408164555
8793,2020-12-27,3 day ahead inc hosp,2020-12-30,06029,quantile,0.35,393.18405183420197
8794,2020-12-27,3 day ahead inc hosp,2020-12-30,06029,quantile,0.4,400.5153251085431
8795,2020-12-27,3 day ahead inc hosp,2020-12-30,06029,quantile,0.45,407.6084168456025
8796,2020-12-27,3 day ahead inc hosp,2020-12-30,06029,quantile,0.5,414.58905029296875
8797,2020-12-27,3 day ahead inc hosp,2020-12-30,06029,quantile,0.55,430.6775490750281
8798,2020-12-27,3 day ahead inc hosp,2020-12-30,06029,quantile,0.6,447.02523422898383
8799,2020-12-27,3 day ahead inc hosp,2020-12-30,06029,quantile,0.65,463.9218643177165
8800,2020-12-27,3 day ahead inc hosp,2020-12-30,06029,quantile,0.7,481.72836736351417
8801,2020-12-27,3 day ahead inc hosp,2020-12-30,06029,quantile,0.75,500.9443838630943
8802,2020-12-27,3 day ahead inc hosp,2020-12-30,06029,quantile,0.8,522.3423294847743
8803,2020-12-27,3 day ahead inc hosp,2020-12-30,06029,quantile,0.85,547.2842484734199
8804,2020-12-27,3 day ahead inc hosp,2020-12-30,06029,quantile,0.9,578.6668778622504
8805,2020-12-27,3 day ahead inc hosp,2020-12-30,06029,quantile,0.95,625.1806620826692
8806,2020-12-27,3 day ahead inc hosp,2020-12-30,06029,quantile,0.975,665.5244331081782
8807,2020-12-27,3 day ahead inc hosp,2020-12-30,06029,quantile,0.99,712.4327856566973
8808,2020-12-27,4 day ahead inc hosp,2020-12-31,06029,point,NA,447.90618896484375
8809,2020-12-27,4 day ahead inc hosp,2020-12-31,06029,quantile,0.01,301.3065514758468
8810,2020-12-27,4 day ahead inc hosp,2020-12-31,06029,quantile,0.025,324.3949923672459
8811,2020-12-27,4 day ahead inc hosp,2020-12-31,06029,quantile,0.05,344.25232527389926
8812,2020-12-27,4 day ahead inc hosp,2020-12-31,06029,quantile,0.1,367.1465583744462
8813,2020-12-27,4 day ahead inc hosp,2020-12-31,06029,quantile,0.15,382.59318875676973
8814,2020-12-27,4 day ahead inc hosp,2020-12-31,06029,quantile,0.2,394.8696809164926
8815,2020-12-27,4 day ahead inc hosp,2020-12-31,06029,quantile,0.25,405.4018180699456
8816,2020-12-27,4 day ahead inc hosp,2020-12-31,06029,quantile,0.3,414.86000274312937
8817,2020-12-27,4 day ahead inc hosp,2020-12-31,06029,quantile,0.35,423.6244203941261
8818,2020-12-27,4 day ahead inc hosp,2020-12-31,06029,quantile,0.4,431.94099567065126
8819,2020-12-27,4 day ahead inc hosp,2020-12-31,06029,quantile,0.45,439.9873784976309
8820,2020-12-27,4 day ahead inc hosp,2020-12-31,06029,quantile,0.5,447.90618896484375
8821,2020-12-27,4 day ahead inc hosp,2020-12-31,06029,quantile,0.55,467.7272818808472
8822,2020-12-27,4 day ahead inc hosp,2020-12-31,06029,quantile,0.6,487.86769341255956
8823,2020-12-27,4 day ahead inc hosp,2020-12-31,06029,quantile,0.65,508.684407233589
8824,2020-12-27,4 day ahead inc hosp,2020-12-31,06029,quantile,0.7,530.6220880676412
8825,2020-12-27,4 day ahead inc hosp,2020-12-31,06029,quantile,0.75,554.2962949450638
8826,2020-12-27,4 day ahead inc hosp,2020-12-31,06029,quantile,0.8,580.6586469658668
8827,2020-12-27,4 day ahead inc hosp,2020-12-31,06029,quantile,0.85,611.3871879238751
8828,2020-12-27,4 day ahead inc hosp,2020-12-31,06029,quantile,0.9,650.0507090821177
8829,2020-12-27,4 day ahead inc hosp,2020-12-31,06029,quantile,0.95,707.3558716952975
8830,2020-12-27,4 day ahead inc hosp,2020-12-31,06029,quantile,0.975,757.0595541153318
8831,2020-12-27,4 day ahead inc hosp,2020-12-31,06029,quantile,0.99,814.8508264394881
8832,2020-12-27,5 day ahead inc hosp,2021-01-01,06029,point,NA,443.11456298828125
8833,2020-12-27,5 day ahead inc hosp,2021-01-01,06029,quantile,0.01,312.9993343838728
8834,2020-12-27,5 day ahead inc hosp,2021-01-01,06029,quantile,0.025,333.4915935474007
8835,2020-12-27,5 day ahead inc hosp,2021-01-01,06029,quantile,0.05,351.11606694227504
8836,2020-12-27,5 day ahead inc hosp,2021-01-01,06029,quantile,0.1,371.4359560267474
8837,2020-12-27,5 day ahead inc hosp,2021-01-01,06029,quantile,0.15,385.14568872315107
8838,2020-12-27,5 day ahead inc hosp,2021-01-01,06029,quantile,0.2,396.04174966288195
8839,2020-12-27,5 day ahead inc hosp,2021-01-01,06029,quantile,0.25,405.38959974550835
8840,2020-12-27,5 day ahead inc hosp,2021-01-01,06029,quantile,0.3,413.78425802715924
8841,2020-12-27,5 day ahead inc hosp,2021-01-01,06029,quantile,0.35,421.5631599792841
8842,2020-12-27,5 day ahead inc hosp,2021-01-01,06029,quantile,0.4,428.9445772313701
8843,2020-12-27,5 day ahead inc hosp,2021-01-01,06029,quantile,0.45,436.08618384720927
8844,2020-12-27,5 day ahead inc hosp,2021-01-01,06029,quantile,0.5,443.11456298828125
8845,2020-12-27,5 day ahead inc hosp,2021-01-01,06029,quantile,0.55,462.2759587600154
8846,2020-12-27,5 day ahead inc hosp,2021-01-01,06029,quantile,0.6,481.74604539954424
8847,2020-12-27,5 day ahead inc hosp,2021-01-01,06029,quantile,0.65,501.8699252421951
8848,2020-12-27,5 day ahead inc hosp,2021-01-01,06029,quantile,0.7,523.07746342168
8849,2020-12-27,5 day ahead inc hosp,2021-01-01,06029,quantile,0.75,545.9637315746305
8850,2020-12-27,5 day ahead inc hosp,2021-01-01,06029,quantile,0.8,571.4486764606179
8851,2020-12-27,5 day ahead inc hosp,2021-01-01,06029,quantile,0.85,601.1544922438103
8852,2020-12-27,5 day ahead inc hosp,2021-01-01,06029,quantile,0.9,638.5311916004712
8853,2020-12-27,5 day ahead inc hosp,2021-01-01,06029,quantile,0.95,693.9290904574088
8854,2020-12-27,5 day ahead inc hosp,2021-01-01,06029,quantile,0.975,741.9785060067352
8855,2020-12-27,5 day ahead inc hosp,2021-01-01,06029,quantile,0.99,797.8463355884805
8856,2020-12-27,6 day ahead inc hosp,2021-01-02,06029,point,NA,472.0971374511719
8857,2020-12-27,6 day ahead inc hosp,2021-01-02,06029,quantile,0.01,219.02111578411913
8858,2020-12-27,6 day ahead inc hosp,2021-01-02,06029,quantile,0.025,258.87885941413833
8859,2020-12-27,6 day ahead inc hosp,2021-01-02,06029,quantile,0.05,293.1587178026781
8860,2020-12-27,6 day ahead inc hosp,2021-01-02,06029,quantile,0.1,332.68119910921916
8861,2020-12-27,6 day ahead inc hosp,2021-01-02,06029,quantile,0.15,359.3468296133414
8862,2020-12-27,6 day ahead inc hosp,2021-01-02,06029,quantile,0.2,380.53982742032855
8863,2020-12-27,6 day ahead inc hosp,2021-01-02,06029,quantile,0.25,398.7215324784171
8864,2020-12-27,6 day ahead inc hosp,2021-01-02,06029,quantile,0.3,415.04926554979875
8865,2020-12-27,6 day ahead inc hosp,2021-01-02,06029,quantile,0.35,430.17934355909273
8866,2020-12-27,6 day ahead inc hosp,2021-01-02,06029,quantile,0.4,444.53630801635836
8867,2020-12-27,6 day ahead inc hosp,2021-01-02,06029,quantile,0.45,458.42683728055886
8868,2020-12-27,6 day ahead inc hosp,2021-01-02,06029,quantile,0.5,472.0971374511719
8869,2020-12-27,6 day ahead inc hosp,2021-01-02,06029,quantile,0.55,491.5636343558747
8870,2020-12-27,6 day ahead inc hosp,2021-01-02,06029,quantile,0.6,511.3437373200744
8871,2020-12-27,6 day ahead inc hosp,2021-01-02,06029,quantile,0.65,531.7880436396302
8872,2020-12-27,6 day ahead inc hosp,2021-01-02,06029,quantile,0.7,553.3332630612916
8873,2020-12-27,6 day ahead inc hosp,2021-01-02,06029,quantile,0.75,576.5839423681097
8874,2020-12-27,6 day ahead inc hosp,2021-01-02,06029,quantile,0.8,602.4746763547964
8875,2020-12-27,6 day ahead inc hosp,2021-01-02,06029,quantile,0.85,632.6534888945498
8876,2020-12-27,6 day ahead inc hosp,2021-01-02,06029,quantile,0.9,670.6253261762447
8877,2020-12-27,6 day ahead inc hosp,2021-01-02,06029,quantile,0.95,726.9053090894109
8878,2020-12-27,6 day ahead inc hosp,2021-01-02,06029,quantile,0.975,775.7198010088108
8879,2020-12-27,6 day ahead inc hosp,2021-01-02,06029,quantile,0.99,832.4771972121607
8880,2020-12-27,7 day ahead inc hosp,2021-01-03,06029,point,NA,466.9516906738281
8881,2020-12-27,7 day ahead inc hosp,2021-01-03,06029,quantile,0.01,219.287171751461
8882,2020-12-27,7 day ahead inc hosp,2021-01-03,06029,quantile,0.025,258.2926406869831
8883,2020-12-27,7 day ahead inc hosp,2021-01-03,06029,quantile,0.05,291.8394958200779
8884,2020-12-27,7 day ahead inc hosp,2021-01-03,06029,quantile,0.1,330.51687131746996
8885,2020-12-27,7 day ahead inc hosp,2021-01-03,06029,quantile,0.15,356.61231294430826
8886,2020-12-27,7 day ahead inc hosp,2021-01-03,06029,quantile,0.2,377.3521427069854
8887,2020-12-27,7 day ahead inc hosp,2021-01-03,06029,quantile,0.25,395.1450699339037
8888,2020-12-27,7 day ahead inc hosp,2021-01-03,06029,quantile,0.3,411.1236684972104
8889,2020-12-27,7 day ahead inc hosp,2021-01-03,06029,quantile,0.35,425.93022135333
8890,2020-12-27,7 day ahead inc hosp,2021-01-03,06029,quantile,0.4,439.9801920778268
8891,2020-12-27,7 day ahead inc hosp,2021-01-03,06029,quantile,0.45,453.573701352764
8892,2020-12-27,7 day ahead inc hosp,2021-01-03,06029,quantile,0.5,466.9516906738281
8893,2020-12-27,7 day ahead inc hosp,2021-01-03,06029,quantile,0.55,486.2628020770288
8894,2020-12-27,7 day ahead inc hosp,2021-01-03,06029,quantile,0.6,505.8850162729565
8895,2020-12-27,7 day ahead inc hosp,2021-01-03,06029,quantile,0.65,526.1661320191967
8896,2020-12-27,7 day ahead inc hosp,2021-01-03,06029,quantile,0.7,547.5393731572873
8897,2020-12-27,7 day ahead inc hosp,2021-01-03,06029,quantile,0.75,570.6044608560188
8898,2020-12-27,7 day ahead inc hosp,2021-01-03,06029,quantile,0.8,596.2885297860971
8899,2020-12-27,7 day ahead inc hosp,2021-01-03,06029,quantile,0.85,626.2264489620272
8900,2020-12-27,7 day ahead inc hosp,2021-01-03,06029,quantile,0.9,663.8951873858302
8901,2020-12-27,7 day ahead inc hosp,2021-01-03,06029,quantile,0.95,719.7259321329154
8902,2020-12-27,7 day ahead inc hosp,2021-01-03,06029,quantile,0.975,768.150776939915
8903,2020-12-27,7 day ahead inc hosp,2021-01-03,06029,quantile,0.99,824.4551241680854
8904,2020-12-27,8 day ahead inc hosp,2021-01-04,06029,point,NA,425.2798156738281
8905,2020-12-27,8 day ahead inc hosp,2021-01-04,06029,quantile,0.01,299.1456304476329
8906,2020-12-27,8 day ahead inc hosp,2021-01-04,06029,quantile,0.025,319.0109024896486
8907,2020-12-27,8 day ahead inc hosp,2021-01-04,06029,quantile,0.05,336.0961323704798
8908,2020-12-27,8 day ahead inc hosp,2021-01-04,06029,quantile,0.1,355.79430821851224
8909,2020-12-27,8 day ahead inc hosp,2021-01-04,06029,quantile,0.15,369.08457394588015
8910,2020-12-27,8 day ahead inc hosp,2021-01-04,06029,quantile,0.2,379.6472558359949
8911,2020-12-27,8 day ahead inc hosp,2021-01-04,06029,quantile,0.25,388.7090963786841
8912,2020-12-27,8 day ahead inc hosp,2021-01-04,06029,quantile,0.3,396.8469092539749
8913,2020-12-27,8 day ahead inc hosp,2021-01-04,06029,quantile,0.35,404.38780565948974
8914,2020-12-27,8 day ahead inc hosp,2021-01-04,06029,quantile,0.4,411.54337892245604
8915,2020-12-27,8 day ahead inc hosp,2021-01-04,06029,quantile,0.45,418.46647886515063
8916,2020-12-27,8 day ahead inc hosp,2021-01-04,06029,quantile,0.5,425.2798156738281
8917,2020-12-27,8 day ahead inc hosp,2021-01-04,06029,quantile,0.55,441.59852613536304
8918,2020-12-27,8 day ahead inc hosp,2021-01-04,06029,quantile,0.6,458.18013168834494
8919,2020-12-27,8 day ahead inc hosp,2021-01-04,06029,quantile,0.65,475.31853707525164
8920,2020-12-27,8 day ahead inc hosp,2021-01-04,06029,quantile,0.7,493.3798348677371
8921,2020-12-27,8 day ahead inc hosp,2021-01-04,06029,quantile,0.75,512.870814960324
8922,2020-12-27,8 day ahead inc hosp,2021-01-04,06029,quantile,0.8,534.574945581961
8923,2020-12-27,8 day ahead inc hosp,2021-01-04,06029,quantile,0.85,559.8737605829383
8924,2020-12-27,8 day ahead inc hosp,2021-01-04,06029,quantile,0.9,591.7054466498239
8925,2020-12-27,8 day ahead inc hosp,2021-01-04,06029,quantile,0.95,638.8848005128305
8926,2020-12-27,8 day ahead inc hosp,2021-01-04,06029,quantile,0.975,679.8058539442354
8927,2020-12-27,8 day ahead inc hosp,2021-01-04,06029,quantile,0.99,727.3854220466676
8928,2020-12-27,9 day ahead inc hosp,2021-01-05,06029,point,NA,443.622314453125
8929,2020-12-27,9 day ahead inc hosp,2021-01-05,06029,quantile,0.01,310.2370169207163
8930,2020-12-27,9 day ahead inc hosp,2021-01-05,06029,quantile,0.025,331.2442895893806
8931,2020-12-27,9 day ahead inc hosp,2021-01-05,06029,quantile,0.05,349.3117030108691
8932,2020-12-27,9 day ahead inc hosp,2021-01-05,06029,quantile,0.1,370.1422735784258
8933,2020-12-27,9 day ahead inc hosp,2021-01-05,06029,quantile,0.15,384.1965606470006
8934,2020-12-27,9 day ahead inc hosp,2021-01-05,06029,quantile,0.2,395.3664624791372
8935,2020-12-27,9 day ahead inc hosp,2021-01-05,06029,quantile,0.25,404.94924366419235
8936,2020-12-27,9 day ahead inc hosp,2021-01-05,06029,quantile,0.3,413.5548773366752
8937,2020-12-27,9 day ahead inc hosp,2021-01-05,06029,quantile,0.35,421.5292794300244
8938,2020-12-27,9 day ahead inc hosp,2021-01-05,06029,quantile,0.4,429.0962071981319
8939,2020-12-27,9 day ahead inc hosp,2021-01-05,06029,quantile,0.45,436.4172973851175
8940,2020-12-27,9 day ahead inc hosp,2021-01-05,06029,quantile,0.5,443.622314453125
8941,2020-12-27,9 day ahead inc hosp,2021-01-05,06029,quantile,0.55,458.166827283766
8942,2020-12-27,9 day ahead inc hosp,2021-01-05,06029,quantile,0.6,472.9456528096212
8943,2020-12-27,9 day ahead inc hosp,2021-01-05,06029,quantile,0.65,488.2207419555527
8944,2020-12-27,9 day ahead inc hosp,2021-01-05,06029,quantile,0.7,504.3183850934727
8945,2020-12-27,9 day ahead inc hosp,2021-01-05,06029,quantile,0.75,521.6902730687272
8946,2020-12-27,9 day ahead inc hosp,2021-01-05,06029,quantile,0.8,541.0346941275108
8947,2020-12-27,9 day ahead inc hosp,2021-01-05,06029,quantile,0.85,563.582979437741
8948,2020-12-27,9 day ahead inc hosp,2021-01-05,06029,quantile,0.9,591.9538710907328
8949,2020-12-27,9 day ahead inc hosp,2021-01-05,06029,quantile,0.95,634.0038062997252
8950,2020-12-27,9 day ahead inc hosp,2021-01-05,06029,quantile,0.975,670.4758540193851
8951,2020-12-27,9 day ahead inc hosp,2021-01-05,06029,quantile,0.99,712.8824915029875
8952,2020-12-27,10 day ahead inc hosp,2021-01-06,06029,point,NA,445.6602783203125
8953,2020-12-27,10 day ahead inc hosp,2021-01-06,06029,quantile,0.01,313.9072509034437
8954,2020-12-27,10 day ahead inc hosp,2021-01-06,06029,quantile,0.025,334.65745218552786
8955,2020-12-27,10 day ahead inc hosp,2021-01-06,06029,quantile,0.05,352.50377003247723
8956,2020-12-27,10 day ahead inc hosp,2021-01-06,06029,quantile,0.1,373.0794315624107
8957,2020-12-27,10 day ahead inc hosp,2021-01-06,06029,quantile,0.15,386.96173271348454
8958,2020-12-27,10 day ahead inc hosp,2021-01-06,06029,quantile,0.2,397.9949455904559
8959,2020-12-27,10 day ahead inc hosp,2021-01-06,06029,quantile,0.25,407.46045982299466
8960,2020-12-27,10 day ahead inc hosp,2021-01-06,06029,quantile,0.3,415.96078414783017
8961,2020-12-27,10 day ahead inc hosp,2021-01-06,06029,quantile,0.35,423.8376014363541
8962,2020-12-27,10 day ahead inc hosp,2021-01-06,06029,quantile,0.4,431.3119307675211
8963,2020-12-27,10 day ahead inc hosp,2021-01-06,06029,quantile,0.45,438.5434308951339
8964,2020-12-27,10 day ahead inc hosp,2021-01-06,06029,quantile,0.5,445.6602783203125
8965,2020-12-27,10 day ahead inc hosp,2021-01-06,06029,quantile,0.55,461.7903107698863
8966,2020-12-27,10 day ahead inc hosp,2021-01-06,06029,quantile,0.6,478.180198700435
8967,2020-12-27,10 day ahead inc hosp,2021-01-06,06029,quantile,0.65,495.120448708324
8968,2020-12-27,10 day ahead inc hosp,2021-01-06,06029,quantile,0.7,512.9729205786291
8969,2020-12-27,10 day ahead inc hosp,2021-01-06,06029,quantile,0.75,532.2385446675223
8970,2020-12-27,10 day ahead inc hosp,2021-01-06,06029,quantile,0.8,553.6917306923613
8971,2020-12-27,10 day ahead inc hosp,2021-01-06,06029,quantile,0.85,578.6980391174907
8972,2020-12-27,10 day ahead inc hosp,2021-01-06,06029,quantile,0.9,610.1616851202652
8973,2020-12-27,10 day ahead inc hosp,2021-01-06,06029,quantile,0.95,656.795548166858
8974,2020-12-27,10 day ahead inc hosp,2021-01-06,06029,quantile,0.975,697.2434696662397
8975,2020-12-27,10 day ahead inc hosp,2021-01-06,06029,quantile,0.99,744.2729196486955
8976,2020-12-27,11 day ahead inc hosp,2021-01-07,06029,point,NA,455.11785888671875
8977,2020-12-27,11 day ahead inc hosp,2021-01-07,06029,quantile,0.01,302.6557970672827
8978,2020-12-27,11 day ahead inc hosp,2021-01-07,06029,quantile,0.025,326.6675297208719
8979,2020-12-27,11 day ahead inc hosp,2021-01-07,06029,quantile,0.05,347.3189444790464
8980,2020-12-27,11 day ahead inc hosp,2021-01-07,06029,quantile,0.1,371.1287030983073
8981,2020-12-27,11 day ahead inc hosp,2021-01-07,06029,quantile,0.15,387.19303420164
8982,2020-12-27,11 day ahead inc hosp,2021-01-07,06029,quantile,0.2,399.9604553129096
8983,2020-12-27,11 day ahead inc hosp,2021-01-07,06029,quantile,0.25,410.913765793647
8984,2020-12-27,11 day ahead inc hosp,2021-01-07,06029,quantile,0.3,420.750177131641
8985,2020-12-27,11 day ahead inc hosp,2021-01-07,06029,quantile,0.35,429.86507815462556
8986,2020-12-27,11 day ahead inc hosp,2021-01-07,06029,quantile,0.4,438.51422787732344
8987,2020-12-27,11 day ahead inc hosp,2021-01-07,06029,quantile,0.45,446.8823803298279
8988,2020-12-27,11 day ahead inc hosp,2021-01-07,06029,quantile,0.5,455.11785888671875
8989,2020-12-27,11 day ahead inc hosp,2021-01-07,06029,quantile,0.55,474.91560697090523
8990,2020-12-27,11 day ahead inc hosp,2021-01-07,06029,quantile,0.6,495.03229758460736
8991,2020-12-27,11 day ahead inc hosp,2021-01-07,06029,quantile,0.65,515.8244939541928
8992,2020-12-27,11 day ahead inc hosp,2021-01-07,06029,quantile,0.7,537.7363370873827
8993,2020-12-27,11 day ahead inc hosp,2021-01-07,06029,quantile,0.75,561.382661023118
8994,2020-12-27,11 day ahead inc hosp,2021-01-07,06029,quantile,0.8,587.7139640661055
8995,2020-12-27,11 day ahead inc hosp,2021-01-07,06029,quantile,0.85,618.4063136484069
8996,2020-12-27,11 day ahead inc hosp,2021-01-07,06029,quantile,0.9,657.0242977919794
8997,2020-12-27,11 day ahead inc hosp,2021-01-07,06029,quantile,0.95,714.2619676897414
8998,2020-12-27,11 day ahead inc hosp,2021-01-07,06029,quantile,0.975,763.9071102446077
8999,2020-12-27,11 day ahead inc hosp,2021-01-07,06029,quantile,0.99,821.6303173243994
9000,2020-12-27,12 day ahead inc hosp,2021-01-08,06029,point,NA,457.1876525878906
9001,2020-12-27,12 day ahead inc hosp,2021-01-08,06029,quantile,0.01,324.48718577996823
9002,2020-12-27,12 day ahead inc hosp,2021-01-08,06029,quantile,0.025,345.38660229036543
9003,2020-12-27,12 day ahead inc hosp,2021-01-08,06029,quantile,0.05,363.3612534655499
9004,2020-12-27,12 day ahead inc hosp,2021-01-08,06029,quantile,0.1,384.0848751039731
9005,2020-12-27,12 day ahead inc hosp,2021-01-08,06029,quantile,0.15,398.06700423780273
9006,2020-12-27,12 day ahead inc hosp,2021-01-08,06029,quantile,0.2,409.179557230857
9007,2020-12-27,12 day ahead inc hosp,2021-01-08,06029,quantile,0.25,418.7131382184169
9008,2020-12-27,12 day ahead inc hosp,2021-01-08,06029,quantile,0.3,427.27458859295297
9009,2020-12-27,12 day ahead inc hosp,2021-01-08,06029,quantile,0.35,435.2080482761268
9010,2020-12-27,12 day ahead inc hosp,2021-01-08,06029,quantile,0.4,442.73612570074494
9011,2020-12-27,12 day ahead inc hosp,2021-01-08,06029,quantile,0.45,450.01962773079316
9012,2020-12-27,12 day ahead inc hosp,2021-01-08,06029,quantile,0.5,457.1876525878906
9013,2020-12-27,12 day ahead inc hosp,2021-01-08,06029,quantile,0.55,476.3189311297808
9014,2020-12-27,12 day ahead inc hosp,2021-01-08,06029,quantile,0.6,495.75841534966395
9015,2020-12-27,12 day ahead inc hosp,2021-01-08,06029,quantile,0.65,515.8506651627599
9016,2020-12-27,12 day ahead inc hosp,2021-01-08,06029,quantile,0.7,537.0248700553911
9017,2020-12-27,12 day ahead inc hosp,2021-01-08,06029,quantile,0.75,559.8751663508401
9018,2020-12-27,12 day ahead inc hosp,2021-01-08,06029,quantile,0.8,585.3200548676655
9019,2020-12-27,12 day ahead inc hosp,2021-01-08,06029,quantile,0.85,614.9791800604488
9020,2020-12-27,12 day ahead inc hosp,2021-01-08,06029,quantile,0.9,652.2971319929271
9021,2020-12-27,12 day ahead inc hosp,2021-01-08,06029,quantile,0.95,707.6079583175388
9022,2020-12-27,12 day ahead inc hosp,2021-01-08,06029,quantile,0.975,755.5818514305454
9023,2020-12-27,12 day ahead inc hosp,2021-01-08,06029,quantile,0.99,811.3618698588425
9024,2020-12-27,13 day ahead inc hosp,2021-01-09,06029,point,NA,455.2828063964844
9025,2020-12-27,13 day ahead inc hosp,2021-01-09,06029,quantile,0.01,209.04511724662407
9026,2020-12-27,13 day ahead inc hosp,2021-01-09,06029,quantile,0.025,247.8258702454026
9027,2020-12-27,13 day ahead inc hosp,2021-01-09,06029,quantile,0.05,281.1794572757989
9028,2020-12-27,13 day ahead inc hosp,2021-01-09,06029,quantile,0.1,319.63400702842046
9029,2020-12-27,13 day ahead inc hosp,2021-01-09,06029,quantile,0.15,345.5791091831296
9030,2020-12-27,13 day ahead inc hosp,2021-01-09,06029,quantile,0.2,366.1994538992168
9031,2020-12-27,13 day ahead inc hosp,2021-01-09,06029,quantile,0.25,383.88987359531126
9032,2020-12-27,13 day ahead inc hosp,2021-01-09,06029,quantile,0.3,399.7764172278097
9033,2020-12-27,13 day ahead inc hosp,2021-01-09,06029,quantile,0.35,414.4976674716083
9034,2020-12-27,13 day ahead inc hosp,2021-01-09,06029,quantile,0.4,428.4666943587731
9035,2020-12-27,13 day ahead inc hosp,2021-01-09,06029,quantile,0.45,441.9818895343362
9036,2020-12-27,13 day ahead inc hosp,2021-01-09,06029,quantile,0.5,455.2828063964844
9037,2020-12-27,13 day ahead inc hosp,2021-01-09,06029,quantile,0.55,474.5921269107391
9038,2020-12-27,13 day ahead inc hosp,2021-01-09,06029,quantile,0.6,494.2125213664268
9039,2020-12-27,13 day ahead inc hosp,2021-01-09,06029,quantile,0.65,514.4917562666999
9040,2020-12-27,13 day ahead inc hosp,2021-01-09,06029,quantile,0.7,535.8630152764451
9041,2020-12-27,13 day ahead inc hosp,2021-01-09,06029,quantile,0.75,558.9259639470423
9042,2020-12-27,13 day ahead inc hosp,2021-01-09,06029,quantile,0.8,584.6076509678574
9043,2020-12-27,13 day ahead inc hosp,2021-01-09,06029,quantile,0.85,614.5427937376347
9044,2020-12-27,13 day ahead inc hosp,2021-01-09,06029,quantile,0.9,652.2080388085258
9045,2020-12-27,13 day ahead inc hosp,2021-01-09,06029,quantile,0.95,708.0336058803584
9046,2020-12-27,13 day ahead inc hosp,2021-01-09,06029,quantile,0.975,756.4539598262437
9047,2020-12-27,13 day ahead inc hosp,2021-01-09,06029,quantile,0.99,812.7530854578445
9048,2020-12-27,14 day ahead inc hosp,2021-01-10,06029,point,NA,473.7036437988281
9049,2020-12-27,14 day ahead inc hosp,2021-01-10,06029,quantile,0.01,223.55919814382275
9050,2020-12-27,14 day ahead inc hosp,2021-01-10,06029,quantile,0.025,262.9552385893585
9051,2020-12-27,14 day ahead inc hosp,2021-01-10,06029,quantile,0.05,296.83800676806226
9052,2020-12-27,14 day ahead inc hosp,2021-01-10,06029,quantile,0.1,335.90266849386376
9053,2020-12-27,14 day ahead inc hosp,2021-01-10,06029,quantile,0.15,362.2594103003643
9054,2020-12-27,14 day ahead inc hosp,2021-01-10,06029,quantile,0.2,383.2069131624528
9055,2020-12-27,14 day ahead inc hosp,2021-01-10,06029,quantile,0.25,401.17800541710267
9056,2020-12-27,14 day ahead inc hosp,2021-01-10,06029,quantile,0.3,417.3166016817339
9057,2020-12-27,14 day ahead inc hosp,2021-01-10,06029,quantile,0.35,432.2714162525549
9058,2020-12-27,14 day ahead inc hosp,2021-01-10,06029,quantile,0.4,446.46207284575854
9059,2020-12-27,14 day ahead inc hosp,2021-01-10,06029,quantile,0.45,460.19169732681394
9060,2020-12-27,14 day ahead inc hosp,2021-01-10,06029,quantile,0.5,473.7036437988281
9061,2020-12-27,14 day ahead inc hosp,2021-01-10,06029,quantile,0.55,493.0762609244267
9062,2020-12-27,14 day ahead inc hosp,2021-01-10,06029,quantile,0.6,512.76097170245
9063,2020-12-27,14 day ahead inc hosp,2021-01-10,06029,quantile,0.65,533.106682626511
9064,2020-12-27,14 day ahead inc hosp,2021-01-10,06029,quantile,0.7,554.5479973523271
9065,2020-12-27,14 day ahead inc hosp,2021-01-10,06029,quantile,0.75,577.6865471554121
9066,2020-12-27,14 day ahead inc hosp,2021-01-10,06029,quantile,0.8,603.4524196223599
9067,2020-12-27,14 day ahead inc hosp,2021-01-10,06029,quantile,0.85,633.485690811313
9068,2020-12-27,14 day ahead inc hosp,2021-01-10,06029,quantile,0.9,671.2744038404196
9069,2020-12-27,14 day ahead inc hosp,2021-01-10,06029,quantile,0.95,727.2829690254893
9070,2020-12-27,14 day ahead inc hosp,2021-01-10,06029,quantile,0.975,775.862046543371
9071,2020-12-27,14 day ahead inc hosp,2021-01-10,06029,quantile,0.99,832.3457226293222
9072,2020-12-27,15 day ahead inc hosp,2021-01-11,06029,point,NA,464.8790283203125
9073,2020-12-27,15 day ahead inc hosp,2021-01-11,06029,quantile,0.01,341.9671682188554
9074,2020-12-27,15 day ahead inc hosp,2021-01-11,06029,quantile,0.025,361.32494607841807
9075,2020-12-27,15 day ahead inc hosp,2021-01-11,06029,quantile,0.05,377.9737029649678
9076,2020-12-27,15 day ahead inc hosp,2021-01-11,06029,quantile,0.1,397.16865340402177
9077,2020-12-27,15 day ahead inc hosp,2021-01-11,06029,quantile,0.15,410.1193953370198
9078,2020-12-27,15 day ahead inc hosp,2021-01-11,06029,quantile,0.2,420.41223447849273
9079,2020-12-27,15 day ahead inc hosp,2021-01-11,06029,quantile,0.25,429.2425739701012
9080,2020-12-27,15 day ahead inc hosp,2021-01-11,06029,quantile,0.3,437.17249174668075
9081,2020-12-27,15 day ahead inc hosp,2021-01-11,06029,quantile,0.35,444.5207423606763
9082,2020-12-27,15 day ahead inc hosp,2021-01-11,06029,quantile,0.4,451.4935136063639
9083,2020-12-27,15 day ahead inc hosp,2021-01-11,06029,quantile,0.45,458.23975048179074
9084,2020-12-27,15 day ahead inc hosp,2021-01-11,06029,quantile,0.5,464.8790283203125
9085,2020-12-27,15 day ahead inc hosp,2021-01-11,06029,quantile,0.55,481.5895753125362
9086,2020-12-27,15 day ahead inc hosp,2021-01-11,06029,quantile,0.6,498.56932989870586
9087,2020-12-27,15 day ahead inc hosp,2021-01-11,06029,quantile,0.65,516.1192539116813
9088,2020-12-27,15 day ahead inc hosp,2021-01-11,06029,quantile,0.7,534.6142303507379
9089,2020-12-27,15 day ahead inc hosp,2021-01-11,06029,quantile,0.75,554.573217890188
9090,2020-12-27,15 day ahead inc hosp,2021-01-11,06029,quantile,0.8,576.7984969974511
9091,2020-12-27,15 day ahead inc hosp,2021-01-11,06029,quantile,0.85,602.7047742071543
9092,2020-12-27,15 day ahead inc hosp,2021-01-11,06029,quantile,0.9,635.30078644208
9093,2020-12-27,15 day ahead inc hosp,2021-01-11,06029,quantile,0.95,683.6129868238967
9094,2020-12-27,15 day ahead inc hosp,2021-01-11,06029,quantile,0.975,725.5166156644609
9095,2020-12-27,15 day ahead inc hosp,2021-01-11,06029,quantile,0.99,774.2386400253624
9096,2020-12-27,16 day ahead inc hosp,2021-01-12,06029,point,NA,490.0142822265625
9097,2020-12-27,16 day ahead inc hosp,2021-01-12,06029,quantile,0.01,360.46588260835483
9098,2020-12-27,16 day ahead inc hosp,2021-01-12,06029,quantile,0.025,380.86887008085
9099,2020-12-27,16 day ahead inc hosp,2021-01-12,06029,quantile,0.05,398.41656489650734
9100,2020-12-27,16 day ahead inc hosp,2021-01-12,06029,quantile,0.1,418.64793319634134
9101,2020-12-27,16 day ahead inc hosp,2021-01-12,06029,quantile,0.15,432.29794133960286
9102,2020-12-27,16 day ahead inc hosp,2021-01-12,06029,quantile,0.2,443.1465350978032
9103,2020-12-27,16 day ahead inc hosp,2021-01-12,06029,quantile,0.25,452.4536625652345
9104,2020-12-27,16 day ahead inc hosp,2021-01-12,06029,quantile,0.3,460.8117506798547
9105,2020-12-27,16 day ahead inc hosp,2021-01-12,06029,quantile,0.35,468.5567649221813
9106,2020-12-27,16 day ahead inc hosp,2021-01-12,06029,quantile,0.4,475.90602605155516
9107,2020-12-27,16 day ahead inc hosp,2021-01-12,06029,quantile,0.45,483.01652124653054
9108,2020-12-27,16 day ahead inc hosp,2021-01-12,06029,quantile,0.5,490.0142822265625
9109,2020-12-27,16 day ahead inc hosp,2021-01-12,06029,quantile,0.55,504.456790126163
9110,2020-12-27,16 day ahead inc hosp,2021-01-12,06029,quantile,0.6,519.1319674173762
9111,2020-12-27,16 day ahead inc hosp,2021-01-12,06029,quantile,0.65,534.2999278864581
9112,2020-12-27,16 day ahead inc hosp,2021-01-12,06029,quantile,0.7,550.284673535317
9113,2020-12-27,16 day ahead inc hosp,2021-01-12,06029,quantile,0.75,567.5347273690231
9114,2020-12-27,16 day ahead inc hosp,2021-01-12,06029,quantile,0.8,586.7434803336535
9115,2020-12-27,16 day ahead inc hosp,2021-01-12,06029,quantile,0.85,609.133627910779
9116,2020-12-27,16 day ahead inc hosp,2021-01-12,06029,quantile,0.9,637.3055461859534
9117,2020-12-27,16 day ahead inc hosp,2021-01-12,06029,quantile,0.95,679.0605728757539
9118,2020-12-27,16 day ahead inc hosp,2021-01-12,06029,quantile,0.975,715.2768314358958
9119,2020-12-27,16 day ahead inc hosp,2021-01-12,06029,quantile,0.99,757.3860587427158
9120,2020-12-27,17 day ahead inc hosp,2021-01-13,06029,point,NA,501.08575439453125
9121,2020-12-27,17 day ahead inc hosp,2021-01-13,06029,quantile,0.01,370.982346374871
9122,2020-12-27,17 day ahead inc hosp,2021-01-13,06029,quantile,0.025,391.4727438770951
9123,2020-12-27,17 day ahead inc hosp,2021-01-13,06029,quantile,0.05,409.0956161405443
9124,2020-12-27,17 day ahead inc hosp,2021-01-13,06029,quantile,0.1,429.41365922302623
9125,2020-12-27,17 day ahead inc hosp,2021-01-13,06029,quantile,0.15,443.1221464306508
9126,2020-12-27,17 day ahead inc hosp,2021-01-13,06029,quantile,0.2,454.01721749538285
9127,2020-12-27,17 day ahead inc hosp,2021-01-13,06029,quantile,0.25,463.3642183534005
9128,2020-12-27,17 day ahead inc hosp,2021-01-13,06029,quantile,0.3,471.7581140051062
9129,2020-12-27,17 day ahead inc hosp,2021-01-13,06029,quantile,0.35,479.5363092669323
9130,2020-12-27,17 day ahead inc hosp,2021-01-13,06029,quantile,0.4,486.9170559390322
9131,2020-12-27,17 day ahead inc hosp,2021-01-13,06029,quantile,0.45,494.05801376097423
9132,2020-12-27,17 day ahead inc hosp,2021-01-13,06029,quantile,0.5,501.08575439453125
9133,2020-12-27,17 day ahead inc hosp,2021-01-13,06029,quantile,0.55,517.1251993094551
9134,2020-12-27,17 day ahead inc hosp,2021-01-13,06029,quantile,0.6,533.4230403364741
9135,2020-12-27,17 day ahead inc hosp,2021-01-13,06029,quantile,0.65,550.2681525639917
9136,2020-12-27,17 day ahead inc hosp,2021-01-13,06029,quantile,0.7,568.0203635439858
9137,2020-12-27,17 day ahead inc hosp,2021-01-13,06029,quantile,0.75,587.1777903682324
9138,2020-12-27,17 day ahead inc hosp,2021-01-13,06029,quantile,0.8,608.5104936080272
9139,2020-12-27,17 day ahead inc hosp,2021-01-13,06029,quantile,0.85,633.3763646324253
9140,2020-12-27,17 day ahead inc hosp,2021-01-13,06029,quantile,0.9,664.6633083172472
9141,2020-12-27,17 day ahead inc hosp,2021-01-13,06029,quantile,0.95,711.0352719102708
9142,2020-12-27,17 day ahead inc hosp,2021-01-13,06029,quantile,0.975,751.256034691789
9143,2020-12-27,17 day ahead inc hosp,2021-01-13,06029,quantile,0.99,798.021363573238
9144,2020-12-27,18 day ahead inc hosp,2021-01-14,06029,point,NA,516.856201171875
9145,2020-12-27,18 day ahead inc hosp,2021-01-14,06029,quantile,0.01,372.7216525643909
9146,2020-12-27,18 day ahead inc hosp,2021-01-14,06029,quantile,0.025,395.42185880591154
9147,2020-12-27,18 day ahead inc hosp,2021-01-14,06029,quantile,0.05,414.9452884955916
9148,2020-12-27,18 day ahead inc hosp,2021-01-14,06029,quantile,0.1,437.45455257142896
9149,2020-12-27,18 day ahead inc hosp,2021-01-14,06029,quantile,0.15,452.6414461804254
9150,2020-12-27,18 day ahead inc hosp,2021-01-14,06029,quantile,0.2,464.71150778653123
9151,2020-12-27,18 day ahead inc hosp,2021-01-14,06029,quantile,0.25,475.06654590590585
9152,2020-12-27,18 day ahead inc hosp,2021-01-14,06029,quantile,0.3,484.3656901730115
9153,2020-12-27,18 day ahead inc hosp,2021-01-14,06029,quantile,0.35,492.9827331860182
9154,2020-12-27,18 day ahead inc hosp,2021-01-14,06029,quantile,0.4,501.1594643428881
9155,2020-12-27,18 day ahead inc hosp,2021-01-14,06029,quantile,0.45,509.0705463656985
9156,2020-12-27,18 day ahead inc hosp,2021-01-14,06029,quantile,0.5,516.856201171875
9157,2020-12-27,18 day ahead inc hosp,2021-01-14,06029,quantile,0.55,536.396926013276
9158,2020-12-27,18 day ahead inc hosp,2021-01-14,06029,quantile,0.6,556.2524527292632
9159,2020-12-27,18 day ahead inc hosp,2021-01-14,06029,quantile,0.65,576.7747154825191
9160,2020-12-27,18 day ahead inc hosp,2021-01-14,06029,quantile,0.7,598.4020892430536
9161,2020-12-27,18 day ahead inc hosp,2021-01-14,06029,quantile,0.75,621.7414259986272
9162,2020-12-27,18 day ahead inc hosp,2021-01-14,06029,quantile,0.8,647.7308842587588
9163,2020-12-27,18 day ahead inc hosp,2021-01-14,06029,quantile,0.85,678.0247719965713
9164,2020-12-27,18 day ahead inc hosp,2021-01-14,06029,quantile,0.9,716.1414001539877
9165,2020-12-27,18 day ahead inc hosp,2021-01-14,06029,quantile,0.95,772.63598495621
9166,2020-12-27,18 day ahead inc hosp,2021-01-14,06029,quantile,0.975,821.6366120099326
9167,2020-12-27,18 day ahead inc hosp,2021-01-14,06029,quantile,0.99,878.6104305327765
9168,2020-12-27,19 day ahead inc hosp,2021-01-15,06029,point,NA,519.5949096679688
9169,2020-12-27,19 day ahead inc hosp,2021-01-15,06029,quantile,0.01,392.72444932555675
9170,2020-12-27,19 day ahead inc hosp,2021-01-15,06029,quantile,0.025,412.705679665913
9171,2020-12-27,19 day ahead inc hosp,2021-01-15,06029,quantile,0.05,429.8906400804892
9172,2020-12-27,19 day ahead inc hosp,2021-01-15,06029,quantile,0.1,449.70379884679846
9173,2020-12-27,19 day ahead inc hosp,2021-01-15,06029,quantile,0.15,463.0716430032451
9174,2020-12-27,19 day ahead inc hosp,2021-01-15,06029,quantile,0.2,473.6959817695053
9175,2020-12-27,19 day ahead inc hosp,2021-01-15,06029,quantile,0.25,482.810718421895
9176,2020-12-27,19 day ahead inc hosp,2021-01-15,06029,quantile,0.3,490.99603363851986
9177,2020-12-27,19 day ahead inc hosp,2021-01-15,06029,quantile,0.35,498.5809480425447
9178,2020-12-27,19 day ahead inc hosp,2021-01-15,06029,quantile,0.4,505.77829008156755
9179,2020-12-27,19 day ahead inc hosp,2021-01-15,06029,quantile,0.45,512.741801798483
9180,2020-12-27,19 day ahead inc hosp,2021-01-15,06029,quantile,0.5,519.5949096679688
9181,2020-12-27,19 day ahead inc hosp,2021-01-15,06029,quantile,0.55,538.2919283195026
9182,2020-12-27,19 day ahead inc hosp,2021-01-15,06029,quantile,0.6,557.2901567044752
9183,2020-12-27,19 day ahead inc hosp,2021-01-15,06029,quantile,0.65,576.9263335906237
9184,2020-12-27,19 day ahead inc hosp,2021-01-15,06029,quantile,0.7,597.619906314583
9185,2020-12-27,19 day ahead inc hosp,2021-01-15,06029,quantile,0.75,619.9515249303283
9186,2020-12-27,19 day ahead inc hosp,2021-01-15,06029,quantile,0.8,644.8188412544092
9187,2020-12-27,19 day ahead inc hosp,2021-01-15,06029,quantile,0.85,673.8047355166993
9188,2020-12-27,19 day ahead inc hosp,2021-01-15,06029,quantile,0.9,710.275609211357
9189,2020-12-27,19 day ahead inc hosp,2021-01-15,06029,quantile,0.95,764.3309379840068
9190,2020-12-27,19 day ahead inc hosp,2021-01-15,06029,quantile,0.975,811.2158742080319
9191,2020-12-27,19 day ahead inc hosp,2021-01-15,06029,quantile,0.99,865.7297449173616
9192,2020-12-27,20 day ahead inc hosp,2021-01-16,06029,point,NA,526.4527587890625
9193,2020-12-27,20 day ahead inc hosp,2021-01-16,06029,quantile,0.01,293.1287035040551
9194,2020-12-27,20 day ahead inc hosp,2021-01-16,06029,quantile,0.025,329.8756474342116
9195,2020-12-27,20 day ahead inc hosp,2021-01-16,06029,quantile,0.05,361.4800464646835
9196,2020-12-27,20 day ahead inc hosp,2021-01-16,06029,quantile,0.1,397.91789447819434
9197,2020-12-27,20 day ahead inc hosp,2021-01-16,06029,quantile,0.15,422.50233754383856
9198,2020-12-27,20 day ahead inc hosp,2021-01-16,06029,quantile,0.2,442.04127354970774
9199,2020-12-27,20 day ahead inc hosp,2021-01-16,06029,quantile,0.25,458.80394086289255
9200,2020-12-27,20 day ahead inc hosp,2021-01-16,06029,quantile,0.3,473.85733418214534
9201,2020-12-27,20 day ahead inc hosp,2021-01-16,06029,quantile,0.35,487.80654649650415
9202,2020-12-27,20 day ahead inc hosp,2021-01-16,06029,quantile,0.4,501.0429848863843
9203,2020-12-27,20 day ahead inc hosp,2021-01-16,06029,quantile,0.45,513.8493922126469
9204,2020-12-27,20 day ahead inc hosp,2021-01-16,06029,quantile,0.5,526.4527587890625
9205,2020-12-27,20 day ahead inc hosp,2021-01-16,06029,quantile,0.55,545.4757633298814
9206,2020-12-27,20 day ahead inc hosp,2021-01-16,06029,quantile,0.6,564.8052292501176
9207,2020-12-27,20 day ahead inc hosp,2021-01-16,06029,quantile,0.65,584.7837664186025
9208,2020-12-27,20 day ahead inc hosp,2021-01-16,06029,quantile,0.7,605.8381353118671
9209,2020-12-27,20 day ahead inc hosp,2021-01-16,06029,quantile,0.75,628.5591097222074
9210,2020-12-27,20 day ahead inc hosp,2021-01-16,06029,quantile,0.8,653.8599921873463
9211,2020-12-27,20 day ahead inc hosp,2021-01-16,06029,quantile,0.85,683.3512607391913
9212,2020-12-27,20 day ahead inc hosp,2021-01-16,06029,quantile,0.9,720.4580106885574
9213,2020-12-27,20 day ahead inc hosp,2021-01-16,06029,quantile,0.95,775.4558038588184
9214,2020-12-27,20 day ahead inc hosp,2021-01-16,06029,quantile,0.975,823.1581873943057
9215,2020-12-27,20 day ahead inc hosp,2021-01-16,06029,quantile,0.99,878.6225172625391
9216,2020-12-27,21 day ahead inc hosp,2021-01-17,06029,point,NA,588.8375854492188
9217,2020-12-27,21 day ahead inc hosp,2021-01-17,06029,quantile,0.01,349.8496774586408
9218,2020-12-27,21 day ahead inc hosp,2021-01-17,06029,quantile,0.025,387.4886394773139
9219,2020-12-27,21 day ahead inc hosp,2021-01-17,06029,quantile,0.05,419.8602232746458
9220,2020-12-27,21 day ahead inc hosp,2021-01-17,06029,quantile,0.1,457.18258619085026
9221,2020-12-27,21 day ahead inc hosp,2021-01-17,06029,quantile,0.15,482.3638072620979
9222,2020-12-27,21 day ahead inc hosp,2021-01-17,06029,quantile,0.2,502.37704350857297
9223,2020-12-27,21 day ahead inc hosp,2021-01-17,06029,quantile,0.25,519.5466181957033
9224,2020-12-27,21 day ahead inc hosp,2021-01-17,06029,quantile,0.3,534.9654269127603
9225,2020-12-27,21 day ahead inc hosp,2021-01-17,06029,quantile,0.35,549.2532510509654
9226,2020-12-27,21 day ahead inc hosp,2021-01-17,06029,quantile,0.4,562.8109989487532
9227,2020-12-27,21 day ahead inc hosp,2021-01-17,06029,quantile,0.45,575.9282769424011
9228,2020-12-27,21 day ahead inc hosp,2021-01-17,06029,quantile,0.5,588.8375854492188
9229,2020-12-27,21 day ahead inc hosp,2021-01-17,06029,quantile,0.55,607.5114970314937
9230,2020-12-27,21 day ahead inc hosp,2021-01-17,06029,quantile,0.6,626.4862460913787
9231,2020-12-27,21 day ahead inc hosp,2021-01-17,06029,quantile,0.65,646.0981552315436
9232,2020-12-27,21 day ahead inc hosp,2021-01-17,06029,quantile,0.7,666.7661534065836
9233,2020-12-27,21 day ahead inc hosp,2021-01-17,06029,quantile,0.75,689.0701730629637
9234,2020-12-27,21 day ahead inc hosp,2021-01-17,06029,quantile,0.8,713.9067566370113
9235,2020-12-27,21 day ahead inc hosp,2021-01-17,06029,quantile,0.85,742.8568281256961
9236,2020-12-27,21 day ahead inc hosp,2021-01-17,06029,quantile,0.9,779.2826285912952
9237,2020-12-27,21 day ahead inc hosp,2021-01-17,06029,quantile,0.95,833.2711520486677
9238,2020-12-27,21 day ahead inc hosp,2021-01-17,06029,quantile,0.975,880.098144624632
9239,2020-12-27,21 day ahead inc hosp,2021-01-17,06029,quantile,0.99,934.5446433208335
9240,2020-12-27,22 day ahead inc hosp,2021-01-18,06029,point,NA,518.4202270507812
9241,2020-12-27,22 day ahead inc hosp,2021-01-18,06029,quantile,0.01,380.5802374391355
9242,2020-12-27,22 day ahead inc hosp,2021-01-18,06029,quantile,0.025,402.28909366231966
9243,2020-12-27,22 day ahead inc hosp,2021-01-18,06029,quantile,0.05,420.9599076455638
9244,2020-12-27,22 day ahead inc hosp,2021-01-18,06029,quantile,0.1,442.4861604167062
9245,2020-12-27,22 day ahead inc hosp,2021-01-18,06029,quantile,0.15,457.0098209652816
9246,2020-12-27,22 day ahead inc hosp,2021-01-18,06029,quantile,0.2,468.5527659598806
9247,2020-12-27,22 day ahead inc hosp,2021-01-18,06029,quantile,0.25,478.4555849619355
9248,2020-12-27,22 day ahead inc hosp,2021-01-18,06029,quantile,0.3,487.3486224852686
9249,2020-12-27,22 day ahead inc hosp,2021-01-18,06029,quantile,0.35,495.5893470781666
9250,2020-12-27,22 day ahead inc hosp,2021-01-18,06029,quantile,0.4,503.40898885461195
9251,2020-12-27,22 day ahead inc hosp,2021-01-18,06029,quantile,0.45,510.97458276929973
9252,2020-12-27,22 day ahead inc hosp,2021-01-18,06029,quantile,0.5,518.4202270507812
9253,2020-12-27,22 day ahead inc hosp,2021-01-18,06029,quantile,0.55,537.7409735899064
9254,2020-12-27,22 day ahead inc hosp,2021-01-18,06029,quantile,0.6,557.3729781441915
9255,2020-12-27,22 day ahead inc hosp,2021-01-18,06029,quantile,0.65,577.6642130028346
9256,2020-12-27,22 day ahead inc hosp,2021-01-18,06029,quantile,0.7,599.048118161199
9257,2020-12-27,22 day ahead inc hosp,2021-01-18,06029,quantile,0.75,622.1247140145078
9258,2020-12-27,22 day ahead inc hosp,2021-01-18,06029,quantile,0.8,647.82159782044
9259,2020-12-27,22 day ahead inc hosp,2021-01-18,06029,quantile,0.85,677.7744542992801
9260,2020-12-27,22 day ahead inc hosp,2021-01-18,06029,quantile,0.9,715.4619872609654
9261,2020-12-27,22 day ahead inc hosp,2021-01-18,06029,quantile,0.95,771.3205883443935
9262,2020-12-27,22 day ahead inc hosp,2021-01-18,06029,quantile,0.975,819.7695943688443
9263,2020-12-27,22 day ahead inc hosp,2021-01-18,06029,quantile,0.99,876.1020342338059
9264,2020-12-27,23 day ahead inc hosp,2021-01-19,06029,point,NA,539.0971069335938
9265,2020-12-27,23 day ahead inc hosp,2021-01-19,06029,quantile,0.01,407.1086173732392
9266,2020-12-27,23 day ahead inc hosp,2021-01-19,06029,quantile,0.025,427.8959023335313
9267,2020-12-27,23 day ahead inc hosp,2021-01-19,06029,quantile,0.05,445.77411418956683
9268,2020-12-27,23 day ahead inc hosp,2021-01-19,06029,quantile,0.1,466.3865474693603
9269,2020-12-27,23 day ahead inc hosp,2021-01-19,06029,quantile,0.15,480.2936583454905
9270,2020-12-27,23 day ahead inc hosp,2021-01-19,06029,quantile,0.2,491.3465892054523
9271,2020-12-27,23 day ahead inc hosp,2021-01-19,06029,quantile,0.25,500.82901971167433
9272,2020-12-27,23 day ahead inc hosp,2021-01-19,06029,quantile,0.3,509.3445353730969
9273,2020-12-27,23 day ahead inc hosp,2021-01-19,06029,quantile,0.35,517.2354296989304
9274,2020-12-27,23 day ahead inc hosp,2021-01-19,06029,quantile,0.4,524.7231167619078
9275,2020-12-27,23 day ahead inc hosp,2021-01-19,06029,quantile,0.45,531.9675406496349
9276,2020-12-27,23 day ahead inc hosp,2021-01-19,06029,quantile,0.5,539.0971069335938
9277,2020-12-27,23 day ahead inc hosp,2021-01-19,06029,quantile,0.55,554.9103993894902
9278,2020-12-27,23 day ahead inc hosp,2021-01-19,06029,quantile,0.6,570.9784446321382
9279,2020-12-27,23 day ahead inc hosp,2021-01-19,06029,quantile,0.65,587.5860446780903
9280,2020-12-27,23 day ahead inc hosp,2021-01-19,06029,quantile,0.7,605.0879535941666
9281,2020-12-27,23 day ahead inc hosp,2021-01-19,06029,quantile,0.75,623.975265136499
9282,2020-12-27,23 day ahead inc hosp,2021-01-19,06029,quantile,0.8,645.0071822006518
9283,2020-12-27,23 day ahead inc hosp,2021-01-19,06029,quantile,0.85,669.5224502018247
9284,2020-12-27,23 day ahead inc hosp,2021-01-19,06029,quantile,0.9,700.3682552258447
9285,2020-12-27,23 day ahead inc hosp,2021-01-19,06029,quantile,0.95,746.0863848706164
9286,2020-12-27,23 day ahead inc hosp,2021-01-19,06029,quantile,0.975,785.7400442108841
9287,2020-12-27,23 day ahead inc hosp,2021-01-19,06029,quantile,0.99,831.8459927846067
9288,2020-12-27,24 day ahead inc hosp,2021-01-20,06029,point,NA,564.44921875
9289,2020-12-27,24 day ahead inc hosp,2021-01-20,06029,quantile,0.01,432.2109705281197
9290,2020-12-27,24 day ahead inc hosp,2021-01-20,06029,quantile,0.025,453.0375907704938
9291,2020-12-27,24 day ahead inc hosp,2021-01-20,06029,quantile,0.05,470.94963313916355
9292,2020-12-27,24 day ahead inc hosp,2021-01-20,06029,quantile,0.1,491.60107083338664
9293,2020-12-27,24 day ahead inc hosp,2021-01-20,06029,quantile,0.15,505.53449780275855
9294,2020-12-27,24 day ahead inc hosp,2021-01-20,06029,quantile,0.2,516.6083438593919
9295,2020-12-27,24 day ahead inc hosp,2021-01-20,06029,quantile,0.25,526.1087177420335
9296,2020-12-27,24 day ahead inc hosp,2021-01-20,06029,quantile,0.3,534.6403471100443
9297,2020-12-27,24 day ahead inc hosp,2021-01-20,06029,quantile,0.35,542.5461731864541
9298,2020-12-27,24 day ahead inc hosp,2021-01-20,06029,quantile,0.4,550.0480290205494
9299,2020-12-27,24 day ahead inc hosp,2021-01-20,06029,quantile,0.45,557.3061613583069
9300,2020-12-27,24 day ahead inc hosp,2021-01-20,06029,quantile,0.5,564.44921875
9301,2020-12-27,24 day ahead inc hosp,2021-01-20,06029,quantile,0.55,581.2590105184058
9302,2020-12-27,24 day ahead inc hosp,2021-01-20,06029,quantile,0.6,598.3396087181518
9303,2020-12-27,24 day ahead inc hosp,2021-01-20,06029,quantile,0.65,615.9937626095083
9304,2020-12-27,24 day ahead inc hosp,2021-01-20,06029,quantile,0.7,634.598581640674
9305,2020-12-27,24 day ahead inc hosp,2021-01-20,06029,quantile,0.75,654.6761066075402
9306,2020-12-27,24 day ahead inc hosp,2021-01-20,06029,quantile,0.8,677.0333827614357
9307,2020-12-27,24 day ahead inc hosp,2021-01-20,06029,quantile,0.85,703.0935186500072
9308,2020-12-27,24 day ahead inc hosp,2021-01-20,06029,quantile,0.9,735.8831202354306
9309,2020-12-27,24 day ahead inc hosp,2021-01-20,06029,quantile,0.95,784.4822491969036
9310,2020-12-27,24 day ahead inc hosp,2021-01-20,06029,quantile,0.975,826.634745789519
9311,2020-12-27,24 day ahead inc hosp,2021-01-20,06029,quantile,0.99,875.6461326952306
9312,2020-12-27,25 day ahead inc hosp,2021-01-21,06029,point,NA,597.7141723632812
9313,2020-12-27,25 day ahead inc hosp,2021-01-21,06029,quantile,0.01,445.28120054144614
9314,2020-12-27,25 day ahead inc hosp,2021-01-21,06029,quantile,0.025,469.28835171924425
9315,2020-12-27,25 day ahead inc hosp,2021-01-21,06029,quantile,0.05,489.93582615548814
9316,2020-12-27,25 day ahead inc hosp,2021-01-21,06029,quantile,0.1,513.7410418359166
9317,2020-12-27,25 day ahead inc hosp,2021-01-21,06029,quantile,0.15,529.8023078399867
9318,2020-12-27,25 day ahead inc hosp,2021-01-21,06029,quantile,0.2,542.567292907528
9319,2020-12-27,25 day ahead inc hosp,2021-01-21,06029,quantile,0.25,553.5185134796559
9320,2020-12-27,25 day ahead inc hosp,2021-01-21,06029,quantile,0.3,563.3530480151275
9321,2020-12-27,25 day ahead inc hosp,2021-01-21,06029,quantile,0.35,572.4662099008752
9322,2020-12-27,25 day ahead inc hosp,2021-01-21,06029,quantile,0.4,581.1137093524062
9323,2020-12-27,25 day ahead inc hosp,2021-01-21,06029,quantile,0.45,589.4802651484581
9324,2020-12-27,25 day ahead inc hosp,2021-01-21,06029,quantile,0.5,597.7141723632812
9325,2020-12-27,25 day ahead inc hosp,2021-01-21,06029,quantile,0.55,618.1043058610646
9326,2020-12-27,25 day ahead inc hosp,2021-01-21,06029,quantile,0.6,638.82292524155
9327,2020-12-27,25 day ahead inc hosp,2021-01-21,06029,quantile,0.65,660.237262765453
9328,2020-12-27,25 day ahead inc hosp,2021-01-21,06029,quantile,0.7,682.8047489648104
9329,2020-12-27,25 day ahead inc hosp,2021-01-21,06029,quantile,0.75,707.1586148555778
9330,2020-12-27,25 day ahead inc hosp,2021-01-21,06029,quantile,0.8,734.2777994180865
9331,2020-12-27,25 day ahead inc hosp,2021-01-21,06029,quantile,0.85,765.888521136666
9332,2020-12-27,25 day ahead inc hosp,2021-01-21,06029,quantile,0.9,805.662027131102
9333,2020-12-27,25 day ahead inc hosp,2021-01-21,06029,quantile,0.95,864.6123544791724
9334,2020-12-27,25 day ahead inc hosp,2021-01-21,06029,quantile,0.975,915.7429719567615
9335,2020-12-27,25 day ahead inc hosp,2021-01-21,06029,quantile,0.99,975.1933646616403
9336,2020-12-27,26 day ahead inc hosp,2021-01-22,06029,point,NA,572.7334594726562
9337,2020-12-27,26 day ahead inc hosp,2021-01-22,06029,quantile,0.01,445.28352424819803
9338,2020-12-27,26 day ahead inc hosp,2021-01-22,06029,quantile,0.025,465.3560179217476
9339,2020-12-27,26 day ahead inc hosp,2021-01-22,06029,quantile,0.05,482.61946983767353
9340,2020-12-27,26 day ahead inc hosp,2021-01-22,06029,quantile,0.1,502.523124278138
9341,2020-12-27,26 day ahead inc hosp,2021-01-22,06029,quantile,0.15,515.952025436308
9342,2020-12-27,26 day ahead inc hosp,2021-01-22,06029,quantile,0.2,526.6248903719916
9343,2020-12-27,26 day ahead inc hosp,2021-01-22,06029,quantile,0.25,535.7812581568944
9344,2020-12-27,26 day ahead inc hosp,2021-01-22,06029,quantile,0.3,544.0039594171805
9345,2020-12-27,26 day ahead inc hosp,2021-01-22,06029,quantile,0.35,551.6235175622916
9346,2020-12-27,26 day ahead inc hosp,2021-01-22,06029,quantile,0.4,558.8537331237865
9347,2020-12-27,26 day ahead inc hosp,2021-01-22,06029,quantile,0.45,565.8490503541358
9348,2020-12-27,26 day ahead inc hosp,2021-01-22,06029,quantile,0.5,572.7334594726562
9349,2020-12-27,26 day ahead inc hosp,2021-01-22,06029,quantile,0.55,591.5552938800118
9350,2020-12-27,26 day ahead inc hosp,2021-01-22,06029,quantile,0.6,610.6803488077256
9351,2020-12-27,26 day ahead inc hosp,2021-01-22,06029,quantile,0.65,630.447610991759
9352,2020-12-27,26 day ahead inc hosp,2021-01-22,06029,quantile,0.7,651.2793278748663
9353,2020-12-27,26 day ahead inc hosp,2021-01-22,06029,quantile,0.75,673.760025758713
9354,2020-12-27,26 day ahead inc hosp,2021-01-22,06029,quantile,0.8,698.7933489173644
9355,2020-12-27,26 day ahead inc hosp,2021-01-22,06029,quantile,0.85,727.9727444200364
9356,2020-12-27,26 day ahead inc hosp,2021-01-22,06029,quantile,0.9,764.6870868596591
9357,2020-12-27,26 day ahead inc hosp,2021-01-22,06029,quantile,0.95,819.1032729883771
9358,2020-12-27,26 day ahead inc hosp,2021-01-22,06029,quantile,0.975,866.3011991526979
9359,2020-12-27,26 day ahead inc hosp,2021-01-22,06029,quantile,0.99,921.1789883081801
9360,2020-12-27,27 day ahead inc hosp,2021-01-23,06029,point,NA,586.048095703125
9361,2020-12-27,27 day ahead inc hosp,2021-01-23,06029,quantile,0.01,343.0106435132594
9362,2020-12-27,27 day ahead inc hosp,2021-01-23,06029,quantile,0.025,381.28738106455876
9363,2020-12-27,27 day ahead inc hosp,2021-01-23,06029,quantile,0.05,414.2074870046654
9364,2020-12-27,27 day ahead inc hosp,2021-01-23,06029,quantile,0.1,452.16226082199785
9365,2020-12-27,27 day ahead inc hosp,2021-01-23,06029,quantile,0.15,477.7701665258591
9366,2020-12-27,27 day ahead inc hosp,2021-01-23,06029,quantile,0.2,498.1225181921573
9367,2020-12-27,27 day ahead inc hosp,2021-01-23,06029,quantile,0.25,515.5830237140865
9368,2020-12-27,27 day ahead inc hosp,2021-01-23,06029,quantile,0.3,531.2630973123883
9369,2020-12-27,27 day ahead inc hosp,2021-01-23,06029,quantile,0.35,545.7930222993174
9370,2020-12-27,27 day ahead inc hosp,2021-01-23,06029,quantile,0.4,559.5805002274507
9371,2020-12-27,27 day ahead inc hosp,2021-01-23,06029,quantile,0.45,572.9200446841019
9372,2020-12-27,27 day ahead inc hosp,2021-01-23,06029,quantile,0.5,586.048095703125
9373,2020-12-27,27 day ahead inc hosp,2021-01-23,06029,quantile,0.55,605.5934933457694
9374,2020-12-27,27 day ahead inc hosp,2021-01-23,06029,quantile,0.6,625.4537681420186
9375,2020-12-27,27 day ahead inc hosp,2021-01-23,06029,quantile,0.65,645.9809384130708
9376,2020-12-27,27 day ahead inc hosp,2021-01-23,06029,quantile,0.7,667.613483958164
9377,2020-12-27,27 day ahead inc hosp,2021-01-23,06029,quantile,0.75,690.9584018824349
9378,2020-12-27,27 day ahead inc hosp,2021-01-23,06029,quantile,0.8,716.9540750385777
9379,2020-12-27,27 day ahead inc hosp,2021-01-23,06029,quantile,0.85,747.2552069967269
9380,2020-12-27,27 day ahead inc hosp,2021-01-23,06029,quantile,0.9,785.3809500374903
9381,2020-12-27,27 day ahead inc hosp,2021-01-23,06029,quantile,0.95,841.8890444698953
9382,2020-12-27,27 day ahead inc hosp,2021-01-23,06029,quantile,0.975,890.9013891130564
9383,2020-12-27,27 day ahead inc hosp,2021-01-23,06029,quantile,0.99,947.8888318659222
9384,2020-12-27,28 day ahead inc hosp,2021-01-24,06029,point,NA,588.3335571289062
9385,2020-12-27,28 day ahead inc hosp,2021-01-24,06029,quantile,0.01,348.7118634614933
9386,2020-12-27,28 day ahead inc hosp,2021-01-24,06029,quantile,0.025,386.4506423923229
9387,2020-12-27,28 day ahead inc hosp,2021-01-24,06029,quantile,0.05,418.9080742407956
9388,2020-12-27,28 day ahead inc hosp,2021-01-24,06029,quantile,0.1,456.3294144619224
9389,2020-12-27,28 day ahead inc hosp,2021-01-24,06029,quantile,0.15,481.5774150509053
9390,2020-12-27,28 day ahead inc hosp,2021-01-24,06029,quantile,0.2,501.6437255411226
9391,2020-12-27,28 day ahead inc hosp,2021-01-24,06029,quantile,0.25,518.8588332035636
9392,2020-12-27,28 day ahead inc hosp,2021-01-24,06029,quantile,0.3,534.3185319397052
9393,2020-12-27,28 day ahead inc hosp,2021-01-24,06029,quantile,0.35,548.6442467744232
9394,2020-12-27,28 day ahead inc hosp,2021-01-24,06029,quantile,0.4,562.2379492378625
9395,2020-12-27,28 day ahead inc hosp,2021-01-24,06029,quantile,0.45,575.3900136898769
9396,2020-12-27,28 day ahead inc hosp,2021-01-24,06029,quantile,0.5,588.3335571289062
9397,2020-12-27,28 day ahead inc hosp,2021-01-24,06029,quantile,0.55,606.8134602160619
9398,2020-12-27,28 day ahead inc hosp,2021-01-24,06029,quantile,0.6,625.5910752960542
9399,2020-12-27,28 day ahead inc hosp,2021-01-24,06029,quantile,0.65,644.999230821882
9400,2020-12-27,28 day ahead inc hosp,2021-01-24,06029,quantile,0.7,665.4525033779535
9401,2020-12-27,28 day ahead inc hosp,2021-01-24,06029,quantile,0.75,687.5248003301971
9402,2020-12-27,28 day ahead inc hosp,2021-01-24,06029,quantile,0.8,712.1033496845861
9403,2020-12-27,28 day ahead inc hosp,2021-01-24,06029,quantile,0.85,740.7526507761115
9404,2020-12-27,28 day ahead inc hosp,2021-01-24,06029,quantile,0.9,776.800013403408
9405,2020-12-27,28 day ahead inc hosp,2021-01-24,06029,quantile,0.95,830.2276349766984
9406,2020-12-27,28 day ahead inc hosp,2021-01-24,06029,quantile,0.975,876.5681288177511
9407,2020-12-27,28 day ahead inc hosp,2021-01-24,06029,quantile,0.99,930.4489675969057
9408,2020-12-27,1 day ahead inc hosp,2020-12-28,06031,point,NA,90.51619720458984
9409,2020-12-27,1 day ahead inc hosp,2020-12-28,06031,quantile,0.01,61.38691523911558
9410,2020-12-27,1 day ahead inc hosp,2020-12-28,06031,quantile,0.025,65.97457804912239
9411,2020-12-27,1 day ahead inc hosp,2020-12-28,06031,quantile,0.05,69.92022115730272
9412,2020-12-27,1 day ahead inc hosp,2020-12-28,06031,quantile,0.1,74.46929496670542
9413,2020-12-27,1 day ahead inc hosp,2020-12-28,06031,quantile,0.15,77.53853346913306
9414,2020-12-27,1 day ahead inc hosp,2020-12-28,06031,quantile,0.2,79.97786693402202
9415,2020-12-27,1 day ahead inc hosp,2020-12-28,06031,quantile,0.25,82.07059784452653
9416,2020-12-27,1 day ahead inc hosp,2020-12-28,06031,quantile,0.3,83.94993488072744
9417,2020-12-27,1 day ahead inc hosp,2020-12-28,06031,quantile,0.35,85.69142072197465
9418,2020-12-27,1 day ahead inc hosp,2020-12-28,06031,quantile,0.4,87.34392048504655
9419,2020-12-27,1 day ahead inc hosp,2020-12-28,06031,quantile,0.45,88.94273313004255
9420,2020-12-27,1 day ahead inc hosp,2020-12-28,06031,quantile,0.5,90.51619720458984
9421,2020-12-27,1 day ahead inc hosp,2020-12-28,06031,quantile,0.55,94.74165298843099
9422,2020-12-27,1 day ahead inc hosp,2020-12-28,06031,quantile,0.6,99.03518103737642
9423,2020-12-27,1 day ahead inc hosp,2020-12-28,06031,quantile,0.65,103.47288304444464
9424,2020-12-27,1 day ahead inc hosp,2020-12-28,06031,quantile,0.7,108.14955252766288
9425,2020-12-27,1 day ahead inc hosp,2020-12-28,06031,quantile,0.75,113.19641421192901
9426,2020-12-27,1 day ahead inc hosp,2020-12-28,06031,quantile,0.8,118.81633402634145
9427,2020-12-27,1 day ahead inc hosp,2020-12-28,06031,quantile,0.85,125.36703694016421
9428,2020-12-27,1 day ahead inc hosp,2020-12-28,06031,quantile,0.9,133.60931700989008
9429,2020-12-27,1 day ahead inc hosp,2020-12-28,06031,quantile,0.95,145.82561768684792
9430,2020-12-27,1 day ahead inc hosp,2020-12-28,06031,quantile,0.975,156.42143665858418
9431,2020-12-27,1 day ahead inc hosp,2020-12-28,06031,quantile,0.99,168.74136608591067
9432,2020-12-27,2 day ahead inc hosp,2020-12-29,06031,point,NA,94.92573547363281
9433,2020-12-27,2 day ahead inc hosp,2020-12-29,06031,quantile,0.01,62.68257914247532
9434,2020-12-27,2 day ahead inc hosp,2020-12-29,06031,quantile,0.025,67.76065588164833
9435,2020-12-27,2 day ahead inc hosp,2020-12-29,06031,quantile,0.05,72.12808202400231
9436,2020-12-27,2 day ahead inc hosp,2020-12-29,06031,quantile,0.1,77.16344465918141
9437,2020-12-27,2 day ahead inc hosp,2020-12-29,06031,quantile,0.15,80.560779923699
9438,2020-12-27,2 day ahead inc hosp,2020-12-29,06031,quantile,0.2,83.26087429421804
9439,2020-12-27,2 day ahead inc hosp,2020-12-29,06031,quantile,0.25,85.57731484316187
9440,2020-12-27,2 day ahead inc hosp,2020-12-29,06031,quantile,0.3,87.6575500487183
9441,2020-12-27,2 day ahead inc hosp,2020-12-29,06031,quantile,0.35,89.58519798368576
9442,2020-12-27,2 day ahead inc hosp,2020-12-29,06031,quantile,0.4,91.41434736886734
9443,2020-12-27,2 day ahead inc hosp,2020-12-29,06031,quantile,0.45,93.18407056760388
9444,2020-12-27,2 day ahead inc hosp,2020-12-29,06031,quantile,0.5,94.92573547363281
9445,2020-12-27,2 day ahead inc hosp,2020-12-29,06031,quantile,0.55,98.5045480446223
9446,2020-12-27,2 day ahead inc hosp,2020-12-29,06031,quantile,0.6,102.14101543216971
9447,2020-12-27,2 day ahead inc hosp,2020-12-29,06031,quantile,0.65,105.89959309613093
9448,2020-12-27,2 day ahead inc hosp,2020-12-29,06031,quantile,0.7,109.86056781533381
9449,2020-12-27,2 day ahead inc hosp,2020-12-29,06031,quantile,0.75,114.13508232067264
9450,2020-12-27,2 day ahead inc hosp,2020-12-29,06031,quantile,0.8,118.89495692560551
9451,2020-12-27,2 day ahead inc hosp,2020-12-29,06031,quantile,0.85,124.4431721090324
9452,2020-12-27,2 day ahead inc hosp,2020-12-29,06031,quantile,0.9,131.4240937033264
9453,2020-12-27,2 day ahead inc hosp,2020-12-29,06031,quantile,0.95,141.77087110918077
9454,2020-12-27,2 day ahead inc hosp,2020-12-29,06031,quantile,0.975,150.74515745267837
9455,2020-12-27,2 day ahead inc hosp,2020-12-29,06031,quantile,0.99,161.17970476869334
9456,2020-12-27,3 day ahead inc hosp,2020-12-30,06031,point,NA,98.4215316772461
9457,2020-12-27,3 day ahead inc hosp,2020-12-30,06031,quantile,0.01,67.0434500207804
9458,2020-12-27,3 day ahead inc hosp,2020-12-30,06031,quantile,0.025,71.98528341150197
9459,2020-12-27,3 day ahead inc hosp,2020-12-30,06031,quantile,0.05,76.23553275793272
9460,2020-12-27,3 day ahead inc hosp,2020-12-30,06031,quantile,0.1,81.13579805187001
9461,2020-12-27,3 day ahead inc hosp,2020-12-30,06031,quantile,0.15,84.44198378162784
9462,2020-12-27,3 day ahead inc hosp,2020-12-30,06031,quantile,0.2,87.06963539141887
9463,2020-12-27,3 day ahead inc hosp,2020-12-30,06031,quantile,0.25,89.32392650208378
9464,2020-12-27,3 day ahead inc hosp,2020-12-30,06031,quantile,0.3,91.34834959125662
9465,2020-12-27,3 day ahead inc hosp,2020-12-30,06031,quantile,0.35,93.2242792827266
9466,2020-12-27,3 day ahead inc hosp,2020-12-30,06031,quantile,0.4,95.00435311236711
9467,2020-12-27,3 day ahead inc hosp,2020-12-30,06031,quantile,0.45,96.7265951431709
9468,2020-12-27,3 day ahead inc hosp,2020-12-30,06031,quantile,0.5,98.4215316772461
9469,2020-12-27,3 day ahead inc hosp,2020-12-30,06031,quantile,0.55,102.32795540758778
9470,2020-12-27,3 day ahead inc hosp,2020-12-30,06031,quantile,0.6,106.29731178363328
9471,2020-12-27,3 day ahead inc hosp,2020-12-30,06031,quantile,0.65,110.39995663792104
9472,2020-12-27,3 day ahead inc hosp,2020-12-30,06031,quantile,0.7,114.72352635034649
9473,2020-12-27,3 day ahead inc hosp,2020-12-30,06031,quantile,0.75,119.38933786411587
9474,2020-12-27,3 day ahead inc hosp,2020-12-30,06031,quantile,0.8,124.58494024376762
9475,2020-12-27,3 day ahead inc hosp,2020-12-30,06031,quantile,0.85,130.64104936478492
9476,2020-12-27,3 day ahead inc hosp,2020-12-30,06031,quantile,0.9,138.26101750635905
9477,2020-12-27,3 day ahead inc hosp,2020-12-30,06031,quantile,0.95,149.55495816098727
9478,2020-12-27,3 day ahead inc hosp,2020-12-30,06031,quantile,0.975,159.35076736857246
9479,2020-12-27,3 day ahead inc hosp,2020-12-30,06031,quantile,0.99,170.7405125541897
9480,2020-12-27,4 day ahead inc hosp,2020-12-31,06031,point,NA,105.871337890625
9481,2020-12-27,4 day ahead inc hosp,2020-12-31,06031,quantile,0.01,70.27947290793438
9482,2020-12-27,4 day ahead inc hosp,2020-12-31,06031,quantile,0.025,75.88494837119525
9483,2020-12-27,4 day ahead inc hosp,2020-12-31,06031,quantile,0.05,80.70596651172778
9484,2020-12-27,4 day ahead inc hosp,2020-12-31,06031,quantile,0.1,86.26429167101114
9485,2020-12-27,4 day ahead inc hosp,2020-12-31,06031,quantile,0.15,90.01446726777174
9486,2020-12-27,4 day ahead inc hosp,2020-12-31,06031,quantile,0.2,92.99498794909135
9487,2020-12-27,4 day ahead inc hosp,2020-12-31,06031,quantile,0.25,95.55200930306991
9488,2020-12-27,4 day ahead inc hosp,2020-12-31,06031,quantile,0.3,97.84829350700988
9489,2020-12-27,4 day ahead inc hosp,2020-12-31,06031,quantile,0.35,99.97614303671693
9490,2020-12-27,4 day ahead inc hosp,2020-12-31,06031,quantile,0.4,101.99526415754974
9491,2020-12-27,4 day ahead inc hosp,2020-12-31,06031,quantile,0.45,103.94878720905383
9492,2020-12-27,4 day ahead inc hosp,2020-12-31,06031,quantile,0.5,105.871337890625
9493,2020-12-27,4 day ahead inc hosp,2020-12-31,06031,quantile,0.55,110.68413813834256
9494,2020-12-27,4 day ahead inc hosp,2020-12-31,06031,quantile,0.6,115.57447279444503
9495,2020-12-27,4 day ahead inc hosp,2020-12-31,06031,quantile,0.65,120.62902179732195
9496,2020-12-27,4 day ahead inc hosp,2020-12-31,06031,quantile,0.7,125.9557551010758
9497,2020-12-27,4 day ahead inc hosp,2020-12-31,06031,quantile,0.75,131.70413785711355
9498,2020-12-27,4 day ahead inc hosp,2020-12-31,06031,quantile,0.8,138.10523465201825
9499,2020-12-27,4 day ahead inc hosp,2020-12-31,06031,quantile,0.85,145.5664947430446
9500,2020-12-27,4 day ahead inc hosp,2020-12-31,06031,quantile,0.9,154.95446366063052
9501,2020-12-27,4 day ahead inc hosp,2020-12-31,06031,quantile,0.95,168.86884779620607
9502,2020-12-27,4 day ahead inc hosp,2020-12-31,06031,quantile,0.975,180.93750092635082
9503,2020-12-27,4 day ahead inc hosp,2020-12-31,06031,quantile,0.99,194.9699183584413
9504,2020-12-27,5 day ahead inc hosp,2021-01-01,06031,point,NA,104.05374145507812
9505,2020-12-27,5 day ahead inc hosp,2021-01-01,06031,quantile,0.01,72.46099238876869
9506,2020-12-27,5 day ahead inc hosp,2021-01-01,06031,quantile,0.025,77.43663442928218
9507,2020-12-27,5 day ahead inc hosp,2021-01-01,06031,quantile,0.05,81.71596107968507
9508,2020-12-27,5 day ahead inc hosp,2021-01-01,06031,quantile,0.1,86.64975064287864
9509,2020-12-27,5 day ahead inc hosp,2021-01-01,06031,quantile,0.15,89.97855503794685
9510,2020-12-27,5 day ahead inc hosp,2021-01-01,06031,quantile,0.2,92.6241832459003
9511,2020-12-27,5 day ahead inc hosp,2021-01-01,06031,quantile,0.25,94.8938966771219
9512,2020-12-27,5 day ahead inc hosp,2021-01-01,06031,quantile,0.3,96.93216948680151
9513,2020-12-27,5 day ahead inc hosp,2021-01-01,06031,quantile,0.35,98.82093300834197
9514,2020-12-27,5 day ahead inc hosp,2021-01-01,06031,quantile,0.4,100.61318488769639
9515,2020-12-27,5 day ahead inc hosp,2021-01-01,06031,quantile,0.45,102.34720932253381
9516,2020-12-27,5 day ahead inc hosp,2021-01-01,06031,quantile,0.5,104.05374145507812
9517,2020-12-27,5 day ahead inc hosp,2021-01-01,06031,quantile,0.55,108.7062796720518
9518,2020-12-27,5 day ahead inc hosp,2021-01-01,06031,quantile,0.6,113.43377046955537
9519,2020-12-27,5 day ahead inc hosp,2021-01-01,06031,quantile,0.65,118.32000741998846
9520,2020-12-27,5 day ahead inc hosp,2021-01-01,06031,quantile,0.7,123.46936517259712
9521,2020-12-27,5 day ahead inc hosp,2021-01-01,06031,quantile,0.75,129.02633182022424
9522,2020-12-27,5 day ahead inc hosp,2021-01-01,06031,quantile,0.8,135.21427770120394
9523,2020-12-27,5 day ahead inc hosp,2021-01-01,06031,quantile,0.85,142.42708436957616
9524,2020-12-27,5 day ahead inc hosp,2021-01-01,06031,quantile,0.9,151.50244214897776
9525,2020-12-27,5 day ahead inc hosp,2021-01-01,06031,quantile,0.95,164.953489486153
9526,2020-12-27,5 day ahead inc hosp,2021-01-01,06031,quantile,0.975,176.6202670429457
9527,2020-12-27,5 day ahead inc hosp,2021-01-01,06031,quantile,0.99,190.18541727129568
9528,2020-12-27,6 day ahead inc hosp,2021-01-02,06031,point,NA,110.4582290649414
9529,2020-12-27,6 day ahead inc hosp,2021-01-02,06031,quantile,0.01,49.00863527360491
9530,2020-12-27,6 day ahead inc hosp,2021-01-02,06031,quantile,0.025,58.6865262858405
9531,2020-12-27,6 day ahead inc hosp,2021-01-02,06031,quantile,0.05,67.01004646497309
9532,2020-12-27,6 day ahead inc hosp,2021-01-02,06031,quantile,0.1,76.60653216091058
9533,2020-12-27,6 day ahead inc hosp,2021-01-02,06031,quantile,0.15,83.08123550054154
9534,2020-12-27,6 day ahead inc hosp,2021-01-02,06031,quantile,0.2,88.22712446260746
9535,2020-12-27,6 day ahead inc hosp,2021-01-02,06031,quantile,0.25,92.64183899341867
9536,2020-12-27,6 day ahead inc hosp,2021-01-02,06031,quantile,0.3,96.6063890845757
9537,2020-12-27,6 day ahead inc hosp,2021-01-02,06031,quantile,0.35,100.28013558010704
9538,2020-12-27,6 day ahead inc hosp,2021-01-02,06031,quantile,0.4,103.76616174791322
9539,2020-12-27,6 day ahead inc hosp,2021-01-02,06031,quantile,0.45,107.13893240871785
9540,2020-12-27,6 day ahead inc hosp,2021-01-02,06031,quantile,0.5,110.4582290649414
9541,2020-12-27,6 day ahead inc hosp,2021-01-02,06031,quantile,0.55,115.18493386053379
9542,2020-12-27,6 day ahead inc hosp,2021-01-02,06031,quantile,0.6,119.98778606326405
9543,2020-12-27,6 day ahead inc hosp,2021-01-02,06031,quantile,0.65,124.95191500727857
9544,2020-12-27,6 day ahead inc hosp,2021-01-02,06031,quantile,0.7,130.18335918858142
9545,2020-12-27,6 day ahead inc hosp,2021-01-02,06031,quantile,0.75,135.82890999920352
9546,2020-12-27,6 day ahead inc hosp,2021-01-02,06031,quantile,0.8,142.11549854645847
9547,2020-12-27,6 day ahead inc hosp,2021-01-02,06031,quantile,0.85,149.4432852897669
9548,2020-12-27,6 day ahead inc hosp,2021-01-02,06031,quantile,0.9,158.66331425828054
9549,2020-12-27,6 day ahead inc hosp,2021-01-02,06031,quantile,0.95,172.32878609092722
9550,2020-12-27,6 day ahead inc hosp,2021-01-02,06031,quantile,0.975,184.1815449195633
9551,2020-12-27,6 day ahead inc hosp,2021-01-02,06031,quantile,0.99,197.96293856902366
9552,2020-12-27,7 day ahead inc hosp,2021-01-03,06031,point,NA,108.54953002929688
9553,2020-12-27,7 day ahead inc hosp,2021-01-03,06031,quantile,0.01,48.41904072648978
9554,2020-12-27,7 day ahead inc hosp,2021-01-03,06031,quantile,0.025,57.88918179790252
9555,2020-12-27,7 day ahead inc hosp,2021-01-03,06031,quantile,0.05,66.03402556680624
9556,2020-12-27,7 day ahead inc hosp,2021-01-03,06031,quantile,0.1,75.42450880488201
9557,2020-12-27,7 day ahead inc hosp,2021-01-03,06031,quantile,0.15,81.76022326419252
9558,2020-12-27,7 day ahead inc hosp,2021-01-03,06031,quantile,0.2,86.79564827021694
9559,2020-12-27,7 day ahead inc hosp,2021-01-03,06031,quantile,0.25,91.11559456264169
9560,2020-12-27,7 day ahead inc hosp,2021-01-03,06031,quantile,0.3,94.99503984679211
9561,2020-12-27,7 day ahead inc hosp,2021-01-03,06031,quantile,0.35,98.5899240554802
9562,2020-12-27,7 day ahead inc hosp,2021-01-03,06031,quantile,0.4,102.00111762503195
9563,2020-12-27,7 day ahead inc hosp,2021-01-03,06031,quantile,0.45,105.30148688099484
9564,2020-12-27,7 day ahead inc hosp,2021-01-03,06031,quantile,0.5,108.54953002929688
9565,2020-12-27,7 day ahead inc hosp,2021-01-03,06031,quantile,0.55,113.23843680982552
9566,2020-12-27,7 day ahead inc hosp,2021-01-03,06031,quantile,0.6,118.00288206992695
9567,2020-12-27,7 day ahead inc hosp,2021-01-03,06031,quantile,0.65,122.9273143904546
9568,2020-12-27,7 day ahead inc hosp,2021-01-03,06031,quantile,0.7,128.1169243099363
9569,2020-12-27,7 day ahead inc hosp,2021-01-03,06031,quantile,0.75,133.71732937446018
9570,2020-12-27,7 day ahead inc hosp,2021-01-03,06031,quantile,0.8,139.95364599256268
9571,2020-12-27,7 day ahead inc hosp,2021-01-03,06031,quantile,0.85,147.22283466264983
9572,2020-12-27,7 day ahead inc hosp,2021-01-03,06031,quantile,0.9,156.36913387461829
9573,2020-12-27,7 day ahead inc hosp,2021-01-03,06031,quantile,0.95,169.92532710144528
9574,2020-12-27,7 day ahead inc hosp,2021-01-03,06031,quantile,0.975,181.68330303668606
9575,2020-12-27,7 day ahead inc hosp,2021-01-03,06031,quantile,0.99,195.35449108895165
9576,2020-12-27,8 day ahead inc hosp,2021-01-04,06031,point,NA,97.74374389648438
9577,2020-12-27,8 day ahead inc hosp,2021-01-04,06031,quantile,0.01,67.11853897704455
9578,2020-12-27,8 day ahead inc hosp,2021-01-04,06031,quantile,0.025,71.94179942762065
9579,2020-12-27,8 day ahead inc hosp,2021-01-04,06031,quantile,0.05,76.09006950411
9580,2020-12-27,8 day ahead inc hosp,2021-01-04,06031,quantile,0.1,80.87275923095396
9581,2020-12-27,8 day ahead inc hosp,2021-01-04,06031,quantile,0.15,84.09961728378515
9582,2020-12-27,8 day ahead inc hosp,2021-01-04,06031,quantile,0.2,86.66422177069343
9583,2020-12-27,8 day ahead inc hosp,2021-01-04,06031,quantile,0.25,88.86442406374721
9584,2020-12-27,8 day ahead inc hosp,2021-01-04,06031,quantile,0.3,90.84027372302006
9585,2020-12-27,8 day ahead inc hosp,2021-01-04,06031,quantile,0.35,92.67119289279957
9586,2020-12-27,8 day ahead inc hosp,2021-01-04,06031,quantile,0.4,94.40855613894433
9587,2020-12-27,8 day ahead inc hosp,2021-01-04,06031,quantile,0.45,96.08947518593044
9588,2020-12-27,8 day ahead inc hosp,2021-01-04,06031,quantile,0.5,97.74374389648438
9589,2020-12-27,8 day ahead inc hosp,2021-01-04,06031,quantile,0.55,101.70592438478904
9590,2020-12-27,8 day ahead inc hosp,2021-01-04,06031,quantile,0.6,105.73193576244356
9591,2020-12-27,8 day ahead inc hosp,2021-01-04,06031,quantile,0.65,109.89313805748507
9592,2020-12-27,8 day ahead inc hosp,2021-01-04,06031,quantile,0.7,114.27841849220607
9593,2020-12-27,8 day ahead inc hosp,2021-01-04,06031,quantile,0.75,119.01082557809772
9594,2020-12-27,8 day ahead inc hosp,2021-01-04,06031,quantile,0.8,124.2805852853594
9595,2020-12-27,8 day ahead inc hosp,2021-01-04,06031,quantile,0.85,130.42313382866345
9596,2020-12-27,8 day ahead inc hosp,2021-01-04,06031,quantile,0.9,138.15186250127147
9597,2020-12-27,8 day ahead inc hosp,2021-01-04,06031,quantile,0.95,149.60700264653286
9598,2020-12-27,8 day ahead inc hosp,2021-01-04,06031,quantile,0.975,159.54262837192093
9599,2020-12-27,8 day ahead inc hosp,2021-01-04,06031,quantile,0.99,171.09494047536685
9600,2020-12-27,9 day ahead inc hosp,2021-01-05,06031,point,NA,101.5438003540039
9601,2020-12-27,9 day ahead inc hosp,2021-01-05,06031,quantile,0.01,69.1577587112622
9602,2020-12-27,9 day ahead inc hosp,2021-01-05,06031,quantile,0.025,74.25833891038414
9603,2020-12-27,9 day ahead inc hosp,2021-01-05,06031,quantile,0.05,78.6451192697621
9604,2020-12-27,9 day ahead inc hosp,2021-01-05,06031,quantile,0.1,83.70279607765052
9605,2020-12-27,9 day ahead inc hosp,2021-01-05,06031,quantile,0.15,87.11518660855832
9606,2020-12-27,9 day ahead inc hosp,2021-01-05,06031,quantile,0.2,89.82724642754263
9607,2020-12-27,9 day ahead inc hosp,2021-01-05,06031,quantile,0.25,92.15395226584593
9608,2020-12-27,9 day ahead inc hosp,2021-01-05,06031,quantile,0.3,94.24340601850929
9609,2020-12-27,9 day ahead inc hosp,2021-01-05,06031,quantile,0.35,96.17959631120947
9610,2020-12-27,9 day ahead inc hosp,2021-01-05,06031,quantile,0.4,98.01685155852039
9611,2020-12-27,9 day ahead inc hosp,2021-01-05,06031,quantile,0.45,99.79441727267546
9612,2020-12-27,9 day ahead inc hosp,2021-01-05,06031,quantile,0.5,101.5438003540039
9613,2020-12-27,9 day ahead inc hosp,2021-01-05,06031,quantile,0.55,105.07521956088486
9614,2020-12-27,9 day ahead inc hosp,2021-01-05,06031,quantile,0.6,108.66353007529399
9615,2020-12-27,9 day ahead inc hosp,2021-01-05,06031,quantile,0.65,112.3723337887549
9616,2020-12-27,9 day ahead inc hosp,2021-01-05,06031,quantile,0.7,116.28085426136951
9617,2020-12-27,9 day ahead inc hosp,2021-01-05,06031,quantile,0.75,120.49876238726816
9618,2020-12-27,9 day ahead inc hosp,2021-01-05,06031,quantile,0.8,125.19560310434359
9619,2020-12-27,9 day ahead inc hosp,2021-01-05,06031,quantile,0.85,130.67034459303937
9620,2020-12-27,9 day ahead inc hosp,2021-01-05,06031,quantile,0.9,137.55881950219165
9621,2020-12-27,9 day ahead inc hosp,2021-01-05,06031,quantile,0.95,147.768576994536
9622,2020-12-27,9 day ahead inc hosp,2021-01-05,06031,quantile,0.975,156.62401899738853
9623,2020-12-27,9 day ahead inc hosp,2021-01-05,06031,quantile,0.99,166.92038408383817
9624,2020-12-27,10 day ahead inc hosp,2021-01-06,06031,point,NA,101.38325500488281
9625,2020-12-27,10 day ahead inc hosp,2021-01-06,06031,quantile,0.01,69.39353130078091
9626,2020-12-27,10 day ahead inc hosp,2021-01-06,06031,quantile,0.025,74.4316941334126
9627,2020-12-27,10 day ahead inc hosp,2021-01-06,06031,quantile,0.05,78.76479211417596
9628,2020-12-27,10 day ahead inc hosp,2021-01-06,06031,quantile,0.1,83.76057657755003
9629,2020-12-27,10 day ahead inc hosp,2021-01-06,06031,quantile,0.15,87.13120863744855
9630,2020-12-27,10 day ahead inc hosp,2021-01-06,06031,quantile,0.2,89.81008014744518
9631,2020-12-27,10 day ahead inc hosp,2021-01-06,06031,quantile,0.25,92.1083133717801
9632,2020-12-27,10 day ahead inc hosp,2021-01-06,06031,quantile,0.3,94.17219783711673
9633,2020-12-27,10 day ahead inc hosp,2021-01-06,06031,quantile,0.35,96.08469437452312
9634,2020-12-27,10 day ahead inc hosp,2021-01-06,06031,quantile,0.4,97.89946656507763
9635,2020-12-27,10 day ahead inc hosp,2021-01-06,06031,quantile,0.45,99.65527966162658
9636,2020-12-27,10 day ahead inc hosp,2021-01-06,06031,quantile,0.5,101.38325500488281
9637,2020-12-27,10 day ahead inc hosp,2021-01-06,06031,quantile,0.55,105.29963959626643
9638,2020-12-27,10 day ahead inc hosp,2021-01-06,06031,quantile,0.6,109.2791173032317
9639,2020-12-27,10 day ahead inc hosp,2021-01-06,06031,quantile,0.65,113.39222335633426
9640,2020-12-27,10 day ahead inc hosp,2021-01-06,06031,quantile,0.7,117.72681759658451
9641,2020-12-27,10 day ahead inc hosp,2021-01-06,06031,quantile,0.75,122.4045263092613
9642,2020-12-27,10 day ahead inc hosp,2021-01-06,06031,quantile,0.8,127.61337678407764
9643,2020-12-27,10 day ahead inc hosp,2021-01-06,06031,quantile,0.85,133.68492817802112
9644,2020-12-27,10 day ahead inc hosp,2021-01-06,06031,quantile,0.9,141.32432622506417
9645,2020-12-27,10 day ahead inc hosp,2021-01-06,06031,quantile,0.95,152.64706492651018
9646,2020-12-27,10 day ahead inc hosp,2021-01-06,06031,quantile,0.975,162.46785214494253
9647,2020-12-27,10 day ahead inc hosp,2021-01-06,06031,quantile,0.99,173.88663966619163
9648,2020-12-27,11 day ahead inc hosp,2021-01-07,06031,point,NA,103.02809143066406
9649,2020-12-27,11 day ahead inc hosp,2021-01-07,06031,quantile,0.01,66.01304623663603
9650,2020-12-27,11 day ahead inc hosp,2021-01-07,06031,quantile,0.025,71.84266285570118
9651,2020-12-27,11 day ahead inc hosp,2021-01-07,06031,quantile,0.05,76.856454755615
9652,2020-12-27,11 day ahead inc hosp,2021-01-07,06031,quantile,0.1,82.63703571348374
9653,2020-12-27,11 day ahead inc hosp,2021-01-07,06031,quantile,0.15,86.53716624238812
9654,2020-12-27,11 day ahead inc hosp,2021-01-07,06031,quantile,0.2,89.63686635010754
9655,2020-12-27,11 day ahead inc hosp,2021-01-07,06031,quantile,0.25,92.29613303999977
9656,2020-12-27,11 day ahead inc hosp,2021-01-07,06031,quantile,0.3,94.68423671561519
9657,2020-12-27,11 day ahead inc hosp,2021-01-07,06031,quantile,0.35,96.89717066966627
9658,2020-12-27,11 day ahead inc hosp,2021-01-07,06031,quantile,0.4,98.99702858877755
9659,2020-12-27,11 day ahead inc hosp,2021-01-07,06031,quantile,0.45,101.02866542697544
9660,2020-12-27,11 day ahead inc hosp,2021-01-07,06031,quantile,0.5,103.02809143066406
9661,2020-12-27,11 day ahead inc hosp,2021-01-07,06031,quantile,0.55,107.83499794722782
9662,2020-12-27,11 day ahead inc hosp,2021-01-07,06031,quantile,0.6,112.7193439239271
9663,2020-12-27,11 day ahead inc hosp,2021-01-07,06031,quantile,0.65,117.76770315133165
9664,2020-12-27,11 day ahead inc hosp,2021-01-07,06031,quantile,0.7,123.08791336407725
9665,2020-12-27,11 day ahead inc hosp,2021-01-07,06031,quantile,0.75,128.8292566792927
9666,2020-12-27,11 day ahead inc hosp,2021-01-07,06031,quantile,0.8,135.22251472302204
9667,2020-12-27,11 day ahead inc hosp,2021-01-07,06031,quantile,0.85,142.67463779219383
9668,2020-12-27,11 day ahead inc hosp,2021-01-07,06031,quantile,0.9,152.0511102499159
9669,2020-12-27,11 day ahead inc hosp,2021-01-07,06031,quantile,0.95,165.94845490015135
9670,2020-12-27,11 day ahead inc hosp,2021-01-07,06031,quantile,0.975,178.00232881792982
9671,2020-12-27,11 day ahead inc hosp,2021-01-07,06031,quantile,0.99,192.0175622216946
9672,2020-12-27,12 day ahead inc hosp,2021-01-08,06031,point,NA,102.87568664550781
9673,2020-12-27,12 day ahead inc hosp,2021-01-08,06031,quantile,0.01,70.65590969161687
9674,2020-12-27,12 day ahead inc hosp,2021-01-08,06031,quantile,0.025,75.73030433866917
9675,2020-12-27,12 day ahead inc hosp,2021-01-08,06031,quantile,0.05,80.09456367866618
9676,2020-12-27,12 day ahead inc hosp,2021-01-08,06031,quantile,0.1,85.12627519354201
9677,2020-12-27,12 day ahead inc hosp,2021-01-08,06031,quantile,0.15,88.52114706452473
9678,2020-12-27,12 day ahead inc hosp,2021-01-08,06031,quantile,0.2,91.21928360795343
9679,2020-12-27,12 day ahead inc hosp,2021-01-08,06031,quantile,0.25,93.53404451558195
9680,2020-12-27,12 day ahead inc hosp,2021-01-08,06031,quantile,0.3,95.61277135132576
9681,2020-12-27,12 day ahead inc hosp,2021-01-08,06031,quantile,0.35,97.53902155686978
9682,2020-12-27,12 day ahead inc hosp,2021-01-08,06031,quantile,0.4,99.36684463351276
9683,2020-12-27,12 day ahead inc hosp,2021-01-08,06031,quantile,0.45,101.13528461338898
9684,2020-12-27,12 day ahead inc hosp,2021-01-08,06031,quantile,0.5,102.87568664550781
9685,2020-12-27,12 day ahead inc hosp,2021-01-08,06031,quantile,0.55,107.52078567469981
9686,2020-12-27,12 day ahead inc hosp,2021-01-08,06031,quantile,0.6,112.24071743880293
9687,2020-12-27,12 day ahead inc hosp,2021-01-08,06031,quantile,0.65,117.11914152827177
9688,2020-12-27,12 day ahead inc hosp,2021-01-08,06031,quantile,0.7,122.26026570224221
9689,2020-12-27,12 day ahead inc hosp,2021-01-08,06031,quantile,0.75,127.80834702395467
9690,2020-12-27,12 day ahead inc hosp,2021-01-08,06031,quantile,0.8,133.98639867317425
9691,2020-12-27,12 day ahead inc hosp,2021-01-08,06031,quantile,0.85,141.1876724060311
9692,2020-12-27,12 day ahead inc hosp,2021-01-08,06031,quantile,0.9,150.24851911909462
9693,2020-12-27,12 day ahead inc hosp,2021-01-08,06031,quantile,0.95,163.67805887001583
9694,2020-12-27,12 day ahead inc hosp,2021-01-08,06031,quantile,0.975,175.3261818032451
9695,2020-12-27,12 day ahead inc hosp,2021-01-08,06031,quantile,0.99,188.86964200023382
9696,2020-12-27,13 day ahead inc hosp,2021-01-09,06031,point,NA,101.76408386230469
9697,2020-12-27,13 day ahead inc hosp,2021-01-09,06031,quantile,0.01,41.98205776596436
9698,2020-12-27,13 day ahead inc hosp,2021-01-09,06031,quantile,0.025,51.39731826411553
9699,2020-12-27,13 day ahead inc hosp,2021-01-09,06031,quantile,0.05,59.494961712370085
9700,2020-12-27,13 day ahead inc hosp,2021-01-09,06031,quantile,0.1,68.83102600362946
9701,2020-12-27,13 day ahead inc hosp,2021-01-09,06031,quantile,0.15,75.13002425787751
9702,2020-12-27,13 day ahead inc hosp,2021-01-09,06031,quantile,0.2,80.13626838804566
9703,2020-12-27,13 day ahead inc hosp,2021-01-09,06031,quantile,0.25,84.43118008730016
9704,2020-12-27,13 day ahead inc hosp,2021-01-09,06031,quantile,0.3,88.28814353305711
9705,2020-12-27,13 day ahead inc hosp,2021-01-09,06031,quantile,0.35,91.86219496800993
9706,2020-12-27,13 day ahead inc hosp,2021-01-09,06031,quantile,0.4,95.2536202725283
9707,2020-12-27,13 day ahead inc hosp,2021-01-09,06031,quantile,0.45,98.53486350329511
9708,2020-12-27,13 day ahead inc hosp,2021-01-09,06031,quantile,0.5,101.76408386230469
9709,2020-12-27,13 day ahead inc hosp,2021-01-09,06031,quantile,0.55,106.45240055067795
9710,2020-12-27,13 day ahead inc hosp,2021-01-09,06031,quantile,0.6,111.21624621221531
9711,2020-12-27,13 day ahead inc hosp,2021-01-09,06031,quantile,0.65,116.14005880003808
9712,2020-12-27,13 day ahead inc hosp,2021-01-09,06031,quantile,0.7,121.32901561459656
9713,2020-12-27,13 day ahead inc hosp,2021-01-09,06031,quantile,0.75,126.9287158762207
9714,2020-12-27,13 day ahead inc hosp,2021-01-09,06031,quantile,0.8,133.16424766287165
9715,2020-12-27,13 day ahead inc hosp,2021-01-09,06031,quantile,0.85,140.43252151604923
9716,2020-12-27,13 day ahead inc hosp,2021-01-09,06031,quantile,0.9,149.57766967945383
9717,2020-12-27,13 day ahead inc hosp,2021-01-09,06031,quantile,0.95,163.13215687891577
9718,2020-12-27,13 day ahead inc hosp,2021-01-09,06031,quantile,0.975,174.88865308984396
9719,2020-12-27,13 day ahead inc hosp,2021-01-09,06031,quantile,0.99,188.55812064281156
9720,2020-12-27,14 day ahead inc hosp,2021-01-10,06031,point,NA,105.58631896972656
9721,2020-12-27,14 day ahead inc hosp,2021-01-10,06031,quantile,0.01,44.85660500157219
9722,2020-12-27,14 day ahead inc hosp,2021-01-10,06031,quantile,0.025,54.42111986205776
9723,2020-12-27,14 day ahead inc hosp,2021-01-10,06031,quantile,0.05,62.64713029596479
9724,2020-12-27,14 day ahead inc hosp,2021-01-10,06031,quantile,0.1,72.13119350056051
9725,2020-12-27,14 day ahead inc hosp,2021-01-10,06031,quantile,0.15,78.53004591901016
9726,2020-12-27,14 day ahead inc hosp,2021-01-10,06031,quantile,0.2,83.61565097344433
9727,2020-12-27,14 day ahead inc hosp,2021-01-10,06031,quantile,0.25,87.9786472792884
9728,2020-12-27,14 day ahead inc hosp,2021-01-10,06031,quantile,0.3,91.89675280600598
9729,2020-12-27,14 day ahead inc hosp,2021-01-10,06031,quantile,0.35,95.52746149096042
9730,2020-12-27,14 day ahead inc hosp,2021-01-10,06031,quantile,0.4,98.9726489852058
9731,2020-12-27,14 day ahead inc hosp,2021-01-10,06031,quantile,0.45,102.30590775671823
9732,2020-12-27,14 day ahead inc hosp,2021-01-10,06031,quantile,0.5,105.58631896972656
9733,2020-12-27,14 day ahead inc hosp,2021-01-10,06031,quantile,0.55,110.29000441893936
9734,2020-12-27,14 day ahead inc hosp,2021-01-10,06031,quantile,0.6,115.06946643268054
9735,2020-12-27,14 day ahead inc hosp,2021-01-10,06031,quantile,0.65,120.00941975994368
9736,2020-12-27,14 day ahead inc hosp,2021-01-10,06031,quantile,0.7,125.21538648266119
9737,2020-12-27,14 day ahead inc hosp,2021-01-10,06031,quantile,0.75,130.83344310965362
9738,2020-12-27,14 day ahead inc hosp,2021-01-10,06031,quantile,0.8,137.08941557962572
9739,2020-12-27,14 day ahead inc hosp,2021-01-10,06031,quantile,0.85,144.38151554566866
9740,2020-12-27,14 day ahead inc hosp,2021-01-10,06031,quantile,0.9,153.55664239957304
9741,2020-12-27,14 day ahead inc hosp,2021-01-10,06031,quantile,0.95,167.155562534333
9742,2020-12-27,14 day ahead inc hosp,2021-01-10,06031,quantile,0.975,178.9505976901718
9743,2020-12-27,14 day ahead inc hosp,2021-01-10,06031,quantile,0.99,192.66487509528662
9744,2020-12-27,15 day ahead inc hosp,2021-01-11,06031,point,NA,102.6430892944336
9745,2020-12-27,15 day ahead inc hosp,2021-01-11,06031,quantile,0.01,72.80994785909297
9746,2020-12-27,15 day ahead inc hosp,2021-01-11,06031,quantile,0.025,77.5084637247022
9747,2020-12-27,15 day ahead inc hosp,2021-01-11,06031,quantile,0.05,81.5494465762273
9748,2020-12-27,15 day ahead inc hosp,2021-01-11,06031,quantile,0.1,86.20844100377857
9749,2020-12-27,15 day ahead inc hosp,2021-01-11,06031,quantile,0.15,89.35184242542175
9750,2020-12-27,15 day ahead inc hosp,2021-01-11,06031,quantile,0.2,91.85011822749084
9751,2020-12-27,15 day ahead inc hosp,2021-01-11,06031,quantile,0.25,93.99341641497068
9752,2020-12-27,15 day ahead inc hosp,2021-01-11,06031,quantile,0.3,95.91816442874283
9753,2020-12-27,15 day ahead inc hosp,2021-01-11,06031,quantile,0.35,97.70173030829832
9754,2020-12-27,15 day ahead inc hosp,2021-01-11,06031,quantile,0.4,99.39415991270887
9755,2020-12-27,15 day ahead inc hosp,2021-01-11,06031,quantile,0.45,101.03160514130431
9756,2020-12-27,15 day ahead inc hosp,2021-01-11,06031,quantile,0.5,102.6430892944336
9757,2020-12-27,15 day ahead inc hosp,2021-01-11,06031,quantile,0.55,106.6994350207202
9758,2020-12-27,15 day ahead inc hosp,2021-01-11,06031,quantile,0.6,110.8211286421831
9759,2020-12-27,15 day ahead inc hosp,2021-01-11,06031,quantile,0.65,115.08122613030334
9760,2020-12-27,15 day ahead inc hosp,2021-01-11,06031,quantile,0.7,119.57072720236579
9761,2020-12-27,15 day ahead inc hosp,2021-01-11,06031,quantile,0.75,124.41560474254034
9762,2020-12-27,15 day ahead inc hosp,2021-01-11,06031,quantile,0.8,129.8106056341465
9763,2020-12-27,15 day ahead inc hosp,2021-01-11,06031,quantile,0.85,136.09913807371757
9764,2020-12-27,15 day ahead inc hosp,2021-01-11,06031,quantile,0.9,144.01154782216304
9765,2020-12-27,15 day ahead inc hosp,2021-01-11,06031,quantile,0.95,155.73893099145602
9766,2020-12-27,15 day ahead inc hosp,2021-01-11,06031,quantile,0.975,165.91068693950612
9767,2020-12-27,15 day ahead inc hosp,2021-01-11,06031,quantile,0.99,177.73755145712744
9768,2020-12-27,16 day ahead inc hosp,2021-01-12,06031,point,NA,108.08174133300781
9769,2020-12-27,16 day ahead inc hosp,2021-01-12,06031,quantile,0.01,76.63696034098116
9770,2020-12-27,16 day ahead inc hosp,2021-01-12,06031,quantile,0.025,81.58929842116154
9771,2020-12-27,16 day ahead inc hosp,2021-01-12,06031,quantile,0.05,85.84858238004816
9772,2020-12-27,16 day ahead inc hosp,2021-01-12,06031,quantile,0.1,90.75926400353538
9773,2020-12-27,16 day ahead inc hosp,2021-01-12,06031,quantile,0.15,94.0724775813889
9774,2020-12-27,16 day ahead inc hosp,2021-01-12,06031,quantile,0.2,96.70571470205907
9775,2020-12-27,16 day ahead inc hosp,2021-01-12,06031,quantile,0.25,98.96479768371496
9776,2020-12-27,16 day ahead inc hosp,2021-01-12,06031,quantile,0.3,100.99352402113671
9777,2020-12-27,16 day ahead inc hosp,2021-01-12,06031,quantile,0.35,102.87344131342148
9778,2020-12-27,16 day ahead inc hosp,2021-01-12,06031,quantile,0.4,104.6572989862869
9779,2020-12-27,16 day ahead inc hosp,2021-01-12,06031,quantile,0.45,106.38320192920087
9780,2020-12-27,16 day ahead inc hosp,2021-01-12,06031,quantile,0.5,108.08174133300781
9781,2020-12-27,16 day ahead inc hosp,2021-01-12,06031,quantile,0.55,111.58746732345014
9782,2020-12-27,16 day ahead inc hosp,2021-01-12,06031,quantile,0.6,115.14967070265538
9783,2020-12-27,16 day ahead inc hosp,2021-01-12,06031,quantile,0.65,118.83149061981348
9784,2020-12-27,16 day ahead inc hosp,2021-01-12,06031,quantile,0.7,122.71157423557972
9785,2020-12-27,16 day ahead inc hosp,2021-01-12,06031,quantile,0.75,126.89879452181725
9786,2020-12-27,16 day ahead inc hosp,2021-01-12,06031,quantile,0.8,131.56146287417133
9787,2020-12-27,16 day ahead inc hosp,2021-01-12,06031,quantile,0.85,136.99637229825683
9788,2020-12-27,16 day ahead inc hosp,2021-01-12,06031,quantile,0.9,143.83472937477458
9789,2020-12-27,16 day ahead inc hosp,2021-01-12,06031,quantile,0.95,153.97020468942517
9790,2020-12-27,16 day ahead inc hosp,2021-01-12,06031,quantile,0.975,162.76121798112507
9791,2020-12-27,16 day ahead inc hosp,2021-01-12,06031,quantile,0.99,172.98267076710877
9792,2020-12-27,17 day ahead inc hosp,2021-01-13,06031,point,NA,110.10936737060547
9793,2020-12-27,17 day ahead inc hosp,2021-01-13,06031,quantile,0.01,78.52841226610556
9794,2020-12-27,17 day ahead inc hosp,2021-01-13,06031,quantile,0.025,83.50219683824615
9795,2020-12-27,17 day ahead inc hosp,2021-01-13,06031,quantile,0.05,87.77992596337579
9796,2020-12-27,17 day ahead inc hosp,2021-01-13,06031,quantile,0.1,92.71187368224102
9797,2020-12-27,17 day ahead inc hosp,2021-01-13,06031,quantile,0.15,96.03943539368507
9798,2020-12-27,17 day ahead inc hosp,2021-01-13,06031,quantile,0.2,98.6840759560879
9799,2020-12-27,17 day ahead inc hosp,2021-01-13,06031,quantile,0.25,100.95294207536871
9800,2020-12-27,17 day ahead inc hosp,2021-01-13,06031,quantile,0.3,102.99045397273821
9801,2020-12-27,17 day ahead inc hosp,2021-01-13,06031,quantile,0.35,104.87851239562475
9802,2020-12-27,17 day ahead inc hosp,2021-01-13,06031,quantile,0.4,106.67009520530834
9803,2020-12-27,17 day ahead inc hosp,2021-01-13,06031,quantile,0.45,108.40347230749617
9804,2020-12-27,17 day ahead inc hosp,2021-01-13,06031,quantile,0.5,110.10936737060547
9805,2020-12-27,17 day ahead inc hosp,2021-01-13,06031,quantile,0.55,114.0027841468091
9806,2020-12-27,17 day ahead inc hosp,2021-01-13,06031,quantile,0.6,117.9589240261546
9807,2020-12-27,17 day ahead inc hosp,2021-01-13,06031,quantile,0.65,122.0479085821368
9808,2020-12-27,17 day ahead inc hosp,2021-01-13,06031,quantile,0.7,126.35708239774098
9809,2020-12-27,17 day ahead inc hosp,2021-01-13,06031,quantile,0.75,131.00735847537604
9810,2020-12-27,17 day ahead inc hosp,2021-01-13,06031,quantile,0.8,136.18566141018087
9811,2020-12-27,17 day ahead inc hosp,2021-01-13,06031,quantile,0.85,142.22160591541922
9812,2020-12-27,17 day ahead inc hosp,2021-01-13,06031,quantile,0.9,149.81620236590385
9813,2020-12-27,17 day ahead inc hosp,2021-01-13,06031,quantile,0.95,161.07253835235653
9814,2020-12-27,17 day ahead inc hosp,2021-01-13,06031,quantile,0.975,170.83573111843322
9815,2020-12-27,17 day ahead inc hosp,2021-01-13,06031,quantile,0.99,182.1875526420261
9816,2020-12-27,18 day ahead inc hosp,2021-01-14,06031,point,NA,113.27425384521484
9817,2020-12-27,18 day ahead inc hosp,2021-01-14,06031,quantile,0.01,78.29362269176823
9818,2020-12-27,18 day ahead inc hosp,2021-01-14,06031,quantile,0.025,83.80283300472556
9819,2020-12-27,18 day ahead inc hosp,2021-01-14,06031,quantile,0.05,88.54105780525396
9820,2020-12-27,18 day ahead inc hosp,2021-01-14,06031,quantile,0.1,94.00392754592006
9821,2020-12-27,18 day ahead inc hosp,2021-01-14,06031,quantile,0.15,97.6896998249152
9822,2020-12-27,18 day ahead inc hosp,2021-01-14,06031,quantile,0.2,100.61903479090157
9823,2020-12-27,18 day ahead inc hosp,2021-01-14,06031,quantile,0.25,103.13214335878668
9824,2020-12-27,18 day ahead inc hosp,2021-01-14,06031,quantile,0.3,105.38899252363305
9825,2020-12-27,18 day ahead inc hosp,2021-01-14,06031,quantile,0.35,107.48029961262422
9826,2020-12-27,18 day ahead inc hosp,2021-01-14,06031,quantile,0.4,109.4647455307107
9827,2020-12-27,18 day ahead inc hosp,2021-01-14,06031,quantile,0.45,111.38471992226489
9828,2020-12-27,18 day ahead inc hosp,2021-01-14,06031,quantile,0.5,113.27425384521484
9829,2020-12-27,18 day ahead inc hosp,2021-01-14,06031,quantile,0.55,118.01748793219767
9830,2020-12-27,18 day ahead inc hosp,2021-01-14,06031,quantile,0.6,122.83713571387719
9831,2020-12-27,18 day ahead inc hosp,2021-01-14,06031,quantile,0.65,127.81862422176629
9832,2020-12-27,18 day ahead inc hosp,2021-01-14,06031,quantile,0.7,133.06836276859545
9833,2020-12-27,18 day ahead inc hosp,2021-01-14,06031,quantile,0.75,138.73365607604012
9834,2020-12-27,18 day ahead inc hosp,2021-01-14,06031,quantile,0.8,145.04222882972286
9835,2020-12-27,18 day ahead inc hosp,2021-01-14,06031,quantile,0.85,152.3956408505904
9836,2020-12-27,18 day ahead inc hosp,2021-01-14,06031,quantile,0.9,161.6479122696144
9837,2020-12-27,18 day ahead inc hosp,2021-01-14,06031,quantile,0.95,175.3611722709067
9838,2020-12-27,18 day ahead inc hosp,2021-01-14,06031,quantile,0.975,187.25538020900308
9839,2020-12-27,18 day ahead inc hosp,2021-01-14,06031,quantile,0.99,201.08496740581822
9840,2020-12-27,19 day ahead inc hosp,2021-01-15,06031,point,NA,113.28018188476562
9841,2020-12-27,19 day ahead inc hosp,2021-01-15,06031,quantile,0.01,82.4864892611001
9842,2020-12-27,19 day ahead inc hosp,2021-01-15,06031,quantile,0.025,87.33628537347302
9843,2020-12-27,19 day ahead inc hosp,2021-01-15,06031,quantile,0.05,91.50737758302351
9844,2020-12-27,19 day ahead inc hosp,2021-01-15,06031,quantile,0.1,96.31637976766878
9845,2020-12-27,19 day ahead inc hosp,2021-01-15,06031,quantile,0.15,99.56099071085985
9846,2020-12-27,19 day ahead inc hosp,2021-01-15,06031,quantile,0.2,102.13970463224808
9847,2020-12-27,19 day ahead inc hosp,2021-01-15,06031,quantile,0.25,104.3520115637578
9848,2020-12-27,19 day ahead inc hosp,2021-01-15,06031,quantile,0.3,106.33873156247367
9849,2020-12-27,19 day ahead inc hosp,2021-01-15,06031,quantile,0.35,108.17972372175154
9850,2020-12-27,19 day ahead inc hosp,2021-01-15,06031,quantile,0.4,109.92664524989047
9851,2020-12-27,19 day ahead inc hosp,2021-01-15,06031,quantile,0.45,111.61681204532302
9852,2020-12-27,19 day ahead inc hosp,2021-01-15,06031,quantile,0.5,113.28018188476562
9853,2020-12-27,19 day ahead inc hosp,2021-01-15,06031,quantile,0.55,117.81848621783467
9854,2020-12-27,19 day ahead inc hosp,2021-01-15,06031,quantile,0.6,122.42990281890238
9855,2020-12-27,19 day ahead inc hosp,2021-01-15,06031,quantile,0.65,127.196167874749
9856,2020-12-27,19 day ahead inc hosp,2021-01-15,06031,quantile,0.7,132.21909332132114
9857,2020-12-27,19 day ahead inc hosp,2021-01-15,06031,quantile,0.75,137.6396196318069
9858,2020-12-27,19 day ahead inc hosp,2021-01-15,06031,quantile,0.8,143.67563272719502
9859,2020-12-27,19 day ahead inc hosp,2021-01-15,06031,quantile,0.85,150.71134317815725
9860,2020-12-27,19 day ahead inc hosp,2021-01-15,06031,quantile,0.9,159.56387347745715
9861,2020-12-27,19 day ahead inc hosp,2021-01-15,06031,quantile,0.95,172.68465692248316
9862,2020-12-27,19 day ahead inc hosp,2021-01-15,06031,quantile,0.975,184.06497980640466
9863,2020-12-27,19 day ahead inc hosp,2021-01-15,06031,quantile,0.99,197.29706457154555
9864,2020-12-27,20 day ahead inc hosp,2021-01-16,06031,point,NA,114.28553771972656
9865,2020-12-27,20 day ahead inc hosp,2021-01-16,06031,quantile,0.01,57.66198162983951
9866,2020-12-27,20 day ahead inc hosp,2021-01-16,06031,quantile,0.025,66.5798046902158
9867,2020-12-27,20 day ahead inc hosp,2021-01-16,06031,quantile,0.05,74.24962449942124
9868,2020-12-27,20 day ahead inc hosp,2021-01-16,06031,quantile,0.1,83.09243553434666
9869,2020-12-27,20 day ahead inc hosp,2021-01-16,06031,quantile,0.15,89.05863815827126
9870,2020-12-27,20 day ahead inc hosp,2021-01-16,06031,quantile,0.2,93.8003868712945
9871,2020-12-27,20 day ahead inc hosp,2021-01-16,06031,quantile,0.25,97.86838505375721
9872,2020-12-27,20 day ahead inc hosp,2021-01-16,06031,quantile,0.3,101.52157314837802
9873,2020-12-27,20 day ahead inc hosp,2021-01-16,06031,quantile,0.35,104.9067963519051
9874,2020-12-27,20 day ahead inc hosp,2021-01-16,06031,quantile,0.4,108.11904213035345
9875,2020-12-27,20 day ahead inc hosp,2021-01-16,06031,quantile,0.45,111.22692709601976
9876,2020-12-27,20 day ahead inc hosp,2021-01-16,06031,quantile,0.5,114.28553771972656
9877,2020-12-27,20 day ahead inc hosp,2021-01-16,06031,quantile,0.55,118.90306540001467
9878,2020-12-27,20 day ahead inc hosp,2021-01-16,06031,quantile,0.6,123.59498163965796
9879,2020-12-27,20 day ahead inc hosp,2021-01-16,06031,quantile,0.65,128.44444946106304
9880,2020-12-27,20 day ahead inc hosp,2021-01-16,06031,quantile,0.7,133.55505809005416
9881,2020-12-27,20 day ahead inc hosp,2021-01-16,06031,quantile,0.75,139.07020834078043
9882,2020-12-27,20 day ahead inc hosp,2021-01-16,06031,quantile,0.8,145.21158968082113
9883,2020-12-27,20 day ahead inc hosp,2021-01-16,06031,quantile,0.85,152.37011968972436
9884,2020-12-27,20 day ahead inc hosp,2021-01-16,06031,quantile,0.9,161.37718503784376
9885,2020-12-27,20 day ahead inc hosp,2021-01-16,06031,quantile,0.95,174.72701270431543
9886,2020-12-27,20 day ahead inc hosp,2021-01-16,06031,quantile,0.975,186.305997292065
9887,2020-12-27,20 day ahead inc hosp,2021-01-16,06031,quantile,0.99,199.76906922087892
9888,2020-12-27,21 day ahead inc hosp,2021-01-17,06031,point,NA,128.8083953857422
9889,2020-12-27,21 day ahead inc hosp,2021-01-17,06031,quantile,0.01,70.80466622328333
9890,2020-12-27,21 day ahead inc hosp,2021-01-17,06031,quantile,0.025,79.93985710906345
9891,2020-12-27,21 day ahead inc hosp,2021-01-17,06031,quantile,0.05,87.7966252398356
9892,2020-12-27,21 day ahead inc hosp,2021-01-17,06031,quantile,0.1,96.85497571662991
9893,2020-12-27,21 day ahead inc hosp,2021-01-17,06031,quantile,0.15,102.96660177870763
9894,2020-12-27,21 day ahead inc hosp,2021-01-17,06031,quantile,0.2,107.8239284303582
9895,2020-12-27,21 day ahead inc hosp,2021-01-17,06031,quantile,0.25,111.99108219290832
9896,2020-12-27,21 day ahead inc hosp,2021-01-17,06031,quantile,0.3,115.7333150629797
9897,2020-12-27,21 day ahead inc hosp,2021-01-17,06031,quantile,0.35,119.20105152128603
9898,2020-12-27,21 day ahead inc hosp,2021-01-17,06031,quantile,0.4,122.49159430953114
9899,2020-12-27,21 day ahead inc hosp,2021-01-17,06031,quantile,0.45,125.67523253829972
9900,2020-12-27,21 day ahead inc hosp,2021-01-17,06031,quantile,0.5,128.8083953857422
9901,2020-12-27,21 day ahead inc hosp,2021-01-17,06031,quantile,0.55,133.34107922285529
9902,2020-12-27,21 day ahead inc hosp,2021-01-17,06031,quantile,0.6,137.94678478154785
9903,2020-12-27,21 day ahead inc hosp,2021-01-17,06031,quantile,0.65,142.70714702182607
9904,2020-12-27,21 day ahead inc hosp,2021-01-17,06031,quantile,0.7,147.72385178990518
9905,2020-12-27,21 day ahead inc hosp,2021-01-17,06031,quantile,0.75,153.13766501022087
9906,2020-12-27,21 day ahead inc hosp,2021-01-17,06031,quantile,0.8,159.1662027613608
9907,2020-12-27,21 day ahead inc hosp,2021-01-17,06031,quantile,0.85,166.1931997856256
9908,2020-12-27,21 day ahead inc hosp,2021-01-17,06031,quantile,0.9,175.03476660449414
9909,2020-12-27,21 day ahead inc hosp,2021-01-17,06031,quantile,0.95,188.1393005199868
9910,2020-12-27,21 day ahead inc hosp,2021-01-17,06031,quantile,0.975,199.5055293603951
9911,2020-12-27,21 day ahead inc hosp,2021-01-17,06031,quantile,0.99,212.7212267540745
9912,2020-12-27,22 day ahead inc hosp,2021-01-18,06031,point,NA,110.9278793334961
9913,2020-12-27,22 day ahead inc hosp,2021-01-18,06031,quantile,0.01,77.46593596511507
9914,2020-12-27,22 day ahead inc hosp,2021-01-18,06031,quantile,0.025,82.73596333220318
9915,2020-12-27,22 day ahead inc hosp,2021-01-18,06031,quantile,0.05,87.26847760407097
9916,2020-12-27,22 day ahead inc hosp,2021-01-18,06031,quantile,0.1,92.49417627969365
9917,2020-12-27,22 day ahead inc hosp,2021-01-18,06031,quantile,0.15,96.01993036707614
9918,2020-12-27,22 day ahead inc hosp,2021-01-18,06031,quantile,0.2,98.82208794704869
9919,2020-12-27,22 day ahead inc hosp,2021-01-18,06031,quantile,0.25,101.22608964182312
9920,2020-12-27,22 day ahead inc hosp,2021-01-18,06031,quantile,0.3,103.38495746252643
9921,2020-12-27,22 day ahead inc hosp,2021-01-18,06031,quantile,0.35,105.38547023402973
9922,2020-12-27,22 day ahead inc hosp,2021-01-18,06031,quantile,0.4,107.2837612236159
9923,2020-12-27,22 day ahead inc hosp,2021-01-18,06031,quantile,0.45,109.12037972478316
9924,2020-12-27,22 day ahead inc hosp,2021-01-18,06031,quantile,0.5,110.9278793334961
9925,2020-12-27,22 day ahead inc hosp,2021-01-18,06031,quantile,0.55,115.61892645640795
9926,2020-12-27,22 day ahead inc hosp,2021-01-18,06031,quantile,0.6,120.38554653989576
9927,2020-12-27,22 day ahead inc hosp,2021-01-18,06031,quantile,0.65,125.31222671300446
9928,2020-12-27,22 day ahead inc hosp,2021-01-18,06031,quantile,0.7,130.5042055305221
9929,2020-12-27,22 day ahead inc hosp,2021-01-18,06031,quantile,0.75,136.10716700848815
9930,2020-12-27,22 day ahead inc hosp,2021-01-18,06031,quantile,0.8,142.34633031418707
9931,2020-12-27,22 day ahead inc hosp,2021-01-18,06031,quantile,0.85,149.61883714633854
9932,2020-12-27,22 day ahead inc hosp,2021-01-18,06031,quantile,0.9,158.76931136386142
9933,2020-12-27,22 day ahead inc hosp,2021-01-18,06031,quantile,0.95,172.33169257784124
9934,2020-12-27,22 day ahead inc hosp,2021-01-18,06031,quantile,0.975,184.0950356690979
9935,2020-12-27,22 day ahead inc hosp,2021-01-18,06031,quantile,0.99,197.77246420013324
9936,2020-12-27,23 day ahead inc hosp,2021-01-19,06031,point,NA,115.2795639038086
9937,2020-12-27,23 day ahead inc hosp,2021-01-19,06031,quantile,0.01,83.24430831892843
9938,2020-12-27,23 day ahead inc hosp,2021-01-19,06031,quantile,0.025,88.28964211157088
9939,2020-12-27,23 day ahead inc hosp,2021-01-19,06031,quantile,0.05,92.62890751355005
9940,2020-12-27,23 day ahead inc hosp,2021-01-19,06031,quantile,0.1,97.63180261860029
9941,2020-12-27,23 day ahead inc hosp,2021-01-19,06031,quantile,0.15,101.0072321946799
9942,2020-12-27,23 day ahead inc hosp,2021-01-19,06031,quantile,0.2,103.6899166184529
9943,2020-12-27,23 day ahead inc hosp,2021-01-19,06031,quantile,0.25,105.99142098329966
9944,2020-12-27,23 day ahead inc hosp,2021-01-19,06031,quantile,0.3,108.05824303391476
9945,2020-12-27,23 day ahead inc hosp,2021-01-19,06031,quantile,0.35,109.97346168186938
9946,2020-12-27,23 day ahead inc hosp,2021-01-19,06031,quantile,0.4,111.7908168891384
9947,2020-12-27,23 day ahead inc hosp,2021-01-19,06031,quantile,0.45,113.54912908425163
9948,2020-12-27,23 day ahead inc hosp,2021-01-19,06031,quantile,0.5,115.2795639038086
9949,2020-12-27,23 day ahead inc hosp,2021-01-19,06031,quantile,0.55,119.11846115019955
9950,2020-12-27,23 day ahead inc hosp,2021-01-19,06031,quantile,0.6,123.01920318788234
9951,2020-12-27,23 day ahead inc hosp,2021-01-19,06031,quantile,0.65,127.05092967769345
9952,2020-12-27,23 day ahead inc hosp,2021-01-19,06031,quantile,0.7,131.29976211609298
9953,2020-12-27,23 day ahead inc hosp,2021-01-19,06031,quantile,0.75,135.88492036026065
9954,2020-12-27,23 day ahead inc hosp,2021-01-19,06031,quantile,0.8,140.9907114995242
9955,2020-12-27,23 day ahead inc hosp,2021-01-19,06031,quantile,0.85,146.94213465107333
9956,2020-12-27,23 day ahead inc hosp,2021-01-19,06031,quantile,0.9,154.4303839387964
9957,2020-12-27,23 day ahead inc hosp,2021-01-19,06031,quantile,0.95,165.52909740994434
9958,2020-12-27,23 day ahead inc hosp,2021-01-19,06031,quantile,0.975,175.15557615086698
9959,2020-12-27,23 day ahead inc hosp,2021-01-19,06031,quantile,0.99,186.34843807481815
9960,2020-12-27,24 day ahead inc hosp,2021-01-20,06031,point,NA,120.7766342163086
9961,2020-12-27,24 day ahead inc hosp,2021-01-20,06031,quantile,0.01,88.67964225534226
9962,2020-12-27,24 day ahead inc hosp,2021-01-20,06031,quantile,0.025,93.73469910524821
9963,2020-12-27,24 day ahead inc hosp,2021-01-20,06031,quantile,0.05,98.08232687287432
9964,2020-12-27,24 day ahead inc hosp,2021-01-20,06031,quantile,0.1,103.0948632499571
9965,2020-12-27,24 day ahead inc hosp,2021-01-20,06031,quantile,0.15,106.476797746505
9966,2020-12-27,24 day ahead inc hosp,2021-01-20,06031,quantile,0.2,109.16465207485602
9967,2020-12-27,24 day ahead inc hosp,2021-01-20,06031,quantile,0.25,111.4705917574937
9968,2020-12-27,24 day ahead inc hosp,2021-01-20,06031,quantile,0.3,113.5413968605643
9969,2020-12-27,24 day ahead inc hosp,2021-01-20,06031,quantile,0.35,115.46030640021243
9970,2020-12-27,24 day ahead inc hosp,2021-01-20,06031,quantile,0.4,117.28116390276548
9971,2020-12-27,24 day ahead inc hosp,2021-01-20,06031,quantile,0.45,119.04286460909778
9972,2020-12-27,24 day ahead inc hosp,2021-01-20,06031,quantile,0.5,120.7766342163086
9973,2020-12-27,24 day ahead inc hosp,2021-01-20,06031,quantile,0.55,124.85707065856639
9974,2020-12-27,24 day ahead inc hosp,2021-01-20,06031,quantile,0.6,129.0032430984178
9975,2020-12-27,24 day ahead inc hosp,2021-01-20,06031,quantile,0.65,133.28864138817602
9976,2020-12-27,24 day ahead inc hosp,2021-01-20,06031,quantile,0.7,137.80480569421246
9977,2020-12-27,24 day ahead inc hosp,2021-01-20,06031,quantile,0.75,142.67845705610026
9978,2020-12-27,24 day ahead inc hosp,2021-01-20,06031,quantile,0.8,148.10549896267753
9979,2020-12-27,24 day ahead inc hosp,2021-01-20,06031,quantile,0.85,154.43137911841973
9980,2020-12-27,24 day ahead inc hosp,2021-01-20,06031,quantile,0.9,162.39078082188078
9981,2020-12-27,24 day ahead inc hosp,2021-01-20,06031,quantile,0.95,174.18781314735534
9982,2020-12-27,24 day ahead inc hosp,2021-01-20,06031,quantile,0.975,184.4199793513372
9983,2020-12-27,24 day ahead inc hosp,2021-01-20,06031,quantile,0.99,196.317083846798
9984,2020-12-27,25 day ahead inc hosp,2021-01-21,06031,point,NA,128.1986083984375
9985,2020-12-27,25 day ahead inc hosp,2021-01-21,06031,quantile,0.01,91.20239005917165
9986,2020-12-27,25 day ahead inc hosp,2021-01-21,06031,quantile,0.025,97.0290415772939
9987,2020-12-27,25 day ahead inc hosp,2021-01-21,06031,quantile,0.05,102.04028332681852
9988,2020-12-27,25 day ahead inc hosp,2021-01-21,06031,quantile,0.1,107.81792412461009
9989,2020-12-27,25 day ahead inc hosp,2021-01-21,06031,quantile,0.15,111.71607094146881
9990,2020-12-27,25 day ahead inc hosp,2021-01-21,06031,quantile,0.2,114.81419445773932
9991,2020-12-27,25 day ahead inc hosp,2021-01-21,06031,quantile,0.25,117.47210857255074
9992,2020-12-27,25 day ahead inc hosp,2021-01-21,06031,quantile,0.3,119.8589975939405
9993,2020-12-27,25 day ahead inc hosp,2021-01-21,06031,quantile,0.35,122.07080598983184
9994,2020-12-27,25 day ahead inc hosp,2021-01-21,06031,quantile,0.4,124.16959586431811
9995,2020-12-27,25 day ahead inc hosp,2021-01-21,06031,quantile,0.45,126.2001993569809
9996,2020-12-27,25 day ahead inc hosp,2021-01-21,06031,quantile,0.5,128.1986083984375
9997,2020-12-27,25 day ahead inc hosp,2021-01-21,06031,quantile,0.55,133.14801426108437
9998,2020-12-27,25 day ahead inc hosp,2021-01-21,06031,quantile,0.6,138.17715525414704
9999,2020-12-27,25 day ahead inc hosp,2021-01-21,06031,quantile,0.65,143.3751716230456
10000,2020-12-27,25 day ahead inc hosp,2021-01-21,06031,quantile,0.7,148.85309792070538
10001,2020-12-27,25 day ahead inc hosp,2021-01-21,06031,quantile,0.75,154.76464168921393
10002,2020-12-27,25 day ahead inc hosp,2021-01-21,06031,quantile,0.8,161.34742600882
10003,2020-12-27,25 day ahead inc hosp,2021-01-21,06031,quantile,0.85,169.02046509968443
10004,2020-12-27,25 day ahead inc hosp,2021-01-21,06031,quantile,0.9,178.67490035722122
10005,2020-12-27,25 day ahead inc hosp,2021-01-21,06031,quantile,0.95,192.984227748982
10006,2020-12-27,25 day ahead inc hosp,2021-01-21,06031,quantile,0.975,205.3954352544083
10007,2020-12-27,25 day ahead inc hosp,2021-01-21,06031,quantile,0.99,219.82614617752085
10008,2020-12-27,26 day ahead inc hosp,2021-01-22,06031,point,NA,121.45366668701172
10009,2020-12-27,26 day ahead inc hosp,2021-01-22,06031,quantile,0.01,90.52219148166454
10010,2020-12-27,26 day ahead inc hosp,2021-01-22,06031,quantile,0.025,95.39368740890404
10011,2020-12-27,26 day ahead inc hosp,2021-01-22,06031,quantile,0.05,99.58344265637233
10012,2020-12-27,26 day ahead inc hosp,2021-01-22,06031,quantile,0.1,104.41396212848328
10013,2020-12-27,26 day ahead inc hosp,2021-01-22,06031,quantile,0.15,107.67309068337389
10014,2020-12-27,26 day ahead inc hosp,2021-01-22,06031,quantile,0.2,110.26334274232326
10015,2020-12-27,26 day ahead inc hosp,2021-01-22,06031,quantile,0.25,112.48554836848518
10016,2020-12-27,26 day ahead inc hosp,2021-01-22,06031,quantile,0.3,114.48115770093075
10017,2020-12-27,26 day ahead inc hosp,2021-01-22,06031,quantile,0.35,116.33038715268475
10018,2020-12-27,26 day ahead inc hosp,2021-01-22,06031,quantile,0.4,118.08512506585693
10019,2020-12-27,26 day ahead inc hosp,2021-01-22,06031,quantile,0.45,119.78285430426745
10020,2020-12-27,26 day ahead inc hosp,2021-01-22,06031,quantile,0.5,121.45366668701172
10021,2020-12-27,26 day ahead inc hosp,2021-01-22,06031,quantile,0.55,126.02182316384679
10022,2020-12-27,26 day ahead inc hosp,2021-01-22,06031,quantile,0.6,130.66357282793476
10023,2020-12-27,26 day ahead inc hosp,2021-01-22,06031,quantile,0.65,135.46118951188558
10024,2020-12-27,26 day ahead inc hosp,2021-01-22,06031,quantile,0.7,140.5171548521168
10025,2020-12-27,26 day ahead inc hosp,2021-01-22,06031,quantile,0.75,145.97333640271702
10026,2020-12-27,26 day ahead inc hosp,2021-01-22,06031,quantile,0.8,152.04905329879213
10027,2020-12-27,26 day ahead inc hosp,2021-01-22,06031,quantile,0.85,159.13104337854605
10028,2020-12-27,26 day ahead inc hosp,2021-01-22,06031,quantile,0.9,168.04180401847387
10029,2020-12-27,26 day ahead inc hosp,2021-01-22,06031,quantile,0.95,181.24889360010462
10030,2020-12-27,26 day ahead inc hosp,2021-01-22,06031,quantile,0.975,192.70407418635318
10031,2020-12-27,26 day ahead inc hosp,2021-01-22,06031,quantile,0.99,206.02319720801972
10032,2020-12-27,27 day ahead inc hosp,2021-01-23,06031,point,NA,124.02910614013672
10033,2020-12-27,27 day ahead inc hosp,2021-01-23,06031,quantile,0.01,65.04924693310265
10034,2020-12-27,27 day ahead inc hosp,2021-01-23,06031,quantile,0.025,74.33817162902392
10035,2020-12-27,27 day ahead inc hosp,2021-01-23,06031,quantile,0.05,82.32715931768394
10036,2020-12-27,27 day ahead inc hosp,2021-01-23,06031,quantile,0.1,91.53795047686825
10037,2020-12-27,27 day ahead inc hosp,2021-01-23,06031,quantile,0.15,97.75242754364076
10038,2020-12-27,27 day ahead inc hosp,2021-01-23,06031,quantile,0.2,102.69149691337952
10039,2020-12-27,27 day ahead inc hosp,2021-01-23,06031,quantile,0.25,106.92877864953972
10040,2020-12-27,27 day ahead inc hosp,2021-01-23,06031,quantile,0.3,110.73398860730907
10041,2020-12-27,27 day ahead inc hosp,2021-01-23,06031,quantile,0.35,114.26008272282985
10042,2020-12-27,27 day ahead inc hosp,2021-01-23,06031,quantile,0.4,117.6060012209637
10043,2020-12-27,27 day ahead inc hosp,2021-01-23,06031,quantile,0.45,120.84321608990753
10044,2020-12-27,27 day ahead inc hosp,2021-01-23,06031,quantile,0.5,124.02910614013672
10045,2020-12-27,27 day ahead inc hosp,2021-01-23,06031,quantile,0.55,128.7732260843926
10046,2020-12-27,27 day ahead inc hosp,2021-01-23,06031,quantile,0.6,133.593773994542
10047,2020-12-27,27 day ahead inc hosp,2021-01-23,06031,quantile,0.65,138.57619285664603
10048,2020-12-27,27 day ahead inc hosp,2021-01-23,06031,quantile,0.7,143.82691185668247
10049,2020-12-27,27 day ahead inc hosp,2021-01-23,06031,quantile,0.75,149.49326322729428
10050,2020-12-27,27 day ahead inc hosp,2021-01-23,06031,quantile,0.8,155.80301418448835
10051,2020-12-27,27 day ahead inc hosp,2021-01-23,06031,quantile,0.85,163.15779954544433
10052,2020-12-27,27 day ahead inc hosp,2021-01-23,06031,quantile,0.9,172.41179893989153
10053,2020-12-27,27 day ahead inc hosp,2021-01-23,06031,quantile,0.95,186.12762006106252
10054,2020-12-27,27 day ahead inc hosp,2021-01-23,06031,quantile,0.975,198.02404938870367
10055,2020-12-27,27 day ahead inc hosp,2021-01-23,06031,quantile,0.99,211.85621943093122
10056,2020-12-27,28 day ahead inc hosp,2021-01-24,06031,point,NA,123.9201889038086
10057,2020-12-27,28 day ahead inc hosp,2021-01-24,06031,quantile,0.01,65.771568835056
10058,2020-12-27,28 day ahead inc hosp,2021-01-24,06031,quantile,0.025,74.9295790482435
10059,2020-12-27,28 day ahead inc hosp,2021-01-24,06031,quantile,0.05,82.80597305947964
10060,2020-12-27,28 day ahead inc hosp,2021-01-24,06031,quantile,0.1,91.88695091953119
10061,2020-12-27,28 day ahead inc hosp,2021-01-24,06031,quantile,0.15,98.01384356966884
10062,2020-12-27,28 day ahead inc hosp,2021-01-24,06031,quantile,0.2,102.88330362154873
10063,2020-12-27,28 day ahead inc hosp,2021-01-24,06031,quantile,0.25,107.0608667611172
10064,2020-12-27,28 day ahead inc hosp,2021-01-24,06031,quantile,0.3,110.81244757346636
10065,2020-12-27,28 day ahead inc hosp,2021-01-24,06031,quantile,0.35,114.28884629341496
10066,2020-12-27,28 day ahead inc hosp,2021-01-24,06031,quantile,0.4,117.58760872087416
10067,2020-12-27,28 day ahead inc hosp,2021-01-24,06031,quantile,0.45,120.77919954570747
10068,2020-12-27,28 day ahead inc hosp,2021-01-24,06031,quantile,0.5,123.9201889038086
10069,2020-12-27,28 day ahead inc hosp,2021-01-24,06031,quantile,0.55,128.4050278196967
10070,2020-12-27,28 day ahead inc hosp,2021-01-24,06031,quantile,0.6,132.96211767353094
10071,2020-12-27,28 day ahead inc hosp,2021-01-24,06031,quantile,0.65,137.67223172430965
10072,2020-12-27,28 day ahead inc hosp,2021-01-24,06031,quantile,0.7,142.63598246932798
10073,2020-12-27,28 day ahead inc hosp,2021-01-24,06031,quantile,0.75,147.99264997280986
10074,2020-12-27,28 day ahead inc hosp,2021-01-24,06031,quantile,0.8,153.95755325832846
10075,2020-12-27,28 day ahead inc hosp,2021-01-24,06031,quantile,0.85,160.91037654112878
10076,2020-12-27,28 day ahead inc hosp,2021-01-24,06031,quantile,0.9,169.65861585621454
10077,2020-12-27,28 day ahead inc hosp,2021-01-24,06031,quantile,0.95,182.62482435228497
10078,2020-12-27,28 day ahead inc hosp,2021-01-24,06031,quantile,0.975,193.87107652036462
10079,2020-12-27,28 day ahead inc hosp,2021-01-24,06031,quantile,0.99,206.94727510418733
10080,2020-12-27,1 day ahead inc hosp,2020-12-28,06033,point,NA,7.968718528747559
10081,2020-12-27,1 day ahead inc hosp,2020-12-28,06033,quantile,0.01,5.704594702017545
10082,2020-12-27,1 day ahead inc hosp,2020-12-28,06033,quantile,0.025,6.061178729370189
10083,2020-12-27,1 day ahead inc hosp,2020-12-28,06033,quantile,0.05,6.367860664873872
10084,2020-12-27,1 day ahead inc hosp,2020-12-28,06033,quantile,0.1,6.721445295405784
10085,2020-12-27,1 day ahead inc hosp,2020-12-28,06033,quantile,0.15,6.960007166978866
10086,2020-12-27,1 day ahead inc hosp,2020-12-28,06033,quantile,0.2,7.149608579939924
10087,2020-12-27,1 day ahead inc hosp,2020-12-28,06033,quantile,0.25,7.312269709830584
10088,2020-12-27,1 day ahead inc hosp,2020-12-28,06033,quantile,0.3,7.458344431725959
10089,2020-12-27,1 day ahead inc hosp,2020-12-28,06033,quantile,0.35,7.593704431047406
10090,2020-12-27,1 day ahead inc hosp,2020-12-28,06033,quantile,0.4,7.722147833520263
10091,2020-12-27,1 day ahead inc hosp,2020-12-28,06033,quantile,0.45,7.84641831187614
10092,2020-12-27,1 day ahead inc hosp,2020-12-28,06033,quantile,0.5,7.968718528747559
10093,2020-12-27,1 day ahead inc hosp,2020-12-28,06033,quantile,0.55,8.298556824602306
10094,2020-12-27,1 day ahead inc hosp,2020-12-28,06033,quantile,0.6,8.633708828862863
10095,2020-12-27,1 day ahead inc hosp,2020-12-28,06033,quantile,0.65,8.980115025590827
10096,2020-12-27,1 day ahead inc hosp,2020-12-28,06033,quantile,0.7,9.345174979245899
10097,2020-12-27,1 day ahead inc hosp,2020-12-28,06033,quantile,0.75,9.739132067548386
10098,2020-12-27,1 day ahead inc hosp,2020-12-28,06033,quantile,0.8,10.177821967349223
10099,2020-12-27,1 day ahead inc hosp,2020-12-28,06033,quantile,0.85,10.68916862349193
10100,2020-12-27,1 day ahead inc hosp,2020-12-28,06033,quantile,0.9,11.332559479113328
10101,2020-12-27,1 day ahead inc hosp,2020-12-28,06033,quantile,0.95,12.286161647273769
10102,2020-12-27,1 day ahead inc hosp,2020-12-28,06033,quantile,0.975,13.113269313667534
10103,2020-12-27,1 day ahead inc hosp,2020-12-28,06033,quantile,0.99,14.074960722887806
10104,2020-12-27,2 day ahead inc hosp,2020-12-29,06033,point,NA,8.613484382629395
10105,2020-12-27,2 day ahead inc hosp,2020-12-29,06033,quantile,0.01,6.106246952121454
10106,2020-12-27,2 day ahead inc hosp,2020-12-29,06033,quantile,0.025,6.501119710380019
10107,2020-12-27,2 day ahead inc hosp,2020-12-29,06033,quantile,0.05,6.84073206677043
10108,2020-12-27,2 day ahead inc hosp,2020-12-29,06033,quantile,0.1,7.232283363592521
10109,2020-12-27,2 day ahead inc hosp,2020-12-29,06033,quantile,0.15,7.496461164664433
10110,2020-12-27,2 day ahead inc hosp,2020-12-29,06033,quantile,0.2,7.7064213063496725
10111,2020-12-27,2 day ahead inc hosp,2020-12-29,06033,quantile,0.25,7.8865484127101
10112,2020-12-27,2 day ahead inc hosp,2020-12-29,06033,quantile,0.3,8.048308121284023
10113,2020-12-27,2 day ahead inc hosp,2020-12-29,06033,quantile,0.35,8.198202598293442
10114,2020-12-27,2 day ahead inc hosp,2020-12-29,06033,quantile,0.4,8.340437798762514
10115,2020-12-27,2 day ahead inc hosp,2020-12-29,06033,quantile,0.45,8.478052001290905
10116,2020-12-27,2 day ahead inc hosp,2020-12-29,06033,quantile,0.5,8.613484382629395
10117,2020-12-27,2 day ahead inc hosp,2020-12-29,06033,quantile,0.55,8.892514233922375
10118,2020-12-27,2 day ahead inc hosp,2020-12-29,06033,quantile,0.6,9.176039267505955
10119,2020-12-27,2 day ahead inc hosp,2020-12-29,06033,quantile,0.65,9.469084892512871
10120,2020-12-27,2 day ahead inc hosp,2020-12-29,06033,quantile,0.7,9.777910841050561
10121,2020-12-27,2 day ahead inc hosp,2020-12-29,06033,quantile,0.75,10.111182596169218
10122,2020-12-27,2 day ahead inc hosp,2020-12-29,06033,quantile,0.8,10.482296499689582
10123,2020-12-27,2 day ahead inc hosp,2020-12-29,06033,quantile,0.85,10.914875078998929
10124,2020-12-27,2 day ahead inc hosp,2020-12-29,06033,quantile,0.9,11.459157707861289
10125,2020-12-27,2 day ahead inc hosp,2020-12-29,06033,quantile,0.95,12.265866554342985
10126,2020-12-27,2 day ahead inc hosp,2020-12-29,06033,quantile,0.975,12.965566170965943
10127,2020-12-27,2 day ahead inc hosp,2020-12-29,06033,quantile,0.99,13.779118188050825
10128,2020-12-27,3 day ahead inc hosp,2020-12-30,06033,point,NA,9.184391975402832
10129,2020-12-27,3 day ahead inc hosp,2020-12-30,06033,quantile,0.01,6.745256021889937
10130,2020-12-27,3 day ahead inc hosp,2020-12-30,06033,quantile,0.025,7.1294032629975135
10131,2020-12-27,3 day ahead inc hosp,2020-12-30,06033,quantile,0.05,7.459791082934164
10132,2020-12-27,3 day ahead inc hosp,2020-12-30,06033,quantile,0.1,7.840707080000256
10133,2020-12-27,3 day ahead inc hosp,2020-12-30,06033,quantile,0.15,8.097709294817996
10134,2020-12-27,3 day ahead inc hosp,2020-12-30,06033,quantile,0.2,8.301966508019131
10135,2020-12-27,3 day ahead inc hosp,2020-12-30,06033,quantile,0.25,8.477201009538579
10136,2020-12-27,3 day ahead inc hosp,2020-12-30,06033,quantile,0.3,8.634567007752993
10137,2020-12-27,3 day ahead inc hosp,2020-12-30,06033,quantile,0.35,8.780390057320586
10138,2020-12-27,3 day ahead inc hosp,2020-12-30,06033,quantile,0.4,8.918761871293123
10139,2020-12-27,3 day ahead inc hosp,2020-12-30,06033,quantile,0.45,9.05263820267551
10140,2020-12-27,3 day ahead inc hosp,2020-12-30,06033,quantile,0.5,9.184391975402832
10141,2020-12-27,3 day ahead inc hosp,2020-12-30,06033,quantile,0.55,9.488483905779377
10142,2020-12-27,3 day ahead inc hosp,2020-12-30,06033,quantile,0.6,9.797474769563259
10143,2020-12-27,3 day ahead inc hosp,2020-12-30,06033,quantile,0.65,10.116841351252706
10144,2020-12-27,3 day ahead inc hosp,2020-12-30,06033,quantile,0.7,10.453405623519716
10145,2020-12-27,3 day ahead inc hosp,2020-12-30,06033,quantile,0.75,10.816611391233794
10146,2020-12-27,3 day ahead inc hosp,2020-12-30,06033,quantile,0.8,11.221058237290373
10147,2020-12-27,3 day ahead inc hosp,2020-12-30,06033,quantile,0.85,11.69249043213322
10148,2020-12-27,3 day ahead inc hosp,2020-12-30,06033,quantile,0.9,12.285659781269949
10149,2020-12-27,3 day ahead inc hosp,2020-12-30,06033,quantile,0.95,13.164826111473367
10150,2020-12-27,3 day ahead inc hosp,2020-12-30,06033,quantile,0.975,13.927371789352087
10151,2020-12-27,3 day ahead inc hosp,2020-12-30,06033,quantile,0.99,14.813995934369856
10152,2020-12-27,4 day ahead inc hosp,2020-12-31,06033,point,NA,10.067460060119629
10153,2020-12-27,4 day ahead inc hosp,2020-12-31,06033,quantile,0.01,7.3153184945502945
10154,2020-12-27,4 day ahead inc hosp,2020-12-31,06033,quantile,0.025,7.7487619801535885
10155,2020-12-27,4 day ahead inc hosp,2020-12-31,06033,quantile,0.05,8.121547289925246
10156,2020-12-27,4 day ahead inc hosp,2020-12-31,06033,quantile,0.1,8.55134487747097
10157,2020-12-27,4 day ahead inc hosp,2020-12-31,06033,quantile,0.15,8.841327269319445
10158,2020-12-27,4 day ahead inc hosp,2020-12-31,06033,quantile,0.2,9.071796081731721
10159,2020-12-27,4 day ahead inc hosp,2020-12-31,06033,quantile,0.25,9.269517801449279
10160,2020-12-27,4 day ahead inc hosp,2020-12-31,06033,quantile,0.3,9.447078016602292
10161,2020-12-27,4 day ahead inc hosp,2020-12-31,06033,quantile,0.35,9.611614017703442
10162,2020-12-27,4 day ahead inc hosp,2020-12-31,06033,quantile,0.4,9.767742592737804
10163,2020-12-27,4 day ahead inc hosp,2020-12-31,06033,quantile,0.45,9.918798795944827
10164,2020-12-27,4 day ahead inc hosp,2020-12-31,06033,quantile,0.5,10.067460060119629
10165,2020-12-27,4 day ahead inc hosp,2020-12-31,06033,quantile,0.55,10.44195897862433
10166,2020-12-27,4 day ahead inc hosp,2020-12-31,06033,quantile,0.6,10.82249108998818
10167,2020-12-27,4 day ahead inc hosp,2020-12-31,06033,quantile,0.65,11.215801229133083
10168,2020-12-27,4 day ahead inc hosp,2020-12-31,06033,quantile,0.7,11.6302908731537
10169,2020-12-27,4 day ahead inc hosp,2020-12-31,06033,quantile,0.75,12.077590369181635
10170,2020-12-27,4 day ahead inc hosp,2020-12-31,06033,quantile,0.8,12.575679569553618
10171,2020-12-27,4 day ahead inc hosp,2020-12-31,06033,quantile,0.85,13.156263365047062
10172,2020-12-27,4 day ahead inc hosp,2020-12-31,06033,quantile,0.9,13.886770351755892
10173,2020-12-27,4 day ahead inc hosp,2020-12-31,06033,quantile,0.95,14.969491749325476
10174,2020-12-27,4 day ahead inc hosp,2020-12-31,06033,quantile,0.975,15.908591091167267
10175,2020-12-27,4 day ahead inc hosp,2020-12-31,06033,quantile,0.99,17.00049702572514
10176,2020-12-27,5 day ahead inc hosp,2021-01-01,06033,point,NA,10.226733207702637
10177,2020-12-27,5 day ahead inc hosp,2021-01-01,06033,quantile,0.01,7.773301290794289
10178,2020-12-27,5 day ahead inc hosp,2021-01-01,06033,quantile,0.025,8.159700048423291
10179,2020-12-27,5 day ahead inc hosp,2021-01-01,06033,quantile,0.05,8.492024296779732
10180,2020-12-27,5 day ahead inc hosp,2021-01-01,06033,quantile,0.1,8.875172871797439
10181,2020-12-27,5 day ahead inc hosp,2021-01-01,06033,quantile,0.15,9.133681396359943
10182,2020-12-27,5 day ahead inc hosp,2021-01-01,06033,quantile,0.2,9.339135776795228
10183,2020-12-27,5 day ahead inc hosp,2021-01-01,06033,quantile,0.25,9.515397341203784
10184,2020-12-27,5 day ahead inc hosp,2021-01-01,06033,quantile,0.3,9.67368567363533
10185,2020-12-27,5 day ahead inc hosp,2021-01-01,06033,quantile,0.35,9.820363403310372
10186,2020-12-27,5 day ahead inc hosp,2021-01-01,06033,quantile,0.4,9.959546225125528
10187,2020-12-27,5 day ahead inc hosp,2021-01-01,06033,quantile,0.45,10.094207215981367
10188,2020-12-27,5 day ahead inc hosp,2021-01-01,06033,quantile,0.5,10.226733207702637
10189,2020-12-27,5 day ahead inc hosp,2021-01-01,06033,quantile,0.55,10.58896072002352
10190,2020-12-27,5 day ahead inc hosp,2021-01-01,06033,quantile,0.6,10.957023732349176
10191,2020-12-27,5 day ahead inc hosp,2021-01-01,06033,quantile,0.65,11.337446067991383
10192,2020-12-27,5 day ahead inc hosp,2021-01-01,06033,quantile,0.7,11.738353908355338
10193,2020-12-27,5 day ahead inc hosp,2021-01-01,06033,quantile,0.75,12.170996502773272
10194,2020-12-27,5 day ahead inc hosp,2021-01-01,06033,quantile,0.8,12.652764548152492
10195,2020-12-27,5 day ahead inc hosp,2021-01-01,06033,quantile,0.85,13.214324044172148
10196,2020-12-27,5 day ahead inc hosp,2021-01-01,06033,quantile,0.9,13.920894118086109
10197,2020-12-27,5 day ahead inc hosp,2021-01-01,06033,quantile,0.95,14.968137405047155
10198,2020-12-27,5 day ahead inc hosp,2021-01-01,06033,quantile,0.975,15.876464776927834
10199,2020-12-27,5 day ahead inc hosp,2021-01-01,06033,quantile,0.99,16.932591646245726
10200,2020-12-27,6 day ahead inc hosp,2021-01-02,06033,point,NA,11.008639335632324
10201,2020-12-27,6 day ahead inc hosp,2021-01-02,06033,quantile,0.01,6.27136306619314
10202,2020-12-27,6 day ahead inc hosp,2021-01-02,06033,quantile,0.025,7.017451699198004
10203,2020-12-27,6 day ahead inc hosp,2021-01-02,06033,quantile,0.05,7.659129083701108
10204,2020-12-27,6 day ahead inc hosp,2021-01-02,06033,quantile,0.1,8.398942012518004
10205,2020-12-27,6 day ahead inc hosp,2021-01-02,06033,quantile,0.15,8.898090283321004
10206,2020-12-27,6 day ahead inc hosp,2021-01-02,06033,quantile,0.2,9.29479750563304
10207,2020-12-27,6 day ahead inc hosp,2021-01-02,06033,quantile,0.25,9.635136978895902
10208,2020-12-27,6 day ahead inc hosp,2021-01-02,06033,quantile,0.3,9.940772344519571
10209,2020-12-27,6 day ahead inc hosp,2021-01-02,06033,quantile,0.35,10.223989059544785
10210,2020-12-27,6 day ahead inc hosp,2021-01-02,06033,quantile,0.4,10.492734026280763
10211,2020-12-27,6 day ahead inc hosp,2021-01-02,06033,quantile,0.45,10.752747891757986
10212,2020-12-27,6 day ahead inc hosp,2021-01-02,06033,quantile,0.5,11.008639335632324
10213,2020-12-27,6 day ahead inc hosp,2021-01-02,06033,quantile,0.55,11.376679926787645
10214,2020-12-27,6 day ahead inc hosp,2021-01-02,06033,quantile,0.6,11.750649666884975
10215,2020-12-27,6 day ahead inc hosp,2021-01-02,06033,quantile,0.65,12.137177074484029
10216,2020-12-27,6 day ahead inc hosp,2021-01-02,06033,quantile,0.7,12.544518741109405
10217,2020-12-27,6 day ahead inc hosp,2021-01-02,06033,quantile,0.75,12.984104445652722
10218,2020-12-27,6 day ahead inc hosp,2021-01-02,06033,quantile,0.8,13.473603973408192
10219,2020-12-27,6 day ahead inc hosp,2021-01-02,06033,quantile,0.85,14.044175456396133
10220,2020-12-27,6 day ahead inc hosp,2021-01-02,06033,quantile,0.9,14.762084667736179
10221,2020-12-27,6 day ahead inc hosp,2021-01-02,06033,quantile,0.95,15.826134264485608
10222,2020-12-27,6 day ahead inc hosp,2021-01-02,06033,quantile,0.975,16.749038603715864
10223,2020-12-27,6 day ahead inc hosp,2021-01-02,06033,quantile,0.99,17.822114347820147
10224,2020-12-27,7 day ahead inc hosp,2021-01-03,06033,point,NA,11.166988372802734
10225,2020-12-27,7 day ahead inc hosp,2021-01-03,06033,quantile,0.01,6.523512203830303
10226,2020-12-27,7 day ahead inc hosp,2021-01-03,06033,quantile,0.025,7.254827962138281
10227,2020-12-27,7 day ahead inc hosp,2021-01-03,06033,quantile,0.05,7.883799859414067
10228,2020-12-27,7 day ahead inc hosp,2021-01-03,06033,quantile,0.1,8.60896417516668
10229,2020-12-27,7 day ahead inc hosp,2021-01-03,06033,quantile,0.15,9.098229096279654
10230,2020-12-27,7 day ahead inc hosp,2021-01-03,06033,quantile,0.2,9.487081345566619
10231,2020-12-27,7 day ahead inc hosp,2021-01-03,06033,quantile,0.25,9.820681951394029
10232,2020-12-27,7 day ahead inc hosp,2021-01-03,06033,quantile,0.3,10.12026560578721
10233,2020-12-27,7 day ahead inc hosp,2021-01-03,06033,quantile,0.35,10.39787450847211
10234,2020-12-27,7 day ahead inc hosp,2021-01-03,06033,quantile,0.4,10.661298209686299
10235,2020-12-27,7 day ahead inc hosp,2021-01-03,06033,quantile,0.45,10.916163689188682
10236,2020-12-27,7 day ahead inc hosp,2021-01-03,06033,quantile,0.5,11.166988372802734
10237,2020-12-27,7 day ahead inc hosp,2021-01-03,06033,quantile,0.55,11.531732015783897
10238,2020-12-27,7 day ahead inc hosp,2021-01-03,06033,quantile,0.6,11.902351693737444
10239,2020-12-27,7 day ahead inc hosp,2021-01-03,06033,quantile,0.65,12.285416546223363
10240,2020-12-27,7 day ahead inc hosp,2021-01-03,06033,quantile,0.7,12.689109201309487
10241,2020-12-27,7 day ahead inc hosp,2021-01-03,06033,quantile,0.75,13.124757048668544
10242,2020-12-27,7 day ahead inc hosp,2021-01-03,06033,quantile,0.8,13.609871585710845
10243,2020-12-27,7 day ahead inc hosp,2021-01-03,06033,quantile,0.85,14.175331826476402
10244,2020-12-27,7 day ahead inc hosp,2021-01-03,06033,quantile,0.9,14.886809927986661
10245,2020-12-27,7 day ahead inc hosp,2021-01-03,06033,quantile,0.95,15.941327651188653
10246,2020-12-27,7 day ahead inc hosp,2021-01-03,06033,quantile,0.975,16.855964511642732
10247,2020-12-27,7 day ahead inc hosp,2021-01-03,06033,quantile,0.99,17.919427524976875
10248,2020-12-27,8 day ahead inc hosp,2021-01-04,06033,point,NA,10.65715503692627
10249,2020-12-27,8 day ahead inc hosp,2021-01-04,06033,quantile,0.01,8.279474254710353
10250,2020-12-27,8 day ahead inc hosp,2021-01-04,06033,quantile,0.025,8.653942726386678
10251,2020-12-27,8 day ahead inc hosp,2021-01-04,06033,quantile,0.05,8.97600627065538
10252,2020-12-27,8 day ahead inc hosp,2021-01-04,06033,quantile,0.1,9.347324910995317
10253,2020-12-27,8 day ahead inc hosp,2021-01-04,06033,quantile,0.15,9.597851834793472
10254,2020-12-27,8 day ahead inc hosp,2021-01-04,06033,quantile,0.2,9.796962691963145
10255,2020-12-27,8 day ahead inc hosp,2021-01-04,06033,quantile,0.25,9.967782078247827
10256,2020-12-27,8 day ahead inc hosp,2021-01-04,06033,quantile,0.3,10.12118316652655
10257,2020-12-27,8 day ahead inc hosp,2021-01-04,06033,quantile,0.35,10.263332136149021
10258,2020-12-27,8 day ahead inc hosp,2021-01-04,06033,quantile,0.4,10.398217607542701
10259,2020-12-27,8 day ahead inc hosp,2021-01-04,06033,quantile,0.45,10.528720862132928
10260,2020-12-27,8 day ahead inc hosp,2021-01-04,06033,quantile,0.5,10.65715503692627
10261,2020-12-27,8 day ahead inc hosp,2021-01-04,06033,quantile,0.55,10.964531961437068
10262,2020-12-27,8 day ahead inc hosp,2021-01-04,06033,quantile,0.6,11.276860740744752
10263,2020-12-27,8 day ahead inc hosp,2021-01-04,06033,quantile,0.65,11.599677323051537
10264,2020-12-27,8 day ahead inc hosp,2021-01-04,06033,quantile,0.7,11.939877376310259
10265,2020-12-27,8 day ahead inc hosp,2021-01-04,06033,quantile,0.75,12.307006723367564
10266,2020-12-27,8 day ahead inc hosp,2021-01-04,06033,quantile,0.8,12.715822661084246
10267,2020-12-27,8 day ahead inc hosp,2021-01-04,06033,quantile,0.85,13.19234756586135
10268,2020-12-27,8 day ahead inc hosp,2021-01-04,06033,quantile,0.9,13.791924706977696
10269,2020-12-27,8 day ahead inc hosp,2021-01-04,06033,quantile,0.95,14.680588350162008
10270,2020-12-27,8 day ahead inc hosp,2021-01-04,06033,quantile,0.975,15.451371530679584
10271,2020-12-27,8 day ahead inc hosp,2021-01-04,06033,quantile,0.99,16.347573552729678
10272,2020-12-27,9 day ahead inc hosp,2021-01-05,06033,point,NA,11.253462791442871
10273,2020-12-27,9 day ahead inc hosp,2021-01-05,06033,quantile,0.01,8.738490565298411
10274,2020-12-27,9 day ahead inc hosp,2021-01-05,06033,quantile,0.025,9.134581501002158
10275,2020-12-27,9 day ahead inc hosp,2021-01-05,06033,quantile,0.05,9.475241557199677
10276,2020-12-27,9 day ahead inc hosp,2021-01-05,06033,quantile,0.1,9.868000784800593
10277,2020-12-27,9 day ahead inc hosp,2021-01-05,06033,quantile,0.15,10.132993571034314
10278,2020-12-27,9 day ahead inc hosp,2021-01-05,06033,quantile,0.2,10.343601437090603
10279,2020-12-27,9 day ahead inc hosp,2021-01-05,06033,quantile,0.25,10.52428423328692
10280,2020-12-27,9 day ahead inc hosp,2021-01-05,06033,quantile,0.3,10.686542968507789
10281,2020-12-27,9 day ahead inc hosp,2021-01-05,06033,quantile,0.35,10.83689986807544
10282,2020-12-27,9 day ahead inc hosp,2021-01-05,06033,quantile,0.4,10.979573862331874
10283,2020-12-27,9 day ahead inc hosp,2021-01-05,06033,quantile,0.45,11.117612602927657
10284,2020-12-27,9 day ahead inc hosp,2021-01-05,06033,quantile,0.5,11.253462791442871
10285,2020-12-27,9 day ahead inc hosp,2021-01-05,06033,quantile,0.55,11.52751463897487
10286,2020-12-27,9 day ahead inc hosp,2021-01-05,06033,quantile,0.6,11.805981472953741
10287,2020-12-27,9 day ahead inc hosp,2021-01-05,06033,quantile,0.65,12.0937990472103
10288,2020-12-27,9 day ahead inc hosp,2021-01-05,06033,quantile,0.7,12.397115417736227
10289,2020-12-27,9 day ahead inc hosp,2021-01-05,06033,quantile,0.75,12.724441471910264
10290,2020-12-27,9 day ahead inc hosp,2021-01-05,06033,quantile,0.8,13.088934555475642
10291,2020-12-27,9 day ahead inc hosp,2021-01-05,06033,quantile,0.85,13.513795760515734
10292,2020-12-27,9 day ahead inc hosp,2021-01-05,06033,quantile,0.9,14.048368170342535
10293,2020-12-27,9 day ahead inc hosp,2021-01-05,06033,quantile,0.95,14.840685009470194
10294,2020-12-27,9 day ahead inc hosp,2021-01-05,06033,quantile,0.975,15.527901706050846
10295,2020-12-27,9 day ahead inc hosp,2021-01-05,06033,quantile,0.99,16.326939630890624
10296,2020-12-27,10 day ahead inc hosp,2021-01-06,06033,point,NA,11.53775691986084
10297,2020-12-27,10 day ahead inc hosp,2021-01-06,06033,quantile,0.01,9.053461806710398
10298,2020-12-27,10 day ahead inc hosp,2021-01-06,06033,quantile,0.025,9.444721306796616
10299,2020-12-27,10 day ahead inc hosp,2021-01-06,06033,quantile,0.05,9.781226061823059
10300,2020-12-27,10 day ahead inc hosp,2021-01-06,06033,quantile,0.1,10.169194493295372
10301,2020-12-27,10 day ahead inc hosp,2021-01-06,06033,quantile,0.15,10.43095495212548
10302,2020-12-27,10 day ahead inc hosp,2021-01-06,06033,quantile,0.2,10.638993866828242
10303,2020-12-27,10 day ahead inc hosp,2021-01-06,06033,quantile,0.25,10.817472731507
10304,2020-12-27,10 day ahead inc hosp,2021-01-06,06033,quantile,0.3,10.977752268109732
10305,2020-12-27,10 day ahead inc hosp,2021-01-06,06033,quantile,0.35,11.12627514519812
10306,2020-12-27,10 day ahead inc hosp,2021-01-06,06033,quantile,0.4,11.267208831471184
10307,2020-12-27,10 day ahead inc hosp,2021-01-06,06033,quantile,0.45,11.403563803952638
10308,2020-12-27,10 day ahead inc hosp,2021-01-06,06033,quantile,0.5,11.53775691986084
10309,2020-12-27,10 day ahead inc hosp,2021-01-06,06033,quantile,0.55,11.841800315037766
10310,2020-12-27,10 day ahead inc hosp,2021-01-06,06033,quantile,0.6,12.15074186171798
10311,2020-12-27,10 day ahead inc hosp,2021-01-06,06033,quantile,0.65,12.470057470266593
10312,2020-12-27,10 day ahead inc hosp,2021-01-06,06033,quantile,0.7,12.80656802452103
10313,2020-12-27,10 day ahead inc hosp,2021-01-06,06033,quantile,0.75,13.169715822053467
10314,2020-12-27,10 day ahead inc hosp,2021-01-06,06033,quantile,0.8,13.574098115563768
10315,2020-12-27,10 day ahead inc hosp,2021-01-06,06033,quantile,0.85,14.045455066530016
10316,2020-12-27,10 day ahead inc hosp,2021-01-06,06033,quantile,0.9,14.638529741688608
10317,2020-12-27,10 day ahead inc hosp,2021-01-06,06033,quantile,0.95,15.517555750794775
10318,2020-12-27,10 day ahead inc hosp,2021-01-06,06033,quantile,0.975,16.279979721048274
10319,2020-12-27,10 day ahead inc hosp,2021-01-06,06033,quantile,0.99,17.166462354649372
10320,2020-12-27,11 day ahead inc hosp,2021-01-07,06033,point,NA,11.964128494262695
10321,2020-12-27,11 day ahead inc hosp,2021-01-07,06033,quantile,0.01,9.090172841061621
10322,2020-12-27,11 day ahead inc hosp,2021-01-07,06033,quantile,0.025,9.542801212863807
10323,2020-12-27,11 day ahead inc hosp,2021-01-07,06033,quantile,0.05,9.932086583155773
10324,2020-12-27,11 day ahead inc hosp,2021-01-07,06033,quantile,0.1,10.380907683753367
10325,2020-12-27,11 day ahead inc hosp,2021-01-07,06033,quantile,0.15,10.683725149543609
10326,2020-12-27,11 day ahead inc hosp,2021-01-07,06033,quantile,0.2,10.924394871844678
10327,2020-12-27,11 day ahead inc hosp,2021-01-07,06033,quantile,0.25,11.13086806394058
10328,2020-12-27,11 day ahead inc hosp,2021-01-07,06033,quantile,0.3,11.31628737176497
10329,2020-12-27,11 day ahead inc hosp,2021-01-07,06033,quantile,0.35,11.488105993465094
10330,2020-12-27,11 day ahead inc hosp,2021-01-07,06033,quantile,0.4,11.651145063278863
10331,2020-12-27,11 day ahead inc hosp,2021-01-07,06033,quantile,0.45,11.808887250159467
10332,2020-12-27,11 day ahead inc hosp,2021-01-07,06033,quantile,0.5,11.964128494262695
10333,2020-12-27,11 day ahead inc hosp,2021-01-07,06033,quantile,0.55,12.337346532897435
10334,2020-12-27,11 day ahead inc hosp,2021-01-07,06033,quantile,0.6,12.716577129364351
10335,2020-12-27,11 day ahead inc hosp,2021-01-07,06033,quantile,0.65,13.108542049564715
10336,2020-12-27,11 day ahead inc hosp,2021-01-07,06033,quantile,0.7,13.521614035442411
10337,2020-12-27,11 day ahead inc hosp,2021-01-07,06033,quantile,0.75,13.967383655436011
10338,2020-12-27,11 day ahead inc hosp,2021-01-07,06033,quantile,0.8,14.463769266294975
10339,2020-12-27,11 day ahead inc hosp,2021-01-07,06033,quantile,0.85,15.042367320148784
10340,2020-12-27,11 day ahead inc hosp,2021-01-07,06033,quantile,0.9,15.770375790445666
10341,2020-12-27,11 day ahead inc hosp,2021-01-07,06033,quantile,0.95,16.849394010317276
10342,2020-12-27,11 day ahead inc hosp,2021-01-07,06033,quantile,0.975,17.785281397775698
10343,2020-12-27,11 day ahead inc hosp,2021-01-07,06033,quantile,0.99,18.87345274122433
10344,2020-12-27,12 day ahead inc hosp,2021-01-08,06033,point,NA,12.266304016113281
10345,2020-12-27,12 day ahead inc hosp,2021-01-08,06033,quantile,0.01,9.763455210643809
10346,2020-12-27,12 day ahead inc hosp,2021-01-08,06033,quantile,0.025,10.157636790455205
10347,2020-12-27,12 day ahead inc hosp,2021-01-08,06033,quantile,0.05,10.49665469525021
10348,2020-12-27,12 day ahead inc hosp,2021-01-08,06033,quantile,0.1,10.887520627453789
10349,2020-12-27,12 day ahead inc hosp,2021-01-08,06033,quantile,0.15,11.151236016271367
10350,2020-12-27,12 day ahead inc hosp,2021-01-08,06033,quantile,0.2,11.360828647355628
10351,2020-12-27,12 day ahead inc hosp,2021-01-08,06033,quantile,0.25,11.540640462344182
10352,2020-12-27,12 day ahead inc hosp,2021-01-08,06033,quantile,0.3,11.702117029521672
10353,2020-12-27,12 day ahead inc hosp,2021-01-08,06033,quantile,0.35,11.851749133830792
10354,2020-12-27,12 day ahead inc hosp,2021-01-08,06033,quantile,0.4,11.993735368264764
10355,2020-12-27,12 day ahead inc hosp,2021-01-08,06033,quantile,0.45,12.131108693272934
10356,2020-12-27,12 day ahead inc hosp,2021-01-08,06033,quantile,0.5,12.266304016113281
10357,2020-12-27,12 day ahead inc hosp,2021-01-08,06033,quantile,0.55,12.626949850166561
10358,2020-12-27,12 day ahead inc hosp,2021-01-08,06033,quantile,0.6,12.993405703323182
10359,2020-12-27,12 day ahead inc hosp,2021-01-08,06033,quantile,0.65,13.372166912407273
10360,2020-12-27,12 day ahead inc hosp,2021-01-08,06033,quantile,0.7,13.771324175587424
10361,2020-12-27,12 day ahead inc hosp,2021-01-08,06033,quantile,0.75,14.202077621981108
10362,2020-12-27,12 day ahead inc hosp,2021-01-08,06033,quantile,0.8,14.681742011449378
10363,2020-12-27,12 day ahead inc hosp,2021-01-08,06033,quantile,0.85,15.240849439581842
10364,2020-12-27,12 day ahead inc hosp,2021-01-08,06033,quantile,0.9,15.944334252182301
10365,2020-12-27,12 day ahead inc hosp,2021-01-08,06033,quantile,0.95,16.98700471711427
10366,2020-12-27,12 day ahead inc hosp,2021-01-08,06033,quantile,0.975,17.891365847847865
10367,2020-12-27,12 day ahead inc hosp,2021-01-08,06033,quantile,0.99,18.942881104684066
10368,2020-12-27,13 day ahead inc hosp,2021-01-09,06033,point,NA,12.49333667755127
10369,2020-12-27,13 day ahead inc hosp,2021-01-09,06033,quantile,0.01,7.842047508060117
10370,2020-12-27,13 day ahead inc hosp,2021-01-09,06033,quantile,0.025,8.574593760547689
10371,2020-12-27,13 day ahead inc hosp,2021-01-09,06033,quantile,0.05,9.204623950701668
10372,2020-12-27,13 day ahead inc hosp,2021-01-09,06033,quantile,0.1,9.931008410365644
10373,2020-12-27,13 day ahead inc hosp,2021-01-09,06033,quantile,0.15,10.42109655678297
10374,2020-12-27,13 day ahead inc hosp,2021-01-09,06033,quantile,0.2,10.810603079445059
10375,2020-12-27,13 day ahead inc hosp,2021-01-09,06033,quantile,0.25,11.14476499357072
10376,2020-12-27,13 day ahead inc hosp,2021-01-09,06033,quantile,0.3,11.444852720163693
10377,2020-12-27,13 day ahead inc hosp,2021-01-09,06033,quantile,0.35,11.722928720863475
10378,2020-12-27,13 day ahead inc hosp,2021-01-09,06033,quantile,0.4,11.986795652416172
10379,2020-12-27,13 day ahead inc hosp,2021-01-09,06033,quantile,0.45,12.242089962400525
10380,2020-12-27,13 day ahead inc hosp,2021-01-09,06033,quantile,0.5,12.49333667755127
10381,2020-12-27,13 day ahead inc hosp,2021-01-09,06033,quantile,0.55,12.857288268018639
10382,2020-12-27,13 day ahead inc hosp,2021-01-09,06033,quantile,0.6,13.227103133460076
10383,2020-12-27,13 day ahead inc hosp,2021-01-09,06033,quantile,0.65,13.609336148338418
10384,2020-12-27,13 day ahead inc hosp,2021-01-09,06033,quantile,0.7,14.012152171882326
10385,2020-12-27,13 day ahead inc hosp,2021-01-09,06033,quantile,0.75,14.446853995974715
10386,2020-12-27,13 day ahead inc hosp,2021-01-09,06033,quantile,0.8,14.930915091247886
10387,2020-12-27,13 day ahead inc hosp,2021-01-09,06033,quantile,0.85,15.49514741697293
10388,2020-12-27,13 day ahead inc hosp,2021-01-09,06033,quantile,0.9,16.20508052097699
10389,2020-12-27,13 day ahead inc hosp,2021-01-09,06033,quantile,0.95,17.257308325137007
10390,2020-12-27,13 day ahead inc hosp,2021-01-09,06033,quantile,0.975,18.169959022326914
10391,2020-12-27,13 day ahead inc hosp,2021-01-09,06033,quantile,0.99,19.231112691634795
10392,2020-12-27,14 day ahead inc hosp,2021-01-10,06033,point,NA,13.103972434997559
10393,2020-12-27,14 day ahead inc hosp,2021-01-10,06033,quantile,0.01,8.375545519427412
10394,2020-12-27,14 day ahead inc hosp,2021-01-10,06033,quantile,0.025,9.120240439683514
10395,2020-12-27,14 day ahead inc hosp,2021-01-10,06033,quantile,0.05,9.760719154334522
10396,2020-12-27,14 day ahead inc hosp,2021-01-10,06033,quantile,0.1,10.49915009357943
10397,2020-12-27,14 day ahead inc hosp,2021-01-10,06033,quantile,0.15,10.99736594257922
10398,2020-12-27,14 day ahead inc hosp,2021-01-10,06033,quantile,0.2,11.393332105600438
10399,2020-12-27,14 day ahead inc hosp,2021-01-10,06033,quantile,0.25,11.733035815976947
10400,2020-12-27,14 day ahead inc hosp,2021-01-10,06033,quantile,0.3,12.038100246879594
10401,2020-12-27,14 day ahead inc hosp,2021-01-10,06033,quantile,0.35,12.320787905799499
10402,2020-12-27,14 day ahead inc hosp,2021-01-10,06033,quantile,0.4,12.589030850028049
10403,2020-12-27,14 day ahead inc hosp,2021-01-10,06033,quantile,0.45,12.848559002919474
10404,2020-12-27,14 day ahead inc hosp,2021-01-10,06033,quantile,0.5,13.103972434997559
10405,2020-12-27,14 day ahead inc hosp,2021-01-10,06033,quantile,0.55,13.46919702585495
10406,2020-12-27,14 day ahead inc hosp,2021-01-10,06033,quantile,0.6,13.84030539977464
10407,2020-12-27,14 day ahead inc hosp,2021-01-10,06033,quantile,0.65,14.22387535832836
10408,2020-12-27,14 day ahead inc hosp,2021-01-10,06033,quantile,0.7,14.628100319127963
10409,2020-12-27,14 day ahead inc hosp,2021-01-10,06033,quantile,0.75,15.06432260804619
10410,2020-12-27,14 day ahead inc hosp,2021-01-10,06033,quantile,0.8,15.55007681300542
10411,2020-12-27,14 day ahead inc hosp,2021-01-10,06033,quantile,0.85,16.116282664851862
10412,2020-12-27,14 day ahead inc hosp,2021-01-10,06033,quantile,0.9,16.8286989153566
10413,2020-12-27,14 day ahead inc hosp,2021-01-10,06033,quantile,0.95,17.884607116690784
10414,2020-12-27,14 day ahead inc hosp,2021-01-10,06033,quantile,0.975,18.800450009557004
10415,2020-12-27,14 day ahead inc hosp,2021-01-10,06033,quantile,0.99,19.86531529620709
10416,2020-12-27,15 day ahead inc hosp,2021-01-11,06033,point,NA,13.28356647491455
10417,2020-12-27,15 day ahead inc hosp,2021-01-11,06033,quantile,0.01,10.891244463067927
10418,2020-12-27,15 day ahead inc hosp,2021-01-11,06033,quantile,0.025,11.268018828337825
10419,2020-12-27,15 day ahead inc hosp,2021-01-11,06033,quantile,0.05,11.592065568308232
10420,2020-12-27,15 day ahead inc hosp,2021-01-11,06033,quantile,0.1,11.965670706280669
10421,2020-12-27,15 day ahead inc hosp,2021-01-11,06033,quantile,0.15,12.2177403191763
10422,2020-12-27,15 day ahead inc hosp,2021-01-11,06033,quantile,0.2,12.418077256736408
10423,2020-12-27,15 day ahead inc hosp,2021-01-11,06033,quantile,0.25,12.589948510823817
10424,2020-12-27,15 day ahead inc hosp,2021-01-11,06033,quantile,0.3,12.744294208898726
10425,2020-12-27,15 day ahead inc hosp,2021-01-11,06033,quantile,0.35,12.887318500272368
10426,2020-12-27,15 day ahead inc hosp,2021-01-11,06033,quantile,0.4,13.023034566410006
10427,2020-12-27,15 day ahead inc hosp,2021-01-11,06033,quantile,0.45,13.154341431027408
10428,2020-12-27,15 day ahead inc hosp,2021-01-11,06033,quantile,0.5,13.28356647491455
10429,2020-12-27,15 day ahead inc hosp,2021-01-11,06033,quantile,0.55,13.602375056775749
10430,2020-12-27,15 day ahead inc hosp,2021-01-11,06033,quantile,0.6,13.926319657900235
10431,2020-12-27,15 day ahead inc hosp,2021-01-11,06033,quantile,0.65,14.26114211397855
10432,2020-12-27,15 day ahead inc hosp,2021-01-11,06033,quantile,0.7,14.61399454979862
10433,2020-12-27,15 day ahead inc hosp,2021-01-11,06033,quantile,0.75,14.99477780697138
10434,2020-12-27,15 day ahead inc hosp,2021-01-11,06033,quantile,0.8,15.418798021088437
10435,2020-12-27,15 day ahead inc hosp,2021-01-11,06033,quantile,0.85,15.913045366933664
10436,2020-12-27,15 day ahead inc hosp,2021-01-11,06033,quantile,0.9,16.5349213857009
10437,2020-12-27,15 day ahead inc hosp,2021-01-11,06033,quantile,0.95,17.456635324657444
10438,2020-12-27,15 day ahead inc hosp,2021-01-11,06033,quantile,0.975,18.256084707835328
10439,2020-12-27,15 day ahead inc hosp,2021-01-11,06033,quantile,0.99,19.185617385558803
10440,2020-12-27,16 day ahead inc hosp,2021-01-12,06033,point,NA,13.808172225952148
10441,2020-12-27,16 day ahead inc hosp,2021-01-12,06033,quantile,0.01,11.422175657928744
10442,2020-12-27,16 day ahead inc hosp,2021-01-12,06033,quantile,0.025,11.797953809031089
10443,2020-12-27,16 day ahead inc hosp,2021-01-12,06033,quantile,0.05,12.121143749858394
10444,2020-12-27,16 day ahead inc hosp,2021-01-12,06033,quantile,0.1,12.493761053291582
10445,2020-12-27,16 day ahead inc hosp,2021-01-12,06033,quantile,0.15,12.745164178913335
10446,2020-12-27,16 day ahead inc hosp,2021-01-12,06033,quantile,0.2,12.944971413516242
10447,2020-12-27,16 day ahead inc hosp,2021-01-12,06033,quantile,0.25,13.116388229632017
10448,2020-12-27,16 day ahead inc hosp,2021-01-12,06033,quantile,0.3,13.270325828363404
10449,2020-12-27,16 day ahead inc hosp,2021-01-12,06033,quantile,0.35,13.412971954876312
10450,2020-12-27,16 day ahead inc hosp,2021-01-12,06033,quantile,0.4,13.548329179541938
10451,2020-12-27,16 day ahead inc hosp,2021-01-12,06033,quantile,0.45,13.679288860882329
10452,2020-12-27,16 day ahead inc hosp,2021-01-12,06033,quantile,0.5,13.808172225952148
10453,2020-12-27,16 day ahead inc hosp,2021-01-12,06033,quantile,0.55,14.078026977117043
10454,2020-12-27,16 day ahead inc hosp,2021-01-12,06033,quantile,0.6,14.352229099335068
10455,2020-12-27,16 day ahead inc hosp,2021-01-12,06033,quantile,0.65,14.635638755505399
10456,2020-12-27,16 day ahead inc hosp,2021-01-12,06033,quantile,0.7,14.934309844314445
10457,2020-12-27,16 day ahead inc hosp,2021-01-12,06033,quantile,0.75,15.256622909139189
10458,2020-12-27,16 day ahead inc hosp,2021-01-12,06033,quantile,0.8,15.615533791341418
10459,2020-12-27,16 day ahead inc hosp,2021-01-12,06033,quantile,0.85,16.033888258929252
10460,2020-12-27,16 day ahead inc hosp,2021-01-12,06033,quantile,0.9,16.56027370727616
10461,2020-12-27,16 day ahead inc hosp,2021-01-12,06033,quantile,0.95,17.340456236210166
10462,2020-12-27,16 day ahead inc hosp,2021-01-12,06033,quantile,0.975,18.017148228335778
10463,2020-12-27,16 day ahead inc hosp,2021-01-12,06033,quantile,0.99,18.80394890974252
10464,2020-12-27,17 day ahead inc hosp,2021-01-13,06033,point,NA,14.579224586486816
10465,2020-12-27,17 day ahead inc hosp,2021-01-13,06033,quantile,0.01,12.128678762518458
10466,2020-12-27,17 day ahead inc hosp,2021-01-13,06033,quantile,0.025,12.514622980235949
10467,2020-12-27,17 day ahead inc hosp,2021-01-13,06033,quantile,0.05,12.84655629919249
10468,2020-12-27,17 day ahead inc hosp,2021-01-13,06033,quantile,0.1,13.229254157648754
10469,2020-12-27,17 day ahead inc hosp,2021-01-13,06033,quantile,0.15,13.487458585887033
10470,2020-12-27,17 day ahead inc hosp,2021-01-13,06033,quantile,0.2,13.692671280203873
10471,2020-12-27,17 day ahead inc hosp,2021-01-13,06033,quantile,0.25,13.868725499442945
10472,2020-12-27,17 day ahead inc hosp,2021-01-13,06033,quantile,0.3,14.026827629504021
10473,2020-12-27,17 day ahead inc hosp,2021-01-13,06033,quantile,0.35,14.173332814933124
10474,2020-12-27,17 day ahead inc hosp,2021-01-13,06033,quantile,0.4,14.31235190913202
10475,2020-12-27,17 day ahead inc hosp,2021-01-13,06033,quantile,0.45,14.446854491624325
10476,2020-12-27,17 day ahead inc hosp,2021-01-13,06033,quantile,0.5,14.579224586486816
10477,2020-12-27,17 day ahead inc hosp,2021-01-13,06033,quantile,0.55,14.881106068080689
10478,2020-12-27,17 day ahead inc hosp,2021-01-13,06033,quantile,0.6,15.187850872661803
10479,2020-12-27,17 day ahead inc hosp,2021-01-13,06033,quantile,0.65,15.504895973900098
10480,2020-12-27,17 day ahead inc hosp,2021-01-13,06033,quantile,0.7,15.839013755446347
10481,2020-12-27,17 day ahead inc hosp,2021-01-13,06033,quantile,0.75,16.199579375011442
10482,2020-12-27,17 day ahead inc hosp,2021-01-13,06033,quantile,0.8,16.60108629090475
10483,2020-12-27,17 day ahead inc hosp,2021-01-13,06033,quantile,0.85,17.069091638083755
10484,2020-12-27,17 day ahead inc hosp,2021-01-13,06033,quantile,0.9,17.657949230364274
10485,2020-12-27,17 day ahead inc hosp,2021-01-13,06033,quantile,0.95,18.53072488738554
10486,2020-12-27,17 day ahead inc hosp,2021-01-13,06033,quantile,0.975,19.287727609345257
10487,2020-12-27,17 day ahead inc hosp,2021-01-13,06033,quantile,0.99,20.167906870213628
10488,2020-12-27,18 day ahead inc hosp,2021-01-14,06033,point,NA,15.14299488067627
10489,2020-12-27,18 day ahead inc hosp,2021-01-14,06033,quantile,0.01,12.429986538980762
10490,2020-12-27,18 day ahead inc hosp,2021-01-14,06033,quantile,0.025,12.857266809300741
10491,2020-12-27,18 day ahead inc hosp,2021-01-14,06033,quantile,0.05,13.224751413917302
10492,2020-12-27,18 day ahead inc hosp,2021-01-14,06033,quantile,0.1,13.648437627896971
10493,2020-12-27,18 day ahead inc hosp,2021-01-14,06033,quantile,0.15,13.934296705014242
10494,2020-12-27,18 day ahead inc hosp,2021-01-14,06033,quantile,0.2,14.161488437589894
10495,2020-12-27,18 day ahead inc hosp,2021-01-14,06033,quantile,0.25,14.35639871460435
10496,2020-12-27,18 day ahead inc hosp,2021-01-14,06033,quantile,0.3,14.531434167318686
10497,2020-12-27,18 day ahead inc hosp,2021-01-14,06033,quantile,0.35,14.693630599755581
10498,2020-12-27,18 day ahead inc hosp,2021-01-14,06033,quantile,0.4,14.847539152914486
10499,2020-12-27,18 day ahead inc hosp,2021-01-14,06033,quantile,0.45,14.9964474592649
10500,2020-12-27,18 day ahead inc hosp,2021-01-14,06033,quantile,0.5,15.14299488067627
10501,2020-12-27,18 day ahead inc hosp,2021-01-14,06033,quantile,0.55,15.510729640153986
10502,2020-12-27,18 day ahead inc hosp,2021-01-14,06033,quantile,0.6,15.884388621612908
10503,2020-12-27,18 day ahead inc hosp,2021-01-14,06033,quantile,0.65,16.270594835494894
10504,2020-12-27,18 day ahead inc hosp,2021-01-14,06033,quantile,0.7,16.677598012322527
10505,2020-12-27,18 day ahead inc hosp,2021-01-14,06033,quantile,0.75,17.11681843315339
10506,2020-12-27,18 day ahead inc hosp,2021-01-14,06033,quantile,0.8,17.605911200172798
10507,2020-12-27,18 day ahead inc hosp,2021-01-14,06033,quantile,0.85,18.176008553844493
10508,2020-12-27,18 day ahead inc hosp,2021-01-14,06033,quantile,0.9,18.893321202240813
10509,2020-12-27,18 day ahead inc hosp,2021-01-14,06033,quantile,0.95,19.956486602841647
10510,2020-12-27,18 day ahead inc hosp,2021-01-14,06033,quantile,0.975,20.87862403377668
10511,2020-12-27,18 day ahead inc hosp,2021-01-14,06033,quantile,0.99,21.950808081250482
10512,2020-12-27,19 day ahead inc hosp,2021-01-15,06033,point,NA,15.308255195617676
10513,2020-12-27,19 day ahead inc hosp,2021-01-15,06033,quantile,0.01,12.917872775778575
10514,2020-12-27,19 day ahead inc hosp,2021-01-15,06033,quantile,0.025,13.29434166856446
10515,2020-12-27,19 day ahead inc hosp,2021-01-15,06033,quantile,0.05,13.618125685346351
10516,2020-12-27,19 day ahead inc hosp,2021-01-15,06033,quantile,0.1,13.991427920308244
10517,2020-12-27,19 day ahead inc hosp,2021-01-15,06033,quantile,0.15,14.243293165980695
10518,2020-12-27,19 day ahead inc hosp,2021-01-15,06033,quantile,0.2,14.443467678950393
10519,2020-12-27,19 day ahead inc hosp,2021-01-15,06033,quantile,0.25,14.615199587201788
10520,2020-12-27,19 day ahead inc hosp,2021-01-15,06033,quantile,0.3,14.769420148409296
10521,2020-12-27,19 day ahead inc hosp,2021-01-15,06033,quantile,0.35,14.912328481826167
10522,2020-12-27,19 day ahead inc hosp,2021-01-15,06033,quantile,0.4,15.047934515202384
10523,2020-12-27,19 day ahead inc hosp,2021-01-15,06033,quantile,0.45,15.179134921849712
10524,2020-12-27,19 day ahead inc hosp,2021-01-15,06033,quantile,0.5,15.308255195617676
10525,2020-12-27,19 day ahead inc hosp,2021-01-15,06033,quantile,0.55,15.660024630740528
10526,2020-12-27,19 day ahead inc hosp,2021-01-15,06033,quantile,0.6,16.017461085817736
10527,2020-12-27,19 day ahead inc hosp,2021-01-15,06033,quantile,0.65,16.386900031135696
10528,2020-12-27,19 day ahead inc hosp,2021-01-15,06033,quantile,0.7,16.776233032479396
10529,2020-12-27,19 day ahead inc hosp,2021-01-15,06033,quantile,0.75,17.196384555684688
10530,2020-12-27,19 day ahead inc hosp,2021-01-15,06033,quantile,0.8,17.6642432009252
10531,2020-12-27,19 day ahead inc hosp,2021-01-15,06033,quantile,0.85,18.20958959230509
10532,2020-12-27,19 day ahead inc hosp,2021-01-15,06033,quantile,0.9,18.895759878440742
10533,2020-12-27,19 day ahead inc hosp,2021-01-15,06033,quantile,0.95,19.912767606898836
10534,2020-12-27,19 day ahead inc hosp,2021-01-15,06033,quantile,0.975,20.794870140927337
10535,2020-12-27,19 day ahead inc hosp,2021-01-15,06033,quantile,0.99,21.82050496876701
10536,2020-12-27,20 day ahead inc hosp,2021-01-16,06033,point,NA,15.737142562866211
10537,2020-12-27,20 day ahead inc hosp,2021-01-16,06033,quantile,0.01,11.268146477887637
10538,2020-12-27,20 day ahead inc hosp,2021-01-16,06033,quantile,0.025,11.971982815543425
10539,2020-12-27,20 day ahead inc hosp,2021-01-16,06033,quantile,0.05,12.577320895077289
10540,2020-12-27,20 day ahead inc hosp,2021-01-16,06033,quantile,0.1,13.275236932575066
10541,2020-12-27,20 day ahead inc hosp,2021-01-16,06033,quantile,0.15,13.746117569710993
10542,2020-12-27,20 day ahead inc hosp,2021-01-16,06033,quantile,0.2,14.120358572886662
10543,2020-12-27,20 day ahead inc hosp,2021-01-16,06033,quantile,0.25,14.441424030560604
10544,2020-12-27,20 day ahead inc hosp,2021-01-16,06033,quantile,0.3,14.72975073449693
10545,2020-12-27,20 day ahead inc hosp,2021-01-16,06033,quantile,0.35,14.996928394962573
10546,2020-12-27,20 day ahead inc hosp,2021-01-16,06033,quantile,0.4,15.250453867384085
10547,2020-12-27,20 day ahead inc hosp,2021-01-16,06033,quantile,0.45,15.495742695978288
10548,2020-12-27,20 day ahead inc hosp,2021-01-16,06033,quantile,0.5,15.737142562866211
10549,2020-12-27,20 day ahead inc hosp,2021-01-16,06033,quantile,0.55,16.095000259421344
10550,2020-12-27,20 day ahead inc hosp,2021-01-16,06033,quantile,0.6,16.45862305807095
10551,2020-12-27,20 day ahead inc hosp,2021-01-16,06033,quantile,0.65,16.834456080468335
10552,2020-12-27,20 day ahead inc hosp,2021-01-16,06033,quantile,0.7,17.230527475941038
10553,2020-12-27,20 day ahead inc hosp,2021-01-16,06033,quantile,0.75,17.65795078588798
10554,2020-12-27,20 day ahead inc hosp,2021-01-16,06033,quantile,0.8,18.133906910503246
10555,2020-12-27,20 day ahead inc hosp,2021-01-16,06033,quantile,0.85,18.688691903052998
10556,2020-12-27,20 day ahead inc hosp,2021-01-16,06033,quantile,0.9,19.386738104694494
10557,2020-12-27,20 day ahead inc hosp,2021-01-16,06033,quantile,0.95,20.42134772891519
10558,2020-12-27,20 day ahead inc hosp,2021-01-16,06033,quantile,0.975,21.318717282477007
10559,2020-12-27,20 day ahead inc hosp,2021-01-16,06033,quantile,0.99,22.362103319894505
10560,2020-12-27,21 day ahead inc hosp,2021-01-17,06033,point,NA,17.107666015625
10561,2020-12-27,21 day ahead inc hosp,2021-01-17,06033,quantile,0.01,12.593993589093678
10562,2020-12-27,21 day ahead inc hosp,2021-01-17,06033,quantile,0.025,13.30486614517983
10563,2020-12-27,21 day ahead inc hosp,2021-01-17,06033,quantile,0.05,13.916255760736973
10564,2020-12-27,21 day ahead inc hosp,2021-01-17,06033,quantile,0.1,14.621148831705687
10565,2020-12-27,21 day ahead inc hosp,2021-01-17,06033,quantile,0.15,15.096736840200917
10566,2020-12-27,21 day ahead inc hosp,2021-01-17,06033,quantile,0.2,15.47471911290625
10567,2020-12-27,21 day ahead inc hosp,2021-01-17,06033,quantile,0.25,15.79899424670769
10568,2020-12-27,21 day ahead inc hosp,2021-01-17,06033,quantile,0.3,16.09020333900572
10569,2020-12-27,21 day ahead inc hosp,2021-01-17,06033,quantile,0.35,16.360051961850214
10570,2020-12-27,21 day ahead inc hosp,2021-01-17,06033,quantile,0.4,16.61611191637528
10571,2020-12-27,21 day ahead inc hosp,2021-01-17,06033,quantile,0.45,16.86385288573599
10572,2020-12-27,21 day ahead inc hosp,2021-01-17,06033,quantile,0.5,17.107666015625
10573,2020-12-27,21 day ahead inc hosp,2021-01-17,06033,quantile,0.55,17.464692921386646
10574,2020-12-27,21 day ahead inc hosp,2021-01-17,06033,quantile,0.6,17.827471545169175
10575,2020-12-27,21 day ahead inc hosp,2021-01-17,06033,quantile,0.65,18.202432045841018
10576,2020-12-27,21 day ahead inc hosp,2021-01-17,06033,quantile,0.7,18.59758393483925
10577,2020-12-27,21 day ahead inc hosp,2021-01-17,06033,quantile,0.75,19.024014952726404
10578,2020-12-27,21 day ahead inc hosp,2021-01-17,06033,quantile,0.8,19.498866113077266
10579,2020-12-27,21 day ahead inc hosp,2021-01-17,06033,quantile,0.85,20.05236313482574
10580,2020-12-27,21 day ahead inc hosp,2021-01-17,06033,quantile,0.9,20.748788775100703
10581,2020-12-27,21 day ahead inc hosp,2021-01-17,06033,quantile,0.95,21.780996483255514
10582,2020-12-27,21 day ahead inc hosp,2021-01-17,06033,quantile,0.975,22.67628273283747
10583,2020-12-27,21 day ahead inc hosp,2021-01-17,06033,quantile,0.99,23.71724647915355
10584,2020-12-27,22 day ahead inc hosp,2021-01-18,06033,point,NA,16.070058822631836
10585,2020-12-27,22 day ahead inc hosp,2021-01-18,06033,quantile,0.01,13.473666717124402
10586,2020-12-27,22 day ahead inc hosp,2021-01-18,06033,quantile,0.025,13.88258072732039
10587,2020-12-27,22 day ahead inc hosp,2021-01-18,06033,quantile,0.05,14.234269335002912
10588,2020-12-27,22 day ahead inc hosp,2021-01-18,06033,quantile,0.1,14.639743776154708
10589,2020-12-27,22 day ahead inc hosp,2021-01-18,06033,quantile,0.15,14.913315456605597
10590,2020-12-27,22 day ahead inc hosp,2021-01-18,06033,quantile,0.2,15.13074155582921
10591,2020-12-27,22 day ahead inc hosp,2021-01-18,06033,quantile,0.25,15.317273788976099
10592,2020-12-27,22 day ahead inc hosp,2021-01-18,06033,quantile,0.3,15.484785499363028
10593,2020-12-27,22 day ahead inc hosp,2021-01-18,06033,quantile,0.35,15.64001006327183
10594,2020-12-27,22 day ahead inc hosp,2021-01-18,06033,quantile,0.4,15.787302994978083
10595,2020-12-27,22 day ahead inc hosp,2021-01-18,06033,quantile,0.45,15.929810611011092
10596,2020-12-27,22 day ahead inc hosp,2021-01-18,06033,quantile,0.5,16.070058822631836
10597,2020-12-27,22 day ahead inc hosp,2021-01-18,06033,quantile,0.55,16.43401880189914
10598,2020-12-27,22 day ahead inc hosp,2021-01-18,06033,quantile,0.6,16.80384219128442
10599,2020-12-27,22 day ahead inc hosp,2021-01-18,06033,quantile,0.65,17.18608401633525
10600,2020-12-27,22 day ahead inc hosp,2021-01-18,06033,quantile,0.7,17.588909324473924
10601,2020-12-27,22 day ahead inc hosp,2021-01-18,06033,quantile,0.75,18.023621168103883
10602,2020-12-27,22 day ahead inc hosp,2021-01-18,06033,quantile,0.8,18.507693420607275
10603,2020-12-27,22 day ahead inc hosp,2021-01-18,06033,quantile,0.85,19.071938751446794
10604,2020-12-27,22 day ahead inc hosp,2021-01-18,06033,quantile,0.9,19.78188821885448
10605,2020-12-27,22 day ahead inc hosp,2021-01-18,06033,quantile,0.95,20.834140276043655
10606,2020-12-27,22 day ahead inc hosp,2021-01-18,06033,quantile,0.975,21.7468120091194
10607,2020-12-27,22 day ahead inc hosp,2021-01-18,06033,quantile,0.99,22.807990137190657
10608,2020-12-27,23 day ahead inc hosp,2021-01-19,06033,point,NA,16.687761306762695
10609,2020-12-27,23 day ahead inc hosp,2021-01-19,06033,quantile,0.01,14.203060193798267
10610,2020-12-27,23 day ahead inc hosp,2021-01-19,06033,quantile,0.025,14.594383636080167
10611,2020-12-27,23 day ahead inc hosp,2021-01-19,06033,quantile,0.05,14.93094338492245
10612,2020-12-27,23 day ahead inc hosp,2021-01-19,06033,quantile,0.1,15.318975220742411
10613,2020-12-27,23 day ahead inc hosp,2021-01-19,06033,quantile,0.15,15.580778458184863
10614,2020-12-27,23 day ahead inc hosp,2021-01-19,06033,quantile,0.2,15.788851371972607
10615,2020-12-27,23 day ahead inc hosp,2021-01-19,06033,quantile,0.25,15.967359404838941
10616,2020-12-27,23 day ahead inc hosp,2021-01-19,06033,quantile,0.3,16.1276651353756
10617,2020-12-27,23 day ahead inc hosp,2021-01-19,06033,quantile,0.35,16.276212285047446
10618,2020-12-27,23 day ahead inc hosp,2021-01-19,06033,quantile,0.4,16.417169003628594
10619,2020-12-27,23 day ahead inc hosp,2021-01-19,06033,quantile,0.45,16.553546260134663
10620,2020-12-27,23 day ahead inc hosp,2021-01-19,06033,quantile,0.5,16.687761306762695
10621,2020-12-27,23 day ahead inc hosp,2021-01-19,06033,quantile,0.55,16.985525745108834
10622,2020-12-27,23 day ahead inc hosp,2021-01-19,06033,quantile,0.6,17.288087180707496
10623,2020-12-27,23 day ahead inc hosp,2021-01-19,06033,quantile,0.65,17.600808438077042
10624,2020-12-27,23 day ahead inc hosp,2021-01-19,06033,quantile,0.7,17.93036953946789
10625,2020-12-27,23 day ahead inc hosp,2021-01-19,06033,quantile,0.75,18.286017784699332
10626,2020-12-27,23 day ahead inc hosp,2021-01-19,06033,quantile,0.8,18.6820489710836
10627,2020-12-27,23 day ahead inc hosp,2021-01-19,06033,quantile,0.85,19.143671686759898
10628,2020-12-27,23 day ahead inc hosp,2021-01-19,06033,quantile,0.9,19.724498471183725
10629,2020-12-27,23 day ahead inc hosp,2021-01-19,06033,quantile,0.95,20.585371261203836
10630,2020-12-27,23 day ahead inc hosp,2021-01-19,06033,quantile,0.975,21.33205002116197
10631,2020-12-27,23 day ahead inc hosp,2021-01-19,06033,quantile,0.99,22.20022544508208
10632,2020-12-27,24 day ahead inc hosp,2021-01-20,06033,point,NA,17.446123123168945
10633,2020-12-27,24 day ahead inc hosp,2021-01-20,06033,quantile,0.01,14.956032806389507
10634,2020-12-27,24 day ahead inc hosp,2021-01-20,06033,quantile,0.025,15.348205011436892
10635,2020-12-27,24 day ahead inc hosp,2021-01-20,06033,quantile,0.05,15.685494743081929
10636,2020-12-27,24 day ahead inc hosp,2021-01-20,06033,quantile,0.1,16.07436820232252
10637,2020-12-27,24 day ahead inc hosp,2021-01-20,06033,quantile,0.15,16.336739279091262
10638,2020-12-27,24 day ahead inc hosp,2021-01-20,06033,quantile,0.2,16.545263493574662
10639,2020-12-27,24 day ahead inc hosp,2021-01-20,06033,quantile,0.25,16.7241587022533
10640,2020-12-27,24 day ahead inc hosp,2021-01-20,06033,quantile,0.3,16.88481212863557
10641,2020-12-27,24 day ahead inc hosp,2021-01-20,06033,quantile,0.35,17.033681470325423
10642,2020-12-27,24 day ahead inc hosp,2021-01-20,06033,quantile,0.4,17.174943917624425
10643,2020-12-27,24 day ahead inc hosp,2021-01-20,06033,quantile,0.45,17.311616970203197
10644,2020-12-27,24 day ahead inc hosp,2021-01-20,06033,quantile,0.5,17.446123123168945
10645,2020-12-27,24 day ahead inc hosp,2021-01-20,06033,quantile,0.55,17.762653127208
10646,2020-12-27,24 day ahead inc hosp,2021-01-20,06033,quantile,0.6,18.084282442528654
10647,2020-12-27,24 day ahead inc hosp,2021-01-20,06033,quantile,0.65,18.416711866969234
10648,2020-12-27,24 day ahead inc hosp,2021-01-20,06033,quantile,0.7,18.76704240789534
10649,2020-12-27,24 day ahead inc hosp,2021-01-20,06033,quantile,0.75,19.145104143960445
10650,2020-12-27,24 day ahead inc hosp,2021-01-20,06033,quantile,0.8,19.566093815265933
10651,2020-12-27,24 day ahead inc hosp,2021-01-20,06033,quantile,0.85,20.056808693339057
10652,2020-12-27,24 day ahead inc hosp,2021-01-20,06033,quantile,0.9,20.674240061036325
10653,2020-12-27,24 day ahead inc hosp,2021-01-20,06033,quantile,0.95,21.5893663575668
10654,2020-12-27,24 day ahead inc hosp,2021-01-20,06033,quantile,0.975,22.383101943381387
10655,2020-12-27,24 day ahead inc hosp,2021-01-20,06033,quantile,0.99,23.305991096855767
10656,2020-12-27,25 day ahead inc hosp,2021-01-21,06033,point,NA,18.34238624572754
10657,2020-12-27,25 day ahead inc hosp,2021-01-21,06033,quantile,0.01,15.477210338503898
10658,2020-12-27,25 day ahead inc hosp,2021-01-21,06033,quantile,0.025,15.928455960324477
10659,2020-12-27,25 day ahead inc hosp,2021-01-21,06033,quantile,0.05,16.316552089348892
10660,2020-12-27,25 day ahead inc hosp,2021-01-21,06033,quantile,0.1,16.76400207092864
10661,2020-12-27,25 day ahead inc hosp,2021-01-21,06033,quantile,0.15,17.06589444922694
10662,2020-12-27,25 day ahead inc hosp,2021-01-21,06033,quantile,0.2,17.305828941315283
10663,2020-12-27,25 day ahead inc hosp,2021-01-21,06033,quantile,0.25,17.511671371354808
10664,2020-12-27,25 day ahead inc hosp,2021-01-21,06033,quantile,0.3,17.69652423535805
10665,2020-12-27,25 day ahead inc hosp,2021-01-21,06033,quantile,0.35,17.867817962440878
10666,2020-12-27,25 day ahead inc hosp,2021-01-21,06033,quantile,0.4,18.030358958592384
10667,2020-12-27,25 day ahead inc hosp,2021-01-21,06033,quantile,0.45,18.187619253440594
10668,2020-12-27,25 day ahead inc hosp,2021-01-21,06033,quantile,0.5,18.34238624572754
10669,2020-12-27,25 day ahead inc hosp,2021-01-21,06033,quantile,0.55,18.72634164867812
10670,2020-12-27,25 day ahead inc hosp,2021-01-21,06033,quantile,0.6,19.116482588838164
10671,2020-12-27,25 day ahead inc hosp,2021-01-21,06033,quantile,0.65,19.51972421517689
10672,2020-12-27,25 day ahead inc hosp,2021-01-21,06033,quantile,0.7,19.944680150762004
10673,2020-12-27,25 day ahead inc hosp,2021-01-21,06033,quantile,0.75,20.403274421001115
10674,2020-12-27,25 day ahead inc hosp,2021-01-21,06033,quantile,0.8,20.91394088807065
10675,2020-12-27,25 day ahead inc hosp,2021-01-21,06033,quantile,0.85,21.509185023982525
10676,2020-12-27,25 day ahead inc hosp,2021-01-21,06033,quantile,0.9,22.258138066517102
10677,2020-12-27,25 day ahead inc hosp,2021-01-21,06033,quantile,0.95,23.36819929752658
10678,2020-12-27,25 day ahead inc hosp,2021-01-21,06033,quantile,0.975,24.331011867579342
10679,2020-12-27,25 day ahead inc hosp,2021-01-21,06033,quantile,0.99,25.450489554621143
10680,2020-12-27,26 day ahead inc hosp,2021-01-22,06033,point,NA,18.12179183959961
10681,2020-12-27,26 day ahead inc hosp,2021-01-22,06033,quantile,0.01,15.722374537287948
10682,2020-12-27,26 day ahead inc hosp,2021-01-22,06033,quantile,0.025,16.100266362309554
10683,2020-12-27,26 day ahead inc hosp,2021-01-22,06033,quantile,0.05,16.425274179314307
10684,2020-12-27,26 day ahead inc hosp,2021-01-22,06033,quantile,0.1,16.79998737755623
10685,2020-12-27,26 day ahead inc hosp,2021-01-22,06033,quantile,0.15,17.052804593455157
10686,2020-12-27,26 day ahead inc hosp,2021-01-22,06033,quantile,0.2,17.253735702182784
10687,2020-12-27,26 day ahead inc hosp,2021-01-22,06033,quantile,0.25,17.426116702225922
10688,2020-12-27,26 day ahead inc hosp,2021-01-22,06033,quantile,0.3,17.580920167923438
10689,2020-12-27,26 day ahead inc hosp,2021-01-22,06033,quantile,0.35,17.724368649220438
10690,2020-12-27,26 day ahead inc hosp,2021-01-22,06033,quantile,0.4,17.86048723011372
10691,2020-12-27,26 day ahead inc hosp,2021-01-22,06033,quantile,0.45,17.99218353241547
10692,2020-12-27,26 day ahead inc hosp,2021-01-22,06033,quantile,0.5,18.12179183959961
10693,2020-12-27,26 day ahead inc hosp,2021-01-22,06033,quantile,0.55,18.475863011624423
10694,2020-12-27,26 day ahead inc hosp,2021-01-22,06033,quantile,0.6,18.835638284679003
10695,2020-12-27,26 day ahead inc hosp,2021-01-22,06033,quantile,0.65,19.20749458400375
10696,2020-12-27,26 day ahead inc hosp,2021-01-22,06033,quantile,0.7,19.59937511235482
10697,2020-12-27,26 day ahead inc hosp,2021-01-22,06033,quantile,0.75,20.022275817748266
10698,2020-12-27,26 day ahead inc hosp,2021-01-22,06033,quantile,0.8,20.493195807725208
10699,2020-12-27,26 day ahead inc hosp,2021-01-22,06033,quantile,0.85,21.042110570282517
10700,2020-12-27,26 day ahead inc hosp,2021-01-22,06033,quantile,0.9,21.732770682170298
10701,2020-12-27,26 day ahead inc hosp,2021-01-22,06033,quantile,0.95,22.75643300873852
10702,2020-12-27,26 day ahead inc hosp,2021-01-22,06033,quantile,0.975,23.644307414200867
10703,2020-12-27,26 day ahead inc hosp,2021-01-22,06033,quantile,0.99,24.6766532899471
10704,2020-12-27,27 day ahead inc hosp,2021-01-23,06033,point,NA,18.653764724731445
10705,2020-12-27,27 day ahead inc hosp,2021-01-23,06033,quantile,0.01,14.066610769025218
10706,2020-12-27,27 day ahead inc hosp,2021-01-23,06033,quantile,0.025,14.789056163707862
10707,2020-12-27,27 day ahead inc hosp,2021-01-23,06033,quantile,0.05,15.410399058906815
10708,2020-12-27,27 day ahead inc hosp,2021-01-23,06033,quantile,0.1,16.1267676238558
10709,2020-12-27,27 day ahead inc hosp,2021-01-23,06033,quantile,0.15,16.610098093659488
10710,2020-12-27,27 day ahead inc hosp,2021-01-23,06033,quantile,0.2,16.99423382917177
10711,2020-12-27,27 day ahead inc hosp,2021-01-23,06033,quantile,0.25,17.32378808614685
10712,2020-12-27,27 day ahead inc hosp,2021-01-23,06033,quantile,0.3,17.61973799421297
10713,2020-12-27,27 day ahead inc hosp,2021-01-23,06033,quantile,0.35,17.893979689389386
10714,2020-12-27,27 day ahead inc hosp,2021-01-23,06033,quantile,0.4,18.154208239957967
10715,2020-12-27,27 day ahead inc hosp,2021-01-23,06033,quantile,0.45,18.40598237423355
10716,2020-12-27,27 day ahead inc hosp,2021-01-23,06033,quantile,0.5,18.653764724731445
10717,2020-12-27,27 day ahead inc hosp,2021-01-23,06033,quantile,0.55,19.021592659808434
10718,2020-12-27,27 day ahead inc hosp,2021-01-23,06033,quantile,0.6,19.39534631792933
10719,2020-12-27,27 day ahead inc hosp,2021-01-23,06033,quantile,0.65,19.78165038765576
10720,2020-12-27,27 day ahead inc hosp,2021-01-23,06033,quantile,0.7,20.188756689803824
10721,2020-12-27,27 day ahead inc hosp,2021-01-23,06033,quantile,0.75,20.62808839906981
10722,2020-12-27,27 day ahead inc hosp,2021-01-23,06033,quantile,0.8,21.117305091039174
10723,2020-12-27,27 day ahead inc hosp,2021-01-23,06033,quantile,0.85,21.687546894375203
10724,2020-12-27,27 day ahead inc hosp,2021-01-23,06033,quantile,0.9,22.405041293433257
10725,2020-12-27,27 day ahead inc hosp,2021-01-23,06033,quantile,0.95,23.468476075893626
10726,2020-12-27,27 day ahead inc hosp,2021-01-23,06033,quantile,0.975,24.390847155417823
10727,2020-12-27,27 day ahead inc hosp,2021-01-23,06033,quantile,0.99,25.46330286987054
10728,2020-12-27,28 day ahead inc hosp,2021-01-24,06033,point,NA,18.968379974365234
10729,2020-12-27,28 day ahead inc hosp,2021-01-24,06033,quantile,0.01,14.435194875079937
10730,2020-12-27,28 day ahead inc hosp,2021-01-24,06033,quantile,0.025,15.14914054375511
10731,2020-12-27,28 day ahead inc hosp,2021-01-24,06033,quantile,0.05,15.763173205675878
10732,2020-12-27,28 day ahead inc hosp,2021-01-24,06033,quantile,0.1,16.47111353983089
10733,2020-12-27,28 day ahead inc hosp,2021-01-24,06033,quantile,0.15,16.948757522330993
10734,2020-12-27,28 day ahead inc hosp,2021-01-24,06033,quantile,0.2,17.3283738179997
10735,2020-12-27,28 day ahead inc hosp,2021-01-24,06033,quantile,0.25,17.654050798007553
10736,2020-12-27,28 day ahead inc hosp,2021-01-24,06033,quantile,0.3,17.946518791524817
10737,2020-12-27,28 day ahead inc hosp,2021-01-24,06033,quantile,0.35,18.217533973962723
10738,2020-12-27,28 day ahead inc hosp,2021-01-24,06033,quantile,0.4,18.474700879463825
10739,2020-12-27,28 day ahead inc hosp,2021-01-24,06033,quantile,0.45,18.723512836704487
10740,2020-12-27,28 day ahead inc hosp,2021-01-24,06033,quantile,0.5,18.968379974365234
10741,2020-12-27,28 day ahead inc hosp,2021-01-24,06033,quantile,0.55,19.315971038120836
10742,2020-12-27,28 day ahead inc hosp,2021-01-24,06033,quantile,0.6,19.669161808097563
10743,2020-12-27,28 day ahead inc hosp,2021-01-24,06033,quantile,0.65,20.034212500892888
10744,2020-12-27,28 day ahead inc hosp,2021-01-24,06033,quantile,0.7,20.418920945061593
10745,2020-12-27,28 day ahead inc hosp,2021-01-24,06033,quantile,0.75,20.834081843956806
10746,2020-12-27,28 day ahead inc hosp,2021-01-24,06033,quantile,0.8,21.296383192365912
10747,2020-12-27,28 day ahead inc hosp,2021-01-24,06033,quantile,0.85,21.835251875566925
10748,2020-12-27,28 day ahead inc hosp,2021-01-24,06033,quantile,0.9,22.513271725677214
10749,2020-12-27,28 day ahead inc hosp,2021-01-24,06033,quantile,0.95,23.518199280167444
10750,2020-12-27,28 day ahead inc hosp,2021-01-24,06033,quantile,0.975,24.38982406484323
10751,2020-12-27,28 day ahead inc hosp,2021-01-24,06033,quantile,0.99,25.403276244703825
10752,2020-12-27,1 day ahead inc hosp,2020-12-28,06035,point,NA,6.1920599937438965
10753,2020-12-27,1 day ahead inc hosp,2020-12-28,06035,quantile,0.01,4.381944211052721
10754,2020-12-27,1 day ahead inc hosp,2020-12-28,06035,quantile,0.025,4.667025074628462
10755,2020-12-27,1 day ahead inc hosp,2020-12-28,06035,quantile,0.05,4.912210344606937
10756,2020-12-27,1 day ahead inc hosp,2020-12-28,06035,quantile,0.1,5.194893258273903
10757,2020-12-27,1 day ahead inc hosp,2020-12-28,06035,quantile,0.15,5.385618078084861
10758,2020-12-27,1 day ahead inc hosp,2020-12-28,06035,quantile,0.2,5.5372001187707856
10759,2020-12-27,1 day ahead inc hosp,2020-12-28,06035,quantile,0.25,5.667244012558478
10760,2020-12-27,1 day ahead inc hosp,2020-12-28,06035,quantile,0.3,5.784027448355328
10761,2020-12-27,1 day ahead inc hosp,2020-12-28,06035,quantile,0.35,5.892244705832224
10762,2020-12-27,1 day ahead inc hosp,2020-12-28,06035,quantile,0.4,5.994932300589116
10763,2020-12-27,1 day ahead inc hosp,2020-12-28,06035,quantile,0.45,6.094283736910261
10764,2020-12-27,1 day ahead inc hosp,2020-12-28,06035,quantile,0.5,6.1920599937438965
10765,2020-12-27,1 day ahead inc hosp,2020-12-28,06035,quantile,0.55,6.455447938879478
10766,2020-12-27,1 day ahead inc hosp,2020-12-28,06035,quantile,0.6,6.723079074559169
10767,2020-12-27,1 day ahead inc hosp,2020-12-28,06035,quantile,0.65,6.999697094616455
10768,2020-12-27,1 day ahead inc hosp,2020-12-28,06035,quantile,0.7,7.291210821957696
10769,2020-12-27,1 day ahead inc hosp,2020-12-28,06035,quantile,0.75,7.605799968408064
10770,2020-12-27,1 day ahead inc hosp,2020-12-28,06035,quantile,0.8,7.956109901221808
10771,2020-12-27,1 day ahead inc hosp,2020-12-28,06035,quantile,0.85,8.364438911849152
10772,2020-12-27,1 day ahead inc hosp,2020-12-28,06035,quantile,0.9,8.878210046101465
10773,2020-12-27,1 day ahead inc hosp,2020-12-28,06035,quantile,0.95,9.63969626133228
10774,2020-12-27,1 day ahead inc hosp,2020-12-28,06035,quantile,0.975,10.300171989576022
10775,2020-12-27,1 day ahead inc hosp,2020-12-28,06035,quantile,0.99,11.068117759707624
10776,2020-12-27,2 day ahead inc hosp,2020-12-29,06035,point,NA,6.398819446563721
10777,2020-12-27,2 day ahead inc hosp,2020-12-29,06035,quantile,0.01,4.390109991882962
10778,2020-12-27,2 day ahead inc hosp,2020-12-29,06035,quantile,0.025,4.706468001403089
10779,2020-12-27,2 day ahead inc hosp,2020-12-29,06035,quantile,0.05,4.978553342387181
10780,2020-12-27,2 day ahead inc hosp,2020-12-29,06035,quantile,0.1,5.292250315138464
10781,2020-12-27,2 day ahead inc hosp,2020-12-29,06035,quantile,0.15,5.503900173374035
10782,2020-12-27,2 day ahead inc hosp,2020-12-29,06035,quantile,0.2,5.672112771262623
10783,2020-12-27,2 day ahead inc hosp,2020-12-29,06035,quantile,0.25,5.816424202317311
10784,2020-12-27,2 day ahead inc hosp,2020-12-29,06035,quantile,0.3,5.946020327536699
10785,2020-12-27,2 day ahead inc hosp,2020-12-29,06035,quantile,0.35,6.066110451236011
10786,2020-12-27,2 day ahead inc hosp,2020-12-29,06035,quantile,0.4,6.180064234987858
10787,2020-12-27,2 day ahead inc hosp,2020-12-29,06035,quantile,0.45,6.290315839544165
10788,2020-12-27,2 day ahead inc hosp,2020-12-29,06035,quantile,0.5,6.398819446563721
10789,2020-12-27,2 day ahead inc hosp,2020-12-29,06035,quantile,0.55,6.621771203916238
10790,2020-12-27,2 day ahead inc hosp,2020-12-29,06035,quantile,0.6,6.848314723177616
10791,2020-12-27,2 day ahead inc hosp,2020-12-29,06035,quantile,0.65,7.082465430627038
10792,2020-12-27,2 day ahead inc hosp,2020-12-29,06035,quantile,0.7,7.329225007150772
10793,2020-12-27,2 day ahead inc hosp,2020-12-29,06035,quantile,0.75,7.595517388182234
10794,2020-12-27,2 day ahead inc hosp,2020-12-29,06035,quantile,0.8,7.892046582404326
10795,2020-12-27,2 day ahead inc hosp,2020-12-29,06035,quantile,0.85,8.237687573872325
10796,2020-12-27,2 day ahead inc hosp,2020-12-29,06035,quantile,0.9,8.67258286568071
10797,2020-12-27,2 day ahead inc hosp,2020-12-29,06035,quantile,0.95,9.31716320058569
10798,2020-12-27,2 day ahead inc hosp,2020-12-29,06035,quantile,0.975,9.876240512285836
10799,2020-12-27,2 day ahead inc hosp,2020-12-29,06035,quantile,0.99,10.526288709875665
10800,2020-12-27,3 day ahead inc hosp,2020-12-30,06035,point,NA,6.550027370452881
10801,2020-12-27,3 day ahead inc hosp,2020-12-30,06035,quantile,0.01,4.595891473418732
10802,2020-12-27,3 day ahead inc hosp,2020-12-30,06035,quantile,0.025,4.903654520621496
10803,2020-12-27,3 day ahead inc hosp,2020-12-30,06035,quantile,0.05,5.168347719846911
10804,2020-12-27,3 day ahead inc hosp,2020-12-30,06035,quantile,0.1,5.473522026571946
10805,2020-12-27,3 day ahead inc hosp,2020-12-30,06035,quantile,0.15,5.679421682501056
10806,2020-12-27,3 day ahead inc hosp,2020-12-30,06035,quantile,0.2,5.843064201881592
10807,2020-12-27,3 day ahead inc hosp,2020-12-30,06035,quantile,0.25,5.983454912503877
10808,2020-12-27,3 day ahead inc hosp,2020-12-30,06035,quantile,0.3,6.109530109600008
10809,2020-12-27,3 day ahead inc hosp,2020-12-30,06035,quantile,0.35,6.226357568669938
10810,2020-12-27,3 day ahead inc hosp,2020-12-30,06035,quantile,0.4,6.337215402745171
10811,2020-12-27,3 day ahead inc hosp,2020-12-30,06035,quantile,0.45,6.44447164016022
10812,2020-12-27,3 day ahead inc hosp,2020-12-30,06035,quantile,0.5,6.550027370452881
10813,2020-12-27,3 day ahead inc hosp,2020-12-30,06035,quantile,0.55,6.7933611852856455
10814,2020-12-27,3 day ahead inc hosp,2020-12-30,06035,quantile,0.6,7.040615117804999
10815,2020-12-27,3 day ahead inc hosp,2020-12-30,06035,quantile,0.65,7.296171681099409
10816,2020-12-27,3 day ahead inc hosp,2020-12-30,06035,quantile,0.7,7.565489805410481
10817,2020-12-27,3 day ahead inc hosp,2020-12-30,06035,quantile,0.75,7.856126406380759
10818,2020-12-27,3 day ahead inc hosp,2020-12-30,06035,quantile,0.8,8.179764043940436
10819,2020-12-27,3 day ahead inc hosp,2020-12-30,06035,quantile,0.85,8.557003236917524
10820,2020-12-27,3 day ahead inc hosp,2020-12-30,06035,quantile,0.9,9.031656281437908
10821,2020-12-27,3 day ahead inc hosp,2020-12-30,06035,quantile,0.95,9.73516359495332
10822,2020-12-27,3 day ahead inc hosp,2020-12-30,06035,quantile,0.975,10.345351272583246
10823,2020-12-27,3 day ahead inc hosp,2020-12-30,06035,quantile,0.99,11.054826316077039
10824,2020-12-27,4 day ahead inc hosp,2020-12-31,06035,point,NA,6.953744888305664
10825,2020-12-27,4 day ahead inc hosp,2020-12-31,06035,quantile,0.01,4.7405033210500935
10826,2020-12-27,4 day ahead inc hosp,2020-12-31,06035,quantile,0.025,5.089073740317351
10827,2020-12-27,4 day ahead inc hosp,2020-12-31,06035,quantile,0.05,5.388863530773933
10828,2020-12-27,4 day ahead inc hosp,2020-12-31,06035,quantile,0.1,5.734501959466309
10829,2020-12-27,4 day ahead inc hosp,2020-12-31,06035,quantile,0.15,5.9677025663829335
10830,2020-12-27,4 day ahead inc hosp,2020-12-31,06035,quantile,0.2,6.153043016150588
10831,2020-12-27,4 day ahead inc hosp,2020-12-31,06035,quantile,0.25,6.312048619024663
10832,2020-12-27,4 day ahead inc hosp,2020-12-31,06035,quantile,0.3,6.454840564680334
10833,2020-12-27,4 day ahead inc hosp,2020-12-31,06035,quantile,0.35,6.587158582584235
10834,2020-12-27,4 day ahead inc hosp,2020-12-31,06035,quantile,0.4,6.712715442167854
10835,2020-12-27,4 day ahead inc hosp,2020-12-31,06035,quantile,0.45,6.834193156872703
10836,2020-12-27,4 day ahead inc hosp,2020-12-31,06035,quantile,0.5,6.953744888305664
10837,2020-12-27,4 day ahead inc hosp,2020-12-31,06035,quantile,0.55,7.253562934835708
10838,2020-12-27,4 day ahead inc hosp,2020-12-31,06035,quantile,0.6,7.558211062329917
10839,2020-12-27,4 day ahead inc hosp,2020-12-31,06035,quantile,0.65,7.873089081389949
10840,2020-12-27,4 day ahead inc hosp,2020-12-31,06035,quantile,0.7,8.204923084738706
10841,2020-12-27,4 day ahead inc hosp,2020-12-31,06035,quantile,0.75,8.563024148550689
10842,2020-12-27,4 day ahead inc hosp,2020-12-31,06035,quantile,0.8,8.961786664740345
10843,2020-12-27,4 day ahead inc hosp,2020-12-31,06035,quantile,0.85,9.426593078886661
10844,2020-12-27,4 day ahead inc hosp,2020-12-31,06035,quantile,0.9,10.011425682959565
10845,2020-12-27,4 day ahead inc hosp,2020-12-31,06035,quantile,0.95,10.878235701134606
10846,2020-12-27,4 day ahead inc hosp,2020-12-31,06035,quantile,0.975,11.630064121074682
10847,2020-12-27,4 day ahead inc hosp,2020-12-31,06035,quantile,0.99,12.504227137621802
10848,2020-12-27,5 day ahead inc hosp,2021-01-01,06035,point,NA,6.767882823944092
10849,2020-12-27,5 day ahead inc hosp,2021-01-01,06035,quantile,0.01,4.8007969471874254
10850,2020-12-27,5 day ahead inc hosp,2021-01-01,06035,quantile,0.025,5.110599527682968
10851,2020-12-27,5 day ahead inc hosp,2021-01-01,06035,quantile,0.05,5.377046838056876
10852,2020-12-27,5 day ahead inc hosp,2021-01-01,06035,quantile,0.1,5.684243522596025
10853,2020-12-27,5 day ahead inc hosp,2021-01-01,06035,quantile,0.15,5.8915076672350555
10854,2020-12-27,5 day ahead inc hosp,2021-01-01,06035,quantile,0.2,6.056234638987065
10855,2020-12-27,5 day ahead inc hosp,2021-01-01,06035,quantile,0.25,6.197555713182603
10856,2020-12-27,5 day ahead inc hosp,2021-01-01,06035,quantile,0.3,6.324466405521611
10857,2020-12-27,5 day ahead inc hosp,2021-01-01,06035,quantile,0.35,6.442068075447749
10858,2020-12-27,5 day ahead inc hosp,2021-01-01,06035,quantile,0.4,6.553660559915278
10859,2020-12-27,5 day ahead inc hosp,2021-01-01,06035,quantile,0.45,6.661627580086914
10860,2020-12-27,5 day ahead inc hosp,2021-01-01,06035,quantile,0.5,6.767882823944092
10861,2020-12-27,5 day ahead inc hosp,2021-01-01,06035,quantile,0.55,7.057668944312766
10862,2020-12-27,5 day ahead inc hosp,2021-01-01,06035,quantile,0.6,7.352123530905775
10863,2020-12-27,5 day ahead inc hosp,2021-01-01,06035,quantile,0.65,7.65646571640406
10864,2020-12-27,5 day ahead inc hosp,2021-01-01,06035,quantile,0.7,7.977196538146659
10865,2020-12-27,5 day ahead inc hosp,2021-01-01,06035,quantile,0.75,8.323315523254415
10866,2020-12-27,5 day ahead inc hosp,2021-01-01,06035,quantile,0.8,8.7087354266006
10867,2020-12-27,5 day ahead inc hosp,2021-01-01,06035,quantile,0.85,9.157989395922417
10868,2020-12-27,5 day ahead inc hosp,2021-01-01,06035,quantile,0.9,9.723253473121362
10869,2020-12-27,5 day ahead inc hosp,2021-01-01,06035,quantile,0.95,10.561059986674486
10870,2020-12-27,5 day ahead inc hosp,2021-01-01,06035,quantile,0.975,11.28773219176309
10871,2020-12-27,5 day ahead inc hosp,2021-01-01,06035,quantile,0.99,12.132645672011458
10872,2020-12-27,6 day ahead inc hosp,2021-01-02,06035,point,NA,7.110159397125244
10873,2020-12-27,6 day ahead inc hosp,2021-01-02,06035,quantile,0.01,3.2852631591195265
10874,2020-12-27,6 day ahead inc hosp,2021-01-02,06035,quantile,0.025,3.887658173319736
10875,2020-12-27,6 day ahead inc hosp,2021-01-02,06035,quantile,0.05,4.405751118380301
10876,2020-12-27,6 day ahead inc hosp,2021-01-02,06035,quantile,0.1,5.003079103348069
10877,2020-12-27,6 day ahead inc hosp,2021-01-02,06035,quantile,0.15,5.406093458984852
10878,2020-12-27,6 day ahead inc hosp,2021-01-02,06035,quantile,0.2,5.726396493029905
10879,2020-12-27,6 day ahead inc hosp,2021-01-02,06035,quantile,0.25,6.0011879759176185
10880,2020-12-27,6 day ahead inc hosp,2021-01-02,06035,quantile,0.3,6.247959220338597
10881,2020-12-27,6 day ahead inc hosp,2021-01-02,06035,quantile,0.35,6.476629554561793
10882,2020-12-27,6 day ahead inc hosp,2021-01-02,06035,quantile,0.4,6.693615340018867
10883,2020-12-27,6 day ahead inc hosp,2021-01-02,06035,quantile,0.45,6.903551598604624
10884,2020-12-27,6 day ahead inc hosp,2021-01-02,06035,quantile,0.5,7.110159397125244
10885,2020-12-27,6 day ahead inc hosp,2021-01-02,06035,quantile,0.55,7.404622123657263
10886,2020-12-27,6 day ahead inc hosp,2021-01-02,06035,quantile,0.6,7.703828656729746
10887,2020-12-27,6 day ahead inc hosp,2021-01-02,06035,quantile,0.65,8.013082356066777
10888,2020-12-27,6 day ahead inc hosp,2021-01-02,06035,quantile,0.7,8.338989173594914
10889,2020-12-27,6 day ahead inc hosp,2021-01-02,06035,quantile,0.75,8.690693871976125
10890,2020-12-27,6 day ahead inc hosp,2021-01-02,06035,quantile,0.8,9.082333731934348
10891,2020-12-27,6 day ahead inc hosp,2021-01-02,06035,quantile,0.85,9.538837820341111
10892,2020-12-27,6 day ahead inc hosp,2021-01-02,06035,quantile,0.9,10.113224202859522
10893,2020-12-27,6 day ahead inc hosp,2021-01-02,06035,quantile,0.95,10.964551347076352
10894,2020-12-27,6 day ahead inc hosp,2021-01-02,06035,quantile,0.975,11.702950682880278
10895,2020-12-27,6 day ahead inc hosp,2021-01-02,06035,quantile,0.99,12.561499486946762
10896,2020-12-27,7 day ahead inc hosp,2021-01-03,06035,point,NA,6.9169840812683105
10897,2020-12-27,7 day ahead inc hosp,2021-01-03,06035,quantile,0.01,3.1761126107763613
10898,2020-12-27,7 day ahead inc hosp,2021-01-03,06035,quantile,0.025,3.7652742984050724
10899,2020-12-27,7 day ahead inc hosp,2021-01-03,06035,quantile,0.05,4.27198585255974
10900,2020-12-27,7 day ahead inc hosp,2021-01-03,06035,quantile,0.1,4.856191822721546
10901,2020-12-27,7 day ahead inc hosp,2021-01-03,06035,quantile,0.15,5.25035281726565
10902,2020-12-27,7 day ahead inc hosp,2021-01-03,06035,quantile,0.2,5.5636194805715
10903,2020-12-27,7 day ahead inc hosp,2021-01-03,06035,quantile,0.25,5.832374383895308
10904,2020-12-27,7 day ahead inc hosp,2021-01-03,06035,quantile,0.3,6.0737245932995645
10905,2020-12-27,7 day ahead inc hosp,2021-01-03,06035,quantile,0.35,6.297371530684049
10906,2020-12-27,7 day ahead inc hosp,2021-01-03,06035,quantile,0.4,6.509590603780233
10907,2020-12-27,7 day ahead inc hosp,2021-01-03,06035,quantile,0.45,6.714915012992115
10908,2020-12-27,7 day ahead inc hosp,2021-01-03,06035,quantile,0.5,6.9169840812683105
10909,2020-12-27,7 day ahead inc hosp,2021-01-03,06035,quantile,0.55,7.209017441299371
10910,2020-12-27,7 day ahead inc hosp,2021-01-03,06035,quantile,0.6,7.50575547067743
10911,2020-12-27,7 day ahead inc hosp,2021-01-03,06035,quantile,0.65,7.812457775526217
10912,2020-12-27,7 day ahead inc hosp,2021-01-03,06035,quantile,0.7,8.135675807569477
10913,2020-12-27,7 day ahead inc hosp,2021-01-03,06035,quantile,0.75,8.48447888365526
10914,2020-12-27,7 day ahead inc hosp,2021-01-03,06035,quantile,0.8,8.872887649588689
10915,2020-12-27,7 day ahead inc hosp,2021-01-03,06035,quantile,0.85,9.325625503290684
10916,2020-12-27,7 day ahead inc hosp,2021-01-03,06035,quantile,0.9,9.895273102558896
10917,2020-12-27,7 day ahead inc hosp,2021-01-03,06035,quantile,0.95,10.739576656150607
10918,2020-12-27,7 day ahead inc hosp,2021-01-03,06035,quantile,0.975,11.471884074543256
10919,2020-12-27,7 day ahead inc hosp,2021-01-03,06035,quantile,0.99,12.32334970808897
10920,2020-12-27,8 day ahead inc hosp,2021-01-04,06035,point,NA,6.165791988372803
10921,2020-12-27,8 day ahead inc hosp,2021-01-04,06035,quantile,0.01,4.258627274736161
10922,2020-12-27,8 day ahead inc hosp,2021-01-04,06035,quantile,0.025,4.5589926816033275
10923,2020-12-27,8 day ahead inc hosp,2021-01-04,06035,quantile,0.05,4.8173235020280885
10924,2020-12-27,8 day ahead inc hosp,2021-01-04,06035,quantile,0.1,5.1151623934674495
10925,2020-12-27,8 day ahead inc hosp,2021-01-04,06035,quantile,0.15,5.316112879528277
10926,2020-12-27,8 day ahead inc hosp,2021-01-04,06035,quantile,0.2,5.47582195558938
10927,2020-12-27,8 day ahead inc hosp,2021-01-04,06035,quantile,0.25,5.6128381220840255
10928,2020-12-27,8 day ahead inc hosp,2021-01-04,06035,quantile,0.3,5.7358828742588654
10929,2020-12-27,8 day ahead inc hosp,2021-01-04,06035,quantile,0.35,5.8499021744826445
10930,2020-12-27,8 day ahead inc hosp,2021-01-04,06035,quantile,0.4,5.958095340423332
10931,2020-12-27,8 day ahead inc hosp,2021-01-04,06035,quantile,0.45,6.062773480580256
10932,2020-12-27,8 day ahead inc hosp,2021-01-04,06035,quantile,0.5,6.165791988372803
10933,2020-12-27,8 day ahead inc hosp,2021-01-04,06035,quantile,0.55,6.412543819738777
10934,2020-12-27,8 day ahead inc hosp,2021-01-04,06035,quantile,0.6,6.663270833177168
10935,2020-12-27,8 day ahead inc hosp,2021-01-04,06035,quantile,0.65,6.9224171012526865
10936,2020-12-27,8 day ahead inc hosp,2021-01-04,06035,quantile,0.7,7.1955182337010415
10937,2020-12-27,8 day ahead inc hosp,2021-01-04,06035,quantile,0.75,7.490237295253113
10938,2020-12-27,8 day ahead inc hosp,2021-01-04,06035,quantile,0.8,7.8184209462664
10939,2020-12-27,8 day ahead inc hosp,2021-01-04,06035,quantile,0.85,8.20095907313583
10940,2020-12-27,8 day ahead inc hosp,2021-01-04,06035,quantile,0.9,8.682279386464803
10941,2020-12-27,8 day ahead inc hosp,2021-01-04,06035,quantile,0.95,9.395668596709125
10942,2020-12-27,8 day ahead inc hosp,2021-01-04,06035,quantile,0.975,10.014427346024807
10943,2020-12-27,8 day ahead inc hosp,2021-01-04,06035,quantile,0.99,10.73386811265588
10944,2020-12-27,9 day ahead inc hosp,2021-01-05,06035,point,NA,6.335491180419922
10945,2020-12-27,9 day ahead inc hosp,2021-01-05,06035,quantile,0.01,4.318591150939881
10946,2020-12-27,9 day ahead inc hosp,2021-01-05,06035,quantile,0.025,4.636239120008059
10947,2020-12-27,9 day ahead inc hosp,2021-01-05,06035,quantile,0.05,4.9094338973677925
10948,2020-12-27,9 day ahead inc hosp,2021-01-05,06035,quantile,0.1,5.224409979207571
10949,2020-12-27,9 day ahead inc hosp,2021-01-05,06035,quantile,0.15,5.436922846272565
10950,2020-12-27,9 day ahead inc hosp,2021-01-05,06035,quantile,0.2,5.605821336220843
10951,2020-12-27,9 day ahead inc hosp,2021-01-05,06035,quantile,0.25,5.750721201589757
10952,2020-12-27,9 day ahead inc hosp,2021-01-05,06035,quantile,0.3,5.880845759009647
10953,2020-12-27,9 day ahead inc hosp,2021-01-05,06035,quantile,0.35,6.001425553894865
10954,2020-12-27,9 day ahead inc hosp,2021-01-05,06035,quantile,0.4,6.115843987717088
10955,2020-12-27,9 day ahead inc hosp,2021-01-05,06035,quantile,0.45,6.226545146593835
10956,2020-12-27,9 day ahead inc hosp,2021-01-05,06035,quantile,0.5,6.335491180419922
10957,2020-12-27,9 day ahead inc hosp,2021-01-05,06035,quantile,0.55,6.555420962476125
10958,2020-12-27,9 day ahead inc hosp,2021-01-05,06035,quantile,0.6,6.778893822295848
10959,2020-12-27,9 day ahead inc hosp,2021-01-05,06035,quantile,0.65,7.009870759500403
10960,2020-12-27,9 day ahead inc hosp,2021-01-05,06035,quantile,0.7,7.253285660237595
10961,2020-12-27,9 day ahead inc hosp,2021-01-05,06035,quantile,0.75,7.515968610212628
10962,2020-12-27,9 day ahead inc hosp,2021-01-05,06035,quantile,0.8,7.8084785317893015
10963,2020-12-27,9 day ahead inc hosp,2021-01-05,06035,quantile,0.85,8.149434570108632
10964,2020-12-27,9 day ahead inc hosp,2021-01-05,06035,quantile,0.9,8.578435121081895
10965,2020-12-27,9 day ahead inc hosp,2021-01-05,06035,quantile,0.95,9.214278562087928
10966,2020-12-27,9 day ahead inc hosp,2021-01-05,06035,quantile,0.975,9.765777921298488
10967,2020-12-27,9 day ahead inc hosp,2021-01-05,06035,quantile,0.99,10.40701511144053
10968,2020-12-27,10 day ahead inc hosp,2021-01-06,06035,point,NA,6.255983352661133
10969,2020-12-27,10 day ahead inc hosp,2021-01-06,06035,quantile,0.01,4.263761400672289
10970,2020-12-27,10 day ahead inc hosp,2021-01-06,06035,quantile,0.025,4.577522741211037
10971,2020-12-27,10 day ahead inc hosp,2021-01-06,06035,quantile,0.05,4.847374803618452
10972,2020-12-27,10 day ahead inc hosp,2021-01-06,06035,quantile,0.1,5.158496949198672
10973,2020-12-27,10 day ahead inc hosp,2021-01-06,06035,quantile,0.15,5.368409583765947
10974,2020-12-27,10 day ahead inc hosp,2021-01-06,06035,quantile,0.2,5.535241491354085
10975,2020-12-27,10 day ahead inc hosp,2021-01-06,06035,quantile,0.25,5.678368413069981
10976,2020-12-27,10 day ahead inc hosp,2021-01-06,06035,quantile,0.3,5.806900812294334
10977,2020-12-27,10 day ahead inc hosp,2021-01-06,06035,quantile,0.35,5.926005235332383
10978,2020-12-27,10 day ahead inc hosp,2021-01-06,06035,quantile,0.4,6.039023685548568
10979,2020-12-27,10 day ahead inc hosp,2021-01-06,06035,quantile,0.45,6.148370344084597
10980,2020-12-27,10 day ahead inc hosp,2021-01-06,06035,quantile,0.5,6.255983352661133
10981,2020-12-27,10 day ahead inc hosp,2021-01-06,06035,quantile,0.55,6.499885149169446
10982,2020-12-27,10 day ahead inc hosp,2021-01-06,06035,quantile,0.6,6.747716213572318
10983,2020-12-27,10 day ahead inc hosp,2021-01-06,06035,quantile,0.65,7.003869288474114
10984,2020-12-27,10 day ahead inc hosp,2021-01-06,06035,quantile,0.7,7.273816046169358
10985,2020-12-27,10 day ahead inc hosp,2021-01-06,06035,quantile,0.75,7.565131041401067
10986,2020-12-27,10 day ahead inc hosp,2021-01-06,06035,quantile,0.8,7.889524103141218
10987,2020-12-27,10 day ahead inc hosp,2021-01-06,06035,quantile,0.85,8.267643835261856
10988,2020-12-27,10 day ahead inc hosp,2021-01-06,06035,quantile,0.9,8.743404799089369
10989,2020-12-27,10 day ahead inc hosp,2021-01-06,06035,quantile,0.95,9.448554215914449
10990,2020-12-27,10 day ahead inc hosp,2021-01-06,06035,quantile,0.975,10.06016617327211
10991,2020-12-27,10 day ahead inc hosp,2021-01-06,06035,quantile,0.99,10.771297249751868
10992,2020-12-27,11 day ahead inc hosp,2021-01-07,06035,point,NA,6.290005683898926
10993,2020-12-27,11 day ahead inc hosp,2021-01-07,06035,quantile,0.01,3.9869792267686694
10994,2020-12-27,11 day ahead inc hosp,2021-01-07,06035,quantile,0.025,4.349690152508654
10995,2020-12-27,11 day ahead inc hosp,2021-01-07,06035,quantile,0.05,4.661641558633368
10996,2020-12-27,11 day ahead inc hosp,2021-01-07,06035,quantile,0.1,5.021301551313938
10997,2020-12-27,11 day ahead inc hosp,2021-01-07,06035,quantile,0.15,5.263962440885873
10998,2020-12-27,11 day ahead inc hosp,2021-01-07,06035,quantile,0.2,5.456821623410904
10999,2020-12-27,11 day ahead inc hosp,2021-01-07,06035,quantile,0.25,5.622277629510151
11000,2020-12-27,11 day ahead inc hosp,2021-01-07,06035,quantile,0.3,5.770862236620117
11001,2020-12-27,11 day ahead inc hosp,2021-01-07,06035,quantile,0.35,5.908548018640553
11002,2020-12-27,11 day ahead inc hosp,2021-01-07,06035,quantile,0.4,6.039198361455966
11003,2020-12-27,11 day ahead inc hosp,2021-01-07,06035,quantile,0.45,6.165604080133978
11004,2020-12-27,11 day ahead inc hosp,2021-01-07,06035,quantile,0.5,6.290005683898926
11005,2020-12-27,11 day ahead inc hosp,2021-01-07,06035,quantile,0.55,6.589366151352556
11006,2020-12-27,11 day ahead inc hosp,2021-01-07,06035,quantile,0.6,6.8935493281527584
11007,2020-12-27,11 day ahead inc hosp,2021-01-07,06035,quantile,0.65,7.207946783768355
11008,2020-12-27,11 day ahead inc hosp,2021-01-07,06035,quantile,0.7,7.5392743456319105
11009,2020-12-27,11 day ahead inc hosp,2021-01-07,06035,quantile,0.75,7.896828879453659
11010,2020-12-27,11 day ahead inc hosp,2021-01-07,06035,quantile,0.8,8.294982808582002
11011,2020-12-27,11 day ahead inc hosp,2021-01-07,06035,quantile,0.85,8.759079840180611
11012,2020-12-27,11 day ahead inc hosp,2021-01-07,06035,quantile,0.9,9.343019879026288
11013,2020-12-27,11 day ahead inc hosp,2021-01-07,06035,quantile,0.95,10.208506981078923
11014,2020-12-27,11 day ahead inc hosp,2021-01-07,06035,quantile,0.975,10.95918796857456
11015,2020-12-27,11 day ahead inc hosp,2021-01-07,06035,quantile,0.99,11.83201684693228
11016,2020-12-27,12 day ahead inc hosp,2021-01-08,06035,point,NA,6.209080219268799
11017,2020-12-27,12 day ahead inc hosp,2021-01-08,06035,quantile,0.01,4.20253873149093
11018,2020-12-27,12 day ahead inc hosp,2021-01-08,06035,quantile,0.025,4.518555301041974
11019,2020-12-27,12 day ahead inc hosp,2021-01-08,06035,quantile,0.05,4.790346984816138
11020,2020-12-27,12 day ahead inc hosp,2021-01-08,06035,quantile,0.1,5.103705389611325
11021,2020-12-27,12 day ahead inc hosp,2021-01-08,06035,quantile,0.15,5.315126817654273
11022,2020-12-27,12 day ahead inc hosp,2021-01-08,06035,quantile,0.2,5.48315786646715
11023,2020-12-27,12 day ahead inc hosp,2021-01-08,06035,quantile,0.25,5.627313544580312
11024,2020-12-27,12 day ahead inc hosp,2021-01-08,06035,quantile,0.3,5.756769798844465
11025,2020-12-27,12 day ahead inc hosp,2021-01-08,06035,quantile,0.35,5.876730311258811
11026,2020-12-27,12 day ahead inc hosp,2021-01-08,06035,quantile,0.4,5.9905611065759405
11027,2020-12-27,12 day ahead inc hosp,2021-01-08,06035,quantile,0.45,6.100693718398325
11028,2020-12-27,12 day ahead inc hosp,2021-01-08,06035,quantile,0.5,6.209080219268799
11029,2020-12-27,12 day ahead inc hosp,2021-01-08,06035,quantile,0.55,6.498365558241398
11030,2020-12-27,12 day ahead inc hosp,2021-01-08,06035,quantile,0.6,6.792311295829606
11031,2020-12-27,12 day ahead inc hosp,2021-01-08,06035,quantile,0.65,7.096127545495132
11032,2020-12-27,12 day ahead inc hosp,2021-01-08,06035,quantile,0.7,7.416304110089485
11033,2020-12-27,12 day ahead inc hosp,2021-01-08,06035,quantile,0.75,7.761824964588537
11034,2020-12-27,12 day ahead inc hosp,2021-01-08,06035,quantile,0.8,8.146578821137767
11035,2020-12-27,12 day ahead inc hosp,2021-01-08,06035,quantile,0.85,8.595056431572338
11036,2020-12-27,12 day ahead inc hosp,2021-01-08,06035,quantile,0.9,9.159343672015368
11037,2020-12-27,12 day ahead inc hosp,2021-01-08,06035,quantile,0.95,9.995702366345942
11038,2020-12-27,12 day ahead inc hosp,2021-01-08,06035,quantile,0.975,10.721118804178026
11039,2020-12-27,12 day ahead inc hosp,2021-01-08,06035,quantile,0.99,11.564572183605613
11040,2020-12-27,13 day ahead inc hosp,2021-01-09,06035,point,NA,6.072357654571533
11041,2020-12-27,13 day ahead inc hosp,2021-01-09,06035,quantile,0.01,2.354242418189006
11042,2020-12-27,13 day ahead inc hosp,2021-01-09,06035,quantile,0.025,2.9398201544850564
11043,2020-12-27,13 day ahead inc hosp,2021-01-09,06035,quantile,0.05,3.4434493127746837
11044,2020-12-27,13 day ahead inc hosp,2021-01-09,06035,quantile,0.1,4.0241014779127156
11045,2020-12-27,13 day ahead inc hosp,2021-01-09,06035,quantile,0.15,4.415864737079008
11046,2020-12-27,13 day ahead inc hosp,2021-01-09,06035,quantile,0.2,4.727225756316331
11047,2020-12-27,13 day ahead inc hosp,2021-01-09,06035,quantile,0.25,4.994345786711108
11048,2020-12-27,13 day ahead inc hosp,2021-01-09,06035,quantile,0.3,5.234227829697223
11049,2020-12-27,13 day ahead inc hosp,2021-01-09,06035,quantile,0.35,5.456514292094762
11050,2020-12-27,13 day ahead inc hosp,2021-01-09,06035,quantile,0.4,5.667442407469476
11051,2020-12-27,13 day ahead inc hosp,2021-01-09,06035,quantile,0.45,5.871517800145703
11052,2020-12-27,13 day ahead inc hosp,2021-01-09,06035,quantile,0.5,6.072357654571533
11053,2020-12-27,13 day ahead inc hosp,2021-01-09,06035,quantile,0.55,6.364333820963042
11054,2020-12-27,13 day ahead inc hosp,2021-01-09,06035,quantile,0.6,6.661013735309682
11055,2020-12-27,13 day ahead inc hosp,2021-01-09,06035,quantile,0.65,6.967655973661027
11056,2020-12-27,13 day ahead inc hosp,2021-01-09,06035,quantile,0.7,7.290810704663546
11057,2020-12-27,13 day ahead inc hosp,2021-01-09,06035,quantile,0.75,7.639545468973558
11058,2020-12-27,13 day ahead inc hosp,2021-01-09,06035,quantile,0.8,8.027878166505229
11059,2020-12-27,13 day ahead inc hosp,2021-01-09,06035,quantile,0.85,8.480527353194613
11060,2020-12-27,13 day ahead inc hosp,2021-01-09,06035,quantile,0.9,9.050063389114515
11061,2020-12-27,13 day ahead inc hosp,2021-01-09,06035,quantile,0.95,9.89420158901817
11062,2020-12-27,13 day ahead inc hosp,2021-01-09,06035,quantile,0.975,10.626365587746285
11063,2020-12-27,13 day ahead inc hosp,2021-01-09,06035,quantile,0.99,11.477664464937416
11064,2020-12-27,14 day ahead inc hosp,2021-01-10,06035,point,NA,6.242682933807373
11065,2020-12-27,14 day ahead inc hosp,2021-01-10,06035,quantile,0.01,2.4678150799842538
11066,2020-12-27,14 day ahead inc hosp,2021-01-10,06035,quantile,0.025,3.0623309656212787
11067,2020-12-27,14 day ahead inc hosp,2021-01-10,06035,quantile,0.05,3.5736474254427826
11068,2020-12-27,14 day ahead inc hosp,2021-01-10,06035,quantile,0.1,4.163162556922384
11069,2020-12-27,14 day ahead inc hosp,2021-01-10,06035,quantile,0.15,4.5609056174023035
11070,2020-12-27,14 day ahead inc hosp,2021-01-10,06035,quantile,0.2,4.87701919316014
11071,2020-12-27,14 day ahead inc hosp,2021-01-10,06035,quantile,0.25,5.148216493873861
11072,2020-12-27,14 day ahead inc hosp,2021-01-10,06035,quantile,0.3,5.391760051619723
11073,2020-12-27,14 day ahead inc hosp,2021-01-10,06035,quantile,0.35,5.617439453116951
11074,2020-12-27,14 day ahead inc hosp,2021-01-10,06035,quantile,0.4,5.831587135901032
11075,2020-12-27,14 day ahead inc hosp,2021-01-10,06035,quantile,0.45,6.0387774973055715
11076,2020-12-27,14 day ahead inc hosp,2021-01-10,06035,quantile,0.5,6.242682933807373
11077,2020-12-27,14 day ahead inc hosp,2021-01-10,06035,quantile,0.55,6.535614195031395
11078,2020-12-27,14 day ahead inc hosp,2021-01-10,06035,quantile,0.6,6.833264590827276
11079,2020-12-27,14 day ahead inc hosp,2021-01-10,06035,quantile,0.65,7.140909898781525
11080,2020-12-27,14 day ahead inc hosp,2021-01-10,06035,quantile,0.7,7.465121714057386
11081,2020-12-27,14 day ahead inc hosp,2021-01-10,06035,quantile,0.75,7.814997238503497
11082,2020-12-27,14 day ahead inc hosp,2021-01-10,06035,quantile,0.8,8.204600226543096
11083,2020-12-27,14 day ahead inc hosp,2021-01-10,06035,quantile,0.85,8.658730091962159
11084,2020-12-27,14 day ahead inc hosp,2021-01-10,06035,quantile,0.9,9.230129159825935
11085,2020-12-27,14 day ahead inc hosp,2021-01-10,06035,quantile,0.95,10.077028653716768
11086,2020-12-27,14 day ahead inc hosp,2021-01-10,06035,quantile,0.975,10.811587663175999
11087,2020-12-27,14 day ahead inc hosp,2021-01-10,06035,quantile,0.99,11.665671257930136
11088,2020-12-27,15 day ahead inc hosp,2021-01-11,06035,point,NA,5.988811016082764
11089,2020-12-27,15 day ahead inc hosp,2021-01-11,06035,quantile,0.01,4.136472223365086
11090,2020-12-27,15 day ahead inc hosp,2021-01-11,06035,quantile,0.025,4.428202922424404
11091,2020-12-27,15 day ahead inc hosp,2021-01-11,06035,quantile,0.05,4.679107417775997
11092,2020-12-27,15 day ahead inc hosp,2021-01-11,06035,quantile,0.1,4.968384232016736
11093,2020-12-27,15 day ahead inc hosp,2021-01-11,06035,quantile,0.15,5.163557925240205
11094,2020-12-27,15 day ahead inc hosp,2021-01-11,06035,quantile,0.2,5.318675789482236
11095,2020-12-27,15 day ahead inc hosp,2021-01-11,06035,quantile,0.25,5.451753105045369
11096,2020-12-27,15 day ahead inc hosp,2021-01-11,06035,quantile,0.3,5.571260647348406
11097,2020-12-27,15 day ahead inc hosp,2021-01-11,06035,quantile,0.35,5.682002195476308
11098,2020-12-27,15 day ahead inc hosp,2021-01-11,06035,quantile,0.4,5.7870850952100845
11099,2020-12-27,15 day ahead inc hosp,2021-01-11,06035,quantile,0.45,5.888754016817004
11100,2020-12-27,15 day ahead inc hosp,2021-01-11,06035,quantile,0.5,5.988811016082764
11101,2020-12-27,15 day ahead inc hosp,2021-01-11,06035,quantile,0.55,6.240665349988745
11102,2020-12-27,15 day ahead inc hosp,2021-01-11,06035,quantile,0.6,6.496577067491279
11103,2020-12-27,15 day ahead inc hosp,2021-01-11,06035,quantile,0.65,6.761082138716377
11104,2020-12-27,15 day ahead inc hosp,2021-01-11,06035,quantile,0.7,7.039830642510599
11105,2020-12-27,15 day ahead inc hosp,2021-01-11,06035,quantile,0.75,7.340644105680008
11106,2020-12-27,15 day ahead inc hosp,2021-01-11,06035,quantile,0.8,7.675614161898939
11107,2020-12-27,15 day ahead inc hosp,2021-01-11,06035,quantile,0.85,8.066062672870466
11108,2020-12-27,15 day ahead inc hosp,2021-01-11,06035,quantile,0.9,8.557336055677068
11109,2020-12-27,15 day ahead inc hosp,2021-01-11,06035,quantile,0.95,9.285477214213465
11110,2020-12-27,15 day ahead inc hosp,2021-01-11,06035,quantile,0.975,9.917031078655777
11111,2020-12-27,15 day ahead inc hosp,2021-01-11,06035,quantile,0.99,10.651348931786261
11112,2020-12-27,16 day ahead inc hosp,2021-01-12,06035,point,NA,6.236331939697266
11113,2020-12-27,16 day ahead inc hosp,2021-01-12,06035,quantile,0.01,4.283176515574555
11114,2020-12-27,16 day ahead inc hosp,2021-01-12,06035,quantile,0.025,4.59078514499533
11115,2020-12-27,16 day ahead inc hosp,2021-01-12,06035,quantile,0.05,4.855345536409335
11116,2020-12-27,16 day ahead inc hosp,2021-01-12,06035,quantile,0.1,5.160366724233344
11117,2020-12-27,16 day ahead inc hosp,2021-01-12,06035,quantile,0.15,5.366163071566865
11118,2020-12-27,16 day ahead inc hosp,2021-01-12,06035,quantile,0.2,5.529723484550576
11119,2020-12-27,16 day ahead inc hosp,2021-01-12,06035,quantile,0.25,5.670043755195277
11120,2020-12-27,16 day ahead inc hosp,2021-01-12,06035,quantile,0.3,5.796055695014498
11121,2020-12-27,16 day ahead inc hosp,2021-01-12,06035,quantile,0.35,5.912824536790153
11122,2020-12-27,16 day ahead inc hosp,2021-01-12,06035,quantile,0.4,6.023626748785317
11123,2020-12-27,16 day ahead inc hosp,2021-01-12,06035,quantile,0.45,6.13082917119419
11124,2020-12-27,16 day ahead inc hosp,2021-01-12,06035,quantile,0.5,6.236331939697266
11125,2020-12-27,16 day ahead inc hosp,2021-01-12,06035,quantile,0.55,6.454088573170503
11126,2020-12-27,16 day ahead inc hosp,2021-01-12,06035,quantile,0.6,6.675353274894908
11127,2020-12-27,16 day ahead inc hosp,2021-01-12,06035,quantile,0.65,6.904047905450989
11128,2020-12-27,16 day ahead inc hosp,2021-01-12,06035,quantile,0.7,7.145057598754861
11129,2020-12-27,16 day ahead inc hosp,2021-01-12,06035,quantile,0.75,7.4051449517390235
11130,2020-12-27,16 day ahead inc hosp,2021-01-12,06035,quantile,0.8,7.694764552979656
11131,2020-12-27,16 day ahead inc hosp,2021-01-12,06035,quantile,0.85,8.032351569947716
11132,2020-12-27,16 day ahead inc hosp,2021-01-12,06035,quantile,0.9,8.457113122770188
11133,2020-12-27,16 day ahead inc hosp,2021-01-12,06035,quantile,0.95,9.086673729955844
11134,2020-12-27,16 day ahead inc hosp,2021-01-12,06035,quantile,0.975,9.63272366781123
11135,2020-12-27,16 day ahead inc hosp,2021-01-12,06035,quantile,0.99,10.267624727948167
11136,2020-12-27,17 day ahead inc hosp,2021-01-13,06035,point,NA,6.311542987823486
11137,2020-12-27,17 day ahead inc hosp,2021-01-13,06035,quantile,0.01,4.3487789014364555
11138,2020-12-27,17 day ahead inc hosp,2021-01-13,06035,quantile,0.025,4.657900829488353
11139,2020-12-27,17 day ahead inc hosp,2021-01-13,06035,quantile,0.05,4.9237627412105835
11140,2020-12-27,17 day ahead inc hosp,2021-01-13,06035,quantile,0.1,5.230284498595552
11141,2020-12-27,17 day ahead inc hosp,2021-01-13,06035,quantile,0.15,5.437093273087882
11142,2020-12-27,17 day ahead inc hosp,2021-01-13,06035,quantile,0.2,5.601458331082821
11143,2020-12-27,17 day ahead inc hosp,2021-01-13,06035,quantile,0.25,5.742468915500205
11144,2020-12-27,17 day ahead inc hosp,2021-01-13,06035,quantile,0.3,5.86910077842234
11145,2020-12-27,17 day ahead inc hosp,2021-01-13,06035,quantile,0.35,5.986444071339856
11146,2020-12-27,17 day ahead inc hosp,2021-01-13,06035,quantile,0.4,6.097791381292945
11147,2020-12-27,17 day ahead inc hosp,2021-01-13,06035,quantile,0.45,6.205521192284479
11148,2020-12-27,17 day ahead inc hosp,2021-01-13,06035,quantile,0.5,6.311542987823486
11149,2020-12-27,17 day ahead inc hosp,2021-01-13,06035,quantile,0.55,6.553492111387103
11150,2020-12-27,17 day ahead inc hosp,2021-01-13,06035,quantile,0.6,6.79933904520446
11151,2020-12-27,17 day ahead inc hosp,2021-01-13,06035,quantile,0.65,7.053441363669765
11152,2020-12-27,17 day ahead inc hosp,2021-01-13,06035,quantile,0.7,7.321226932977692
11153,2020-12-27,17 day ahead inc hosp,2021-01-13,06035,quantile,0.75,7.610209666136236
11154,2020-12-27,17 day ahead inc hosp,2021-01-13,06035,quantile,0.8,7.9320056434589095
11155,2020-12-27,17 day ahead inc hosp,2021-01-13,06035,quantile,0.85,8.307098156504749
11156,2020-12-27,17 day ahead inc hosp,2021-01-13,06035,quantile,0.9,8.779050187493278
11157,2020-12-27,17 day ahead inc hosp,2021-01-13,06035,quantile,0.95,9.478554192074931
11158,2020-12-27,17 day ahead inc hosp,2021-01-13,06035,quantile,0.975,10.085269596234209
11159,2020-12-27,17 day ahead inc hosp,2021-01-13,06035,quantile,0.99,10.790707371421998
11160,2020-12-27,18 day ahead inc hosp,2021-01-14,06035,point,NA,6.438599586486816
11161,2020-12-27,18 day ahead inc hosp,2021-01-14,06035,quantile,0.01,4.269211684248345
11162,2020-12-27,18 day ahead inc hosp,2021-01-14,06035,quantile,0.025,4.610875451016586
11163,2020-12-27,18 day ahead inc hosp,2021-01-14,06035,quantile,0.05,4.904725139298721
11164,2020-12-27,18 day ahead inc hosp,2021-01-14,06035,quantile,0.1,5.243515010611205
11165,2020-12-27,18 day ahead inc hosp,2021-01-14,06035,quantile,0.15,5.472094928377215
11166,2020-12-27,18 day ahead inc hosp,2021-01-14,06035,quantile,0.2,5.653763000886788
11167,2020-12-27,18 day ahead inc hosp,2021-01-14,06035,quantile,0.25,5.809618031068101
11168,2020-12-27,18 day ahead inc hosp,2021-01-14,06035,quantile,0.3,5.94958066507313
11169,2020-12-27,18 day ahead inc hosp,2021-01-14,06035,quantile,0.35,6.0792769040809835
11170,2020-12-27,18 day ahead inc hosp,2021-01-14,06035,quantile,0.4,6.202345951876571
11171,2020-12-27,18 day ahead inc hosp,2021-01-14,06035,quantile,0.45,6.321416679885289
11172,2020-12-27,18 day ahead inc hosp,2021-01-14,06035,quantile,0.5,6.438599586486816
11173,2020-12-27,18 day ahead inc hosp,2021-01-14,06035,quantile,0.55,6.7333205382568115
11174,2020-12-27,18 day ahead inc hosp,2021-01-14,06035,quantile,0.6,7.032789456586391
11175,2020-12-27,18 day ahead inc hosp,2021-01-14,06035,quantile,0.65,7.342314351911609
11176,2020-12-27,18 day ahead inc hosp,2021-01-14,06035,quantile,0.7,7.6685069691621965
11177,2020-12-27,18 day ahead inc hosp,2021-01-14,06035,quantile,0.75,8.020520090380165
11178,2020-12-27,18 day ahead inc hosp,2021-01-14,06035,quantile,0.8,8.412503393792946
11179,2020-12-27,18 day ahead inc hosp,2021-01-14,06035,quantile,0.85,8.869407807491315
11180,2020-12-27,18 day ahead inc hosp,2021-01-14,06035,quantile,0.9,9.44429789063786
11181,2020-12-27,18 day ahead inc hosp,2021-01-14,06035,quantile,0.95,10.296371595062835
11182,2020-12-27,18 day ahead inc hosp,2021-01-14,06035,quantile,0.975,11.035418460509831
11183,2020-12-27,18 day ahead inc hosp,2021-01-14,06035,quantile,0.99,11.894720157724645
11184,2020-12-27,19 day ahead inc hosp,2021-01-15,06035,point,NA,6.366926193237305
11185,2020-12-27,19 day ahead inc hosp,2021-01-15,06035,quantile,0.01,4.454486809886181
11186,2020-12-27,19 day ahead inc hosp,2021-01-15,06035,quantile,0.025,4.755682941180846
11187,2020-12-27,19 day ahead inc hosp,2021-01-15,06035,quantile,0.05,5.01472823044255
11188,2020-12-27,19 day ahead inc hosp,2021-01-15,06035,quantile,0.1,5.313390858693545
11189,2020-12-27,19 day ahead inc hosp,2021-01-15,06035,quantile,0.15,5.514897116070482
11190,2020-12-27,19 day ahead inc hosp,2021-01-15,06035,quantile,0.2,5.6750479015553195
11191,2020-12-27,19 day ahead inc hosp,2021-01-15,06035,quantile,0.25,5.812443015404976
11192,2020-12-27,19 day ahead inc hosp,2021-01-15,06035,quantile,0.3,5.935828074016476
11193,2020-12-27,19 day ahead inc hosp,2021-01-15,06035,quantile,0.35,6.050162718869619
11194,2020-12-27,19 day ahead inc hosp,2021-01-15,06035,quantile,0.4,6.158655116025954
11195,2020-12-27,19 day ahead inc hosp,2021-01-15,06035,quantile,0.45,6.263622765846991
11196,2020-12-27,19 day ahead inc hosp,2021-01-15,06035,quantile,0.5,6.366926193237305
11197,2020-12-27,19 day ahead inc hosp,2021-01-15,06035,quantile,0.55,6.6487681500282445
11198,2020-12-27,19 day ahead inc hosp,2021-01-15,06035,quantile,0.6,6.935150592244108
11199,2020-12-27,19 day ahead inc hosp,2021-01-15,06035,quantile,0.65,7.2311495758591295
11200,2020-12-27,19 day ahead inc hosp,2021-01-15,06035,quantile,0.7,7.543087919517882
11201,2020-12-27,19 day ahead inc hosp,2021-01-15,06035,quantile,0.75,7.879718438333474
11202,2020-12-27,19 day ahead inc hosp,2021-01-15,06035,quantile,0.8,8.254572484507474
11203,2020-12-27,19 day ahead inc hosp,2021-01-15,06035,quantile,0.85,8.691510656869458
11204,2020-12-27,19 day ahead inc hosp,2021-01-15,06035,quantile,0.9,9.24127864927258
11205,2020-12-27,19 day ahead inc hosp,2021-01-15,06035,quantile,0.95,10.05611763083456
11206,2020-12-27,19 day ahead inc hosp,2021-01-15,06035,quantile,0.975,10.762868927160273
11207,2020-12-27,19 day ahead inc hosp,2021-01-15,06035,quantile,0.99,11.584620045844925
11208,2020-12-27,20 day ahead inc hosp,2021-01-16,06035,point,NA,6.366386413574219
11209,2020-12-27,20 day ahead inc hosp,2021-01-16,06035,quantile,0.01,2.848267961243337
11210,2020-12-27,20 day ahead inc hosp,2021-01-16,06035,quantile,0.025,3.402347571035542
11211,2020-12-27,20 day ahead inc hosp,2021-01-16,06035,quantile,0.05,3.8788866028473894
11212,2020-12-27,20 day ahead inc hosp,2021-01-16,06035,quantile,0.1,4.428305587113595
11213,2020-12-27,20 day ahead inc hosp,2021-01-16,06035,quantile,0.15,4.798995967425523
11214,2020-12-27,20 day ahead inc hosp,2021-01-16,06035,quantile,0.2,5.093608930573254
11215,2020-12-27,20 day ahead inc hosp,2021-01-16,06035,quantile,0.25,5.34636062011835
11216,2020-12-27,20 day ahead inc hosp,2021-01-16,06035,quantile,0.3,5.573339448949209
11217,2020-12-27,20 day ahead inc hosp,2021-01-16,06035,quantile,0.35,5.783669160468587
11218,2020-12-27,20 day ahead inc hosp,2021-01-16,06035,quantile,0.4,5.983251488513142
11219,2020-12-27,20 day ahead inc hosp,2021-01-16,06035,quantile,0.45,6.176349700643715
11220,2020-12-27,20 day ahead inc hosp,2021-01-16,06035,quantile,0.5,6.366386413574219
11221,2020-12-27,20 day ahead inc hosp,2021-01-16,06035,quantile,0.55,6.653230551845952
11222,2020-12-27,20 day ahead inc hosp,2021-01-16,06035,quantile,0.6,6.9446957608903865
11223,2020-12-27,20 day ahead inc hosp,2021-01-16,06035,quantile,0.65,7.245948187431477
11224,2020-12-27,20 day ahead inc hosp,2021-01-16,06035,quantile,0.7,7.563422868630479
11225,2020-12-27,20 day ahead inc hosp,2021-01-16,06035,quantile,0.75,7.906027966129322
11226,2020-12-27,20 day ahead inc hosp,2021-01-16,06035,quantile,0.8,8.287534988989696
11227,2020-12-27,20 day ahead inc hosp,2021-01-16,06035,quantile,0.85,8.73222801821872
11228,2020-12-27,20 day ahead inc hosp,2021-01-16,06035,quantile,0.9,9.29175339132429
11229,2020-12-27,20 day ahead inc hosp,2021-01-16,06035,quantile,0.95,10.121054280935047
11230,2020-12-27,20 day ahead inc hosp,2021-01-16,06035,quantile,0.975,10.840349125731187
11231,2020-12-27,20 day ahead inc hosp,2021-01-16,06035,quantile,0.99,11.676684830311096
11232,2020-12-27,21 day ahead inc hosp,2021-01-17,06035,point,NA,7.232019424438477
11233,2020-12-27,21 day ahead inc hosp,2021-01-17,06035,quantile,0.01,3.6207642265281734
11234,2020-12-27,21 day ahead inc hosp,2021-01-17,06035,quantile,0.025,4.189512237156562
11235,2020-12-27,21 day ahead inc hosp,2021-01-17,06035,quantile,0.05,4.678666902911922
11236,2020-12-27,21 day ahead inc hosp,2021-01-17,06035,quantile,0.1,5.242630905160738
11237,2020-12-27,21 day ahead inc hosp,2021-01-17,06035,quantile,0.15,5.6231347400529055
11238,2020-12-27,21 day ahead inc hosp,2021-01-17,06035,quantile,0.2,5.925547125808168
11239,2020-12-27,21 day ahead inc hosp,2021-01-17,06035,quantile,0.25,6.184990025476772
11240,2020-12-27,21 day ahead inc hosp,2021-01-17,06035,quantile,0.3,6.417977767799082
11241,2020-12-27,21 day ahead inc hosp,2021-01-17,06035,quantile,0.35,6.633875633175416
11242,2020-12-27,21 day ahead inc hosp,2021-01-17,06035,quantile,0.4,6.838741594719269
11243,2020-12-27,21 day ahead inc hosp,2021-01-17,06035,quantile,0.45,7.036951783407405
11244,2020-12-27,21 day ahead inc hosp,2021-01-17,06035,quantile,0.5,7.232019424438477
11245,2020-12-27,21 day ahead inc hosp,2021-01-17,06035,quantile,0.55,7.5135691813517065
11246,2020-12-27,21 day ahead inc hosp,2021-01-17,06035,quantile,0.6,7.799654716337907
11247,2020-12-27,21 day ahead inc hosp,2021-01-17,06035,quantile,0.65,8.095346822766155
11248,2020-12-27,21 day ahead inc hosp,2021-01-17,06035,quantile,0.7,8.406961764093658
11249,2020-12-27,21 day ahead inc hosp,2021-01-17,06035,quantile,0.75,8.743243280945345
11250,2020-12-27,21 day ahead inc hosp,2021-01-17,06035,quantile,0.8,9.11770869688239
11251,2020-12-27,21 day ahead inc hosp,2021-01-17,06035,quantile,0.85,9.55419387323915
11252,2020-12-27,21 day ahead inc hosp,2021-01-17,06035,quantile,0.9,10.103391893229443
11253,2020-12-27,21 day ahead inc hosp,2021-01-17,06035,quantile,0.95,10.917386089815201
11254,2020-12-27,21 day ahead inc hosp,2021-01-17,06035,quantile,0.975,11.623404661160187
11255,2020-12-27,21 day ahead inc hosp,2021-01-17,06035,quantile,0.99,12.444303828704841
11256,2020-12-27,22 day ahead inc hosp,2021-01-18,06035,point,NA,6.009191513061523
11257,2020-12-27,22 day ahead inc hosp,2021-01-18,06035,quantile,0.01,3.925707791410167
11258,2020-12-27,22 day ahead inc hosp,2021-01-18,06035,quantile,0.025,4.253842236893704
11259,2020-12-27,22 day ahead inc hosp,2021-01-18,06035,quantile,0.05,4.536055962487189
11260,2020-12-27,22 day ahead inc hosp,2021-01-18,06035,quantile,0.1,4.861430314031962
11261,2020-12-27,22 day ahead inc hosp,2021-01-18,06035,quantile,0.15,5.080958844301021
11262,2020-12-27,22 day ahead inc hosp,2021-01-18,06035,quantile,0.2,5.2554331609628395
11263,2020-12-27,22 day ahead inc hosp,2021-01-18,06035,quantile,0.25,5.405116589170946
11264,2020-12-27,22 day ahead inc hosp,2021-01-18,06035,quantile,0.3,5.539536933862657
11265,2020-12-27,22 day ahead inc hosp,2021-01-18,06035,quantile,0.35,5.6640974158555
11266,2020-12-27,22 day ahead inc hosp,2021-01-18,06035,quantile,0.4,5.782293132470617
11267,2020-12-27,22 day ahead inc hosp,2021-01-18,06035,quantile,0.45,5.896648856163626
11268,2020-12-27,22 day ahead inc hosp,2021-01-18,06035,quantile,0.5,6.009191513061523
11269,2020-12-27,22 day ahead inc hosp,2021-01-18,06035,quantile,0.55,6.3018207475279135
11270,2020-12-27,22 day ahead inc hosp,2021-01-18,06035,quantile,0.6,6.599164250902771
11271,2020-12-27,22 day ahead inc hosp,2021-01-18,06035,quantile,0.65,6.906492361182473
11272,2020-12-27,22 day ahead inc hosp,2021-01-18,06035,quantile,0.7,7.230369897887502
11273,2020-12-27,22 day ahead inc hosp,2021-01-18,06035,quantile,0.75,7.579884683197127
11274,2020-12-27,22 day ahead inc hosp,2021-01-18,06035,quantile,0.8,7.9690859711015145
11275,2020-12-27,22 day ahead inc hosp,2021-01-18,06035,quantile,0.85,8.422747605952685
11276,2020-12-27,22 day ahead inc hosp,2021-01-18,06035,quantile,0.9,8.993557532845093
11277,2020-12-27,22 day ahead inc hosp,2021-01-18,06035,quantile,0.95,9.83958383106841
11278,2020-12-27,22 day ahead inc hosp,2021-01-18,06035,quantile,0.975,10.573385473509216
11279,2020-12-27,22 day ahead inc hosp,2021-01-18,06035,quantile,0.99,11.426588465429116
11280,2020-12-27,23 day ahead inc hosp,2021-01-19,06035,point,NA,6.2058939933776855
11281,2020-12-27,23 day ahead inc hosp,2021-01-19,06035,quantile,0.01,4.215751126501852
11282,2020-12-27,23 day ahead inc hosp,2021-01-19,06035,quantile,0.025,4.529185025345913
11283,2020-12-27,23 day ahead inc hosp,2021-01-19,06035,quantile,0.05,4.7987554698316375
11284,2020-12-27,23 day ahead inc hosp,2021-01-19,06035,quantile,0.1,5.109552927984055
11285,2020-12-27,23 day ahead inc hosp,2021-01-19,06035,quantile,0.15,5.319246497485247
11286,2020-12-27,23 day ahead inc hosp,2021-01-19,06035,quantile,0.2,5.4859042991033675
11287,2020-12-27,23 day ahead inc hosp,2021-01-19,06035,quantile,0.25,5.628881853399678
11288,2020-12-27,23 day ahead inc hosp,2021-01-19,06035,quantile,0.3,5.757280116064848
11289,2020-12-27,23 day ahead inc hosp,2021-01-19,06035,quantile,0.35,5.876260241590472
11290,2020-12-27,23 day ahead inc hosp,2021-01-19,06035,quantile,0.4,5.9891607456224465
11291,2020-12-27,23 day ahead inc hosp,2021-01-19,06035,quantile,0.45,6.09839328986027
11292,2020-12-27,23 day ahead inc hosp,2021-01-19,06035,quantile,0.5,6.2058939933776855
11293,2020-12-27,23 day ahead inc hosp,2021-01-19,06035,quantile,0.55,6.4449906403436605
11294,2020-12-27,23 day ahead inc hosp,2021-01-19,06035,quantile,0.6,6.687939144048986
11295,2020-12-27,23 day ahead inc hosp,2021-01-19,06035,quantile,0.65,6.939045704951076
11296,2020-12-27,23 day ahead inc hosp,2021-01-19,06035,quantile,0.7,7.20367419702563
11297,2020-12-27,23 day ahead inc hosp,2021-01-19,06035,quantile,0.75,7.489249947462699
11298,2020-12-27,23 day ahead inc hosp,2021-01-19,06035,quantile,0.8,7.807252087961296
11299,2020-12-27,23 day ahead inc hosp,2021-01-19,06035,quantile,0.85,8.177922420841094
11300,2020-12-27,23 day ahead inc hosp,2021-01-19,06035,quantile,0.9,8.644310339408895
11301,2020-12-27,23 day ahead inc hosp,2021-01-19,06035,quantile,0.95,9.33556749120746
11302,2020-12-27,23 day ahead inc hosp,2021-01-19,06035,quantile,0.975,9.935129980463376
11303,2020-12-27,23 day ahead inc hosp,2021-01-19,06035,quantile,0.99,10.63225094625265
11304,2020-12-27,24 day ahead inc hosp,2021-01-20,06035,point,NA,6.481324195861816
11305,2020-12-27,24 day ahead inc hosp,2021-01-20,06035,quantile,0.01,4.486463661065484
11306,2020-12-27,24 day ahead inc hosp,2021-01-20,06035,quantile,0.025,4.8006405603616145
11307,2020-12-27,24 day ahead inc hosp,2021-01-20,06035,quantile,0.05,5.07085002622587
11308,2020-12-27,24 day ahead inc hosp,2021-01-20,06035,quantile,0.1,5.38238423510232
11309,2020-12-27,24 day ahead inc hosp,2021-01-20,06035,quantile,0.15,5.5925748868192855
11310,2020-12-27,24 day ahead inc hosp,2021-01-20,06035,quantile,0.2,5.759627753624675
11311,2020-12-27,24 day ahead inc hosp,2021-01-20,06035,quantile,0.25,5.90294423867439
11312,2020-12-27,24 day ahead inc hosp,2021-01-20,06035,quantile,0.3,6.0316468716312155
11313,2020-12-27,24 day ahead inc hosp,2021-01-20,06035,quantile,0.35,6.150909041592297
11314,2020-12-27,24 day ahead inc hosp,2021-01-20,06035,quantile,0.4,6.264077178212335
11315,2020-12-27,24 day ahead inc hosp,2021-01-20,06035,quantile,0.45,6.373568660076398
11316,2020-12-27,24 day ahead inc hosp,2021-01-20,06035,quantile,0.5,6.481324195861816
11317,2020-12-27,24 day ahead inc hosp,2021-01-20,06035,quantile,0.55,6.735185010872071
11318,2020-12-27,24 day ahead inc hosp,2021-01-20,06035,quantile,0.6,6.993135533971346
11319,2020-12-27,24 day ahead inc hosp,2021-01-20,06035,quantile,0.65,7.2597478725964795
11320,2020-12-27,24 day ahead inc hosp,2021-01-20,06035,quantile,0.7,7.540717118821587
11321,2020-12-27,24 day ahead inc hosp,2021-01-20,06035,quantile,0.75,7.843927112240842
11322,2020-12-27,24 day ahead inc hosp,2021-01-20,06035,quantile,0.8,8.18156581853967
11323,2020-12-27,24 day ahead inc hosp,2021-01-20,06035,quantile,0.85,8.575124967105976
11324,2020-12-27,24 day ahead inc hosp,2021-01-20,06035,quantile,0.9,9.070312242297698
11325,2020-12-27,24 day ahead inc hosp,2021-01-20,06035,quantile,0.95,9.804254378935955
11326,2020-12-27,24 day ahead inc hosp,2021-01-20,06035,quantile,0.975,10.440839726758684
11327,2020-12-27,24 day ahead inc hosp,2021-01-20,06035,quantile,0.99,11.181007766677643
11328,2020-12-27,25 day ahead inc hosp,2021-01-21,06035,point,NA,6.8813018798828125
11329,2020-12-27,25 day ahead inc hosp,2021-01-21,06035,quantile,0.01,4.588238780209558
11330,2020-12-27,25 day ahead inc hosp,2021-01-21,06035,quantile,0.025,4.949380545249926
11331,2020-12-27,25 day ahead inc hosp,2021-01-21,06035,quantile,0.05,5.259982386605719
11332,2020-12-27,25 day ahead inc hosp,2021-01-21,06035,quantile,0.1,5.6180864175391
11333,2020-12-27,25 day ahead inc hosp,2021-01-21,06035,quantile,0.15,5.859697507107151
11334,2020-12-27,25 day ahead inc hosp,2021-01-21,06035,quantile,0.2,6.051722341868433
11335,2020-12-27,25 day ahead inc hosp,2021-01-21,06035,quantile,0.25,6.2164625518781165
11336,2020-12-27,25 day ahead inc hosp,2021-01-21,06035,quantile,0.3,6.364404351977047
11337,2020-12-27,25 day ahead inc hosp,2021-01-21,06035,quantile,0.35,6.501494477504362
11338,2020-12-27,25 day ahead inc hosp,2021-01-21,06035,quantile,0.4,6.63157960055718
11339,2020-12-27,25 day ahead inc hosp,2021-01-21,06035,quantile,0.45,6.7574384625736466
11340,2020-12-27,25 day ahead inc hosp,2021-01-21,06035,quantile,0.5,6.8813018798828125
11341,2020-12-27,25 day ahead inc hosp,2021-01-21,06035,quantile,0.55,7.189129103190082
11342,2020-12-27,25 day ahead inc hosp,2021-01-21,06035,quantile,0.6,7.501915435626223
11343,2020-12-27,25 day ahead inc hosp,2021-01-21,06035,quantile,0.65,7.825204935406317
11344,2020-12-27,25 day ahead inc hosp,2021-01-21,06035,quantile,0.7,8.165903372448355
11345,2020-12-27,25 day ahead inc hosp,2021-01-21,06035,quantile,0.75,8.533570553968648
11346,2020-12-27,25 day ahead inc hosp,2021-01-21,06035,quantile,0.8,8.942985395864701
11347,2020-12-27,25 day ahead inc hosp,2021-01-21,06035,quantile,0.85,9.420208396608023
11348,2020-12-27,25 day ahead inc hosp,2021-01-21,06035,quantile,0.9,10.020663901854874
11349,2020-12-27,25 day ahead inc hosp,2021-01-21,06035,quantile,0.95,10.910629412997006
11350,2020-12-27,25 day ahead inc hosp,2021-01-21,06035,quantile,0.975,11.682541769815238
11351,2020-12-27,25 day ahead inc hosp,2021-01-21,06035,quantile,0.99,12.580056703342233
11352,2020-12-27,26 day ahead inc hosp,2021-01-22,06035,point,NA,6.381130218505859
11353,2020-12-27,26 day ahead inc hosp,2021-01-22,06035,quantile,0.01,4.461190099520268
11354,2020-12-27,26 day ahead inc hosp,2021-01-22,06035,quantile,0.025,4.7635675454095985
11355,2020-12-27,26 day ahead inc hosp,2021-01-22,06035,quantile,0.05,5.023628830393322
11356,2020-12-27,26 day ahead inc hosp,2021-01-22,06035,quantile,0.1,5.323462836643488
11357,2020-12-27,26 day ahead inc hosp,2021-01-22,06035,quantile,0.15,5.525759417195336
11358,2020-12-27,26 day ahead inc hosp,2021-01-22,06035,quantile,0.2,5.686538326485838
11359,2020-12-27,26 day ahead inc hosp,2021-01-22,06035,quantile,0.25,5.824472314631551
11360,2020-12-27,26 day ahead inc hosp,2021-01-22,06035,quantile,0.3,5.948341299015521
11361,2020-12-27,26 day ahead inc hosp,2021-01-22,06035,quantile,0.35,6.063124373216213
11362,2020-12-27,26 day ahead inc hosp,2021-01-22,06035,quantile,0.4,6.17204228597137
11363,2020-12-27,26 day ahead inc hosp,2021-01-22,06035,quantile,0.45,6.277421627058721
11364,2020-12-27,26 day ahead inc hosp,2021-01-22,06035,quantile,0.5,6.381130218505859
11365,2020-12-27,26 day ahead inc hosp,2021-01-22,06035,quantile,0.55,6.664812408362375
11366,2020-12-27,26 day ahead inc hosp,2021-01-22,06035,quantile,0.6,6.953064729873596
11367,2020-12-27,26 day ahead inc hosp,2021-01-22,06035,quantile,0.65,7.250996382148839
11368,2020-12-27,26 day ahead inc hosp,2021-01-22,06035,quantile,0.7,7.5649714674657815
11369,2020-12-27,26 day ahead inc hosp,2021-01-22,06035,quantile,0.75,7.903799950767073
11370,2020-12-27,26 day ahead inc hosp,2021-01-22,06035,quantile,0.8,8.281101534626337
11371,2020-12-27,26 day ahead inc hosp,2021-01-22,06035,quantile,0.85,8.720892611082332
11372,2020-12-27,26 day ahead inc hosp,2021-01-22,06035,quantile,0.9,9.274250208275086
11373,2020-12-27,26 day ahead inc hosp,2021-01-22,06035,quantile,0.95,10.094409524871864
11374,2020-12-27,26 day ahead inc hosp,2021-01-22,06035,quantile,0.975,10.805775418397532
11375,2020-12-27,26 day ahead inc hosp,2021-01-22,06035,quantile,0.99,11.632892003592197
11376,2020-12-27,27 day ahead inc hosp,2021-01-23,06035,point,NA,6.4768595695495605
11377,2020-12-27,27 day ahead inc hosp,2021-01-23,06035,quantile,0.01,2.823270294040691
11378,2020-12-27,27 day ahead inc hosp,2021-01-23,06035,quantile,0.025,3.398685632536106
11379,2020-12-27,27 day ahead inc hosp,2021-01-23,06035,quantile,0.05,3.89357456807937
11380,2020-12-27,27 day ahead inc hosp,2021-01-23,06035,quantile,0.1,4.464149816148701
11381,2020-12-27,27 day ahead inc hosp,2021-01-23,06035,quantile,0.15,4.849114227209011
11382,2020-12-27,27 day ahead inc hosp,2021-01-23,06035,quantile,0.2,5.155071737499571
11383,2020-12-27,27 day ahead inc hosp,2021-01-23,06035,quantile,0.25,5.417556038355585
11384,2020-12-27,27 day ahead inc hosp,2021-01-23,06035,quantile,0.3,5.653275052942646
11385,2020-12-27,27 day ahead inc hosp,2021-01-23,06035,quantile,0.35,5.8717038491132065
11386,2020-12-27,27 day ahead inc hosp,2021-01-23,06035,quantile,0.4,6.07897141648052
11387,2020-12-27,27 day ahead inc hosp,2021-01-23,06035,quantile,0.45,6.279505186596412
11388,2020-12-27,27 day ahead inc hosp,2021-01-23,06035,quantile,0.5,6.4768595695495605
11389,2020-12-27,27 day ahead inc hosp,2021-01-23,06035,quantile,0.55,6.771732807998362
11390,2020-12-27,27 day ahead inc hosp,2021-01-23,06035,quantile,0.6,7.071356466351357
11391,2020-12-27,27 day ahead inc hosp,2021-01-23,06035,quantile,0.65,7.381041297772174
11392,2020-12-27,27 day ahead inc hosp,2021-01-23,06035,quantile,0.7,7.707402463577026
11393,2020-12-27,27 day ahead inc hosp,2021-01-23,06035,quantile,0.75,8.059597475185903
11394,2020-12-27,27 day ahead inc hosp,2021-01-23,06035,quantile,0.8,8.451783322174448
11395,2020-12-27,27 day ahead inc hosp,2021-01-23,06035,quantile,0.85,8.908923825147355
11396,2020-12-27,27 day ahead inc hosp,2021-01-23,06035,quantile,0.9,9.48411096251049
11397,2020-12-27,27 day ahead inc hosp,2021-01-23,06035,quantile,0.95,10.336624946032577
11398,2020-12-27,27 day ahead inc hosp,2021-01-23,06035,quantile,0.975,11.076053687935744
11399,2020-12-27,27 day ahead inc hosp,2021-01-23,06035,quantile,0.99,11.935799399058546
11400,2020-12-27,28 day ahead inc hosp,2021-01-24,06035,point,NA,6.403088092803955
11401,2020-12-27,28 day ahead inc hosp,2021-01-24,06035,quantile,0.01,2.798854972277479
11402,2020-12-27,28 day ahead inc hosp,2021-01-24,06035,quantile,0.025,3.3664970537140335
11403,2020-12-27,28 day ahead inc hosp,2021-01-24,06035,quantile,0.05,3.8547005593526613
11404,2020-12-27,28 day ahead inc hosp,2021-01-24,06035,quantile,0.1,4.417567934902878
11405,2020-12-27,28 day ahead inc hosp,2021-01-24,06035,quantile,0.15,4.797331880967747
11406,2020-12-27,28 day ahead inc hosp,2021-01-24,06035,quantile,0.2,5.099156226538027
11407,2020-12-27,28 day ahead inc hosp,2021-01-24,06035,quantile,0.25,5.358094640088005
11408,2020-12-27,28 day ahead inc hosp,2021-01-24,06035,quantile,0.3,5.590629338283992
11409,2020-12-27,28 day ahead inc hosp,2021-01-24,06035,quantile,0.35,5.806107390760214
11410,2020-12-27,28 day ahead inc hosp,2021-01-24,06035,quantile,0.4,6.0105749909154556
11411,2020-12-27,28 day ahead inc hosp,2021-01-24,06035,quantile,0.45,6.20839976034991
11412,2020-12-27,28 day ahead inc hosp,2021-01-24,06035,quantile,0.5,6.403088092803955
11413,2020-12-27,28 day ahead inc hosp,2021-01-24,06035,quantile,0.55,6.681351866902941
11414,2020-12-27,28 day ahead inc hosp,2021-01-24,06035,quantile,0.6,6.964098481757668
11415,2020-12-27,28 day ahead inc hosp,2021-01-24,06035,quantile,0.65,7.256339549226824
11416,2020-12-27,28 day ahead inc hosp,2021-01-24,06035,quantile,0.7,7.564317615306804
11417,2020-12-27,28 day ahead inc hosp,2021-01-24,06035,quantile,0.75,7.896674371941192
11418,2020-12-27,28 day ahead inc hosp,2021-01-24,06035,quantile,0.8,8.26676938125886
11419,2020-12-27,28 day ahead inc hosp,2021-01-24,06035,quantile,0.85,8.698160314935725
11420,2020-12-27,28 day ahead inc hosp,2021-01-24,06035,quantile,0.9,9.240948614402402
11421,2020-12-27,28 day ahead inc hosp,2021-01-24,06035,quantile,0.95,10.045442639614546
11422,2020-12-27,28 day ahead inc hosp,2021-01-24,06035,quantile,0.975,10.743221229091276
11423,2020-12-27,28 day ahead inc hosp,2021-01-24,06035,quantile,0.99,11.55453963696363
11424,2020-12-27,1 day ahead inc hosp,2020-12-28,06037,point,NA,7339.7900390625
11425,2020-12-27,1 day ahead inc hosp,2020-12-28,06037,quantile,0.01,4725.399575768487
11426,2020-12-27,1 day ahead inc hosp,2020-12-28,06037,quantile,0.025,5137.148204296521
11427,2020-12-27,1 day ahead inc hosp,2020-12-28,06037,quantile,0.05,5491.2747401244515
11428,2020-12-27,1 day ahead inc hosp,2020-12-28,06037,quantile,0.1,5899.559956293505
11429,2020-12-27,1 day ahead inc hosp,2020-12-28,06037,quantile,0.15,6175.028053304353
11430,2020-12-27,1 day ahead inc hosp,2020-12-28,06037,quantile,0.2,6393.961364292193
11431,2020-12-27,1 day ahead inc hosp,2020-12-28,06037,quantile,0.25,6581.786650928108
11432,2020-12-27,1 day ahead inc hosp,2020-12-28,06037,quantile,0.3,6750.459563311682
11433,2020-12-27,1 day ahead inc hosp,2020-12-28,06037,quantile,0.35,6906.760153924066
11434,2020-12-27,1 day ahead inc hosp,2020-12-28,06037,quantile,0.4,7055.074129747137
11435,2020-12-27,1 day ahead inc hosp,2020-12-28,06037,quantile,0.45,7198.569617779617
11436,2020-12-27,1 day ahead inc hosp,2020-12-28,06037,quantile,0.5,7339.7900390625
11437,2020-12-27,1 day ahead inc hosp,2020-12-28,06037,quantile,0.55,7717.908222369553
11438,2020-12-27,1 day ahead inc hosp,2020-12-28,06037,quantile,0.6,8102.117905039412
11439,2020-12-27,1 day ahead inc hosp,2020-12-28,06037,quantile,0.65,8499.229106010338
11440,2020-12-27,1 day ahead inc hosp,2020-12-28,06037,quantile,0.7,8917.724496657762
11441,2020-12-27,1 day ahead inc hosp,2020-12-28,06037,quantile,0.75,9369.346823118824
11442,2020-12-27,1 day ahead inc hosp,2020-12-28,06037,quantile,0.8,9872.249700172531
11443,2020-12-27,1 day ahead inc hosp,2020-12-28,06037,quantile,0.85,10458.444423740844
11444,2020-12-27,1 day ahead inc hosp,2020-12-28,06037,quantile,0.9,11196.011239181422
11445,2020-12-27,1 day ahead inc hosp,2020-12-28,06037,quantile,0.95,12289.196366421103
11446,2020-12-27,1 day ahead inc hosp,2020-12-28,06037,quantile,0.975,13237.37143325407
11447,2020-12-27,1 day ahead inc hosp,2020-12-28,06037,quantile,0.99,14339.829859477879
11448,2020-12-27,2 day ahead inc hosp,2020-12-29,06037,point,NA,7716.08154296875
11449,2020-12-27,2 day ahead inc hosp,2020-12-29,06037,quantile,0.01,4828.909468784718
11450,2020-12-27,2 day ahead inc hosp,2020-12-29,06037,quantile,0.025,5283.619336557069
11451,2020-12-27,2 day ahead inc hosp,2020-12-29,06037,quantile,0.05,5674.6949082150695
11452,2020-12-27,2 day ahead inc hosp,2020-12-29,06037,quantile,0.1,6125.579996336245
11453,2020-12-27,2 day ahead inc hosp,2020-12-29,06037,quantile,0.15,6429.790024709844
11454,2020-12-27,2 day ahead inc hosp,2020-12-29,06037,quantile,0.2,6671.566511607032
11455,2020-12-27,2 day ahead inc hosp,2020-12-29,06037,quantile,0.25,6878.989209178218
11456,2020-12-27,2 day ahead inc hosp,2020-12-29,06037,quantile,0.3,7065.261202265112
11457,2020-12-27,2 day ahead inc hosp,2020-12-29,06037,quantile,0.35,7237.869963936454
11458,2020-12-27,2 day ahead inc hosp,2020-12-29,06037,quantile,0.4,7401.6587993149515
11459,2020-12-27,2 day ahead inc hosp,2020-12-29,06037,quantile,0.45,7560.126393056397
11460,2020-12-27,2 day ahead inc hosp,2020-12-29,06037,quantile,0.5,7716.08154296875
11461,2020-12-27,2 day ahead inc hosp,2020-12-29,06037,quantile,0.55,8036.538379010629
11462,2020-12-27,2 day ahead inc hosp,2020-12-29,06037,quantile,0.6,8362.157787757907
11463,2020-12-27,2 day ahead inc hosp,2020-12-29,06037,quantile,0.65,8698.711290440411
11464,2020-12-27,2 day ahead inc hosp,2020-12-29,06037,quantile,0.7,9053.387988641087
11465,2020-12-27,2 day ahead inc hosp,2020-12-29,06037,quantile,0.75,9436.139911750955
11466,2020-12-27,2 day ahead inc hosp,2020-12-29,06037,quantile,0.8,9862.352328745776
11467,2020-12-27,2 day ahead inc hosp,2020-12-29,06037,quantile,0.85,10359.15495478241
11468,2020-12-27,2 day ahead inc hosp,2020-12-29,06037,quantile,0.9,10984.2460995096
11469,2020-12-27,2 day ahead inc hosp,2020-12-29,06037,quantile,0.95,11910.72533946403
11470,2020-12-27,2 day ahead inc hosp,2020-12-29,06037,quantile,0.975,12714.307910589278
11471,2020-12-27,2 day ahead inc hosp,2020-12-29,06037,quantile,0.99,13648.64631252881
11472,2020-12-27,3 day ahead inc hosp,2020-12-30,06037,point,NA,8011.50830078125
11473,2020-12-27,3 day ahead inc hosp,2020-12-30,06037,quantile,0.01,5200.784811287042
11474,2020-12-27,3 day ahead inc hosp,2020-12-30,06037,quantile,0.025,5643.454549499218
11475,2020-12-27,3 day ahead inc hosp,2020-12-30,06037,quantile,0.05,6024.174945507196
11476,2020-12-27,3 day ahead inc hosp,2020-12-30,06037,quantile,0.1,6463.121179289614
11477,2020-12-27,3 day ahead inc hosp,2020-12-30,06037,quantile,0.15,6759.276119320692
11478,2020-12-27,3 day ahead inc hosp,2020-12-30,06037,quantile,0.2,6994.650677354741
11479,2020-12-27,3 day ahead inc hosp,2020-12-30,06037,quantile,0.25,7196.581089999908
11480,2020-12-27,3 day ahead inc hosp,2020-12-30,06037,quantile,0.3,7377.920841477036
11481,2020-12-27,3 day ahead inc hosp,2020-12-30,06037,quantile,0.35,7545.959146245989
11482,2020-12-27,3 day ahead inc hosp,2020-12-30,06037,quantile,0.4,7705.411064970075
11483,2020-12-27,3 day ahead inc hosp,2020-12-30,06037,quantile,0.45,7859.6826416576505
11484,2020-12-27,3 day ahead inc hosp,2020-12-30,06037,quantile,0.5,8011.50830078125
11485,2020-12-27,3 day ahead inc hosp,2020-12-30,06037,quantile,0.55,8361.34771104147
11486,2020-12-27,3 day ahead inc hosp,2020-12-30,06037,quantile,0.6,8716.82304847675
11487,2020-12-27,3 day ahead inc hosp,2020-12-30,06037,quantile,0.65,9084.235023061909
11488,2020-12-27,3 day ahead inc hosp,2020-12-30,06037,quantile,0.7,9471.431902567238
11489,2020-12-27,3 day ahead inc hosp,2020-12-30,06037,quantile,0.75,9889.27821444689
11490,2020-12-27,3 day ahead inc hosp,2020-12-30,06037,quantile,0.8,10354.569897560072
11491,2020-12-27,3 day ahead inc hosp,2020-12-30,06037,quantile,0.85,10896.924181073224
11492,2020-12-27,3 day ahead inc hosp,2020-12-30,06037,quantile,0.9,11579.329712287006
11493,2020-12-27,3 day ahead inc hosp,2020-12-30,06037,quantile,0.95,12590.757506829785
11494,2020-12-27,3 day ahead inc hosp,2020-12-30,06037,quantile,0.975,13468.020280344495
11495,2020-12-27,3 day ahead inc hosp,2020-12-30,06037,quantile,0.99,14488.027840661562
11496,2020-12-27,4 day ahead inc hosp,2020-12-31,06037,point,NA,8654.0439453125
11497,2020-12-27,4 day ahead inc hosp,2020-12-31,06037,quantile,0.01,5461.381104863965
11498,2020-12-27,4 day ahead inc hosp,2020-12-31,06037,quantile,0.025,5964.20368028401
11499,2020-12-27,4 day ahead inc hosp,2020-12-31,06037,quantile,0.05,6396.658834794514
11500,2020-12-27,4 day ahead inc hosp,2020-12-31,06037,quantile,0.1,6895.251931835216
11501,2020-12-27,4 day ahead inc hosp,2020-12-31,06037,quantile,0.15,7231.650327332538
11502,2020-12-27,4 day ahead inc hosp,2020-12-31,06037,quantile,0.2,7499.009108027659
11503,2020-12-27,4 day ahead inc hosp,2020-12-31,06037,quantile,0.25,7728.379135786838
11504,2020-12-27,4 day ahead inc hosp,2020-12-31,06037,quantile,0.3,7934.360509693306
11505,2020-12-27,4 day ahead inc hosp,2020-12-31,06037,quantile,0.35,8125.232949978901
11506,2020-12-27,4 day ahead inc hosp,2020-12-31,06037,quantile,0.4,8306.3522303533
11507,2020-12-27,4 day ahead inc hosp,2020-12-31,06037,quantile,0.45,8481.587230191884
11508,2020-12-27,4 day ahead inc hosp,2020-12-31,06037,quantile,0.5,8654.0439453125
11509,2020-12-27,4 day ahead inc hosp,2020-12-31,06037,quantile,0.55,9085.010179978774
11510,2020-12-27,4 day ahead inc hosp,2020-12-31,06037,quantile,0.6,9522.9192982718
11511,2020-12-27,4 day ahead inc hosp,2020-12-31,06037,quantile,0.65,9975.533127972938
11512,2020-12-27,4 day ahead inc hosp,2020-12-31,06037,quantile,0.7,10452.519929176442
11513,2020-12-27,4 day ahead inc hosp,2020-12-31,06037,quantile,0.75,10967.263684221123
11514,2020-12-27,4 day ahead inc hosp,2020-12-31,06037,quantile,0.8,11540.4552653059
11515,2020-12-27,4 day ahead inc hosp,2020-12-31,06037,quantile,0.85,12208.580057898384
11516,2020-12-27,4 day ahead inc hosp,2020-12-31,06037,quantile,0.9,13049.23360829137
11517,2020-12-27,4 day ahead inc hosp,2020-12-31,06037,quantile,0.95,14295.20880567318
11518,2020-12-27,4 day ahead inc hosp,2020-12-31,06037,quantile,0.975,15375.906472163377
11519,2020-12-27,4 day ahead inc hosp,2020-12-31,06037,quantile,0.99,16632.45106007587
11520,2020-12-27,5 day ahead inc hosp,2021-01-01,06037,point,NA,8483.5751953125
11521,2020-12-27,5 day ahead inc hosp,2021-01-01,06037,quantile,0.01,5653.166917984703
11522,2020-12-27,5 day ahead inc hosp,2021-01-01,06037,quantile,0.025,6098.936875734527
11523,2020-12-27,5 day ahead inc hosp,2021-01-01,06037,quantile,0.05,6482.323631577383
11524,2020-12-27,5 day ahead inc hosp,2021-01-01,06037,quantile,0.1,6924.344007485363
11525,2020-12-27,5 day ahead inc hosp,2021-01-01,06037,quantile,0.15,7222.5730566140355
11526,2020-12-27,5 day ahead inc hosp,2021-01-01,06037,quantile,0.2,7459.596050808255
11527,2020-12-27,5 day ahead inc hosp,2021-01-01,06037,quantile,0.25,7662.940674899311
11528,2020-12-27,5 day ahead inc hosp,2021-01-01,06037,quantile,0.3,7845.550431962889
11529,2020-12-27,5 day ahead inc hosp,2021-01-01,06037,quantile,0.35,8014.765586176356
11530,2020-12-27,5 day ahead inc hosp,2021-01-01,06037,quantile,0.4,8175.334219938927
11531,2020-12-27,5 day ahead inc hosp,2021-01-01,06037,quantile,0.45,8330.686231349875
11532,2020-12-27,5 day ahead inc hosp,2021-01-01,06037,quantile,0.5,8483.5751953125
11533,2020-12-27,5 day ahead inc hosp,2021-01-01,06037,quantile,0.55,8900.261472095179
11534,2020-12-27,5 day ahead inc hosp,2021-01-01,06037,quantile,0.6,9323.66058180039
11535,2020-12-27,5 day ahead inc hosp,2021-01-01,06037,quantile,0.65,9761.277165996506
11536,2020-12-27,5 day ahead inc hosp,2021-01-01,06037,quantile,0.7,10222.4591294092
11537,2020-12-27,5 day ahead inc hosp,2021-01-01,06037,quantile,0.75,10720.14697948589
11538,2020-12-27,5 day ahead inc hosp,2021-01-01,06037,quantile,0.8,11274.346001574808
11539,2020-12-27,5 day ahead inc hosp,2021-01-01,06037,quantile,0.85,11920.3326470649
11540,2020-12-27,5 day ahead inc hosp,2021-01-01,06037,quantile,0.9,12733.131353322355
11541,2020-12-27,5 day ahead inc hosp,2021-01-01,06037,quantile,0.95,13937.821475653229
11542,2020-12-27,5 day ahead inc hosp,2021-01-01,06037,quantile,0.975,14982.710496544245
11543,2020-12-27,5 day ahead inc hosp,2021-01-01,06037,quantile,0.99,16197.619795306662
11544,2020-12-27,6 day ahead inc hosp,2021-01-02,06037,point,NA,9027.5908203125
11545,2020-12-27,6 day ahead inc hosp,2021-01-02,06037,quantile,0.01,3521.483782708933
11546,2020-12-27,6 day ahead inc hosp,2021-01-02,06037,quantile,0.025,4388.658006717286
11547,2020-12-27,6 day ahead inc hosp,2021-01-02,06037,quantile,0.05,5134.475679517242
11548,2020-12-27,6 day ahead inc hosp,2021-01-02,06037,quantile,0.1,5994.355691191346
11549,2020-12-27,6 day ahead inc hosp,2021-01-02,06037,quantile,0.15,6574.512652778349
11550,2020-12-27,6 day ahead inc hosp,2021-01-02,06037,quantile,0.2,7035.603014497752
11551,2020-12-27,6 day ahead inc hosp,2021-01-02,06037,quantile,0.25,7431.177488588701
11552,2020-12-27,6 day ahead inc hosp,2021-01-02,06037,quantile,0.3,7786.4155920654575
11553,2020-12-27,6 day ahead inc hosp,2021-01-02,06037,quantile,0.35,8115.596635997248
11554,2020-12-27,6 day ahead inc hosp,2021-01-02,06037,quantile,0.4,8427.957256004047
11555,2020-12-27,6 day ahead inc hosp,2021-01-02,06037,quantile,0.45,8730.169770780629
11556,2020-12-27,6 day ahead inc hosp,2021-01-02,06037,quantile,0.5,9027.5908203125
11557,2020-12-27,6 day ahead inc hosp,2021-01-02,06037,quantile,0.55,9450.830047950696
11558,2020-12-27,6 day ahead inc hosp,2021-01-02,06037,quantile,0.6,9880.887676817112
11559,2020-12-27,6 day ahead inc hosp,2021-01-02,06037,quantile,0.65,10325.386369039294
11560,2020-12-27,6 day ahead inc hosp,2021-01-02,06037,quantile,0.7,10793.821037688716
11561,2020-12-27,6 day ahead inc hosp,2021-01-02,06037,quantile,0.75,11299.335697057333
11562,2020-12-27,6 day ahead inc hosp,2021-01-02,06037,quantile,0.8,11862.250242450657
11563,2020-12-27,6 day ahead inc hosp,2021-01-02,06037,quantile,0.85,12518.395894793344
11564,2020-12-27,6 day ahead inc hosp,2021-01-02,06037,quantile,0.9,13343.976951404784
11565,2020-12-27,6 day ahead inc hosp,2021-01-02,06037,quantile,0.95,14567.61244248818
11566,2020-12-27,6 day ahead inc hosp,2021-01-02,06037,quantile,0.975,15628.933745373786
11567,2020-12-27,6 day ahead inc hosp,2021-01-02,06037,quantile,0.99,16862.949123151266
11568,2020-12-27,7 day ahead inc hosp,2021-01-03,06037,point,NA,8852.892578125
11569,2020-12-27,7 day ahead inc hosp,2021-01-03,06037,quantile,0.01,3460.19727120502
11570,2020-12-27,7 day ahead inc hosp,2021-01-03,06037,quantile,0.025,4309.509922803442
11571,2020-12-27,7 day ahead inc hosp,2021-01-03,06037,quantile,0.05,5039.965657945997
11572,2020-12-27,7 day ahead inc hosp,2021-01-03,06037,quantile,0.1,5882.134339339345
11573,2020-12-27,7 day ahead inc hosp,2021-01-03,06037,quantile,0.15,6450.341550470653
11574,2020-12-27,7 day ahead inc hosp,2021-01-03,06037,quantile,0.2,6901.934629342668
11575,2020-12-27,7 day ahead inc hosp,2021-01-03,06037,quantile,0.25,7289.361280404656
11576,2020-12-27,7 day ahead inc hosp,2021-01-03,06037,quantile,0.3,7637.2823869823505
11577,2020-12-27,7 day ahead inc hosp,2021-01-03,06037,quantile,0.35,7959.683142836635
11578,2020-12-27,7 day ahead inc hosp,2021-01-03,06037,quantile,0.4,8265.609932503698
11579,2020-12-27,7 day ahead inc hosp,2021-01-03,06037,quantile,0.45,8561.597641968472
11580,2020-12-27,7 day ahead inc hosp,2021-01-03,06037,quantile,0.5,8852.892578125
11581,2020-12-27,7 day ahead inc hosp,2021-01-03,06037,quantile,0.55,9272.851602832106
11582,2020-12-27,7 day ahead inc hosp,2021-01-03,06037,quantile,0.6,9699.57618456436
11583,2020-12-27,7 day ahead inc hosp,2021-01-03,06037,quantile,0.65,10140.629908036291
11584,2020-12-27,7 day ahead inc hosp,2021-01-03,06037,quantile,0.7,10605.434098523983
11585,2020-12-27,7 day ahead inc hosp,2021-01-03,06037,quantile,0.75,11107.030901136688
11586,2020-12-27,7 day ahead inc hosp,2021-01-03,06037,quantile,0.8,11665.582727242254
11587,2020-12-27,7 day ahead inc hosp,2021-01-03,06037,quantile,0.85,12316.643097428921
11588,2020-12-27,7 day ahead inc hosp,2021-01-03,06037,quantile,0.9,13135.825707901848
11589,2020-12-27,7 day ahead inc hosp,2021-01-03,06037,quantile,0.95,14349.977737948713
11590,2020-12-27,7 day ahead inc hosp,2021-01-03,06037,quantile,0.975,15403.073552691407
11591,2020-12-27,7 day ahead inc hosp,2021-01-03,06037,quantile,0.99,16627.525022884554
11592,2020-12-27,8 day ahead inc hosp,2021-01-04,06037,point,NA,7880.3291015625
11593,2020-12-27,8 day ahead inc hosp,2021-01-04,06037,quantile,0.01,5136.620731178556
11594,2020-12-27,8 day ahead inc hosp,2021-01-04,06037,quantile,0.025,5568.736046181304
11595,2020-12-27,8 day ahead inc hosp,2021-01-04,06037,quantile,0.05,5940.379055964153
11596,2020-12-27,8 day ahead inc hosp,2021-01-04,06037,quantile,0.1,6368.859644780114
11597,2020-12-27,8 day ahead inc hosp,2021-01-04,06037,quantile,0.15,6657.953463838083
11598,2020-12-27,8 day ahead inc hosp,2021-01-04,06037,quantile,0.2,6887.716066764796
11599,2020-12-27,8 day ahead inc hosp,2021-01-04,06037,quantile,0.25,7084.831921625826
11600,2020-12-27,8 day ahead inc hosp,2021-01-04,06037,quantile,0.3,7261.848051412636
11601,2020-12-27,8 day ahead inc hosp,2021-01-04,06037,quantile,0.35,7425.879876337069
11602,2020-12-27,8 day ahead inc hosp,2021-01-04,06037,quantile,0.4,7581.530037483223
11603,2020-12-27,8 day ahead inc hosp,2021-01-04,06037,quantile,0.45,7732.123369716767
11604,2020-12-27,8 day ahead inc hosp,2021-01-04,06037,quantile,0.5,7880.3291015625
11605,2020-12-27,8 day ahead inc hosp,2021-01-04,06037,quantile,0.55,8235.275344781094
11606,2020-12-27,8 day ahead inc hosp,2021-01-04,06037,quantile,0.6,8595.939786462099
11607,2020-12-27,8 day ahead inc hosp,2021-01-04,06037,quantile,0.65,8968.715112133734
11608,2020-12-27,8 day ahead inc hosp,2021-01-04,06037,quantile,0.7,9361.564155825386
11609,2020-12-27,8 day ahead inc hosp,2021-01-04,06037,quantile,0.75,9785.510041550806
11610,2020-12-27,8 day ahead inc hosp,2021-01-04,06037,quantile,0.8,10257.59388939126
11611,2020-12-27,8 day ahead inc hosp,2021-01-04,06037,quantile,0.85,10807.865270432387
11612,2020-12-27,8 day ahead inc hosp,2021-01-04,06037,quantile,0.9,11500.232318146518
11613,2020-12-27,8 day ahead inc hosp,2021-01-04,06037,quantile,0.95,12526.424580741488
11614,2020-12-27,8 day ahead inc hosp,2021-01-04,06037,quantile,0.975,13416.493328407616
11615,2020-12-27,8 day ahead inc hosp,2021-01-04,06037,quantile,0.99,14451.390601187159
11616,2020-12-27,9 day ahead inc hosp,2021-01-05,06037,point,NA,8206.267578125
11617,2020-12-27,9 day ahead inc hosp,2021-01-05,06037,quantile,0.01,5305.016158085613
11618,2020-12-27,9 day ahead inc hosp,2021-01-05,06037,quantile,0.025,5761.9434265974105
11619,2020-12-27,9 day ahead inc hosp,2021-01-05,06037,quantile,0.05,6154.926085220608
11620,2020-12-27,9 day ahead inc hosp,2021-01-05,06037,quantile,0.1,6608.0099224753885
11621,2020-12-27,9 day ahead inc hosp,2021-01-05,06037,quantile,0.15,6913.703436450845
11622,2020-12-27,9 day ahead inc hosp,2021-01-05,06037,quantile,0.2,7156.658950676941
11623,2020-12-27,9 day ahead inc hosp,2021-01-05,06037,quantile,0.25,7365.093148713744
11624,2020-12-27,9 day ahead inc hosp,2021-01-05,06037,quantile,0.3,7552.273500480499
11625,2020-12-27,9 day ahead inc hosp,2021-01-05,06037,quantile,0.35,7725.723991841236
11626,2020-12-27,9 day ahead inc hosp,2021-01-05,06037,quantile,0.4,7890.311546382045
11627,2020-12-27,9 day ahead inc hosp,2021-01-05,06037,quantile,0.45,8049.551910156528
11628,2020-12-27,9 day ahead inc hosp,2021-01-05,06037,quantile,0.5,8206.267578125
11629,2020-12-27,9 day ahead inc hosp,2021-01-05,06037,quantile,0.55,8522.615754446122
11630,2020-12-27,9 day ahead inc hosp,2021-01-05,06037,quantile,0.6,8844.060312796882
11631,2020-12-27,9 day ahead inc hosp,2021-01-05,06037,quantile,0.65,9176.298776245301
11632,2020-12-27,9 day ahead inc hosp,2021-01-05,06037,quantile,0.7,9526.428073049312
11633,2020-12-27,9 day ahead inc hosp,2021-01-05,06037,quantile,0.75,9904.272635065101
11634,2020-12-27,9 day ahead inc hosp,2021-01-05,06037,quantile,0.8,10325.020472767988
11635,2020-12-27,9 day ahead inc hosp,2021-01-05,06037,quantile,0.85,10815.453464241744
11636,2020-12-27,9 day ahead inc hosp,2021-01-05,06037,quantile,0.9,11432.530154230306
11637,2020-12-27,9 day ahead inc hosp,2021-01-05,06037,quantile,0.95,12347.130764967973
11638,2020-12-27,9 day ahead inc hosp,2021-01-05,06037,quantile,0.975,13140.410396754916
11639,2020-12-27,9 day ahead inc hosp,2021-01-05,06037,quantile,0.99,14062.769405135488
11640,2020-12-27,10 day ahead inc hosp,2021-01-06,06037,point,NA,8180.81591796875
11641,2020-12-27,10 day ahead inc hosp,2021-01-06,06037,quantile,0.01,5315.060897491312
11642,2020-12-27,10 day ahead inc hosp,2021-01-06,06037,quantile,0.025,5766.397725691107
11643,2020-12-27,10 day ahead inc hosp,2021-01-06,06037,quantile,0.05,6154.57229723331
11644,2020-12-27,10 day ahead inc hosp,2021-01-06,06037,quantile,0.1,6602.1127180123
11645,2020-12-27,10 day ahead inc hosp,2021-01-06,06037,quantile,0.15,6904.066115208971
11646,2020-12-27,10 day ahead inc hosp,2021-01-06,06037,quantile,0.2,7144.0491031834
11647,2020-12-27,10 day ahead inc hosp,2021-01-06,06037,quantile,0.25,7349.9331383750305
11648,2020-12-27,10 day ahead inc hosp,2021-01-06,06037,quantile,0.3,7534.823365090724
11649,2020-12-27,10 day ahead inc hosp,2021-01-06,06037,quantile,0.35,7706.151714294794
11650,2020-12-27,10 day ahead inc hosp,2021-01-06,06037,quantile,0.4,7868.72556345366
11651,2020-12-27,10 day ahead inc hosp,2021-01-06,06037,quantile,0.45,8026.017643966689
11652,2020-12-27,10 day ahead inc hosp,2021-01-06,06037,quantile,0.5,8180.81591796875
11653,2020-12-27,10 day ahead inc hosp,2021-01-06,06037,quantile,0.55,8531.655648999369
11654,2020-12-27,10 day ahead inc hosp,2021-01-06,06037,quantile,0.6,8888.14742241348
11655,2020-12-27,10 day ahead inc hosp,2021-01-06,06037,quantile,0.65,9256.60996425519
11656,2020-12-27,10 day ahead inc hosp,2021-01-06,06037,quantile,0.7,9644.913983406437
11657,2020-12-27,10 day ahead inc hosp,2021-01-06,06037,quantile,0.75,10063.955073039393
11658,2020-12-27,10 day ahead inc hosp,2021-01-06,06037,quantile,0.8,10530.577197838851
11659,2020-12-27,10 day ahead inc hosp,2021-01-06,06037,quantile,0.85,11074.482273626405
11660,2020-12-27,10 day ahead inc hosp,2021-01-06,06037,quantile,0.9,11758.839055633234
11661,2020-12-27,10 day ahead inc hosp,2021-01-06,06037,quantile,0.95,12773.158897786909
11662,2020-12-27,10 day ahead inc hosp,2021-01-06,06037,quantile,0.975,13652.930091301507
11663,2020-12-27,10 day ahead inc hosp,2021-01-06,06037,quantile,0.99,14675.854231965512
11664,2020-12-27,11 day ahead inc hosp,2021-01-07,06037,point,NA,8312.9140625
11665,2020-12-27,11 day ahead inc hosp,2021-01-07,06037,quantile,0.01,4993.8937857363
11666,2020-12-27,11 day ahead inc hosp,2021-01-07,06037,quantile,0.025,5516.616793718945
11667,2020-12-27,11 day ahead inc hosp,2021-01-07,06037,quantile,0.05,5966.187418097714
11668,2020-12-27,11 day ahead inc hosp,2021-01-07,06037,quantile,0.1,6484.513555755272
11669,2020-12-27,11 day ahead inc hosp,2021-01-07,06037,quantile,0.15,6834.225740073967
11670,2020-12-27,11 day ahead inc hosp,2021-01-07,06037,quantile,0.2,7112.165898068621
11671,2020-12-27,11 day ahead inc hosp,2021-01-07,06037,quantile,0.25,7350.613805367099
11672,2020-12-27,11 day ahead inc hosp,2021-01-07,06037,quantile,0.3,7564.74739566352
11673,2020-12-27,11 day ahead inc hosp,2021-01-07,06037,quantile,0.35,7763.174079357517
11674,2020-12-27,11 day ahead inc hosp,2021-01-07,06037,quantile,0.4,7951.461597995415
11675,2020-12-27,11 day ahead inc hosp,2021-01-07,06037,quantile,0.45,8133.631951311282
11676,2020-12-27,11 day ahead inc hosp,2021-01-07,06037,quantile,0.5,8312.9140625
11677,2020-12-27,11 day ahead inc hosp,2021-01-07,06037,quantile,0.55,8743.530801545332
11678,2020-12-27,11 day ahead inc hosp,2021-01-07,06037,quantile,0.6,9181.084793828704
11679,2020-12-27,11 day ahead inc hosp,2021-01-07,06037,quantile,0.65,9633.331572613242
11680,2020-12-27,11 day ahead inc hosp,2021-01-07,06037,quantile,0.7,10109.931557437973
11681,2020-12-27,11 day ahead inc hosp,2021-01-07,06037,quantile,0.75,10624.25787679089
11682,2020-12-27,11 day ahead inc hosp,2021-01-07,06037,quantile,0.8,11196.984623437525
11683,2020-12-27,11 day ahead inc hosp,2021-01-07,06037,quantile,0.85,11864.567594721355
11684,2020-12-27,11 day ahead inc hosp,2021-01-07,06037,quantile,0.9,12704.539410187199
11685,2020-12-27,11 day ahead inc hosp,2021-01-07,06037,quantile,0.95,13949.50417371072
11686,2020-12-27,11 day ahead inc hosp,2021-01-07,06037,quantile,0.975,15029.325439518874
11687,2020-12-27,11 day ahead inc hosp,2021-01-07,06037,quantile,0.99,16284.851022238694
11688,2020-12-27,12 day ahead inc hosp,2021-01-08,06037,point,NA,8288.9072265625
11689,2020-12-27,12 day ahead inc hosp,2021-01-08,06037,quantile,0.01,5402.5442057345645
11690,2020-12-27,12 day ahead inc hosp,2021-01-08,06037,quantile,0.025,5857.126653133235
11691,2020-12-27,12 day ahead inc hosp,2021-01-08,06037,quantile,0.05,6248.092636240361
11692,2020-12-27,12 day ahead inc hosp,2021-01-08,06037,quantile,0.1,6698.851375780854
11693,2020-12-27,12 day ahead inc hosp,2021-01-08,06037,quantile,0.15,7002.9761573669075
11694,2020-12-27,12 day ahead inc hosp,2021-01-08,06037,quantile,0.2,7244.684892819734
11695,2020-12-27,12 day ahead inc hosp,2021-01-08,06037,quantile,0.25,7452.049465684358
11696,2020-12-27,12 day ahead inc hosp,2021-01-08,06037,quantile,0.3,7638.2692609883425
11697,2020-12-27,12 day ahead inc hosp,2021-01-08,06037,quantile,0.35,7810.829653634793
11698,2020-12-27,12 day ahead inc hosp,2021-01-08,06037,quantile,0.4,7974.572591538686
11699,2020-12-27,12 day ahead inc hosp,2021-01-08,06037,quantile,0.45,8132.995778942284
11700,2020-12-27,12 day ahead inc hosp,2021-01-08,06037,quantile,0.5,8288.9072265625
11701,2020-12-27,12 day ahead inc hosp,2021-01-08,06037,quantile,0.55,8705.01900764664
11702,2020-12-27,12 day ahead inc hosp,2021-01-08,06037,quantile,0.6,9127.834366504168
11703,2020-12-27,12 day ahead inc hosp,2021-01-08,06037,quantile,0.65,9564.8475978681
11704,2020-12-27,12 day ahead inc hosp,2021-01-08,06037,quantile,0.7,10025.393718276151
11705,2020-12-27,12 day ahead inc hosp,2021-01-08,06037,quantile,0.75,10522.395393777351
11706,2020-12-27,12 day ahead inc hosp,2021-01-08,06037,quantile,0.8,11075.830327937141
11707,2020-12-27,12 day ahead inc hosp,2021-01-08,06037,quantile,0.85,11720.926335626507
11708,2020-12-27,12 day ahead inc hosp,2021-01-08,06037,quantile,0.9,12532.60441616015
11709,2020-12-27,12 day ahead inc hosp,2021-01-08,06037,quantile,0.95,13735.63360235775
11710,2020-12-27,12 day ahead inc hosp,2021-01-08,06037,quantile,0.975,14779.082008855159
11711,2020-12-27,12 day ahead inc hosp,2021-01-08,06037,quantile,0.99,15992.316282052441
11712,2020-12-27,13 day ahead inc hosp,2021-01-09,06037,point,NA,8172.81396484375
11713,2020-12-27,13 day ahead inc hosp,2021-01-09,06037,quantile,0.01,2811.2557110239995
11714,2020-12-27,13 day ahead inc hosp,2021-01-09,06037,quantile,0.025,3655.66448958187
11715,2020-12-27,13 day ahead inc hosp,2021-01-09,06037,quantile,0.05,4381.902623373331
11716,2020-12-27,13 day ahead inc hosp,2021-01-09,06037,quantile,0.1,5219.208680520462
11717,2020-12-27,13 day ahead inc hosp,2021-01-09,06037,quantile,0.15,5784.135102158206
11718,2020-12-27,13 day ahead inc hosp,2021-01-09,06037,quantile,0.2,6233.12071354388
11719,2020-12-27,13 day ahead inc hosp,2021-01-09,06037,quantile,0.25,6618.310389675896
11720,2020-12-27,13 day ahead inc hosp,2021-01-09,06037,quantile,0.3,6964.222623629859
11721,2020-12-27,13 day ahead inc hosp,2021-01-09,06037,quantile,0.35,7284.761859616387
11722,2020-12-27,13 day ahead inc hosp,2021-01-09,06037,quantile,0.4,7588.922248967372
11723,2020-12-27,13 day ahead inc hosp,2021-01-09,06037,quantile,0.45,7883.20094568396
11724,2020-12-27,13 day ahead inc hosp,2021-01-09,06037,quantile,0.5,8172.81396484375
11725,2020-12-27,13 day ahead inc hosp,2021-01-09,06037,quantile,0.55,8592.804742357008
11726,2020-12-27,13 day ahead inc hosp,2021-01-09,06037,quantile,0.6,9019.561588434413
11727,2020-12-27,13 day ahead inc hosp,2021-01-09,06037,quantile,0.65,9460.648659667817
11728,2020-12-27,13 day ahead inc hosp,2021-01-09,06037,quantile,0.7,9925.487993673069
11729,2020-12-27,13 day ahead inc hosp,2021-01-09,06037,quantile,0.75,10427.122721666827
11730,2020-12-27,13 day ahead inc hosp,2021-01-09,06037,quantile,0.8,10985.716779482671
11731,2020-12-27,13 day ahead inc hosp,2021-01-09,06037,quantile,0.85,11636.826375885496
11732,2020-12-27,13 day ahead inc hosp,2021-01-09,06037,quantile,0.9,12456.070924178784
11733,2020-12-27,13 day ahead inc hosp,2021-01-09,06037,quantile,0.95,13670.31475540572
11734,2020-12-27,13 day ahead inc hosp,2021-01-09,06037,quantile,0.975,14723.490193981446
11735,2020-12-27,13 day ahead inc hosp,2021-01-09,06037,quantile,0.99,15948.03424408808
11736,2020-12-27,14 day ahead inc hosp,2021-01-10,06037,point,NA,8498.869140625
11737,2020-12-27,14 day ahead inc hosp,2021-01-10,06037,quantile,0.01,3051.300762452467
11738,2020-12-27,14 day ahead inc hosp,2021-01-10,06037,quantile,0.025,3909.255547714004
11739,2020-12-27,14 day ahead inc hosp,2021-01-10,06037,quantile,0.05,4647.143994574923
11740,2020-12-27,14 day ahead inc hosp,2021-01-10,06037,quantile,0.1,5497.882116559782
11741,2020-12-27,14 day ahead inc hosp,2021-01-10,06037,quantile,0.15,6071.8710885746705
11742,2020-12-27,14 day ahead inc hosp,2021-01-10,06037,quantile,0.2,6528.059327711406
11743,2020-12-27,14 day ahead inc hosp,2021-01-10,06037,quantile,0.25,6919.4282171196965
11744,2020-12-27,14 day ahead inc hosp,2021-01-10,06037,quantile,0.3,7270.889575572369
11745,2020-12-27,14 day ahead inc hosp,2021-01-10,06037,quantile,0.35,7596.570902391819
11746,2020-12-27,14 day ahead inc hosp,2021-01-10,06037,quantile,0.4,7905.610633097089
11747,2020-12-27,14 day ahead inc hosp,2021-01-10,06037,quantile,0.45,8204.610149042104
11748,2020-12-27,14 day ahead inc hosp,2021-01-10,06037,quantile,0.5,8498.869140625
11749,2020-12-27,14 day ahead inc hosp,2021-01-10,06037,quantile,0.55,8920.240781717835
11750,2020-12-27,14 day ahead inc hosp,2021-01-10,06037,quantile,0.6,9348.400737143433
11751,2020-12-27,14 day ahead inc hosp,2021-01-10,06037,quantile,0.65,9790.938033250093
11752,2020-12-27,14 day ahead inc hosp,2021-01-10,06037,quantile,0.7,10257.305685830537
11753,2020-12-27,14 day ahead inc hosp,2021-01-10,06037,quantile,0.75,10760.589709864173
11754,2020-12-27,14 day ahead inc hosp,2021-01-10,06037,quantile,0.8,11321.02033703226
11755,2020-12-27,14 day ahead inc hosp,2021-01-10,06037,quantile,0.85,11974.270679318386
11756,2020-12-27,14 day ahead inc hosp,2021-01-10,06037,quantile,0.9,12796.208774756218
11757,2020-12-27,14 day ahead inc hosp,2021-01-10,06037,quantile,0.95,14014.444848606181
11758,2020-12-27,14 day ahead inc hosp,2021-01-10,06037,quantile,0.975,15071.082962278357
11759,2020-12-27,14 day ahead inc hosp,2021-01-10,06037,quantile,0.99,16299.653120506679
11760,2020-12-27,15 day ahead inc hosp,2021-01-11,06037,point,NA,8221.9921875
11761,2020-12-27,15 day ahead inc hosp,2021-01-11,06037,quantile,0.01,5541.361865068397
11762,2020-12-27,15 day ahead inc hosp,2021-01-11,06037,quantile,0.025,5963.542818659087
11763,2020-12-27,15 day ahead inc hosp,2021-01-11,06037,quantile,0.05,6326.64172957003
11764,2020-12-27,15 day ahead inc hosp,2021-01-11,06037,quantile,0.1,6745.271519584004
11765,2020-12-27,15 day ahead inc hosp,2021-01-11,06037,quantile,0.15,7027.719051457045
11766,2020-12-27,15 day ahead inc hosp,2021-01-11,06037,quantile,0.2,7252.199396020767
11767,2020-12-27,15 day ahead inc hosp,2021-01-11,06037,quantile,0.25,7444.783543547555
11768,2020-12-27,15 day ahead inc hosp,2021-01-11,06037,quantile,0.3,7617.7300600899125
11769,2020-12-27,15 day ahead inc hosp,2021-01-11,06037,quantile,0.35,7777.990781849746
11770,2020-12-27,15 day ahead inc hosp,2021-01-11,06037,quantile,0.4,7930.062534869678
11771,2020-12-27,15 day ahead inc hosp,2021-01-11,06037,quantile,0.45,8077.193715828522
11772,2020-12-27,15 day ahead inc hosp,2021-01-11,06037,quantile,0.5,8221.9921875
11773,2020-12-27,15 day ahead inc hosp,2021-01-11,06037,quantile,0.55,8586.148186417287
11774,2020-12-27,15 day ahead inc hosp,2021-01-11,06037,quantile,0.6,8956.170753337112
11775,2020-12-27,15 day ahead inc hosp,2021-01-11,06037,quantile,0.65,9338.618444178206
11776,2020-12-27,15 day ahead inc hosp,2021-01-11,06037,quantile,0.7,9741.660703851123
11777,2020-12-27,15 day ahead inc hosp,2021-01-11,06037,quantile,0.75,10176.606672297781
11778,2020-12-27,15 day ahead inc hosp,2021-01-11,06037,quantile,0.8,10660.939633887083
11779,2020-12-27,15 day ahead inc hosp,2021-01-11,06037,quantile,0.85,11225.488853007062
11780,2020-12-27,15 day ahead inc hosp,2021-01-11,06037,quantile,0.9,11935.82068126219
11781,2020-12-27,15 day ahead inc hosp,2021-01-11,06037,quantile,0.95,12988.639454825949
11782,2020-12-27,15 day ahead inc hosp,2021-01-11,06037,quantile,0.975,13901.802729839983
11783,2020-12-27,15 day ahead inc hosp,2021-01-11,06037,quantile,0.99,14963.5523816421
11784,2020-12-27,16 day ahead inc hosp,2021-01-12,06037,point,NA,8697.54296875
11785,2020-12-27,16 day ahead inc hosp,2021-01-12,06037,quantile,0.01,5872.652668172751
11786,2020-12-27,16 day ahead inc hosp,2021-01-12,06037,quantile,0.025,6317.553582299908
11787,2020-12-27,16 day ahead inc hosp,2021-01-12,06037,quantile,0.05,6700.192912683987
11788,2020-12-27,16 day ahead inc hosp,2021-01-12,06037,quantile,0.1,7141.35155490603
11789,2020-12-27,16 day ahead inc hosp,2021-01-12,06037,quantile,0.15,7438.999196407889
11790,2020-12-27,16 day ahead inc hosp,2021-01-12,06037,quantile,0.2,7675.560106251317
11791,2020-12-27,16 day ahead inc hosp,2021-01-12,06037,quantile,0.25,7878.508303114162
11792,2020-12-27,16 day ahead inc hosp,2021-01-12,06037,quantile,0.3,8060.762056274709
11793,2020-12-27,16 day ahead inc hosp,2021-01-12,06037,quantile,0.35,8229.64731981683
11794,2020-12-27,16 day ahead inc hosp,2021-01-12,06037,quantile,0.4,8389.902919592374
11795,2020-12-27,16 day ahead inc hosp,2021-01-12,06037,quantile,0.45,8544.952066998158
11796,2020-12-27,16 day ahead inc hosp,2021-01-12,06037,quantile,0.5,8697.54296875
11797,2020-12-27,16 day ahead inc hosp,2021-01-12,06037,quantile,0.55,9012.35789870106
11798,2020-12-27,16 day ahead inc hosp,2021-01-12,06037,quantile,0.6,9332.244510020168
11799,2020-12-27,16 day ahead inc hosp,2021-01-12,06037,quantile,0.65,9662.872711560329
11800,2020-12-27,16 day ahead inc hosp,2021-01-12,06037,quantile,0.7,10011.305034859954
11801,2020-12-27,16 day ahead inc hosp,2021-01-12,06037,quantile,0.75,10387.318295649684
11802,2020-12-27,16 day ahead inc hosp,2021-01-12,06037,quantile,0.8,10806.026892594582
11803,2020-12-27,16 day ahead inc hosp,2021-01-12,06037,quantile,0.85,11294.082899909046
11804,2020-12-27,16 day ahead inc hosp,2021-01-12,06037,quantile,0.9,11908.16880105862
11805,2020-12-27,16 day ahead inc hosp,2021-01-12,06037,quantile,0.95,12818.336612205729
11806,2020-12-27,16 day ahead inc hosp,2021-01-12,06037,quantile,0.975,13607.7714514289
11807,2020-12-27,16 day ahead inc hosp,2021-01-12,06037,quantile,0.99,14525.660057552253
11808,2020-12-27,17 day ahead inc hosp,2021-01-13,06037,point,NA,8866.1796875
11809,2020-12-27,17 day ahead inc hosp,2021-01-13,06037,quantile,0.01,6030.635951803776
11810,2020-12-27,17 day ahead inc hosp,2021-01-13,06037,quantile,0.025,6477.214709145608
11811,2020-12-27,17 day ahead inc hosp,2021-01-13,06037,quantile,0.05,6861.297077257341
11812,2020-12-27,17 day ahead inc hosp,2021-01-13,06037,quantile,0.1,7304.11944956162
11813,2020-12-27,17 day ahead inc hosp,2021-01-13,06037,quantile,0.15,7602.889601851388
11814,2020-12-27,17 day ahead inc hosp,2021-01-13,06037,quantile,0.2,7840.342647684729
11815,2020-12-27,17 day ahead inc hosp,2021-01-13,06037,quantile,0.25,8044.056217789625
11816,2020-12-27,17 day ahead inc hosp,2021-01-13,06037,quantile,0.3,8226.997299776389
11817,2020-12-27,17 day ahead inc hosp,2021-01-13,06037,quantile,0.35,8396.51947590847
11818,2020-12-27,17 day ahead inc hosp,2021-01-13,06037,quantile,0.4,8557.37944344807
11819,2020-12-27,17 day ahead inc hosp,2021-01-13,06037,quantile,0.45,8713.013323659869
11820,2020-12-27,17 day ahead inc hosp,2021-01-13,06037,quantile,0.5,8866.1796875
11821,2020-12-27,17 day ahead inc hosp,2021-01-13,06037,quantile,0.55,9215.72798435194
11822,2020-12-27,17 day ahead inc hosp,2021-01-13,06037,quantile,0.6,9570.907518530057
11823,2020-12-27,17 day ahead inc hosp,2021-01-13,06037,quantile,0.65,9938.013756971639
11824,2020-12-27,17 day ahead inc hosp,2021-01-13,06037,quantile,0.7,10324.888436633379
11825,2020-12-27,17 day ahead inc hosp,2021-01-13,06037,quantile,0.75,10742.387044222376
11826,2020-12-27,17 day ahead inc hosp,2021-01-13,06037,quantile,0.8,11207.291542119307
11827,2020-12-27,17 day ahead inc hosp,2021-01-13,06037,quantile,0.85,11749.194513975344
11828,2020-12-27,17 day ahead inc hosp,2021-01-13,06037,quantile,0.9,12431.032192070832
11829,2020-12-27,17 day ahead inc hosp,2021-01-13,06037,quantile,0.95,13441.618342751135
11830,2020-12-27,17 day ahead inc hosp,2021-01-13,06037,quantile,0.975,14318.15111573285
11831,2020-12-27,17 day ahead inc hosp,2021-01-13,06037,quantile,0.99,15337.309892669186
11832,2020-12-27,18 day ahead inc hosp,2021-01-14,06037,point,NA,9137.1552734375
11833,2020-12-27,18 day ahead inc hosp,2021-01-14,06037,quantile,0.01,5989.475402018714
11834,2020-12-27,18 day ahead inc hosp,2021-01-14,06037,quantile,0.025,6485.213467276577
11835,2020-12-27,18 day ahead inc hosp,2021-01-14,06037,quantile,0.05,6911.575552210286
11836,2020-12-27,18 day ahead inc hosp,2021-01-14,06037,quantile,0.1,7403.143730252814
11837,2020-12-27,18 day ahead inc hosp,2021-01-14,06037,quantile,0.15,7734.8024462529465
11838,2020-12-27,18 day ahead inc hosp,2021-01-14,06037,quantile,0.2,7998.394279934599
11839,2020-12-27,18 day ahead inc hosp,2021-01-14,06037,quantile,0.25,8224.532602571544
11840,2020-12-27,18 day ahead inc hosp,2021-01-14,06037,quantile,0.3,8427.611805398199
11841,2020-12-27,18 day ahead inc hosp,2021-01-14,06037,quantile,0.35,8615.794951668398
11842,2020-12-27,18 day ahead inc hosp,2021-01-14,06037,quantile,0.4,8794.36235500882
11843,2020-12-27,18 day ahead inc hosp,2021-01-14,06037,quantile,0.45,8967.1283842844
11844,2020-12-27,18 day ahead inc hosp,2021-01-14,06037,quantile,0.5,9137.1552734375
11845,2020-12-27,18 day ahead inc hosp,2021-01-14,06037,quantile,0.55,9563.082475823268
11846,2020-12-27,18 day ahead inc hosp,2021-01-14,06037,quantile,0.6,9995.871382820127
11847,2020-12-27,18 day ahead inc hosp,2021-01-14,06037,quantile,0.65,10443.193067766042
11848,2020-12-27,18 day ahead inc hosp,2021-01-14,06037,quantile,0.7,10914.602745530861
11849,2020-12-27,18 day ahead inc hosp,2021-01-14,06037,quantile,0.75,11423.32790749512
11850,2020-12-27,18 day ahead inc hosp,2021-01-14,06037,quantile,0.8,11989.817499775052
11851,2020-12-27,18 day ahead inc hosp,2021-01-14,06037,quantile,0.85,12650.130305890485
11852,2020-12-27,18 day ahead inc hosp,2021-01-14,06037,quantile,0.9,13480.954593486513
11853,2020-12-27,18 day ahead inc hosp,2021-01-14,06037,quantile,0.95,14712.361342727188
11854,2020-12-27,18 day ahead inc hosp,2021-01-14,06037,quantile,0.975,15780.423053105587
11855,2020-12-27,18 day ahead inc hosp,2021-01-14,06037,quantile,0.99,17022.275611269422
11856,2020-12-27,19 day ahead inc hosp,2021-01-15,06037,point,NA,9122.064453125
11857,2020-12-27,19 day ahead inc hosp,2021-01-15,06037,quantile,0.01,6354.80720609862
11858,2020-12-27,19 day ahead inc hosp,2021-01-15,06037,quantile,0.025,6790.631308215242
11859,2020-12-27,19 day ahead inc hosp,2021-01-15,06037,quantile,0.05,7165.464079521898
11860,2020-12-27,19 day ahead inc hosp,2021-01-15,06037,quantile,0.1,7597.622259090076
11861,2020-12-27,19 day ahead inc hosp,2021-01-15,06037,quantile,0.15,7889.197331169165
11862,2020-12-27,19 day ahead inc hosp,2021-01-15,06037,quantile,0.2,8120.931955339744
11863,2020-12-27,19 day ahead inc hosp,2021-01-15,06037,quantile,0.25,8319.739628835909
11864,2020-12-27,19 day ahead inc hosp,2021-01-15,06037,quantile,0.3,8498.275064044921
11865,2020-12-27,19 day ahead inc hosp,2021-01-15,06037,quantile,0.35,8663.714751864798
11866,2020-12-27,19 day ahead inc hosp,2021-01-15,06037,quantile,0.4,8820.700837223514
11867,2020-12-27,19 day ahead inc hosp,2021-01-15,06037,quantile,0.45,8972.586691593238
11868,2020-12-27,19 day ahead inc hosp,2021-01-15,06037,quantile,0.5,9122.064453125
11869,2020-12-27,19 day ahead inc hosp,2021-01-15,06037,quantile,0.55,9529.738271113678
11870,2020-12-27,19 day ahead inc hosp,2021-01-15,06037,quantile,0.6,9943.979730945948
11871,2020-12-27,19 day ahead inc hosp,2021-01-15,06037,quantile,0.65,10372.131157174561
11872,2020-12-27,19 day ahead inc hosp,2021-01-15,06037,quantile,0.7,10823.338269786107
11873,2020-12-27,19 day ahead inc hosp,2021-01-15,06037,quantile,0.75,11310.261687504419
11874,2020-12-27,19 day ahead inc hosp,2021-01-15,06037,quantile,0.8,11852.474003698397
11875,2020-12-27,19 day ahead inc hosp,2021-01-15,06037,quantile,0.85,12484.48867951167
11876,2020-12-27,19 day ahead inc hosp,2021-01-15,06037,quantile,0.9,13279.707457520652
11877,2020-12-27,19 day ahead inc hosp,2021-01-15,06037,quantile,0.95,14458.341477954249
11878,2020-12-27,19 day ahead inc hosp,2021-01-15,06037,quantile,0.975,15480.63071629952
11879,2020-12-27,19 day ahead inc hosp,2021-01-15,06037,quantile,0.99,16669.262883791653
11880,2020-12-27,20 day ahead inc hosp,2021-01-16,06037,point,NA,9194.744140625
11881,2020-12-27,20 day ahead inc hosp,2021-01-16,06037,quantile,0.01,4095.5639632268258
11882,2020-12-27,20 day ahead inc hosp,2021-01-16,06037,quantile,0.025,4898.649988110675
11883,2020-12-27,20 day ahead inc hosp,2021-01-16,06037,quantile,0.05,5589.348274054275
11884,2020-12-27,20 day ahead inc hosp,2021-01-16,06037,quantile,0.1,6385.679162742892
11885,2020-12-27,20 day ahead inc hosp,2021-01-16,06037,quantile,0.15,6922.959832751725
11886,2020-12-27,20 day ahead inc hosp,2021-01-16,06037,quantile,0.2,7349.973477130903
11887,2020-12-27,20 day ahead inc hosp,2021-01-16,06037,quantile,0.25,7716.313161992384
11888,2020-12-27,20 day ahead inc hosp,2021-01-16,06037,quantile,0.3,8045.297521201934
11889,2020-12-27,20 day ahead inc hosp,2021-01-16,06037,quantile,0.35,8350.150558480116
11890,2020-12-27,20 day ahead inc hosp,2021-01-16,06037,quantile,0.4,8639.426279213598
11891,2020-12-27,20 day ahead inc hosp,2021-01-16,06037,quantile,0.45,8919.303886783884
11892,2020-12-27,20 day ahead inc hosp,2021-01-16,06037,quantile,0.5,9194.744140625
11893,2020-12-27,20 day ahead inc hosp,2021-01-16,06037,quantile,0.55,9609.43716951546
11894,2020-12-27,20 day ahead inc hosp,2021-01-16,06037,quantile,0.6,10030.810920023574
11895,2020-12-27,20 day ahead inc hosp,2021-01-16,06037,quantile,0.65,10466.334134740899
11896,2020-12-27,20 day ahead inc hosp,2021-01-16,06037,quantile,0.7,10925.310002038314
11897,2020-12-27,20 day ahead inc hosp,2021-01-16,06037,quantile,0.75,11420.617127542533
11898,2020-12-27,20 day ahead inc hosp,2021-01-16,06037,quantile,0.8,11972.165099922839
11899,2020-12-27,20 day ahead inc hosp,2021-01-16,06037,quantile,0.85,12615.061623200447
11900,2020-12-27,20 day ahead inc hosp,2021-01-16,06037,quantile,0.9,13423.972250108243
11901,2020-12-27,20 day ahead inc hosp,2021-01-16,06037,quantile,0.95,14622.899653144279
11902,2020-12-27,20 day ahead inc hosp,2021-01-16,06037,quantile,0.975,15662.790374464275
11903,2020-12-27,20 day ahead inc hosp,2021-01-16,06037,quantile,0.99,16871.88806978803
11904,2020-12-27,21 day ahead inc hosp,2021-01-17,06037,point,NA,10441.689453125
11905,2020-12-27,21 day ahead inc hosp,2021-01-17,06037,quantile,0.01,5224.210851413295
11906,2020-12-27,21 day ahead inc hosp,2021-01-17,06037,quantile,0.025,6045.928069553087
11907,2020-12-27,21 day ahead inc hosp,2021-01-17,06037,quantile,0.05,6752.650209539999
11908,2020-12-27,21 day ahead inc hosp,2021-01-17,06037,quantile,0.1,7567.455575710628
11909,2020-12-27,21 day ahead inc hosp,2021-01-17,06037,quantile,0.15,8117.2008879687955
11910,2020-12-27,21 day ahead inc hosp,2021-01-17,06037,quantile,0.2,8554.121034870543
11911,2020-12-27,21 day ahead inc hosp,2021-01-17,06037,quantile,0.25,8928.959616804677
11912,2020-12-27,21 day ahead inc hosp,2021-01-17,06037,quantile,0.3,9265.576248254929
11913,2020-12-27,21 day ahead inc hosp,2021-01-17,06037,quantile,0.35,9577.501723200063
11914,2020-12-27,21 day ahead inc hosp,2021-01-17,06037,quantile,0.4,9873.488495664295
11915,2020-12-27,21 day ahead inc hosp,2021-01-17,06037,quantile,0.45,10159.85912345045
11916,2020-12-27,21 day ahead inc hosp,2021-01-17,06037,quantile,0.5,10441.689453125
11917,2020-12-27,21 day ahead inc hosp,2021-01-17,06037,quantile,0.55,10848.853692263272
11918,2020-12-27,21 day ahead inc hosp,2021-01-17,06037,quantile,0.6,11262.577363909062
11919,2020-12-27,21 day ahead inc hosp,2021-01-17,06037,quantile,0.65,11690.193614951164
11920,2020-12-27,21 day ahead inc hosp,2021-01-17,06037,quantile,0.7,12140.836733527298
11921,2020-12-27,21 day ahead inc hosp,2021-01-17,06037,quantile,0.75,12627.151513004723
11922,2020-12-27,21 day ahead inc hosp,2021-01-17,06037,quantile,0.8,13168.686081655027
11923,2020-12-27,21 day ahead inc hosp,2021-01-17,06037,quantile,0.85,13799.910759931716
11924,2020-12-27,21 day ahead inc hosp,2021-01-17,06037,quantile,0.9,14594.135540649633
11925,2020-12-27,21 day ahead inc hosp,2021-01-17,06037,quantile,0.95,15771.296307362534
11926,2020-12-27,21 day ahead inc hosp,2021-01-17,06037,quantile,0.975,16792.30771781729
11927,2020-12-27,21 day ahead inc hosp,2021-01-17,06037,quantile,0.99,17979.454134234078
11928,2020-12-27,22 day ahead inc hosp,2021-01-18,06037,point,NA,8861.0419921875
11929,2020-12-27,22 day ahead inc hosp,2021-01-18,06037,quantile,0.01,5861.900511642667
11930,2020-12-27,22 day ahead inc hosp,2021-01-18,06037,quantile,0.025,6334.244795602441
11931,2020-12-27,22 day ahead inc hosp,2021-01-18,06037,quantile,0.05,6740.486938034763
11932,2020-12-27,22 day ahead inc hosp,2021-01-18,06037,quantile,0.1,7208.858110932557
11933,2020-12-27,22 day ahead inc hosp,2021-01-18,06037,quantile,0.15,7524.865917689566
11934,2020-12-27,22 day ahead inc hosp,2021-01-18,06037,quantile,0.2,7776.018904848704
11935,2020-12-27,22 day ahead inc hosp,2021-01-18,06037,quantile,0.25,7991.485804745227
11936,2020-12-27,22 day ahead inc hosp,2021-01-18,06037,quantile,0.3,8184.981740136799
11937,2020-12-27,22 day ahead inc hosp,2021-01-18,06037,quantile,0.35,8364.284560936043
11938,2020-12-27,22 day ahead inc hosp,2021-01-18,06037,quantile,0.4,8534.425403813448
11939,2020-12-27,22 day ahead inc hosp,2021-01-18,06037,quantile,0.45,8699.038638321272
11940,2020-12-27,22 day ahead inc hosp,2021-01-18,06037,quantile,0.5,8861.0419921875
11941,2020-12-27,22 day ahead inc hosp,2021-01-18,06037,quantile,0.55,9280.685237538362
11942,2020-12-27,22 day ahead inc hosp,2021-01-18,06037,quantile,0.6,9707.088952696055
11943,2020-12-27,22 day ahead inc hosp,2021-01-18,06037,quantile,0.65,10147.811035096658
11944,2020-12-27,22 day ahead inc hosp,2021-01-18,06037,quantile,0.7,10612.265725848862
11945,2020-12-27,22 day ahead inc hosp,2021-01-18,06037,quantile,0.75,11113.48536329519
11946,2020-12-27,22 day ahead inc hosp,2021-01-18,06037,quantile,0.8,11671.617198102322
11947,2020-12-27,22 day ahead inc hosp,2021-01-18,06037,quantile,0.85,12322.188017136426
11948,2020-12-27,22 day ahead inc hosp,2021-01-18,06037,quantile,0.9,13140.754660474076
11949,2020-12-27,22 day ahead inc hosp,2021-01-18,06037,quantile,0.95,14353.993734437432
11950,2020-12-27,22 day ahead inc hosp,2021-01-18,06037,quantile,0.975,15406.297695930454
11951,2020-12-27,22 day ahead inc hosp,2021-01-18,06037,quantile,0.99,16629.828465592684
11952,2020-12-27,23 day ahead inc hosp,2021-01-19,06037,point,NA,9238.787109375
11953,2020-12-27,23 day ahead inc hosp,2021-01-19,06037,quantile,0.01,6360.360422047531
11954,2020-12-27,23 day ahead inc hosp,2021-01-19,06037,quantile,0.025,6813.692951164965
11955,2020-12-27,23 day ahead inc hosp,2021-01-19,06037,quantile,0.05,7203.583935594903
11956,2020-12-27,23 day ahead inc hosp,2021-01-19,06037,quantile,0.1,7653.103270507694
11957,2020-12-27,23 day ahead inc hosp,2021-01-19,06037,quantile,0.15,7956.391831675524
11958,2020-12-27,23 day ahead inc hosp,2021-01-19,06037,quantile,0.2,8197.435965648672
11959,2020-12-27,23 day ahead inc hosp,2021-01-19,06037,quantile,0.25,8404.230369620971
11960,2020-12-27,23 day ahead inc hosp,2021-01-19,06037,quantile,0.3,8589.938135637836
11961,2020-12-27,23 day ahead inc hosp,2021-01-19,06037,quantile,0.35,8762.024056842152
11962,2020-12-27,23 day ahead inc hosp,2021-01-19,06037,quantile,0.4,8925.316767746124
11963,2020-12-27,23 day ahead inc hosp,2021-01-19,06037,quantile,0.45,9083.304355316865
11964,2020-12-27,23 day ahead inc hosp,2021-01-19,06037,quantile,0.5,9238.787109375
11965,2020-12-27,23 day ahead inc hosp,2021-01-19,06037,quantile,0.55,9582.802502764389
11966,2020-12-27,23 day ahead inc hosp,2021-01-19,06037,quantile,0.6,9932.359998179389
11967,2020-12-27,23 day ahead inc hosp,2021-01-19,06037,quantile,0.65,10293.655413349648
11968,2020-12-27,23 day ahead inc hosp,2021-01-19,06037,quantile,0.7,10674.406360543078
11969,2020-12-27,23 day ahead inc hosp,2021-01-19,06037,quantile,0.75,11085.29649796545
11970,2020-12-27,23 day ahead inc hosp,2021-01-19,06037,quantile,0.8,11542.842150949285
11971,2020-12-27,23 day ahead inc hosp,2021-01-19,06037,quantile,0.85,12076.167490311178
11972,2020-12-27,23 day ahead inc hosp,2021-01-19,06037,quantile,0.9,12747.212548090647
11973,2020-12-27,23 day ahead inc hosp,2021-01-19,06037,quantile,0.95,13741.8024096668
11974,2020-12-27,23 day ahead inc hosp,2021-01-19,06037,quantile,0.975,14604.460787440901
11975,2020-12-27,23 day ahead inc hosp,2021-01-19,06037,quantile,0.99,15607.48758153942
11976,2020-12-27,24 day ahead inc hosp,2021-01-20,06037,point,NA,9706.603515625
11977,2020-12-27,24 day ahead inc hosp,2021-01-20,06037,quantile,0.01,6823.88932827284
11978,2020-12-27,24 day ahead inc hosp,2021-01-20,06037,quantile,0.025,7277.897109338966
11979,2020-12-27,24 day ahead inc hosp,2021-01-20,06037,quantile,0.05,7668.368847696989
11980,2020-12-27,24 day ahead inc hosp,2021-01-20,06037,quantile,0.1,8118.557754695122
11981,2020-12-27,24 day ahead inc hosp,2021-01-20,06037,quantile,0.15,8422.29807297013
11982,2020-12-27,24 day ahead inc hosp,2021-01-20,06037,quantile,0.2,8663.701249171074
11983,2020-12-27,24 day ahead inc hosp,2021-01-20,06037,quantile,0.25,8870.803679405095
11984,2020-12-27,24 day ahead inc hosp,2021-01-20,06037,quantile,0.3,9056.788062524938
11985,2020-12-27,24 day ahead inc hosp,2021-01-20,06037,quantile,0.35,9229.130310699353
11986,2020-12-27,24 day ahead inc hosp,2021-01-20,06037,quantile,0.4,9392.666250831679
11987,2020-12-27,24 day ahead inc hosp,2021-01-20,06037,quantile,0.45,9550.889165495719
11988,2020-12-27,24 day ahead inc hosp,2021-01-20,06037,quantile,0.5,9706.603515625
11989,2020-12-27,24 day ahead inc hosp,2021-01-20,06037,quantile,0.55,10072.687692191175
11990,2020-12-27,24 day ahead inc hosp,2021-01-20,06037,quantile,0.6,10444.669499780493
11991,2020-12-27,24 day ahead inc hosp,2021-01-20,06037,quantile,0.65,10829.142221354407
11992,2020-12-27,24 day ahead inc hosp,2021-01-20,06037,quantile,0.7,11234.318558397925
11993,2020-12-27,24 day ahead inc hosp,2021-01-20,06037,quantile,0.75,11671.567531868051
11994,2020-12-27,24 day ahead inc hosp,2021-01-20,06037,quantile,0.8,12158.464998762585
11995,2020-12-27,24 day ahead inc hosp,2021-01-20,06037,quantile,0.85,12726.003462023098
11996,2020-12-27,24 day ahead inc hosp,2021-01-20,06037,quantile,0.9,13440.096441978614
11997,2020-12-27,24 day ahead inc hosp,2021-01-20,06037,quantile,0.95,14498.48980894067
11998,2020-12-27,24 day ahead inc hosp,2021-01-20,06037,quantile,0.975,15416.488212366432
11999,2020-12-27,24 day ahead inc hosp,2021-01-20,06037,quantile,0.99,16483.85974587146
12000,2020-12-27,25 day ahead inc hosp,2021-01-21,06037,point,NA,10351.0673828125
12001,2020-12-27,25 day ahead inc hosp,2021-01-21,06037,quantile,0.01,7025.053295570055
12002,2020-12-27,25 day ahead inc hosp,2021-01-21,06037,quantile,0.025,7548.877780900189
12003,2020-12-27,25 day ahead inc hosp,2021-01-21,06037,quantile,0.05,7999.395736563954
12004,2020-12-27,25 day ahead inc hosp,2021-01-21,06037,quantile,0.1,8518.814086522334
12005,2020-12-27,25 day ahead inc hosp,2021-01-21,06037,quantile,0.15,8869.263181295104
12006,2020-12-27,25 day ahead inc hosp,2021-01-21,06037,quantile,0.2,9147.789012358118
12007,2020-12-27,25 day ahead inc hosp,2021-01-21,06037,quantile,0.25,9386.739374999932
12008,2020-12-27,25 day ahead inc hosp,2021-01-21,06037,quantile,0.3,9601.324185723704
12009,2020-12-27,25 day ahead inc hosp,2021-01-21,06037,quantile,0.35,9800.168992388928
12010,2020-12-27,25 day ahead inc hosp,2021-01-21,06037,quantile,0.4,9988.853268838186
12011,2020-12-27,25 day ahead inc hosp,2021-01-21,06037,quantile,0.45,10171.407489928184
12012,2020-12-27,25 day ahead inc hosp,2021-01-21,06037,quantile,0.5,10351.0673828125
12013,2020-12-27,25 day ahead inc hosp,2021-01-21,06037,quantile,0.55,10795.258922012554
12014,2020-12-27,25 day ahead inc hosp,2021-01-21,06037,quantile,0.6,11246.606405035081
12015,2020-12-27,25 day ahead inc hosp,2021-01-21,06037,quantile,0.65,11713.109851259504
12016,2020-12-27,25 day ahead inc hosp,2021-01-21,06037,quantile,0.7,12204.734216144523
12017,2020-12-27,25 day ahead inc hosp,2021-01-21,06037,quantile,0.75,12735.274203862977
12018,2020-12-27,25 day ahead inc hosp,2021-01-21,06037,quantile,0.8,13326.055639108637
12019,2020-12-27,25 day ahead inc hosp,2021-01-21,06037,quantile,0.85,14014.683555003687
12020,2020-12-27,25 day ahead inc hosp,2021-01-21,06037,quantile,0.9,14881.134716246535
12021,2020-12-27,25 day ahead inc hosp,2021-01-21,06037,quantile,0.95,16165.345859049157
12022,2020-12-27,25 day ahead inc hosp,2021-01-21,06037,quantile,0.975,17279.20750591324
12023,2020-12-27,25 day ahead inc hosp,2021-01-21,06037,quantile,0.99,18574.312388110236
12024,2020-12-27,26 day ahead inc hosp,2021-01-22,06037,point,NA,9746.7373046875
12025,2020-12-27,26 day ahead inc hosp,2021-01-22,06037,quantile,0.01,6964.959125997154
12026,2020-12-27,26 day ahead inc hosp,2021-01-22,06037,quantile,0.025,7403.070175599828
12027,2020-12-27,26 day ahead inc hosp,2021-01-22,06037,quantile,0.05,7779.869847910505
12028,2020-12-27,26 day ahead inc hosp,2021-01-22,06037,quantile,0.1,8214.295738368328
12029,2020-12-27,26 day ahead inc hosp,2021-01-22,06037,quantile,0.15,8507.400824218681
12030,2020-12-27,26 day ahead inc hosp,2021-01-22,06037,quantile,0.2,8740.351454832235
12031,2020-12-27,26 day ahead inc hosp,2021-01-22,06037,quantile,0.25,8940.202353581206
12032,2020-12-27,26 day ahead inc hosp,2021-01-22,06037,quantile,0.3,9119.67463730947
12033,2020-12-27,26 day ahead inc hosp,2021-01-22,06037,quantile,0.35,9285.982454900774
12034,2020-12-27,26 day ahead inc hosp,2021-01-22,06037,quantile,0.4,9443.79231051798
12035,2020-12-27,26 day ahead inc hosp,2021-01-22,06037,quantile,0.45,9596.475172146205
12036,2020-12-27,26 day ahead inc hosp,2021-01-22,06037,quantile,0.5,9746.7373046875
12037,2020-12-27,26 day ahead inc hosp,2021-01-22,06037,quantile,0.55,10157.332748990559
12038,2020-12-27,26 day ahead inc hosp,2021-01-22,06037,quantile,0.6,10574.542902656356
12039,2020-12-27,26 day ahead inc hosp,2021-01-22,06037,quantile,0.65,11005.762709581037
12040,2020-12-27,26 day ahead inc hosp,2021-01-22,06037,quantile,0.7,11460.20343326907
12041,2020-12-27,26 day ahead inc hosp,2021-01-22,06037,quantile,0.75,11950.616425758979
12042,2020-12-27,26 day ahead inc hosp,2021-01-22,06037,quantile,0.8,12496.714548941467
12043,2020-12-27,26 day ahead inc hosp,2021-01-22,06037,quantile,0.85,13133.258607379901
12044,2020-12-27,26 day ahead inc hosp,2021-01-22,06037,quantile,0.9,13934.176382982063
12045,2020-12-27,26 day ahead inc hosp,2021-01-22,06037,quantile,0.95,15121.25717634337
12046,2020-12-27,26 day ahead inc hosp,2021-01-22,06037,quantile,0.975,16150.872730502575
12047,2020-12-27,26 day ahead inc hosp,2021-01-22,06037,quantile,0.99,17348.0233234256
12048,2020-12-27,27 day ahead inc hosp,2021-01-23,06037,point,NA,9959.740234375
12049,2020-12-27,27 day ahead inc hosp,2021-01-23,06037,quantile,0.01,4649.602447138297
12050,2020-12-27,27 day ahead inc hosp,2021-01-23,06037,quantile,0.025,5485.912853669838
12051,2020-12-27,27 day ahead inc hosp,2021-01-23,06037,quantile,0.05,6205.185940748741
12052,2020-12-27,27 day ahead inc hosp,2021-01-23,06037,quantile,0.1,7034.46174510497
12053,2020-12-27,27 day ahead inc hosp,2021-01-23,06037,quantile,0.15,7593.970193308403
12054,2020-12-27,27 day ahead inc hosp,2021-01-23,06037,quantile,0.2,8038.649771161741
12055,2020-12-27,27 day ahead inc hosp,2021-01-23,06037,quantile,0.25,8420.145253939507
12056,2020-12-27,27 day ahead inc hosp,2021-01-23,06037,quantile,0.3,8762.73998808751
12057,2020-12-27,27 day ahead inc hosp,2021-01-23,06037,quantile,0.35,9080.20506609751
12058,2020-12-27,27 day ahead inc hosp,2021-01-23,06037,quantile,0.4,9381.448380151332
12059,2020-12-27,27 day ahead inc hosp,2021-01-23,06037,quantile,0.45,9672.904772758879
12060,2020-12-27,27 day ahead inc hosp,2021-01-23,06037,quantile,0.5,9959.740234375
12061,2020-12-27,27 day ahead inc hosp,2021-01-23,06037,quantile,0.55,10385.760087460842
12062,2020-12-27,27 day ahead inc hosp,2021-01-23,06037,quantile,0.6,10818.643137764333
12063,2020-12-27,27 day ahead inc hosp,2021-01-23,06037,quantile,0.65,11266.062127289615
12064,2020-12-27,27 day ahead inc hosp,2021-01-23,06037,quantile,0.7,11737.574349424509
12065,2020-12-27,27 day ahead inc hosp,2021-01-23,06037,quantile,0.75,12246.410172887112
12066,2020-12-27,27 day ahead inc hosp,2021-01-23,06037,quantile,0.8,12813.022991993164
12067,2020-12-27,27 day ahead inc hosp,2021-01-23,06037,quantile,0.85,13473.47943402434
12068,2020-12-27,27 day ahead inc hosp,2021-01-23,06037,quantile,0.9,14304.48444840056
12069,2020-12-27,27 day ahead inc hosp,2021-01-23,06037,quantile,0.95,15536.159061954091
12070,2020-12-27,27 day ahead inc hosp,2021-01-23,06037,quantile,0.975,16604.45310467622
12071,2020-12-27,27 day ahead inc hosp,2021-01-23,06037,quantile,0.99,17846.57579939921
12072,2020-12-27,28 day ahead inc hosp,2021-01-24,06037,point,NA,9935.982421875
12073,2020-12-27,28 day ahead inc hosp,2021-01-24,06037,quantile,0.01,4698.688970400225
12074,2020-12-27,28 day ahead inc hosp,2021-01-24,06037,quantile,0.025,5523.526891942581
12075,2020-12-27,28 day ahead inc hosp,2021-01-24,06037,quantile,0.05,6232.933009018251
12076,2020-12-27,28 day ahead inc hosp,2021-01-24,06037,quantile,0.1,7050.832828879886
12077,2020-12-27,28 day ahead inc hosp,2021-01-24,06037,quantile,0.15,7602.665954352424
12078,2020-12-27,28 day ahead inc hosp,2021-01-24,06037,quantile,0.2,8041.245429011927
12079,2020-12-27,28 day ahead inc hosp,2021-01-24,06037,quantile,0.25,8417.50756641287
12080,2020-12-27,28 day ahead inc hosp,2021-01-24,06037,quantile,0.3,8755.402594669149
12081,2020-12-27,28 day ahead inc hosp,2021-01-24,06037,quantile,0.35,9068.512694774276
12082,2020-12-27,28 day ahead inc hosp,2021-01-24,06037,quantile,0.4,9365.623560670592
12083,2020-12-27,28 day ahead inc hosp,2021-01-24,06037,quantile,0.45,9653.081761861318
12084,2020-12-27,28 day ahead inc hosp,2021-01-24,06037,quantile,0.5,9935.982421875
12085,2020-12-27,28 day ahead inc hosp,2021-01-24,06037,quantile,0.55,10339.444437211248
12086,2020-12-27,28 day ahead inc hosp,2021-01-24,06037,quantile,0.6,10749.406242078492
12087,2020-12-27,28 day ahead inc hosp,2021-01-24,06037,quantile,0.65,11173.134305233343
12088,2020-12-27,28 day ahead inc hosp,2021-01-24,06037,quantile,0.7,11619.679859437563
12089,2020-12-27,28 day ahead inc hosp,2021-01-24,06037,quantile,0.75,12101.572722698409
12090,2020-12-27,28 day ahead inc hosp,2021-01-24,06037,quantile,0.8,12638.183277948327
12091,2020-12-27,28 day ahead inc hosp,2021-01-24,06037,quantile,0.85,13263.668417228944
12092,2020-12-27,28 day ahead inc hosp,2021-01-24,06037,quantile,0.9,14050.671547308895
12093,2020-12-27,28 day ahead inc hosp,2021-01-24,06037,quantile,0.95,15217.128739909898
12094,2020-12-27,28 day ahead inc hosp,2021-01-24,06037,quantile,0.975,16228.856396089177
12095,2020-12-27,28 day ahead inc hosp,2021-01-24,06037,quantile,0.99,17405.208441839608
12096,2020-12-27,1 day ahead inc hosp,2020-12-28,06039,point,NA,50.571533203125
12097,2020-12-27,1 day ahead inc hosp,2020-12-28,06039,quantile,0.01,33.715452565326004
12098,2020-12-27,1 day ahead inc hosp,2020-12-28,06039,quantile,0.025,36.37017005393977
12099,2020-12-27,1 day ahead inc hosp,2020-12-28,06039,quantile,0.05,38.65337354925053
12100,2020-12-27,1 day ahead inc hosp,2020-12-28,06039,quantile,0.1,41.28576095411264
12101,2020-12-27,1 day ahead inc hosp,2020-12-28,06039,quantile,0.15,43.06182023888586
12102,2020-12-27,1 day ahead inc hosp,2020-12-28,06039,quantile,0.2,44.47337585619854
12103,2020-12-27,1 day ahead inc hosp,2020-12-28,06039,quantile,0.25,45.68436488855742
12104,2020-12-27,1 day ahead inc hosp,2020-12-28,06039,quantile,0.3,46.771870466805154
12105,2020-12-27,1 day ahead inc hosp,2020-12-28,06039,quantile,0.35,47.77960645578151
12106,2020-12-27,1 day ahead inc hosp,2020-12-28,06039,quantile,0.4,48.735849362602856
12107,2020-12-27,1 day ahead inc hosp,2020-12-28,06039,quantile,0.45,49.661025441461504
12108,2020-12-27,1 day ahead inc hosp,2020-12-28,06039,quantile,0.5,50.571533203125
12109,2020-12-27,1 day ahead inc hosp,2020-12-28,06039,quantile,0.55,53.015654884128125
12110,2020-12-27,1 day ahead inc hosp,2020-12-28,06039,quantile,0.6,55.499151465148586
12111,2020-12-27,1 day ahead inc hosp,2020-12-28,06039,quantile,0.65,58.06604229164464
12112,2020-12-27,1 day ahead inc hosp,2020-12-28,06039,quantile,0.7,60.771158582893264
12113,2020-12-27,1 day ahead inc hosp,2020-12-28,06039,quantile,0.75,63.690404386082236
12114,2020-12-27,1 day ahead inc hosp,2020-12-28,06039,quantile,0.8,66.94112302250305
12115,2020-12-27,1 day ahead inc hosp,2020-12-28,06039,quantile,0.85,70.73023260890844
12116,2020-12-27,1 day ahead inc hosp,2020-12-28,06039,quantile,0.9,75.49779768351065
12117,2020-12-27,1 day ahead inc hosp,2020-12-28,06039,quantile,0.95,82.56404730808094
12118,2020-12-27,1 day ahead inc hosp,2020-12-28,06039,quantile,0.975,88.69296503947483
12119,2020-12-27,1 day ahead inc hosp,2020-12-28,06039,quantile,0.99,95.81915642855722
12120,2020-12-27,2 day ahead inc hosp,2020-12-29,06039,point,NA,52.56399154663086
12121,2020-12-27,2 day ahead inc hosp,2020-12-29,06039,quantile,0.01,33.909225241122385
12122,2020-12-27,2 day ahead inc hosp,2020-12-29,06039,quantile,0.025,36.84722342832748
12123,2020-12-27,2 day ahead inc hosp,2020-12-29,06039,quantile,0.05,39.37406395241885
12124,2020-12-27,2 day ahead inc hosp,2020-12-29,06039,quantile,0.1,42.287349248002165
12125,2020-12-27,2 day ahead inc hosp,2020-12-29,06039,quantile,0.15,44.252929006079256
12126,2020-12-27,2 day ahead inc hosp,2020-12-29,06039,quantile,0.2,45.81510948765259
12127,2020-12-27,2 day ahead inc hosp,2020-12-29,06039,quantile,0.25,47.15532124165488
12128,2020-12-27,2 day ahead inc hosp,2020-12-29,06039,quantile,0.3,48.35887281773452
12129,2020-12-27,2 day ahead inc hosp,2020-12-29,06039,quantile,0.35,49.47414271801301
12130,2020-12-27,2 day ahead inc hosp,2020-12-29,06039,quantile,0.4,50.53242479089597
12131,2020-12-27,2 day ahead inc hosp,2020-12-29,06039,quantile,0.45,51.55632494380889
12132,2020-12-27,2 day ahead inc hosp,2020-12-29,06039,quantile,0.5,52.56399154663086
12133,2020-12-27,2 day ahead inc hosp,2020-12-29,06039,quantile,0.55,54.63444995344273
12134,2020-12-27,2 day ahead inc hosp,2020-12-29,06039,quantile,0.6,56.73826352967678
12135,2020-12-27,2 day ahead inc hosp,2020-12-29,06039,quantile,0.65,58.91272183606756
12136,2020-12-27,2 day ahead inc hosp,2020-12-29,06039,quantile,0.7,61.2042733615713
12137,2020-12-27,2 day ahead inc hosp,2020-12-29,06039,quantile,0.75,63.67721775781028
12138,2020-12-27,2 day ahead inc hosp,2020-12-29,06039,quantile,0.8,66.43095861337815
12139,2020-12-27,2 day ahead inc hosp,2020-12-29,06039,quantile,0.85,69.64077989947903
12140,2020-12-27,2 day ahead inc hosp,2020-12-29,06039,quantile,0.9,73.67946801613677
12141,2020-12-27,2 day ahead inc hosp,2020-12-29,06039,quantile,0.95,79.6654121913131
12142,2020-12-27,2 day ahead inc hosp,2020-12-29,06039,quantile,0.975,84.85732605560756
12143,2020-12-27,2 day ahead inc hosp,2020-12-29,06039,quantile,0.99,90.89404795237516
12144,2020-12-27,3 day ahead inc hosp,2020-12-30,06039,point,NA,54.04677963256836
12145,2020-12-27,3 day ahead inc hosp,2020-12-30,06039,quantile,0.01,35.891348726697466
12146,2020-12-27,3 day ahead inc hosp,2020-12-30,06039,quantile,0.025,38.75070500143275
12147,2020-12-27,3 day ahead inc hosp,2020-12-30,06039,quantile,0.05,41.20990914229347
12148,2020-12-27,3 day ahead inc hosp,2020-12-30,06039,quantile,0.1,44.045214019708865
12149,2020-12-27,3 day ahead inc hosp,2020-12-30,06039,quantile,0.15,45.95818075986092
12150,2020-12-27,3 day ahead inc hosp,2020-12-30,06039,quantile,0.2,47.478546082654056
12151,2020-12-27,3 day ahead inc hosp,2020-12-30,06039,quantile,0.25,48.78288415371527
12152,2020-12-27,3 day ahead inc hosp,2020-12-30,06039,quantile,0.3,49.95422005379103
12153,2020-12-27,3 day ahead inc hosp,2020-12-30,06039,quantile,0.35,51.03963732915646
12154,2020-12-27,3 day ahead inc hosp,2020-12-30,06039,quantile,0.4,52.06959218029147
12155,2020-12-27,3 day ahead inc hosp,2020-12-30,06039,quantile,0.45,53.06608541833498
12156,2020-12-27,3 day ahead inc hosp,2020-12-30,06039,quantile,0.5,54.04677963256836
12157,2020-12-27,3 day ahead inc hosp,2020-12-30,06039,quantile,0.55,56.30689442509372
12158,2020-12-27,3 day ahead inc hosp,2020-12-30,06039,quantile,0.6,58.603419759154335
12159,2020-12-27,3 day ahead inc hosp,2020-12-30,06039,quantile,0.65,60.977060962394404
12160,2020-12-27,3 day ahead inc hosp,2020-12-30,06039,quantile,0.7,63.47852125910232
12161,2020-12-27,3 day ahead inc hosp,2020-12-30,06039,quantile,0.75,66.17799022338771
12162,2020-12-27,3 day ahead inc hosp,2020-12-30,06039,quantile,0.8,69.18397692757551
12163,2020-12-27,3 day ahead inc hosp,2020-12-30,06039,quantile,0.85,72.68782155744667
12164,2020-12-27,3 day ahead inc hosp,2020-12-30,06039,quantile,0.9,77.09645817860431
12165,2020-12-27,3 day ahead inc hosp,2020-12-30,06039,quantile,0.95,83.63072176633756
12166,2020-12-27,3 day ahead inc hosp,2020-12-30,06039,quantile,0.975,89.29822094796958
12167,2020-12-27,3 day ahead inc hosp,2020-12-30,06039,quantile,0.99,95.88791355534487
12168,2020-12-27,4 day ahead inc hosp,2020-12-31,06039,point,NA,57.825931549072266
12169,2020-12-27,4 day ahead inc hosp,2020-12-31,06039,quantile,0.01,37.22851603525592
12170,2020-12-27,4 day ahead inc hosp,2020-12-31,06039,quantile,0.025,40.472468194701264
12171,2020-12-27,4 day ahead inc hosp,2020-12-31,06039,quantile,0.05,43.262446013747486
12172,2020-12-27,4 day ahead inc hosp,2020-12-31,06039,quantile,0.1,46.479111758078034
12173,2020-12-27,4 day ahead inc hosp,2020-12-31,06039,quantile,0.15,48.64938086462297
12174,2020-12-27,4 day ahead inc hosp,2020-12-31,06039,quantile,0.2,50.37424195157415
12175,2020-12-27,4 day ahead inc hosp,2020-12-31,06039,quantile,0.25,51.854019179634875
12176,2020-12-27,4 day ahead inc hosp,2020-12-31,06039,quantile,0.3,53.18290486487129
12177,2020-12-27,4 day ahead inc hosp,2020-12-31,06039,quantile,0.35,54.41431549579973
12178,2020-12-27,4 day ahead inc hosp,2020-12-31,06039,quantile,0.4,55.58280376464266
12179,2020-12-27,4 day ahead inc hosp,2020-12-31,06039,quantile,0.45,56.71332968755277
12180,2020-12-27,4 day ahead inc hosp,2020-12-31,06039,quantile,0.5,57.825931549072266
12181,2020-12-27,4 day ahead inc hosp,2020-12-31,06039,quantile,0.55,60.61039858772778
12182,2020-12-27,4 day ahead inc hosp,2020-12-31,06039,quantile,0.6,63.43972350400077
12183,2020-12-27,4 day ahead inc hosp,2020-12-31,06039,quantile,0.65,66.3640553626634
12184,2020-12-27,4 day ahead inc hosp,2020-12-31,06039,quantile,0.7,69.44586066198892
12185,2020-12-27,4 day ahead inc hosp,2020-12-31,06039,quantile,0.75,72.7716131316356
12186,2020-12-27,4 day ahead inc hosp,2020-12-31,06039,quantile,0.8,76.47499621825101
12187,2020-12-27,4 day ahead inc hosp,2020-12-31,06039,quantile,0.85,80.79174150601801
12188,2020-12-27,4 day ahead inc hosp,2020-12-31,06039,quantile,0.9,86.22319277460899
12189,2020-12-27,4 day ahead inc hosp,2020-12-31,06039,quantile,0.95,94.27342174620935
12190,2020-12-27,4 day ahead inc hosp,2020-12-31,06039,quantile,0.975,101.25579481639684
12191,2020-12-27,4 day ahead inc hosp,2020-12-31,06039,quantile,0.99,109.3743124778853
12192,2020-12-27,5 day ahead inc hosp,2021-01-01,06039,point,NA,56.256900787353516
12193,2020-12-27,5 day ahead inc hosp,2021-01-01,06039,quantile,0.01,37.97685678010597
12194,2020-12-27,5 day ahead inc hosp,2021-01-01,06039,quantile,0.025,40.85583876657362
12195,2020-12-27,5 day ahead inc hosp,2021-01-01,06039,quantile,0.05,43.33192210223284
12196,2020-12-27,5 day ahead inc hosp,2021-01-01,06039,quantile,0.1,46.186687610241634
12197,2020-12-27,5 day ahead inc hosp,2021-01-01,06039,quantile,0.15,48.11278434546551
12198,2020-12-27,5 day ahead inc hosp,2021-01-01,06039,quantile,0.2,49.6435849721124
12199,2020-12-27,5 day ahead inc hosp,2021-01-01,06039,quantile,0.25,50.95687560470307
12200,2020-12-27,5 day ahead inc hosp,2021-01-01,06039,quantile,0.3,52.136251181722834
12201,2020-12-27,5 day ahead inc hosp,2021-01-01,06039,quantile,0.35,53.229118415928255
12202,2020-12-27,5 day ahead inc hosp,2021-01-01,06039,quantile,0.4,54.26614254946936
12203,2020-12-27,5 day ahead inc hosp,2021-01-01,06039,quantile,0.45,55.2694754000529
12204,2020-12-27,5 day ahead inc hosp,2021-01-01,06039,quantile,0.5,56.256900787353516
12205,2020-12-27,5 day ahead inc hosp,2021-01-01,06039,quantile,0.55,58.94872863057513
12206,2020-12-27,5 day ahead inc hosp,2021-01-01,06039,quantile,0.6,61.68392193019548
12207,2020-12-27,5 day ahead inc hosp,2021-01-01,06039,quantile,0.65,64.51096129201497
12208,2020-12-27,5 day ahead inc hosp,2021-01-01,06039,quantile,0.7,67.49023495442398
12209,2020-12-27,5 day ahead inc hosp,2021-01-01,06039,quantile,0.75,70.70533966680752
12210,2020-12-27,5 day ahead inc hosp,2021-01-01,06039,quantile,0.8,74.28551122864465
12211,2020-12-27,5 day ahead inc hosp,2021-01-01,06039,quantile,0.85,78.45863843625479
12212,2020-12-27,5 day ahead inc hosp,2021-01-01,06039,quantile,0.9,83.70938536589131
12213,2020-12-27,5 day ahead inc hosp,2021-01-01,06039,quantile,0.95,91.4917832859351
12214,2020-12-27,5 day ahead inc hosp,2021-01-01,06039,quantile,0.975,98.24185286160761
12215,2020-12-27,5 day ahead inc hosp,2021-01-01,06039,quantile,0.99,106.09026750738956
12216,2020-12-27,6 day ahead inc hosp,2021-01-02,06039,point,NA,59.43342590332031
12217,2020-12-27,6 day ahead inc hosp,2021-01-02,06039,quantile,0.01,23.880732137655514
12218,2020-12-27,6 day ahead inc hosp,2021-01-02,06039,quantile,0.025,29.480038401971314
12219,2020-12-27,6 day ahead inc hosp,2021-01-02,06039,quantile,0.05,34.29575069106953
12220,2020-12-27,6 day ahead inc hosp,2021-01-02,06039,quantile,0.1,39.84795854345649
12221,2020-12-27,6 day ahead inc hosp,2021-01-02,06039,quantile,0.15,43.59400682229606
12222,2020-12-27,6 day ahead inc hosp,2021-01-02,06039,quantile,0.2,46.5712472421707
12223,2020-12-27,6 day ahead inc hosp,2021-01-02,06039,quantile,0.25,49.12545442390947
12224,2020-12-27,6 day ahead inc hosp,2021-01-02,06039,quantile,0.3,51.41921141420248
12225,2020-12-27,6 day ahead inc hosp,2021-01-02,06039,quantile,0.35,53.54471910383548
12226,2020-12-27,6 day ahead inc hosp,2021-01-02,06039,quantile,0.4,55.561618047447055
12227,2020-12-27,6 day ahead inc hosp,2021-01-02,06039,quantile,0.45,57.51299111677256
12228,2020-12-27,6 day ahead inc hosp,2021-01-02,06039,quantile,0.5,59.43342590332031
12229,2020-12-27,6 day ahead inc hosp,2021-01-02,06039,quantile,0.55,62.16802056764673
12230,2020-12-27,6 day ahead inc hosp,2021-01-02,06039,quantile,0.6,64.94666966360504
12231,2020-12-27,6 day ahead inc hosp,2021-01-02,06039,quantile,0.65,67.81862403993692
12232,2020-12-27,6 day ahead inc hosp,2021-01-02,06039,quantile,0.7,70.84523136228384
12233,2020-12-27,6 day ahead inc hosp,2021-01-02,06039,quantile,0.75,74.11141653600295
12234,2020-12-27,6 day ahead inc hosp,2021-01-02,06039,quantile,0.8,77.74846861384157
12235,2020-12-27,6 day ahead inc hosp,2021-01-02,06039,quantile,0.85,81.98789700976315
12236,2020-12-27,6 day ahead inc hosp,2021-01-02,06039,quantile,0.9,87.32206597367716
12237,2020-12-27,6 day ahead inc hosp,2021-01-02,06039,quantile,0.95,95.22810791518054
12238,2020-12-27,6 day ahead inc hosp,2021-01-02,06039,quantile,0.975,102.08542023994438
12239,2020-12-27,6 day ahead inc hosp,2021-01-02,06039,quantile,0.99,110.05852775787923
12240,2020-12-27,7 day ahead inc hosp,2021-01-03,06039,point,NA,57.82524871826172
12241,2020-12-27,7 day ahead inc hosp,2021-01-03,06039,quantile,0.01,23.01823018472554
12242,2020-12-27,7 day ahead inc hosp,2021-01-03,06039,quantile,0.025,28.500097696694667
12243,2020-12-27,7 day ahead inc hosp,2021-01-03,06039,quantile,0.05,33.2148061799292
12244,2020-12-27,7 day ahead inc hosp,2021-01-03,06039,quantile,0.1,38.65056311283188
12245,2020-12-27,7 day ahead inc hosp,2021-01-03,06039,quantile,0.15,42.31804250914738
12246,2020-12-27,7 day ahead inc hosp,2021-01-03,06039,quantile,0.2,45.232838871876154
12247,2020-12-27,7 day ahead inc hosp,2021-01-03,06039,quantile,0.25,47.73347461270804
12248,2020-12-27,7 day ahead inc hosp,2021-01-03,06039,quantile,0.3,49.97912279337169
12249,2020-12-27,7 day ahead inc hosp,2021-01-03,06039,quantile,0.35,52.06005050123721
12250,2020-12-27,7 day ahead inc hosp,2021-01-03,06039,quantile,0.4,54.034647401637365
12251,2020-12-27,7 day ahead inc hosp,2021-01-03,06039,quantile,0.45,55.945092754598264
12252,2020-12-27,7 day ahead inc hosp,2021-01-03,06039,quantile,0.5,57.82524871826172
12253,2020-12-27,7 day ahead inc hosp,2021-01-03,06039,quantile,0.55,60.538105125798516
12254,2020-12-27,7 day ahead inc hosp,2021-01-03,06039,quantile,0.6,63.294665760763266
12255,2020-12-27,7 day ahead inc hosp,2021-01-03,06039,quantile,0.65,66.14378995954262
12256,2020-12-27,7 day ahead inc hosp,2021-01-03,06039,quantile,0.7,69.14633771356199
12257,2020-12-27,7 day ahead inc hosp,2021-01-03,06039,quantile,0.75,72.38655883017422
12258,2020-12-27,7 day ahead inc hosp,2021-01-03,06039,quantile,0.8,75.99469869917374
12259,2020-12-27,7 day ahead inc hosp,2021-01-03,06039,quantile,0.85,80.20042638459736
12260,2020-12-27,7 day ahead inc hosp,2021-01-03,06039,quantile,0.9,85.49219215939912
12261,2020-12-27,7 day ahead inc hosp,2021-01-03,06039,quantile,0.95,93.33538618703949
12262,2020-12-27,7 day ahead inc hosp,2021-01-03,06039,quantile,0.975,100.1381873192866
12263,2020-12-27,7 day ahead inc hosp,2021-01-03,06039,quantile,0.99,108.04791379545422
12264,2020-12-27,8 day ahead inc hosp,2021-01-04,06039,point,NA,51.01909637451172
12265,2020-12-27,8 day ahead inc hosp,2021-01-04,06039,quantile,0.01,33.297768012919875
12266,2020-12-27,8 day ahead inc hosp,2021-01-04,06039,quantile,0.025,36.08875610403571
12267,2020-12-27,8 day ahead inc hosp,2021-01-04,06039,quantile,0.05,38.48915983525679
12268,2020-12-27,8 day ahead inc hosp,2021-01-04,06039,quantile,0.1,41.2566716061646
12269,2020-12-27,8 day ahead inc hosp,2021-01-04,06039,quantile,0.15,43.12389865920449
12270,2020-12-27,8 day ahead inc hosp,2021-01-04,06039,quantile,0.2,44.607911528658455
12271,2020-12-27,8 day ahead inc hosp,2021-01-04,06039,quantile,0.25,45.88106243163849
12272,2020-12-27,8 day ahead inc hosp,2021-01-04,06039,quantile,0.3,47.024391290897405
12273,2020-12-27,8 day ahead inc hosp,2021-01-04,06039,quantile,0.35,48.08385586906255
12274,2020-12-27,8 day ahead inc hosp,2021-01-04,06039,quantile,0.4,49.089184148474295
12275,2020-12-27,8 day ahead inc hosp,2021-01-04,06039,quantile,0.45,50.06185089337455
12276,2020-12-27,8 day ahead inc hosp,2021-01-04,06039,quantile,0.5,51.01909637451172
12277,2020-12-27,8 day ahead inc hosp,2021-01-04,06039,quantile,0.55,53.31172567622223
12278,2020-12-27,8 day ahead inc hosp,2021-01-04,06039,quantile,0.6,55.64128932953778
12279,2020-12-27,8 day ahead inc hosp,2021-01-04,06039,quantile,0.65,58.04907825791121
12280,2020-12-27,8 day ahead inc hosp,2021-01-04,06039,quantile,0.7,60.5865251133827
12281,2020-12-27,8 day ahead inc hosp,2021-01-04,06039,quantile,0.75,63.324829232733904
12282,2020-12-27,8 day ahead inc hosp,2021-01-04,06039,quantile,0.8,66.3740607237029
12283,2020-12-27,8 day ahead inc hosp,2021-01-04,06039,quantile,0.85,69.92831243412505
12284,2020-12-27,8 day ahead inc hosp,2021-01-04,06039,quantile,0.9,74.40037267269659
12285,2020-12-27,8 day ahead inc hosp,2021-01-04,06039,quantile,0.95,81.02863961554445
12286,2020-12-27,8 day ahead inc hosp,2021-01-04,06039,quantile,0.975,86.77767268864405
12287,2020-12-27,8 day ahead inc hosp,2021-01-04,06039,quantile,0.99,93.46216606521851
12288,2020-12-27,9 day ahead inc hosp,2021-01-05,06039,point,NA,52.69950485229492
12289,2020-12-27,9 day ahead inc hosp,2021-01-05,06039,quantile,0.01,33.960053197608126
12290,2020-12-27,9 day ahead inc hosp,2021-01-05,06039,quantile,0.025,36.911388748481784
12291,2020-12-27,9 day ahead inc hosp,2021-01-05,06039,quantile,0.05,39.44970014112204
12292,2020-12-27,9 day ahead inc hosp,2021-01-05,06039,quantile,0.1,42.37621061350319
12293,2020-12-27,9 day ahead inc hosp,2021-01-05,06039,quantile,0.15,44.35071333557911
12294,2020-12-27,9 day ahead inc hosp,2021-01-05,06039,quantile,0.2,45.919985506074994
12295,2020-12-27,9 day ahead inc hosp,2021-01-05,06039,quantile,0.25,47.26628129771688
12296,2020-12-27,9 day ahead inc hosp,2021-01-05,06039,quantile,0.3,48.47529652763196
12297,2020-12-27,9 day ahead inc hosp,2021-01-05,06039,quantile,0.35,49.59562931743619
12298,2020-12-27,9 day ahead inc hosp,2021-01-05,06039,quantile,0.4,50.658715577378025
12299,2020-12-27,9 day ahead inc hosp,2021-01-05,06039,quantile,0.45,51.68726383686881
12300,2020-12-27,9 day ahead inc hosp,2021-01-05,06039,quantile,0.5,52.69950485229492
12301,2020-12-27,9 day ahead inc hosp,2021-01-05,06039,quantile,0.55,54.742855690999264
12302,2020-12-27,9 day ahead inc hosp,2021-01-05,06039,quantile,0.6,56.8191249950974
12303,2020-12-27,9 day ahead inc hosp,2021-01-05,06039,quantile,0.65,58.965114110103535
12304,2020-12-27,9 day ahead inc hosp,2021-01-05,06039,quantile,0.7,61.226663396081406
12305,2020-12-27,9 day ahead inc hosp,2021-01-05,06039,quantile,0.75,63.667230658625435
12306,2020-12-27,9 day ahead inc hosp,2021-01-05,06039,quantile,0.8,66.38491804045665
12307,2020-12-27,9 day ahead inc hosp,2021-01-05,06039,quantile,0.85,69.55271459964695
12308,2020-12-27,9 day ahead inc hosp,2021-01-05,06039,quantile,0.9,73.53852601381833
12309,2020-12-27,9 day ahead inc hosp,2021-01-05,06039,quantile,0.95,79.44609895058551
12310,2020-12-27,9 day ahead inc hosp,2021-01-05,06039,quantile,0.975,84.57003745337462
12311,2020-12-27,9 day ahead inc hosp,2021-01-05,06039,quantile,0.99,90.52772330217118
12312,2020-12-27,10 day ahead inc hosp,2021-01-06,06039,point,NA,52.091835021972656
12313,2020-12-27,10 day ahead inc hosp,2021-01-06,06039,quantile,0.01,33.58164680322911
12314,2020-12-27,10 day ahead inc hosp,2021-01-06,06039,quantile,0.025,36.496874929964484
12315,2020-12-27,10 day ahead inc hosp,2021-01-06,06039,quantile,0.05,39.00413194587621
12316,2020-12-27,10 day ahead inc hosp,2021-01-06,06039,quantile,0.1,41.89483871073243
12317,2020-12-27,10 day ahead inc hosp,2021-01-06,06039,quantile,0.15,43.84518484131976
12318,2020-12-27,10 day ahead inc hosp,2021-01-06,06039,quantile,0.2,45.39525811868005
12319,2020-12-27,10 day ahead inc hosp,2021-01-06,06039,quantile,0.25,46.72508296951345
12320,2020-12-27,10 day ahead inc hosp,2021-01-06,06039,quantile,0.3,47.91930678552669
12321,2020-12-27,10 day ahead inc hosp,2021-01-06,06039,quantile,0.35,49.02593312598953
12322,2020-12-27,10 day ahead inc hosp,2021-01-06,06039,quantile,0.4,50.076013305862986
12323,2020-12-27,10 day ahead inc hosp,2021-01-06,06039,quantile,0.45,51.091978032369475
12324,2020-12-27,10 day ahead inc hosp,2021-01-06,06039,quantile,0.5,52.091835021972656
12325,2020-12-27,10 day ahead inc hosp,2021-01-06,06039,quantile,0.55,54.357954277810954
12326,2020-12-27,10 day ahead inc hosp,2021-01-06,06039,quantile,0.6,56.660580807333496
12327,2020-12-27,10 day ahead inc hosp,2021-01-06,06039,quantile,0.65,59.040528080322794
12328,2020-12-27,10 day ahead inc hosp,2021-01-06,06039,quantile,0.7,61.54863402468987
12329,2020-12-27,10 day ahead inc hosp,2021-01-06,06039,quantile,0.75,64.25527468769342
12330,2020-12-27,10 day ahead inc hosp,2021-01-06,06039,quantile,0.8,67.26924741849552
12331,2020-12-27,10 day ahead inc hosp,2021-01-06,06039,quantile,0.85,70.78240073773232
12332,2020-12-27,10 day ahead inc hosp,2021-01-06,06039,quantile,0.9,75.20274981568168
12333,2020-12-27,10 day ahead inc hosp,2021-01-06,06039,quantile,0.95,81.75437302873988
12334,2020-12-27,10 day ahead inc hosp,2021-01-06,06039,quantile,0.975,87.4369290964313
12335,2020-12-27,10 day ahead inc hosp,2021-01-06,06039,quantile,0.99,94.04412858780884
12336,2020-12-27,11 day ahead inc hosp,2021-01-07,06039,point,NA,52.507652282714844
12337,2020-12-27,11 day ahead inc hosp,2021-01-07,06039,quantile,0.01,31.086516392199528
12338,2020-12-27,11 day ahead inc hosp,2021-01-07,06039,quantile,0.025,34.46019888082036
12339,2020-12-27,11 day ahead inc hosp,2021-01-07,06039,quantile,0.05,37.36175193990312
12340,2020-12-27,11 day ahead inc hosp,2021-01-07,06039,quantile,0.1,40.707056790283524
12341,2020-12-27,11 day ahead inc hosp,2021-01-07,06039,quantile,0.15,42.96411809096477
12342,2020-12-27,11 day ahead inc hosp,2021-01-07,06039,quantile,0.2,44.75795886244694
12343,2020-12-27,11 day ahead inc hosp,2021-01-07,06039,quantile,0.25,46.29691451776768
12344,2020-12-27,11 day ahead inc hosp,2021-01-07,06039,quantile,0.3,47.67894425966978
12345,2020-12-27,11 day ahead inc hosp,2021-01-07,06039,quantile,0.35,48.95960077914666
12346,2020-12-27,11 day ahead inc hosp,2021-01-07,06039,quantile,0.4,50.17481858045614
12347,2020-12-27,11 day ahead inc hosp,2021-01-07,06039,quantile,0.45,51.350555866824095
12348,2020-12-27,11 day ahead inc hosp,2021-01-07,06039,quantile,0.5,52.507652282714844
12349,2020-12-27,11 day ahead inc hosp,2021-01-07,06039,quantile,0.55,55.28905525227438
12350,2020-12-27,11 day ahead inc hosp,2021-01-07,06039,quantile,0.6,58.1152667371732
12351,2020-12-27,11 day ahead inc hosp,2021-01-07,06039,quantile,0.65,61.036380617404006
12352,2020-12-27,11 day ahead inc hosp,2021-01-07,06039,quantile,0.7,64.11479465217283
12353,2020-12-27,11 day ahead inc hosp,2021-01-07,06039,quantile,0.75,67.43688741415492
12354,2020-12-27,11 day ahead inc hosp,2021-01-07,06039,quantile,0.8,71.13619524273756
12355,2020-12-27,11 day ahead inc hosp,2021-01-07,06039,quantile,0.85,75.44819031954934
12356,2020-12-27,11 day ahead inc hosp,2021-01-07,06039,quantile,0.9,80.87366473808342
12357,2020-12-27,11 day ahead inc hosp,2021-01-07,06039,quantile,0.95,88.91503511754925
12358,2020-12-27,11 day ahead inc hosp,2021-01-07,06039,quantile,0.975,95.88972468017714
12359,2020-12-27,11 day ahead inc hosp,2021-01-07,06039,quantile,0.99,103.9993086036373
12360,2020-12-27,12 day ahead inc hosp,2021-01-08,06039,point,NA,51.892478942871094
12361,2020-12-27,12 day ahead inc hosp,2021-01-08,06039,quantile,0.01,33.24925146267704
12362,2020-12-27,12 day ahead inc hosp,2021-01-08,06039,quantile,0.025,36.18543236376334
12363,2020-12-27,12 day ahead inc hosp,2021-01-08,06039,quantile,0.05,38.710709921536754
12364,2020-12-27,12 day ahead inc hosp,2021-01-08,06039,quantile,0.1,41.622193217053905
12365,2020-12-27,12 day ahead inc hosp,2021-01-08,06039,quantile,0.15,43.58655717424137
12366,2020-12-27,12 day ahead inc hosp,2021-01-08,06039,quantile,0.2,45.1477713758093
12367,2020-12-27,12 day ahead inc hosp,2021-01-08,06039,quantile,0.25,46.48715414760616
12368,2020-12-27,12 day ahead inc hosp,2021-01-08,06039,quantile,0.3,47.68996127204455
12369,2020-12-27,12 day ahead inc hosp,2021-01-08,06039,quantile,0.35,48.804541326931954
12370,2020-12-27,12 day ahead inc hosp,2021-01-08,06039,quantile,0.4,49.8621688039989
12371,2020-12-27,12 day ahead inc hosp,2021-01-08,06039,quantile,0.45,50.885435627884235
12372,2020-12-27,12 day ahead inc hosp,2021-01-08,06039,quantile,0.5,51.892478942871094
12373,2020-12-27,12 day ahead inc hosp,2021-01-08,06039,quantile,0.55,54.580202985164874
12374,2020-12-27,12 day ahead inc hosp,2021-01-08,06039,quantile,0.6,57.31122637145698
12375,2020-12-27,12 day ahead inc hosp,2021-01-08,06039,quantile,0.65,60.13395579689429
12376,2020-12-27,12 day ahead inc hosp,2021-01-08,06039,quantile,0.7,63.10868743554392
12377,2020-12-27,12 day ahead inc hosp,2021-01-08,06039,quantile,0.75,66.31889059014954
12378,2020-12-27,12 day ahead inc hosp,2021-01-08,06039,quantile,0.8,69.8936040349625
12379,2020-12-27,12 day ahead inc hosp,2021-01-08,06039,quantile,0.85,74.06036914057205
12380,2020-12-27,12 day ahead inc hosp,2021-01-08,06039,quantile,0.9,79.30311109315332
12381,2020-12-27,12 day ahead inc hosp,2021-01-08,06039,quantile,0.95,87.07364443133484
12382,2020-12-27,12 day ahead inc hosp,2021-01-08,06039,quantile,0.975,93.81342325165411
12383,2020-12-27,12 day ahead inc hosp,2021-01-08,06039,quantile,0.99,101.64987267039285
12384,2020-12-27,13 day ahead inc hosp,2021-01-09,06039,point,NA,50.71360778808594
12385,2020-12-27,13 day ahead inc hosp,2021-01-09,06039,quantile,0.01,16.12112576827861
12386,2020-12-27,13 day ahead inc hosp,2021-01-09,06039,quantile,0.025,21.569205245699244
12387,2020-12-27,13 day ahead inc hosp,2021-01-09,06039,quantile,0.05,26.254854155208253
12388,2020-12-27,13 day ahead inc hosp,2021-01-09,06039,quantile,0.1,31.657107260693518
12389,2020-12-27,13 day ahead inc hosp,2021-01-09,06039,quantile,0.15,35.30198178371026
12390,2020-12-27,13 day ahead inc hosp,2021-01-09,06039,quantile,0.2,38.19881250973025
12391,2020-12-27,13 day ahead inc hosp,2021-01-09,06039,quantile,0.25,40.68403533395663
12392,2020-12-27,13 day ahead inc hosp,2021-01-09,06039,quantile,0.3,42.91584223915232
12393,2020-12-27,13 day ahead inc hosp,2021-01-09,06039,quantile,0.35,44.98394394253437
12394,2020-12-27,13 day ahead inc hosp,2021-01-09,06039,quantile,0.4,46.946370218937425
12395,2020-12-27,13 day ahead inc hosp,2021-01-09,06039,quantile,0.45,48.84504035233166
12396,2020-12-27,13 day ahead inc hosp,2021-01-09,06039,quantile,0.5,50.71360778808594
12397,2020-12-27,13 day ahead inc hosp,2021-01-09,06039,quantile,0.55,53.42638438218336
12398,2020-12-27,13 day ahead inc hosp,2021-01-09,06039,quantile,0.6,56.18286391791097
12399,2020-12-27,13 day ahead inc hosp,2021-01-09,06039,quantile,0.65,59.03190429419206
12400,2020-12-27,13 day ahead inc hosp,2021-01-09,06039,quantile,0.7,62.034363711924094
12401,2020-12-27,13 day ahead inc hosp,2021-01-09,06039,quantile,0.75,65.27448949979318
12402,2020-12-27,13 day ahead inc hosp,2021-01-09,06039,quantile,0.8,68.88252321571659
12403,2020-12-27,13 day ahead inc hosp,2021-01-09,06039,quantile,0.85,73.08812716676536
12404,2020-12-27,13 day ahead inc hosp,2021-01-09,06039,quantile,0.9,78.37973725546973
12405,2020-12-27,13 day ahead inc hosp,2021-01-09,06039,quantile,0.95,86.2227005328613
12406,2020-12-27,13 day ahead inc hosp,2021-01-09,06039,quantile,0.975,93.02530152368027
12407,2020-12-27,13 day ahead inc hosp,2021-01-09,06039,quantile,0.99,100.93479529218493
12408,2020-12-27,14 day ahead inc hosp,2021-01-10,06039,point,NA,52.386539459228516
12409,2020-12-27,14 day ahead inc hosp,2021-01-10,06039,quantile,0.01,17.258736701079556
12410,2020-12-27,14 day ahead inc hosp,2021-01-10,06039,quantile,0.025,22.79112553585497
12411,2020-12-27,14 day ahead inc hosp,2021-01-10,06039,quantile,0.05,27.54928514385655
12412,2020-12-27,14 day ahead inc hosp,2021-01-10,06039,quantile,0.1,33.03513844083663
12413,2020-12-27,14 day ahead inc hosp,2021-01-10,06039,quantile,0.15,36.73641761616213
12414,2020-12-27,14 day ahead inc hosp,2021-01-10,06039,quantile,0.2,39.678076971773244
12415,2020-12-27,14 day ahead inc hosp,2021-01-10,06039,quantile,0.25,42.20175876857194
12416,2020-12-27,14 day ahead inc hosp,2021-01-10,06039,quantile,0.3,44.46810301976209
12417,2020-12-27,14 day ahead inc hosp,2021-01-10,06039,quantile,0.35,46.568208721301495
12418,2020-12-27,14 day ahead inc hosp,2021-01-10,06039,quantile,0.4,48.561003662278075
12419,2020-12-27,14 day ahead inc hosp,2021-01-10,06039,quantile,0.45,50.489055830100874
12420,2020-12-27,14 day ahead inc hosp,2021-01-10,06039,quantile,0.5,52.386539459228516
12421,2020-12-27,14 day ahead inc hosp,2021-01-10,06039,quantile,0.55,55.10822232237613
12422,2020-12-27,14 day ahead inc hosp,2021-01-10,06039,quantile,0.6,57.87375160751177
12423,2020-12-27,14 day ahead inc hosp,2021-01-10,06039,quantile,0.65,60.732145618066035
12424,2020-12-27,14 day ahead inc hosp,2021-01-10,06039,quantile,0.7,63.74446235742374
12425,2020-12-27,14 day ahead inc hosp,2021-01-10,06039,quantile,0.75,66.99522574519177
12426,2020-12-27,14 day ahead inc hosp,2021-01-10,06039,quantile,0.8,70.61510493305198
12427,2020-12-27,14 day ahead inc hosp,2021-01-10,06039,quantile,0.85,74.83451622835021
12428,2020-12-27,14 day ahead inc hosp,2021-01-10,06039,quantile,0.9,80.14349910892447
12429,2020-12-27,14 day ahead inc hosp,2021-01-10,06039,quantile,0.95,88.01221148089728
12430,2020-12-27,14 day ahead inc hosp,2021-01-10,06039,quantile,0.975,94.83714597120057
12431,2020-12-27,14 day ahead inc hosp,2021-01-10,06039,quantile,0.99,102.7726072593699
12432,2020-12-27,15 day ahead inc hosp,2021-01-11,06039,point,NA,50.07681655883789
12433,2020-12-27,15 day ahead inc hosp,2021-01-11,06039,quantile,0.01,32.80397822127206
12434,2020-12-27,15 day ahead inc hosp,2021-01-11,06039,quantile,0.025,35.52433219904717
12435,2020-12-27,15 day ahead inc hosp,2021-01-11,06039,quantile,0.05,37.86398669606182
12436,2020-12-27,15 day ahead inc hosp,2021-01-11,06039,quantile,0.1,40.561458490546826
12437,2020-12-27,15 day ahead inc hosp,2021-01-11,06039,quantile,0.15,42.381429904009785
12438,2020-12-27,15 day ahead inc hosp,2021-01-11,06039,quantile,0.2,43.827885489162256
12439,2020-12-27,15 day ahead inc hosp,2021-01-11,06039,quantile,0.25,45.068815586375614
12440,2020-12-27,15 day ahead inc hosp,2021-01-11,06039,quantile,0.3,46.18320916623019
12441,2020-12-27,15 day ahead inc hosp,2021-01-11,06039,quantile,0.35,47.21586089580856
12442,2020-12-27,15 day ahead inc hosp,2021-01-11,06039,quantile,0.4,48.19574640394563
12443,2020-12-27,15 day ahead inc hosp,2021-01-11,06039,quantile,0.45,49.14379697319084
12444,2020-12-27,15 day ahead inc hosp,2021-01-11,06039,quantile,0.5,50.07681655883789
12445,2020-12-27,15 day ahead inc hosp,2021-01-11,06039,quantile,0.55,52.424972765393186
12446,2020-12-27,15 day ahead inc hosp,2021-01-11,06039,quantile,0.6,54.81095786425644
12447,2020-12-27,15 day ahead inc hosp,2021-01-11,06039,quantile,0.65,57.27706283465741
12448,2020-12-27,15 day ahead inc hosp,2021-01-11,06039,quantile,0.7,59.87596601452784
12449,2020-12-27,15 day ahead inc hosp,2021-01-11,06039,quantile,0.75,62.68059117067198
12450,2020-12-27,15 day ahead inc hosp,2021-01-11,06039,quantile,0.8,65.80367428114285
12451,2020-12-27,15 day ahead inc hosp,2021-01-11,06039,quantile,0.85,69.44400907371514
12452,2020-12-27,15 day ahead inc hosp,2021-01-11,06039,quantile,0.9,74.02438148606116
12453,2020-12-27,15 day ahead inc hosp,2021-01-11,06039,quantile,0.95,80.81318338654336
12454,2020-12-27,15 day ahead inc hosp,2021-01-11,06039,quantile,0.975,86.70145659417379
12455,2020-12-27,15 day ahead inc hosp,2021-01-11,06039,quantile,0.99,93.54784671846045
12456,2020-12-27,16 day ahead inc hosp,2021-01-12,06039,point,NA,52.693031311035156
12457,2020-12-27,16 day ahead inc hosp,2021-01-12,06039,quantile,0.01,34.48810947155509
12458,2020-12-27,16 day ahead inc hosp,2021-01-12,06039,quantile,0.025,37.35526023006174
12459,2020-12-27,16 day ahead inc hosp,2021-01-12,06039,quantile,0.05,39.821168056970876
12460,2020-12-27,16 day ahead inc hosp,2021-01-12,06039,quantile,0.1,42.664201855069976
12461,2020-12-27,16 day ahead inc hosp,2021-01-12,06039,quantile,0.15,44.5823832613142
12462,2020-12-27,16 day ahead inc hosp,2021-01-12,06039,quantile,0.2,46.106893035409094
12463,2020-12-27,16 day ahead inc hosp,2021-01-12,06039,quantile,0.25,47.41478667665829
12464,2020-12-27,16 day ahead inc hosp,2021-01-12,06039,quantile,0.3,48.589315588652376
12465,2020-12-27,16 day ahead inc hosp,2021-01-12,06039,quantile,0.35,49.67769166541403
12466,2020-12-27,16 day ahead inc hosp,2021-01-12,06039,quantile,0.4,50.710454129732234
12467,2020-12-27,16 day ahead inc hosp,2021-01-12,06039,quantile,0.45,51.70966376602273
12468,2020-12-27,16 day ahead inc hosp,2021-01-12,06039,quantile,0.5,52.693031311035156
12469,2020-12-27,16 day ahead inc hosp,2021-01-12,06039,quantile,0.55,54.722512826968206
12470,2020-12-27,16 day ahead inc hosp,2021-01-12,06039,quantile,0.6,56.78468937293924
12471,2020-12-27,16 day ahead inc hosp,2021-01-12,06039,quantile,0.65,58.91611250390782
12472,2020-12-27,16 day ahead inc hosp,2021-01-12,06039,quantile,0.7,61.1623114367225
12473,2020-12-27,16 day ahead inc hosp,2021-01-12,06039,quantile,0.75,63.586313254670266
12474,2020-12-27,16 day ahead inc hosp,2021-01-12,06039,quantile,0.8,66.28555422838785
12475,2020-12-27,16 day ahead inc hosp,2021-01-12,06039,quantile,0.85,69.43184924603129
12476,2020-12-27,16 day ahead inc hosp,2021-01-12,06039,quantile,0.9,73.39060681122012
12477,2020-12-27,16 day ahead inc hosp,2021-01-12,06039,quantile,0.95,79.25808186841469
12478,2020-12-27,16 day ahead inc hosp,2021-01-12,06039,quantile,0.975,84.34724144063088
12479,2020-12-27,16 day ahead inc hosp,2021-01-12,06039,quantile,0.99,90.26448926652809
12480,2020-12-27,17 day ahead inc hosp,2021-01-13,06039,point,NA,53.33043670654297
12481,2020-12-27,17 day ahead inc hosp,2021-01-13,06039,quantile,0.01,35.048214055484856
12482,2020-12-27,17 day ahead inc hosp,2021-01-13,06039,quantile,0.025,37.927539163461574
12483,2020-12-27,17 day ahead inc hosp,2021-01-13,06039,quantile,0.05,40.40391760254787
12484,2020-12-27,17 day ahead inc hosp,2021-01-13,06039,quantile,0.1,43.25902334590852
12485,2020-12-27,17 day ahead inc hosp,2021-01-13,06039,quantile,0.15,45.18534963630901
12486,2020-12-27,17 day ahead inc hosp,2021-01-13,06039,quantile,0.2,46.71633270613324
12487,2020-12-27,17 day ahead inc hosp,2021-01-13,06039,quantile,0.25,48.02977985872501
12488,2020-12-27,17 day ahead inc hosp,2021-01-13,06039,quantile,0.3,49.209295995543215
12489,2020-12-27,17 day ahead inc hosp,2021-01-13,06039,quantile,0.35,50.302293479349494
12490,2020-12-27,17 day ahead inc hosp,2021-01-13,06039,quantile,0.4,51.33944120702467
12491,2020-12-27,17 day ahead inc hosp,2021-01-13,06039,quantile,0.45,52.34289363636327
12492,2020-12-27,17 day ahead inc hosp,2021-01-13,06039,quantile,0.5,53.33043670654297
12493,2020-12-27,17 day ahead inc hosp,2021-01-13,06039,quantile,0.55,55.5842905781574
12494,2020-12-27,17 day ahead inc hosp,2021-01-13,06039,quantile,0.6,57.87445412761573
12495,2020-12-27,17 day ahead inc hosp,2021-01-13,06039,quantile,0.65,60.24151992154758
12496,2020-12-27,17 day ahead inc hosp,2021-01-13,06039,quantile,0.7,62.736050727270666
12497,2020-12-27,17 day ahead inc hosp,2021-01-13,06039,quantile,0.75,65.42804168126082
12498,2020-12-27,17 day ahead inc hosp,2021-01-13,06039,quantile,0.8,68.42570126636757
12499,2020-12-27,17 day ahead inc hosp,2021-01-13,06039,quantile,0.85,71.91983962194489
12500,2020-12-27,17 day ahead inc hosp,2021-01-13,06039,quantile,0.9,76.31626353368557
12501,2020-12-27,17 day ahead inc hosp,2021-01-13,06039,quantile,0.95,82.83242604634545
12502,2020-12-27,17 day ahead inc hosp,2021-01-13,06039,quantile,0.975,88.48422524483665
12503,2020-12-27,17 day ahead inc hosp,2021-01-13,06039,quantile,0.99,95.05566322887222
12504,2020-12-27,18 day ahead inc hosp,2021-01-14,06039,point,NA,54.63264083862305
12505,2020-12-27,18 day ahead inc hosp,2021-01-14,06039,quantile,0.01,34.37604331073253
12506,2020-12-27,18 day ahead inc hosp,2021-01-14,06039,quantile,0.025,37.566318966896176
12507,2020-12-27,18 day ahead inc hosp,2021-01-14,06039,quantile,0.05,40.3101320319019
12508,2020-12-27,18 day ahead inc hosp,2021-01-14,06039,quantile,0.1,43.47357277139415
12509,2020-12-27,18 day ahead inc hosp,2021-01-14,06039,quantile,0.15,45.607931219860966
12510,2020-12-27,18 day ahead inc hosp,2021-01-14,06039,quantile,0.2,47.304251654162684
12511,2020-12-27,18 day ahead inc hosp,2021-01-14,06039,quantile,0.25,48.75954354355806
12512,2020-12-27,18 day ahead inc hosp,2021-01-14,06039,quantile,0.3,50.066440637921794
12513,2020-12-27,18 day ahead inc hosp,2021-01-14,06039,quantile,0.35,51.27747556245157
12514,2020-12-27,18 day ahead inc hosp,2021-01-14,06039,quantile,0.4,52.42662927846686
12515,2020-12-27,18 day ahead inc hosp,2021-01-14,06039,quantile,0.45,53.53844879775926
12516,2020-12-27,18 day ahead inc hosp,2021-01-14,06039,quantile,0.5,54.63264083862305
12517,2020-12-27,18 day ahead inc hosp,2021-01-14,06039,quantile,0.55,57.378532340300914
12518,2020-12-27,18 day ahead inc hosp,2021-01-14,06039,quantile,0.6,60.16866026612141
12519,2020-12-27,18 day ahead inc hosp,2021-01-14,06039,quantile,0.65,63.052478924166934
12520,2020-12-27,18 day ahead inc hosp,2021-01-14,06039,quantile,0.7,66.09158941237362
12521,2020-12-27,18 day ahead inc hosp,2021-01-14,06039,quantile,0.75,69.37126746792585
12522,2020-12-27,18 day ahead inc hosp,2021-01-14,06039,quantile,0.8,73.02334450953627
12523,2020-12-27,18 day ahead inc hosp,2021-01-14,06039,quantile,0.85,77.28028633575765
12524,2020-12-27,18 day ahead inc hosp,2021-01-14,06039,quantile,0.9,82.63649119404994
12525,2020-12-27,18 day ahead inc hosp,2021-01-14,06039,quantile,0.95,90.57519365049987
12526,2020-12-27,18 day ahead inc hosp,2021-01-14,06039,quantile,0.975,97.4608341011873
12527,2020-12-27,18 day ahead inc hosp,2021-01-14,06039,quantile,0.99,105.46687918752698
12528,2020-12-27,19 day ahead inc hosp,2021-01-15,06039,point,NA,54.09931182861328
12529,2020-12-27,19 day ahead inc hosp,2021-01-15,06039,quantile,0.01,36.27031586607768
12530,2020-12-27,19 day ahead inc hosp,2021-01-15,06039,quantile,0.025,39.078260868430725
12531,2020-12-27,19 day ahead inc hosp,2021-01-15,06039,quantile,0.05,41.49324847879245
12532,2020-12-27,19 day ahead inc hosp,2021-01-15,06039,quantile,0.1,44.277574528341084
12533,2020-12-27,19 day ahead inc hosp,2021-01-15,06039,quantile,0.15,46.15614609535397
12534,2020-12-27,19 day ahead inc hosp,2021-01-15,06039,quantile,0.2,47.64917522488525
12535,2020-12-27,19 day ahead inc hosp,2021-01-15,06039,quantile,0.25,48.9300612761886
12536,2020-12-27,19 day ahead inc hosp,2021-01-15,06039,quantile,0.3,50.08033653770667
12537,2020-12-27,19 day ahead inc hosp,2021-01-15,06039,quantile,0.35,51.146237992785814
12538,2020-12-27,19 day ahead inc hosp,2021-01-15,06039,quantile,0.4,52.15767423892537
12539,2020-12-27,19 day ahead inc hosp,2021-01-15,06039,quantile,0.45,53.136250512321695
12540,2020-12-27,19 day ahead inc hosp,2021-01-15,06039,quantile,0.5,54.09931182861328
12541,2020-12-27,19 day ahead inc hosp,2021-01-15,06039,quantile,0.55,56.72671177089988
12542,2020-12-27,19 day ahead inc hosp,2021-01-15,06039,quantile,0.6,59.396439233472066
12543,2020-12-27,19 day ahead inc hosp,2021-01-15,06039,quantile,0.65,62.155814456813545
12544,2020-12-27,19 day ahead inc hosp,2021-01-15,06039,quantile,0.7,65.06378030922893
12545,2020-12-27,19 day ahead inc hosp,2021-01-15,06039,quantile,0.75,68.20193268291563
12546,2020-12-27,19 day ahead inc hosp,2021-01-15,06039,quantile,0.8,71.69641416643024
12547,2020-12-27,19 day ahead inc hosp,2021-01-15,06039,quantile,0.85,75.76965912228414
12548,2020-12-27,19 day ahead inc hosp,2021-01-15,06039,quantile,0.9,80.89473137184432
12549,2020-12-27,19 day ahead inc hosp,2021-01-15,06039,quantile,0.95,88.49086048443368
12550,2020-12-27,19 day ahead inc hosp,2021-01-15,06039,quantile,0.975,95.07936964864786
12551,2020-12-27,19 day ahead inc hosp,2021-01-15,06039,quantile,0.99,102.73993540113275
12552,2020-12-27,20 day ahead inc hosp,2021-01-16,06039,point,NA,54.14719772338867
12553,2020-12-27,20 day ahead inc hosp,2021-01-16,06039,quantile,0.01,21.354847884289278
12554,2020-12-27,20 day ahead inc hosp,2021-01-16,06039,quantile,0.025,26.519418847208296
12555,2020-12-27,20 day ahead inc hosp,2021-01-16,06039,quantile,0.05,30.961234793685726
12556,2020-12-27,20 day ahead inc hosp,2021-01-16,06039,quantile,0.1,36.0823641088068
12557,2020-12-27,20 day ahead inc hosp,2021-01-16,06039,quantile,0.15,39.53756574510302
12558,2020-12-27,20 day ahead inc hosp,2021-01-16,06039,quantile,0.2,42.2836504735104
12559,2020-12-27,20 day ahead inc hosp,2021-01-16,06039,quantile,0.25,44.639546654463295
12560,2020-12-27,20 day ahead inc hosp,2021-01-16,06039,quantile,0.3,46.755214236991456
12561,2020-12-27,20 day ahead inc hosp,2021-01-16,06039,quantile,0.35,48.715695549702986
12562,2020-12-27,20 day ahead inc hosp,2021-01-16,06039,quantile,0.4,50.57600059958066
12563,2020-12-27,20 day ahead inc hosp,2021-01-16,06039,quantile,0.45,52.375867264472255
12564,2020-12-27,20 day ahead inc hosp,2021-01-16,06039,quantile,0.5,54.14719772338867
12565,2020-12-27,20 day ahead inc hosp,2021-01-16,06039,quantile,0.55,56.82035761059661
12566,2020-12-27,20 day ahead inc hosp,2021-01-16,06039,quantile,0.6,59.53658221267012
12567,2020-12-27,20 day ahead inc hosp,2021-01-16,06039,quantile,0.65,62.34401592006847
12568,2020-12-27,20 day ahead inc hosp,2021-01-16,06039,quantile,0.7,65.30262817583417
12569,2020-12-27,20 day ahead inc hosp,2021-01-16,06039,quantile,0.75,68.49543598186045
12570,2020-12-27,20 day ahead inc hosp,2021-01-16,06039,quantile,0.8,72.05077888111944
12571,2020-12-27,20 day ahead inc hosp,2021-01-16,06039,quantile,0.85,76.19496525012903
12572,2020-12-27,20 day ahead inc hosp,2021-01-16,06039,quantile,0.9,81.40929799638148
12573,2020-12-27,20 day ahead inc hosp,2021-01-16,06039,quantile,0.95,89.1377246112327
12574,2020-12-27,20 day ahead inc hosp,2021-01-16,06039,quantile,0.975,95.84098212860614
12575,2020-12-27,20 day ahead inc hosp,2021-01-16,06039,quantile,0.99,103.63496764001624
12576,2020-12-27,21 day ahead inc hosp,2021-01-17,06039,point,NA,61.97714614868164
12577,2020-12-27,21 day ahead inc hosp,2021-01-17,06039,quantile,0.01,28.391357306987558
12578,2020-12-27,21 day ahead inc hosp,2021-01-17,06039,quantile,0.025,33.68088948963479
12579,2020-12-27,21 day ahead inc hosp,2021-01-17,06039,quantile,0.05,38.2301789789225
12580,2020-12-27,21 day ahead inc hosp,2021-01-17,06039,quantile,0.1,43.475218405880184
12581,2020-12-27,21 day ahead inc hosp,2021-01-17,06039,quantile,0.15,47.01402160636798
12582,2020-12-27,21 day ahead inc hosp,2021-01-17,06039,quantile,0.2,49.82655020777132
12583,2020-12-27,21 day ahead inc hosp,2021-01-17,06039,quantile,0.25,52.239449315480115
12584,2020-12-27,21 day ahead inc hosp,2021-01-17,06039,quantile,0.3,54.40630728798459
12585,2020-12-27,21 day ahead inc hosp,2021-01-17,06039,quantile,0.35,56.41422412590232
12586,2020-12-27,21 day ahead inc hosp,2021-01-17,06039,quantile,0.4,58.31954085047056
12587,2020-12-27,21 day ahead inc hosp,2021-01-17,06039,quantile,0.45,60.162956831541145
12588,2020-12-27,21 day ahead inc hosp,2021-01-17,06039,quantile,0.5,61.97714614868164
12589,2020-12-27,21 day ahead inc hosp,2021-01-17,06039,quantile,0.55,64.60127373995388
12590,2020-12-27,21 day ahead inc hosp,2021-01-17,06039,quantile,0.6,67.26767613380335
12591,2020-12-27,21 day ahead inc hosp,2021-01-17,06039,quantile,0.65,70.02361463471603
12592,2020-12-27,21 day ahead inc hosp,2021-01-17,06039,quantile,0.7,72.92795869935038
12593,2020-12-27,21 day ahead inc hosp,2021-01-17,06039,quantile,0.75,76.06220259456833
12594,2020-12-27,21 day ahead inc hosp,2021-01-17,06039,quantile,0.8,79.55233180196268
12595,2020-12-27,21 day ahead inc hosp,2021-01-17,06039,quantile,0.85,83.6205036484477
12596,2020-12-27,21 day ahead inc hosp,2021-01-17,06039,quantile,0.9,88.73919276801516
12597,2020-12-27,21 day ahead inc hosp,2021-01-17,06039,quantile,0.95,96.32586112040329
12598,2020-12-27,21 day ahead inc hosp,2021-01-17,06039,quantile,0.975,102.90616448606369
12599,2020-12-27,21 day ahead inc hosp,2021-01-17,06039,quantile,0.99,110.55718922436677
12600,2020-12-27,22 day ahead inc hosp,2021-01-18,06039,point,NA,51.056800842285156
12601,2020-12-27,22 day ahead inc hosp,2021-01-18,06039,quantile,0.01,31.687936328431967
12602,2020-12-27,22 day ahead inc hosp,2021-01-18,06039,quantile,0.025,34.73840010256771
12603,2020-12-27,22 day ahead inc hosp,2021-01-18,06039,quantile,0.05,37.36196723590605
12604,2020-12-27,22 day ahead inc hosp,2021-01-18,06039,quantile,0.1,40.3867721172029
12605,2020-12-27,22 day ahead inc hosp,2021-01-18,06039,quantile,0.15,42.42759361032049
12606,2020-12-27,22 day ahead inc hosp,2021-01-18,06039,quantile,0.2,44.04957383769247
12607,2020-12-27,22 day ahead inc hosp,2021-01-18,06039,quantile,0.25,45.44108844891967
12608,2020-12-27,22 day ahead inc hosp,2021-01-18,06039,quantile,0.3,46.69071157636874
12609,2020-12-27,22 day ahead inc hosp,2021-01-18,06039,quantile,0.35,47.84867363502472
12610,2020-12-27,22 day ahead inc hosp,2021-01-18,06039,quantile,0.4,48.94746639133264
12611,2020-12-27,22 day ahead inc hosp,2021-01-18,06039,quantile,0.45,50.01056109928552
12612,2020-12-27,22 day ahead inc hosp,2021-01-18,06039,quantile,0.5,51.056800842285156
12613,2020-12-27,22 day ahead inc hosp,2021-01-18,06039,quantile,0.55,53.771297859409096
12614,2020-12-27,22 day ahead inc hosp,2021-01-18,06039,quantile,0.6,56.52952553424838
12615,2020-12-27,22 day ahead inc hosp,2021-01-18,06039,quantile,0.65,59.38037275104759
12616,2020-12-27,22 day ahead inc hosp,2021-01-18,06039,quantile,0.7,62.38473630652901
12617,2020-12-27,22 day ahead inc hosp,2021-01-18,06039,quantile,0.75,65.62691695841688
12618,2020-12-27,22 day ahead inc hosp,2021-01-18,06039,quantile,0.8,69.23723886286966
12619,2020-12-27,22 day ahead inc hosp,2021-01-18,06039,quantile,0.85,73.44550997710965
12620,2020-12-27,22 day ahead inc hosp,2021-01-18,06039,quantile,0.9,78.7404759661354
12621,2020-12-27,22 day ahead inc hosp,2021-01-18,06039,quantile,0.95,86.58841319333466
12622,2020-12-27,22 day ahead inc hosp,2021-01-18,06039,quantile,0.975,93.39532834382689
12623,2020-12-27,22 day ahead inc hosp,2021-01-18,06039,quantile,0.99,101.30983825528891
12624,2020-12-27,23 day ahead inc hosp,2021-01-19,06039,point,NA,53.04146194458008
12625,2020-12-27,23 day ahead inc hosp,2021-01-19,06039,quantile,0.01,34.492356536016736
12626,2020-12-27,23 day ahead inc hosp,2021-01-19,06039,quantile,0.025,37.41371385414851
12627,2020-12-27,23 day ahead inc hosp,2021-01-19,06039,quantile,0.05,39.926242312795566
12628,2020-12-27,23 day ahead inc hosp,2021-01-19,06039,quantile,0.1,42.82302671352193
12629,2020-12-27,23 day ahead inc hosp,2021-01-19,06039,quantile,0.15,44.7774733961772
12630,2020-12-27,23 day ahead inc hosp,2021-01-19,06039,quantile,0.2,46.33080566233094
12631,2020-12-27,23 day ahead inc hosp,2021-01-19,06039,quantile,0.25,47.66342643536327
12632,2020-12-27,23 day ahead inc hosp,2021-01-19,06039,quantile,0.3,48.86016107592275
12633,2020-12-27,23 day ahead inc hosp,2021-01-19,06039,quantile,0.35,49.969114069515335
12634,2020-12-27,23 day ahead inc hosp,2021-01-19,06039,quantile,0.4,51.02140201568502
12635,2020-12-27,23 day ahead inc hosp,2021-01-19,06039,quantile,0.45,52.039502781633374
12636,2020-12-27,23 day ahead inc hosp,2021-01-19,06039,quantile,0.5,53.04146194458008
12637,2020-12-27,23 day ahead inc hosp,2021-01-19,06039,quantile,0.55,55.26341560684454
12638,2020-12-27,23 day ahead inc hosp,2021-01-19,06039,quantile,0.6,57.52116503327853
12639,2020-12-27,23 day ahead inc hosp,2021-01-19,06039,quantile,0.65,59.85472825842251
12640,2020-12-27,23 day ahead inc hosp,2021-01-19,06039,quantile,0.7,62.31395240299302
12641,2020-12-27,23 day ahead inc hosp,2021-01-19,06039,quantile,0.75,64.96784191833977
12642,2020-12-27,23 day ahead inc hosp,2021-01-19,06039,quantile,0.8,67.92307374469554
12643,2020-12-27,23 day ahead inc hosp,2021-01-19,06039,quantile,0.85,71.36775736567606
12644,2020-12-27,23 day ahead inc hosp,2021-01-19,06039,quantile,0.9,75.70195592867428
12645,2020-12-27,23 day ahead inc hosp,2021-01-19,06039,quantile,0.95,82.12589110089732
12646,2020-12-27,23 day ahead inc hosp,2021-01-19,06039,quantile,0.975,87.6976968357898
12647,2020-12-27,23 day ahead inc hosp,2021-01-19,06039,quantile,0.99,94.17612513092706
12648,2020-12-27,24 day ahead inc hosp,2021-01-20,06039,point,NA,55.6788215637207
12649,2020-12-27,24 day ahead inc hosp,2021-01-20,06039,quantile,0.01,37.09515292509136
12650,2020-12-27,24 day ahead inc hosp,2021-01-20,06039,quantile,0.025,40.02195371571777
12651,2020-12-27,24 day ahead inc hosp,2021-01-20,06039,quantile,0.05,42.539163861014984
12652,2020-12-27,24 day ahead inc hosp,2021-01-20,06039,quantile,0.1,45.44134594661555
12653,2020-12-27,24 day ahead inc hosp,2021-01-20,06039,quantile,0.15,47.399434421629884
12654,2020-12-27,24 day ahead inc hosp,2021-01-20,06039,quantile,0.2,48.95566106890344
12655,2020-12-27,24 day ahead inc hosp,2021-01-20,06039,quantile,0.25,50.29076496321599
12656,2020-12-27,24 day ahead inc hosp,2021-01-20,06039,quantile,0.3,51.48972952342919
12657,2020-12-27,24 day ahead inc hosp,2021-01-20,06039,quantile,0.35,52.60074886990542
12658,2020-12-27,24 day ahead inc hosp,2021-01-20,06039,quantile,0.4,53.65499758289259
12659,2020-12-27,24 day ahead inc hosp,2021-01-20,06039,quantile,0.45,54.67499541342863
12660,2020-12-27,24 day ahead inc hosp,2021-01-20,06039,quantile,0.5,55.6788215637207
12661,2020-12-27,24 day ahead inc hosp,2021-01-20,06039,quantile,0.55,58.04097148696631
12662,2020-12-27,24 day ahead inc hosp,2021-01-20,06039,quantile,0.6,60.4411757418668
12663,2020-12-27,24 day ahead inc hosp,2021-01-20,06039,quantile,0.65,62.9219773385774
12664,2020-12-27,24 day ahead inc hosp,2021-01-20,06039,quantile,0.7,65.5363685488877
12665,2020-12-27,24 day ahead inc hosp,2021-01-20,06039,quantile,0.75,68.35770772505658
12666,2020-12-27,24 day ahead inc hosp,2021-01-20,06039,quantile,0.8,71.49940268942638
12667,2020-12-27,24 day ahead inc hosp,2021-01-20,06039,quantile,0.85,75.16143187081444
12668,2020-12-27,24 day ahead inc hosp,2021-01-20,06039,quantile,0.9,79.76910077804251
12669,2020-12-27,24 day ahead inc hosp,2021-01-20,06039,quantile,0.95,86.59836019587252
12670,2020-12-27,24 day ahead inc hosp,2021-01-20,06039,quantile,0.975,92.52172426621162
12671,2020-12-27,24 day ahead inc hosp,2021-01-20,06039,quantile,0.99,99.4089151019174
12672,2020-12-27,25 day ahead inc hosp,2021-01-21,06039,point,NA,59.426265716552734
12673,2020-12-27,25 day ahead inc hosp,2021-01-21,06039,quantile,0.01,38.00347476668642
12674,2020-12-27,25 day ahead inc hosp,2021-01-21,06039,quantile,0.025,41.377417915842656
12675,2020-12-27,25 day ahead inc hosp,2021-01-21,06039,quantile,0.05,44.27919515736595
12676,2020-12-27,25 day ahead inc hosp,2021-01-21,06039,quantile,0.1,47.62475847574276
12677,2020-12-27,25 day ahead inc hosp,2021-01-21,06039,quantile,0.15,49.881994163554104
12678,2020-12-27,25 day ahead inc hosp,2021-01-21,06039,quantile,0.2,51.6759735323991
12679,2020-12-27,25 day ahead inc hosp,2021-01-21,06039,quantile,0.25,53.215048091916195
12680,2020-12-27,25 day ahead inc hosp,2021-01-21,06039,quantile,0.3,54.59718461346151
12681,2020-12-27,25 day ahead inc hosp,2021-01-21,06039,quantile,0.35,55.87794008019118
12682,2020-12-27,25 day ahead inc hosp,2021-01-21,06039,quantile,0.4,57.09325177276748
12683,2020-12-27,25 day ahead inc hosp,2021-01-21,06039,quantile,0.45,58.26907990002269
12684,2020-12-27,25 day ahead inc hosp,2021-01-21,06039,quantile,0.5,59.426265716552734
12685,2020-12-27,25 day ahead inc hosp,2021-01-21,06039,quantile,0.55,62.291593356494474
12686,2020-12-27,25 day ahead inc hosp,2021-01-21,06039,quantile,0.6,65.20308154164005
12687,2020-12-27,25 day ahead inc hosp,2021-01-21,06039,quantile,0.65,68.21233565981201
12688,2020-12-27,25 day ahead inc hosp,2021-01-21,06039,quantile,0.7,71.38363622918062
12689,2020-12-27,25 day ahead inc hosp,2021-01-21,06039,quantile,0.75,74.80596816652846
12690,2020-12-27,25 day ahead inc hosp,2021-01-21,06039,quantile,0.8,78.6168970703576
12691,2020-12-27,25 day ahead inc hosp,2021-01-21,06039,quantile,0.85,83.0590001428362
12692,2020-12-27,25 day ahead inc hosp,2021-01-21,06039,quantile,0.9,88.64818012910922
12693,2020-12-27,25 day ahead inc hosp,2021-01-21,06039,quantile,0.95,96.93218682050248
12694,2020-12-27,25 day ahead inc hosp,2021-01-21,06039,quantile,0.975,104.11732719840882
12695,2020-12-27,25 day ahead inc hosp,2021-01-21,06039,quantile,0.99,112.47160567535937
12696,2020-12-27,26 day ahead inc hosp,2021-01-22,06039,point,NA,55.000789642333984
12697,2020-12-27,26 day ahead inc hosp,2021-01-22,06039,quantile,0.01,37.08841729176898
12698,2020-12-27,26 day ahead inc hosp,2021-01-22,06039,quantile,0.025,39.90949350535642
12699,2020-12-27,26 day ahead inc hosp,2021-01-22,06039,quantile,0.05,42.33577468180066
12700,2020-12-27,26 day ahead inc hosp,2021-01-22,06039,quantile,0.1,45.13312148975854
12701,2020-12-27,26 day ahead inc hosp,2021-01-22,06039,quantile,0.15,47.020478100653946
12702,2020-12-27,26 day ahead inc hosp,2021-01-22,06039,quantile,0.2,48.520489304571505
12703,2020-12-27,26 day ahead inc hosp,2021-01-22,06039,quantile,0.25,49.80736535400259
12704,2020-12-27,26 day ahead inc hosp,2021-01-22,06039,quantile,0.3,50.96301981896804
12705,2020-12-27,26 day ahead inc hosp,2021-01-22,06039,quantile,0.35,52.033905907702746
12706,2020-12-27,26 day ahead inc hosp,2021-01-22,06039,quantile,0.4,53.05007208373304
12707,2020-12-27,26 day ahead inc hosp,2021-01-22,06039,quantile,0.45,54.0332246190377
12708,2020-12-27,26 day ahead inc hosp,2021-01-22,06039,quantile,0.5,55.000789642333984
12709,2020-12-27,26 day ahead inc hosp,2021-01-22,06039,quantile,0.55,57.64600571792094
12710,2020-12-27,26 day ahead inc hosp,2021-01-22,06039,quantile,0.6,60.333836332427964
12711,2020-12-27,26 day ahead inc hosp,2021-01-22,06039,quantile,0.65,63.111922600104016
12712,2020-12-27,26 day ahead inc hosp,2021-01-22,06039,quantile,0.7,66.03960707488278
12713,2020-12-27,26 day ahead inc hosp,2021-01-22,06039,quantile,0.75,69.1990389424549
12714,2020-12-27,26 day ahead inc hosp,2021-01-22,06039,quantile,0.8,72.71721615151321
12715,2020-12-27,26 day ahead inc hosp,2021-01-22,06039,quantile,0.85,76.81808136948652
12716,2020-12-27,26 day ahead inc hosp,2021-01-22,06039,quantile,0.9,81.97790621567371
12717,2020-12-27,26 day ahead inc hosp,2021-01-22,06039,quantile,0.95,89.62554391158096
12718,2020-12-27,26 day ahead inc hosp,2021-01-22,06039,quantile,0.975,96.25872909014339
12719,2020-12-27,26 day ahead inc hosp,2021-01-22,06039,quantile,0.99,103.97124036428482
12720,2020-12-27,27 day ahead inc hosp,2021-01-23,06039,point,NA,55.94561004638672
12721,2020-12-27,27 day ahead inc hosp,2021-01-23,06039,quantile,0.01,21.78667148914738
12722,2020-12-27,27 day ahead inc hosp,2021-01-23,06039,quantile,0.025,27.166470834496714
12723,2020-12-27,27 day ahead inc hosp,2021-01-23,06039,quantile,0.05,31.793395063555117
12724,2020-12-27,27 day ahead inc hosp,2021-01-23,06039,quantile,0.1,37.12794237343775
12725,2020-12-27,27 day ahead inc hosp,2021-01-23,06039,quantile,0.15,40.727136117595386
12726,2020-12-27,27 day ahead inc hosp,2021-01-23,06039,quantile,0.2,43.58766120868832
12727,2020-12-27,27 day ahead inc hosp,2021-01-23,06039,quantile,0.25,46.04173703086231
12728,2020-12-27,27 day ahead inc hosp,2021-01-23,06039,quantile,0.3,48.245572965576386
12729,2020-12-27,27 day ahead inc hosp,2021-01-23,06039,quantile,0.35,50.28775539629932
12730,2020-12-27,27 day ahead inc hosp,2021-01-23,06039,quantile,0.4,52.225586817600075
12731,2020-12-27,27 day ahead inc hosp,2021-01-23,06039,quantile,0.45,54.100461144048886
12732,2020-12-27,27 day ahead inc hosp,2021-01-23,06039,quantile,0.5,55.94561004638672
12733,2020-12-27,27 day ahead inc hosp,2021-01-23,06039,quantile,0.55,58.69234857717795
12734,2020-12-27,27 day ahead inc hosp,2021-01-23,06039,quantile,0.6,61.48333717778538
12735,2020-12-27,27 day ahead inc hosp,2021-01-23,06039,quantile,0.65,64.3680454115332
12736,2020-12-27,27 day ahead inc hosp,2021-01-23,06039,quantile,0.7,67.40809337853709
12737,2020-12-27,27 day ahead inc hosp,2021-01-23,06039,quantile,0.75,70.68878312111111
12738,2020-12-27,27 day ahead inc hosp,2021-01-23,06039,quantile,0.8,74.34198672419586
12739,2020-12-27,27 day ahead inc hosp,2021-01-23,06039,quantile,0.85,78.60024169540439
12740,2020-12-27,27 day ahead inc hosp,2021-01-23,06039,quantile,0.9,83.9580987899374
12741,2020-12-27,27 day ahead inc hosp,2021-01-23,06039,quantile,0.95,91.89925010938822
12742,2020-12-27,27 day ahead inc hosp,2021-01-23,06039,quantile,0.975,98.78701458352023
12743,2020-12-27,27 day ahead inc hosp,2021-01-23,06039,quantile,0.99,106.79552930613902
12744,2020-12-27,28 day ahead inc hosp,2021-01-24,06039,point,NA,55.34492874145508
12745,2020-12-27,28 day ahead inc hosp,2021-01-24,06039,quantile,0.01,21.664417702722183
12746,2020-12-27,28 day ahead inc hosp,2021-01-24,06039,quantile,0.025,26.968867983973837
12747,2020-12-27,28 day ahead inc hosp,2021-01-24,06039,quantile,0.05,31.530987861061046
12748,2020-12-27,28 day ahead inc hosp,2021-01-24,06039,quantile,0.1,36.79081990344362
12749,2020-12-27,28 day ahead inc hosp,2021-01-24,06039,quantile,0.15,40.33960361133049
12750,2020-12-27,28 day ahead inc hosp,2021-01-24,06039,quantile,0.2,43.16006440362609
12751,2020-12-27,28 day ahead inc hosp,2021-01-24,06039,quantile,0.25,45.57976862482477
12752,2020-12-27,28 day ahead inc hosp,2021-01-24,06039,quantile,0.3,47.75273779956404
12753,2020-12-27,28 day ahead inc hosp,2021-01-24,06039,quantile,0.35,49.7663175771035
12754,2020-12-27,28 day ahead inc hosp,2021-01-24,06039,quantile,0.4,51.67700787759269
12755,2020-12-27,28 day ahead inc hosp,2021-01-24,06039,quantile,0.45,53.52562285555469
12756,2020-12-27,28 day ahead inc hosp,2021-01-24,06039,quantile,0.5,55.34492874145508
12757,2020-12-27,28 day ahead inc hosp,2021-01-24,06039,quantile,0.55,57.94225124077742
12758,2020-12-27,28 day ahead inc hosp,2021-01-24,06039,quantile,0.6,60.58141671155184
12759,2020-12-27,28 day ahead inc hosp,2021-01-24,06039,quantile,0.65,63.30920369072795
12760,2020-12-27,28 day ahead inc hosp,2021-01-24,06039,quantile,0.7,66.18388029179627
12761,2020-12-27,28 day ahead inc hosp,2021-01-24,06039,quantile,0.75,69.2861083292167
12762,2020-12-27,28 day ahead inc hosp,2021-01-24,06039,quantile,0.8,72.74058636071837
12763,2020-12-27,28 day ahead inc hosp,2021-01-24,06039,quantile,0.85,76.76720240756327
12764,2020-12-27,28 day ahead inc hosp,2021-01-24,06039,quantile,0.9,81.83360484222663
12765,2020-12-27,28 day ahead inc hosp,2021-01-24,06039,quantile,0.95,89.34277645114256
12766,2020-12-27,28 day ahead inc hosp,2021-01-24,06039,quantile,0.975,95.8558629492385
12767,2020-12-27,28 day ahead inc hosp,2021-01-24,06039,quantile,0.99,103.42873355269566
12768,2020-12-27,1 day ahead inc hosp,2020-12-28,06041,point,NA,32.110252380371094
12769,2020-12-27,1 day ahead inc hosp,2020-12-28,06041,quantile,0.01,22.743426234759276
12770,2020-12-27,1 day ahead inc hosp,2020-12-28,06041,quantile,0.025,24.218637330142798
12771,2020-12-27,1 day ahead inc hosp,2020-12-28,06041,quantile,0.05,25.48740025642301
12772,2020-12-27,1 day ahead inc hosp,2020-12-28,06041,quantile,0.1,26.950202653912093
12773,2020-12-27,1 day ahead inc hosp,2020-12-28,06041,quantile,0.15,27.937148486828008
12774,2020-12-27,1 day ahead inc hosp,2020-12-28,06041,quantile,0.2,28.72154174800999
12775,2020-12-27,1 day ahead inc hosp,2020-12-28,06041,quantile,0.25,29.394481322403806
12776,2020-12-27,1 day ahead inc hosp,2020-12-28,06041,quantile,0.3,29.99880185828134
12777,2020-12-27,1 day ahead inc hosp,2020-12-28,06041,quantile,0.35,30.558794896535474
12778,2020-12-27,1 day ahead inc hosp,2020-12-28,06041,quantile,0.4,31.09017352800004
12779,2020-12-27,1 day ahead inc hosp,2020-12-28,06041,quantile,0.45,31.604288503536807
12780,2020-12-27,1 day ahead inc hosp,2020-12-28,06041,quantile,0.5,32.110252380371094
12781,2020-12-27,1 day ahead inc hosp,2020-12-28,06041,quantile,0.55,33.47412947896111
12782,2020-12-27,1 day ahead inc hosp,2020-12-28,06041,quantile,0.6,34.85997869326464
12783,2020-12-27,1 day ahead inc hosp,2020-12-28,06041,quantile,0.65,36.292363848246744
12784,2020-12-27,1 day ahead inc hosp,2020-12-28,06041,quantile,0.7,37.80188204749716
12785,2020-12-27,1 day ahead inc hosp,2020-12-28,06041,quantile,0.75,39.43088952575428
12786,2020-12-27,1 day ahead inc hosp,2020-12-28,06041,quantile,0.8,41.244866602523416
12787,2020-12-27,1 day ahead inc hosp,2020-12-28,06041,quantile,0.85,43.359278429525894
12788,2020-12-27,1 day ahead inc hosp,2020-12-28,06041,quantile,0.9,46.019691318060495
12789,2020-12-27,1 day ahead inc hosp,2020-12-28,06041,quantile,0.95,49.962823982354145
12790,2020-12-27,1 day ahead inc hosp,2020-12-28,06041,quantile,0.975,53.3829035135662
12791,2020-12-27,1 day ahead inc hosp,2020-12-28,06041,quantile,0.99,57.359485085294594
12792,2020-12-27,2 day ahead inc hosp,2020-12-29,06041,point,NA,32.80447769165039
12793,2020-12-27,2 day ahead inc hosp,2020-12-29,06041,quantile,0.01,22.40474364769554
12794,2020-12-27,2 day ahead inc hosp,2020-12-29,06041,quantile,0.025,24.042630677110225
12795,2020-12-27,2 day ahead inc hosp,2020-12-29,06041,quantile,0.05,25.45130388114163
12796,2020-12-27,2 day ahead inc hosp,2020-12-29,06041,quantile,0.1,27.075413868479533
12797,2020-12-27,2 day ahead inc hosp,2020-12-29,06041,quantile,0.15,28.171193166456952
12798,2020-12-27,2 day ahead inc hosp,2020-12-29,06041,quantile,0.2,29.04208381557876
12799,2020-12-27,2 day ahead inc hosp,2020-12-29,06041,quantile,0.25,29.78923044695149
12800,2020-12-27,2 day ahead inc hosp,2020-12-29,06041,quantile,0.3,30.4601912134616
12801,2020-12-27,2 day ahead inc hosp,2020-12-29,06041,quantile,0.35,31.081936356776502
12802,2020-12-27,2 day ahead inc hosp,2020-12-29,06041,quantile,0.4,31.67191169719222
12803,2020-12-27,2 day ahead inc hosp,2020-12-29,06041,quantile,0.45,32.24271966677342
12804,2020-12-27,2 day ahead inc hosp,2020-12-29,06041,quantile,0.5,32.80447769165039
12805,2020-12-27,2 day ahead inc hosp,2020-12-29,06041,quantile,0.55,33.9587978941229
12806,2020-12-27,2 day ahead inc hosp,2020-12-29,06041,quantile,0.6,35.13171424216116
12807,2020-12-27,2 day ahead inc hosp,2020-12-29,06041,quantile,0.65,36.344016379814825
12808,2020-12-27,2 day ahead inc hosp,2020-12-29,06041,quantile,0.7,37.62160022897254
12809,2020-12-27,2 day ahead inc hosp,2020-12-29,06041,quantile,0.75,39.00031407648486
12810,2020-12-27,2 day ahead inc hosp,2020-12-29,06041,quantile,0.8,40.53557732615842
12811,2020-12-27,2 day ahead inc hosp,2020-12-29,06041,quantile,0.85,42.325114147899164
12812,2020-12-27,2 day ahead inc hosp,2020-12-29,06041,quantile,0.9,44.576760097030885
12813,2020-12-27,2 day ahead inc hosp,2020-12-29,06041,quantile,0.95,47.914038580648594
12814,2020-12-27,2 day ahead inc hosp,2020-12-29,06041,quantile,0.975,50.808629963568734
12815,2020-12-27,2 day ahead inc hosp,2020-12-29,06041,quantile,0.99,54.17421799915596
12816,2020-12-27,3 day ahead inc hosp,2020-12-30,06041,point,NA,33.210880279541016
12817,2020-12-27,3 day ahead inc hosp,2020-12-30,06041,quantile,0.01,23.094452018353834
12818,2020-12-27,3 day ahead inc hosp,2020-12-30,06041,quantile,0.025,24.687720323386518
12819,2020-12-27,3 day ahead inc hosp,2020-12-30,06041,quantile,0.05,26.058018962929523
12820,2020-12-27,3 day ahead inc hosp,2020-12-30,06041,quantile,0.1,27.637885535068648
12821,2020-12-27,3 day ahead inc hosp,2020-12-30,06041,quantile,0.15,28.703814010857535
12822,2020-12-27,3 day ahead inc hosp,2020-12-30,06041,quantile,0.2,29.550980172794223
12823,2020-12-27,3 day ahead inc hosp,2020-12-30,06041,quantile,0.25,30.277773306630507
12824,2020-12-27,3 day ahead inc hosp,2020-12-30,06041,quantile,0.3,30.930456003301607
12825,2020-12-27,3 day ahead inc hosp,2020-12-30,06041,quantile,0.35,31.535263790933726
12826,2020-12-27,3 day ahead inc hosp,2020-12-30,06041,quantile,0.4,32.10916723711411
12827,2020-12-27,3 day ahead inc hosp,2020-12-30,06041,quantile,0.45,32.664425463024095
12828,2020-12-27,3 day ahead inc hosp,2020-12-30,06041,quantile,0.5,33.210880279541016
12829,2020-12-27,3 day ahead inc hosp,2020-12-30,06041,quantile,0.55,34.470676219106814
12830,2020-12-27,3 day ahead inc hosp,2020-12-30,06041,quantile,0.6,35.75076752266704
12831,2020-12-27,3 day ahead inc hosp,2020-12-30,06041,quantile,0.65,37.07384348310827
12832,2020-12-27,3 day ahead inc hosp,2020-12-30,06041,quantile,0.7,38.46816625609297
12833,2020-12-27,3 day ahead inc hosp,2020-12-30,06041,quantile,0.75,39.97285975725391
12834,2020-12-27,3 day ahead inc hosp,2020-12-30,06041,quantile,0.8,41.64840732539013
12835,2020-12-27,3 day ahead inc hosp,2020-12-30,06041,quantile,0.85,43.60146265345554
12836,2020-12-27,3 day ahead inc hosp,2020-12-30,06041,quantile,0.9,46.05885222177463
12837,2020-12-27,3 day ahead inc hosp,2020-12-30,06041,quantile,0.95,49.7010737421608
12838,2020-12-27,3 day ahead inc hosp,2020-12-30,06041,quantile,0.975,52.86015773210923
12839,2020-12-27,3 day ahead inc hosp,2020-12-30,06041,quantile,0.99,56.53327558311989
12840,2020-12-27,4 day ahead inc hosp,2020-12-31,06041,point,NA,34.92928695678711
12841,2020-12-27,4 day ahead inc hosp,2020-12-31,06041,quantile,0.01,23.475128133637114
12842,2020-12-27,4 day ahead inc hosp,2020-12-31,06041,quantile,0.025,25.279079858748613
12843,2020-12-27,4 day ahead inc hosp,2020-12-31,06041,quantile,0.05,26.830577862514424
12844,2020-12-27,4 day ahead inc hosp,2020-12-31,06041,quantile,0.1,28.619355696890477
12845,2020-12-27,4 day ahead inc hosp,2020-12-31,06041,quantile,0.15,29.826235609502177
12846,2020-12-27,4 day ahead inc hosp,2020-12-31,06041,quantile,0.2,30.78542550517416
12847,2020-12-27,4 day ahead inc hosp,2020-12-31,06041,quantile,0.25,31.60832502777294
12848,2020-12-27,4 day ahead inc hosp,2020-12-31,06041,quantile,0.3,32.34731423184557
12849,2020-12-27,4 day ahead inc hosp,2020-12-31,06041,quantile,0.35,33.032097860826035
12850,2020-12-27,4 day ahead inc hosp,2020-12-31,06041,quantile,0.4,33.681890559591416
12851,2020-12-27,4 day ahead inc hosp,2020-12-31,06041,quantile,0.45,34.31057251563656
12852,2020-12-27,4 day ahead inc hosp,2020-12-31,06041,quantile,0.5,34.92928695678711
12853,2020-12-27,4 day ahead inc hosp,2020-12-31,06041,quantile,0.55,36.48154234750063
12854,2020-12-27,4 day ahead inc hosp,2020-12-31,06041,quantile,0.6,38.058804635900856
12855,2020-12-27,4 day ahead inc hosp,2020-12-31,06041,quantile,0.65,39.689030395023565
12856,2020-12-27,4 day ahead inc hosp,2020-12-31,06041,quantile,0.7,41.407042791147084
12857,2020-12-27,4 day ahead inc hosp,2020-12-31,06041,quantile,0.75,43.2610482893341
12858,2020-12-27,4 day ahead inc hosp,2020-12-31,06041,quantile,0.8,45.32557133100448
12859,2020-12-27,4 day ahead inc hosp,2020-12-31,06041,quantile,0.85,47.732025079693486
12860,2020-12-27,4 day ahead inc hosp,2020-12-31,06041,quantile,0.9,50.75989339130368
12861,2020-12-27,4 day ahead inc hosp,2020-12-31,06041,quantile,0.95,55.24765034592667
12862,2020-12-27,4 day ahead inc hosp,2020-12-31,06041,quantile,0.975,59.14011022701213
12863,2020-12-27,4 day ahead inc hosp,2020-12-31,06041,quantile,0.99,63.66593604204251
12864,2020-12-27,5 day ahead inc hosp,2021-01-01,06041,point,NA,33.58174133300781
12865,2020-12-27,5 day ahead inc hosp,2021-01-01,06041,quantile,0.01,23.39876127171121
12866,2020-12-27,5 day ahead inc hosp,2021-01-01,06041,quantile,0.025,25.002511030377484
12867,2020-12-27,5 day ahead inc hosp,2021-01-01,06041,quantile,0.05,26.381824298284826
12868,2020-12-27,5 day ahead inc hosp,2021-01-01,06041,quantile,0.1,27.972084159596175
12869,2020-12-27,5 day ahead inc hosp,2021-01-01,06041,quantile,0.15,29.045024938247312
12870,2020-12-27,5 day ahead inc hosp,2021-01-01,06041,quantile,0.2,29.89776425620439
12871,2020-12-27,5 day ahead inc hosp,2021-01-01,06041,quantile,0.25,30.629338661662945
12872,2020-12-27,5 day ahead inc hosp,2021-01-01,06041,quantile,0.3,31.286315088022256
12873,2020-12-27,5 day ahead inc hosp,2021-01-01,06041,quantile,0.35,31.89510165610415
12874,2020-12-27,5 day ahead inc hosp,2021-01-01,06041,quantile,0.4,32.47278057584557
12875,2020-12-27,5 day ahead inc hosp,2021-01-01,06041,quantile,0.45,33.03169161611907
12876,2020-12-27,5 day ahead inc hosp,2021-01-01,06041,quantile,0.5,33.58174133300781
12877,2020-12-27,5 day ahead inc hosp,2021-01-01,06041,quantile,0.55,35.08200845436881
12878,2020-12-27,5 day ahead inc hosp,2021-01-01,06041,quantile,0.6,36.606444940275786
12879,2020-12-27,5 day ahead inc hosp,2021-01-01,06041,quantile,0.65,38.18207103984651
12880,2020-12-27,5 day ahead inc hosp,2021-01-01,06041,quantile,0.7,39.84254361891739
12881,2020-12-27,5 day ahead inc hosp,2021-01-01,06041,quantile,0.75,41.63445460752986
12882,2020-12-27,5 day ahead inc hosp,2021-01-01,06041,quantile,0.8,43.62983246818367
12883,2020-12-27,5 day ahead inc hosp,2021-01-01,06041,quantile,0.85,45.95568906358224
12884,2020-12-27,5 day ahead inc hosp,2021-01-01,06041,quantile,0.9,48.88214775259445
12885,2020-12-27,5 day ahead inc hosp,2021-01-01,06041,quantile,0.95,53.21960037022407
12886,2020-12-27,5 day ahead inc hosp,2021-01-01,06041,quantile,0.975,56.981693654451576
12887,2020-12-27,5 day ahead inc hosp,2021-01-01,06041,quantile,0.99,61.35594012698327
12888,2020-12-27,6 day ahead inc hosp,2021-01-02,06041,point,NA,34.984703063964844
12889,2020-12-27,6 day ahead inc hosp,2021-01-02,06041,quantile,0.01,15.185316791077263
12890,2020-12-27,6 day ahead inc hosp,2021-01-02,06041,quantile,0.025,18.303584799631203
12891,2020-12-27,6 day ahead inc hosp,2021-01-02,06041,quantile,0.05,20.985467315184216
12892,2020-12-27,6 day ahead inc hosp,2021-01-02,06041,quantile,0.1,24.077506097430728
12893,2020-12-27,6 day ahead inc hosp,2021-01-02,06041,quantile,0.15,26.16368998432539
12894,2020-12-27,6 day ahead inc hosp,2021-01-02,06041,quantile,0.2,27.82172280425424
12895,2020-12-27,6 day ahead inc hosp,2021-01-02,06041,quantile,0.25,29.24416732971153
12896,2020-12-27,6 day ahead inc hosp,2021-01-02,06041,quantile,0.3,30.521566476068397
12897,2020-12-27,6 day ahead inc hosp,2021-01-02,06041,quantile,0.35,31.705267155696767
12898,2020-12-27,6 day ahead inc hosp,2021-01-02,06041,quantile,0.4,32.82848334632225
12899,2020-12-27,6 day ahead inc hosp,2021-01-02,06041,quantile,0.45,33.91520800962748
12900,2020-12-27,6 day ahead inc hosp,2021-01-02,06041,quantile,0.5,34.984703063964844
12901,2020-12-27,6 day ahead inc hosp,2021-01-02,06041,quantile,0.55,36.50925348417551
12902,2020-12-27,6 day ahead inc hosp,2021-01-02,06041,quantile,0.6,38.05836447386754
12903,2020-12-27,6 day ahead inc hosp,2021-01-02,06041,quantile,0.65,39.6594936314647
12904,2020-12-27,6 day ahead inc hosp,2021-01-02,06041,quantile,0.7,41.346842592277966
12905,2020-12-27,6 day ahead inc hosp,2021-01-02,06041,quantile,0.75,43.167757422558985
12906,2020-12-27,6 day ahead inc hosp,2021-01-02,06041,quantile,0.8,45.19543243631198
12907,2020-12-27,6 day ahead inc hosp,2021-01-02,06041,quantile,0.85,47.55893530815251
12908,2020-12-27,6 day ahead inc hosp,2021-01-02,06041,quantile,0.9,50.532761609175054
12909,2020-12-27,6 day ahead inc hosp,2021-01-02,06041,quantile,0.95,54.94042016324127
12910,2020-12-27,6 day ahead inc hosp,2021-01-02,06041,quantile,0.975,58.76340662723689
12911,2020-12-27,6 day ahead inc hosp,2021-01-02,06041,quantile,0.99,63.20845458093298
12912,2020-12-27,7 day ahead inc hosp,2021-01-03,06041,point,NA,33.59674835205078
12913,2020-12-27,7 day ahead inc hosp,2021-01-03,06041,quantile,0.01,14.236099233340692
12914,2020-12-27,7 day ahead inc hosp,2021-01-03,06041,quantile,0.025,17.28526913889388
12915,2020-12-27,7 day ahead inc hosp,2021-01-03,06041,quantile,0.05,19.90772347387125
12916,2020-12-27,7 day ahead inc hosp,2021-01-03,06041,quantile,0.1,22.93124536992584
12917,2020-12-27,7 day ahead inc hosp,2021-01-03,06041,quantile,0.15,24.971201238991465
12918,2020-12-27,7 day ahead inc hosp,2021-01-03,06041,quantile,0.2,26.59249349580778
12919,2020-12-27,7 day ahead inc hosp,2021-01-03,06041,quantile,0.25,27.983417889556286
12920,2020-12-27,7 day ahead inc hosp,2021-01-03,06041,quantile,0.3,29.232510983468043
12921,2020-12-27,7 day ahead inc hosp,2021-01-03,06041,quantile,0.35,30.389981887060916
12922,2020-12-27,7 day ahead inc hosp,2021-01-03,06041,quantile,0.4,31.488308585244106
12923,2020-12-27,7 day ahead inc hosp,2021-01-03,06041,quantile,0.45,32.550952376567665
12924,2020-12-27,7 day ahead inc hosp,2021-01-03,06041,quantile,0.5,33.59674835205078
12925,2020-12-27,7 day ahead inc hosp,2021-01-03,06041,quantile,0.55,35.10862940740075
12926,2020-12-27,7 day ahead inc hosp,2021-01-03,06041,quantile,0.6,36.64486692824718
12927,2020-12-27,7 day ahead inc hosp,2021-01-03,06041,quantile,0.65,38.23269033405169
12928,2020-12-27,7 day ahead inc hosp,2021-01-03,06041,quantile,0.7,39.906017036664466
12929,2020-12-27,7 day ahead inc hosp,2021-01-03,06041,quantile,0.75,41.71179964563011
12930,2020-12-27,7 day ahead inc hosp,2021-01-03,06041,quantile,0.8,43.722624213358095
12931,2020-12-27,7 day ahead inc hosp,2021-01-03,06041,quantile,0.85,46.06648583238358
12932,2020-12-27,7 day ahead inc hosp,2021-01-03,06041,quantile,0.9,49.01559895243123
12933,2020-12-27,7 day ahead inc hosp,2021-01-03,06041,quantile,0.95,53.38662884950943
12934,2020-12-27,7 day ahead inc hosp,2021-01-03,06041,quantile,0.975,57.17784541614528
12935,2020-12-27,7 day ahead inc hosp,2021-01-03,06041,quantile,0.99,61.585953998337416
12936,2020-12-27,8 day ahead inc hosp,2021-01-04,06041,point,NA,29.308908462524414
12937,2020-12-27,8 day ahead inc hosp,2021-01-04,06041,quantile,0.01,19.436318586886916
12938,2020-12-27,8 day ahead inc hosp,2021-01-04,06041,quantile,0.025,20.99118401283853
12939,2020-12-27,8 day ahead inc hosp,2021-01-04,06041,quantile,0.05,22.328454057766873
12940,2020-12-27,8 day ahead inc hosp,2021-01-04,06041,quantile,0.1,23.870240775594937
12941,2020-12-27,8 day ahead inc hosp,2021-01-04,06041,quantile,0.15,24.910476954464666
12942,2020-12-27,8 day ahead inc hosp,2021-01-04,06041,quantile,0.2,25.73722369327239
12943,2020-12-27,8 day ahead inc hosp,2021-01-04,06041,quantile,0.25,26.44649878024394
12944,2020-12-27,8 day ahead inc hosp,2021-01-04,06041,quantile,0.3,27.083449729412504
12945,2020-12-27,8 day ahead inc hosp,2021-01-04,06041,quantile,0.35,27.67367970848447
12946,2020-12-27,8 day ahead inc hosp,2021-01-04,06041,quantile,0.4,28.233750239908275
12947,2020-12-27,8 day ahead inc hosp,2021-01-04,06041,quantile,0.45,28.775624960704256
12948,2020-12-27,8 day ahead inc hosp,2021-01-04,06041,quantile,0.5,29.308908462524414
12949,2020-12-27,8 day ahead inc hosp,2021-01-04,06041,quantile,0.55,30.58626551587257
12950,2020-12-27,8 day ahead inc hosp,2021-01-04,06041,quantile,0.6,31.8842008434748
12951,2020-12-27,8 day ahead inc hosp,2021-01-04,06041,quantile,0.65,33.225720019006886
12952,2020-12-27,8 day ahead inc hosp,2021-01-04,06041,quantile,0.7,34.63947916267409
12953,2020-12-27,8 day ahead inc hosp,2021-01-04,06041,quantile,0.75,36.165147563778405
12954,2020-12-27,8 day ahead inc hosp,2021-01-04,06041,quantile,0.8,37.864051677659596
12955,2020-12-27,8 day ahead inc hosp,2021-01-04,06041,quantile,0.85,39.844331912364424
12956,2020-12-27,8 day ahead inc hosp,2021-01-04,06041,quantile,0.9,42.335976629840204
12957,2020-12-27,8 day ahead inc hosp,2021-01-04,06041,quantile,0.95,46.02896944145795
12958,2020-12-27,8 day ahead inc hosp,2021-01-04,06041,quantile,0.975,49.23208995482511
12959,2020-12-27,8 day ahead inc hosp,2021-01-04,06041,quantile,0.99,52.956409781085696
12960,2020-12-27,9 day ahead inc hosp,2021-01-05,06041,point,NA,29.80712127685547
12961,2020-12-27,9 day ahead inc hosp,2021-01-05,06041,quantile,0.01,19.366392344579193
12962,2020-12-27,9 day ahead inc hosp,2021-01-05,06041,quantile,0.025,21.010735788703155
12963,2020-12-27,9 day ahead inc hosp,2021-01-05,06041,quantile,0.05,22.42496186557117
12964,2020-12-27,9 day ahead inc hosp,2021-01-05,06041,quantile,0.1,24.055473959662116
12965,2020-12-27,9 day ahead inc hosp,2021-01-05,06041,quantile,0.15,25.15557272867174
12966,2020-12-27,9 day ahead inc hosp,2021-01-05,06041,quantile,0.2,26.029896356439927
12967,2020-12-27,9 day ahead inc hosp,2021-01-05,06041,quantile,0.25,26.779988177813035
12968,2020-12-27,9 day ahead inc hosp,2021-01-05,06041,quantile,0.3,27.453593815968407
12969,2020-12-27,9 day ahead inc hosp,2021-01-05,06041,quantile,0.35,28.07778982702732
12970,2020-12-27,9 day ahead inc hosp,2021-01-05,06041,quantile,0.4,28.67009080126122
12971,2020-12-27,9 day ahead inc hosp,2021-01-05,06041,quantile,0.45,29.24314884847585
12972,2020-12-27,9 day ahead inc hosp,2021-01-05,06041,quantile,0.5,29.80712127685547
12973,2020-12-27,9 day ahead inc hosp,2021-01-05,06041,quantile,0.55,30.94562727321193
12974,2020-12-27,9 day ahead inc hosp,2021-01-05,06041,quantile,0.6,32.102474647628284
12975,2020-12-27,9 day ahead inc hosp,2021-01-05,06041,quantile,0.65,33.29816822568236
12976,2020-12-27,9 day ahead inc hosp,2021-01-05,06041,quantile,0.7,34.558249154698984
12977,2020-12-27,9 day ahead inc hosp,2021-01-05,06041,quantile,0.75,35.9180745993982
12978,2020-12-27,9 day ahead inc hosp,2021-01-05,06041,quantile,0.8,37.43230471682584
12979,2020-12-27,9 day ahead inc hosp,2021-01-05,06041,quantile,0.85,39.19732485412266
12980,2020-12-27,9 day ahead inc hosp,2021-01-05,06041,quantile,0.9,41.41812321602195
12981,2020-12-27,9 day ahead inc hosp,2021-01-05,06041,quantile,0.95,44.70968092849354
12982,2020-12-27,9 day ahead inc hosp,2021-01-05,06041,quantile,0.975,47.56461636096493
12983,2020-12-27,9 day ahead inc hosp,2021-01-05,06041,quantile,0.99,50.884095784069686
12984,2020-12-27,10 day ahead inc hosp,2021-01-06,06041,point,NA,29.012283325195312
12985,2020-12-27,10 day ahead inc hosp,2021-01-06,06041,quantile,0.01,18.699317875365956
12986,2020-12-27,10 day ahead inc hosp,2021-01-06,06041,quantile,0.025,20.323539444271937
12987,2020-12-27,10 day ahead inc hosp,2021-01-06,06041,quantile,0.05,21.72045959837154
12988,2020-12-27,10 day ahead inc hosp,2021-01-06,06041,quantile,0.1,23.331019071849102
12989,2020-12-27,10 day ahead inc hosp,2021-01-06,06041,quantile,0.15,24.417655902456154
12990,2020-12-27,10 day ahead inc hosp,2021-01-06,06041,quantile,0.2,25.281280408334116
12991,2020-12-27,10 day ahead inc hosp,2021-01-06,06041,quantile,0.25,26.02219333579328
12992,2020-12-27,10 day ahead inc hosp,2021-01-06,06041,quantile,0.3,26.68755604352829
12993,2020-12-27,10 day ahead inc hosp,2021-01-06,06041,quantile,0.35,27.30411375111053
12994,2020-12-27,10 day ahead inc hosp,2021-01-06,06041,quantile,0.4,27.8891667222964
12995,2020-12-27,10 day ahead inc hosp,2021-01-06,06041,quantile,0.45,28.4552122426816
12996,2020-12-27,10 day ahead inc hosp,2021-01-06,06041,quantile,0.5,29.012283325195312
12997,2020-12-27,10 day ahead inc hosp,2021-01-06,06041,quantile,0.55,30.27487585097919
12998,2020-12-27,10 day ahead inc hosp,2021-01-06,06041,quantile,0.6,31.557808793875594
12999,2020-12-27,10 day ahead inc hosp,2021-01-06,06041,quantile,0.65,32.883821814105815
13000,2020-12-27,10 day ahead inc hosp,2021-01-06,06041,quantile,0.7,34.281239805711266
13001,2020-12-27,10 day ahead inc hosp,2021-01-06,06041,quantile,0.75,35.78927353442464
13002,2020-12-27,10 day ahead inc hosp,2021-01-06,06041,quantile,0.8,37.468540604338585
13003,2020-12-27,10 day ahead inc hosp,2021-01-06,06041,quantile,0.85,39.42593146599486
13004,2020-12-27,10 day ahead inc hosp,2021-01-06,06041,quantile,0.9,41.888776125557996
13005,2020-12-27,10 day ahead inc hosp,2021-01-06,06041,quantile,0.95,45.53908291292051
13006,2020-12-27,10 day ahead inc hosp,2021-01-06,06041,quantile,0.975,48.70517966618289
13007,2020-12-27,10 day ahead inc hosp,2021-01-06,06041,quantile,0.99,52.386451370081076
13008,2020-12-27,11 day ahead inc hosp,2021-01-07,06041,point,NA,28.808456420898438
13009,2020-12-27,11 day ahead inc hosp,2021-01-07,06041,quantile,0.01,16.88888869622815
13010,2020-12-27,11 day ahead inc hosp,2021-01-07,06041,quantile,0.025,18.76613914224467
13011,2020-12-27,11 day ahead inc hosp,2021-01-07,06041,quantile,0.05,20.38067808972292
13012,2020-12-27,11 day ahead inc hosp,2021-01-07,06041,quantile,0.1,22.242138094812216
13013,2020-12-27,11 day ahead inc hosp,2021-01-07,06041,quantile,0.15,23.498056322944763
13014,2020-12-27,11 day ahead inc hosp,2021-01-07,06041,quantile,0.2,24.496220317246475
13015,2020-12-27,11 day ahead inc hosp,2021-01-07,06041,quantile,0.25,25.35255614615002
13016,2020-12-27,11 day ahead inc hosp,2021-01-07,06041,quantile,0.3,26.121572186676822
13017,2020-12-27,11 day ahead inc hosp,2021-01-07,06041,quantile,0.35,26.834180154525253
13018,2020-12-27,11 day ahead inc hosp,2021-01-07,06041,quantile,0.4,27.510375429928306
13019,2020-12-27,11 day ahead inc hosp,2021-01-07,06041,quantile,0.45,28.16460218442493
13020,2020-12-27,11 day ahead inc hosp,2021-01-07,06041,quantile,0.5,28.808456420898438
13021,2020-12-27,11 day ahead inc hosp,2021-01-07,06041,quantile,0.55,30.358136090512144
13022,2020-12-27,11 day ahead inc hosp,2021-01-07,06041,quantile,0.6,31.932781162840534
13023,2020-12-27,11 day ahead inc hosp,2021-01-07,06041,quantile,0.65,33.560301821429945
13024,2020-12-27,11 day ahead inc hosp,2021-01-07,06041,quantile,0.7,35.2754634490492
13025,2020-12-27,11 day ahead inc hosp,2021-01-07,06041,quantile,0.75,37.1263925197943
13026,2020-12-27,11 day ahead inc hosp,2021-01-07,06041,quantile,0.8,39.187489813619784
13027,2020-12-27,11 day ahead inc hosp,2021-01-07,06041,quantile,0.85,41.589950434803285
13028,2020-12-27,11 day ahead inc hosp,2021-01-07,06041,quantile,0.9,44.61279448021068
13029,2020-12-27,11 day ahead inc hosp,2021-01-07,06041,quantile,0.95,49.093104715467774
13030,2020-12-27,11 day ahead inc hosp,2021-01-07,06041,quantile,0.975,52.9791056780622
13031,2020-12-27,11 day ahead inc hosp,2021-01-07,06041,quantile,0.99,57.49742160450364
13032,2020-12-27,12 day ahead inc hosp,2021-01-08,06041,point,NA,28.005163192749023
13033,2020-12-27,12 day ahead inc hosp,2021-01-08,06041,quantile,0.01,17.6180850282416
13034,2020-12-27,12 day ahead inc hosp,2021-01-08,06041,quantile,0.025,19.253978843146648
13035,2020-12-27,12 day ahead inc hosp,2021-01-08,06041,quantile,0.05,20.66093777273837
13036,2020-12-27,12 day ahead inc hosp,2021-01-08,06041,quantile,0.1,22.283071311436125
13037,2020-12-27,12 day ahead inc hosp,2021-01-08,06041,quantile,0.15,23.37751710889924
13038,2020-12-27,12 day ahead inc hosp,2021-01-08,06041,quantile,0.2,24.247347934085113
13039,2020-12-27,12 day ahead inc hosp,2021-01-08,06041,quantile,0.25,24.993585330889317
13040,2020-12-27,12 day ahead inc hosp,2021-01-08,06041,quantile,0.3,25.663729576655818
13041,2020-12-27,12 day ahead inc hosp,2021-01-08,06041,quantile,0.35,26.284718091815854
13042,2020-12-27,12 day ahead inc hosp,2021-01-08,06041,quantile,0.4,26.873975466103428
13043,2020-12-27,12 day ahead inc hosp,2021-01-08,06041,quantile,0.45,27.44408879514669
13044,2020-12-27,12 day ahead inc hosp,2021-01-08,06041,quantile,0.5,28.005163192749023
13045,2020-12-27,12 day ahead inc hosp,2021-01-08,06041,quantile,0.55,29.50269592485145
13046,2020-12-27,12 day ahead inc hosp,2021-01-08,06041,quantile,0.6,31.02435397037732
13047,2020-12-27,12 day ahead inc hosp,2021-01-08,06041,quantile,0.65,32.59710833129508
13048,2020-12-27,12 day ahead inc hosp,2021-01-08,06041,quantile,0.7,34.25455453038355
13049,2020-12-27,12 day ahead inc hosp,2021-01-08,06041,quantile,0.75,36.043199579157836
13050,2020-12-27,12 day ahead inc hosp,2021-01-08,06041,quantile,0.8,38.03494066092656
13051,2020-12-27,12 day ahead inc hosp,2021-01-08,06041,quantile,0.85,40.35655814636873
13052,2020-12-27,12 day ahead inc hosp,2021-01-08,06041,quantile,0.9,43.27768306708664
13053,2020-12-27,12 day ahead inc hosp,2021-01-08,06041,quantile,0.95,47.60723023662751
13054,2020-12-27,12 day ahead inc hosp,2021-01-08,06041,quantile,0.975,51.36246672360893
13055,2020-12-27,12 day ahead inc hosp,2021-01-08,06041,quantile,0.99,55.728740687512996
13056,2020-12-27,13 day ahead inc hosp,2021-01-09,06041,point,NA,26.91792869567871
13057,2020-12-27,13 day ahead inc hosp,2021-01-09,06041,quantile,0.01,7.6753035010363355
13058,2020-12-27,13 day ahead inc hosp,2021-01-09,06041,quantile,0.025,10.705885445246079
13059,2020-12-27,13 day ahead inc hosp,2021-01-09,06041,quantile,0.05,13.312353108009898
13060,2020-12-27,13 day ahead inc hosp,2021-01-09,06041,quantile,0.1,16.317443394850923
13061,2020-12-27,13 day ahead inc hosp,2021-01-09,06041,quantile,0.15,18.344963544684415
13062,2020-12-27,13 day ahead inc hosp,2021-01-09,06041,quantile,0.2,19.956372286075357
13063,2020-12-27,13 day ahead inc hosp,2021-01-09,06041,quantile,0.25,21.33881750363379
13064,2020-12-27,13 day ahead inc hosp,2021-01-09,06041,quantile,0.3,22.580296035266905
13065,2020-12-27,13 day ahead inc hosp,2021-01-09,06041,quantile,0.35,23.730710912111984
13066,2020-12-27,13 day ahead inc hosp,2021-01-09,06041,quantile,0.4,24.822342130921882
13067,2020-12-27,13 day ahead inc hosp,2021-01-09,06041,quantile,0.45,25.878507968465627
13068,2020-12-27,13 day ahead inc hosp,2021-01-09,06041,quantile,0.5,26.91792869567871
13069,2020-12-27,13 day ahead inc hosp,2021-01-09,06041,quantile,0.55,28.429385876952
13070,2020-12-27,13 day ahead inc hosp,2021-01-09,06041,quantile,0.6,29.965192695093084
13071,2020-12-27,13 day ahead inc hosp,2021-01-09,06041,quantile,0.65,31.552570935467624
13072,2020-12-27,13 day ahead inc hosp,2021-01-09,06041,quantile,0.7,33.2254285007706
13073,2020-12-27,13 day ahead inc hosp,2021-01-09,06041,quantile,0.75,35.03070483681659
13074,2020-12-27,13 day ahead inc hosp,2021-01-09,06041,quantile,0.8,37.0409656456404
13075,2020-12-27,13 day ahead inc hosp,2021-01-09,06041,quantile,0.85,39.384170134810255
13076,2020-12-27,13 day ahead inc hosp,2021-01-09,06041,quantile,0.9,42.33245643544884
13077,2020-12-27,13 day ahead inc hosp,2021-01-09,06041,quantile,0.95,46.70226086161105
13078,2020-12-27,13 day ahead inc hosp,2021-01-09,06041,quantile,0.975,50.49241451498665
13079,2020-12-27,13 day ahead inc hosp,2021-01-09,06041,quantile,0.99,54.89928723080652
13080,2020-12-27,14 day ahead inc hosp,2021-01-10,06041,point,NA,27.420183181762695
13081,2020-12-27,14 day ahead inc hosp,2021-01-10,06041,quantile,0.01,7.884738940951724
13082,2020-12-27,14 day ahead inc hosp,2021-01-10,06041,quantile,0.025,10.961437883505663
13083,2020-12-27,14 day ahead inc hosp,2021-01-10,06041,quantile,0.05,13.607568709021947
13084,2020-12-27,14 day ahead inc hosp,2021-01-10,06041,quantile,0.1,16.65838808233337
13085,2020-12-27,14 day ahead inc hosp,2021-01-10,06041,quantile,0.15,18.716761429709116
13086,2020-12-27,14 day ahead inc hosp,2021-01-10,06041,quantile,0.2,20.352691314440374
13087,2020-12-27,14 day ahead inc hosp,2021-01-10,06041,quantile,0.25,21.756173489580796
13088,2020-12-27,14 day ahead inc hosp,2021-01-10,06041,quantile,0.3,23.016543859297045
13089,2020-12-27,14 day ahead inc hosp,2021-01-10,06041,quantile,0.35,24.184464839572843
13090,2020-12-27,14 day ahead inc hosp,2021-01-10,06041,quantile,0.4,25.292707638612903
13091,2020-12-27,14 day ahead inc hosp,2021-01-10,06041,quantile,0.45,26.364945372273585
13092,2020-12-27,14 day ahead inc hosp,2021-01-10,06041,quantile,0.5,27.420183181762695
13093,2020-12-27,14 day ahead inc hosp,2021-01-10,06041,quantile,0.55,28.936579688437273
13094,2020-12-27,14 day ahead inc hosp,2021-01-10,06041,quantile,0.6,30.477405404713412
13095,2020-12-27,14 day ahead inc hosp,2021-01-10,06041,quantile,0.65,32.06997107465015
13096,2020-12-27,14 day ahead inc hosp,2021-01-10,06041,quantile,0.7,33.748295409351165
13097,2020-12-27,14 day ahead inc hosp,2021-01-10,06041,quantile,0.75,35.559471249116775
13098,2020-12-27,14 day ahead inc hosp,2021-01-10,06041,quantile,0.8,37.576301435094805
13099,2020-12-27,14 day ahead inc hosp,2021-01-10,06041,quantile,0.85,39.92716333566682
13100,2020-12-27,14 day ahead inc hosp,2021-01-10,06041,quantile,0.9,42.88508440836209
13101,2020-12-27,14 day ahead inc hosp,2021-01-10,06041,quantile,0.95,47.26916901809035
13102,2020-12-27,14 day ahead inc hosp,2021-01-10,06041,quantile,0.975,51.07170860104889
13103,2020-12-27,14 day ahead inc hosp,2021-01-10,06041,quantile,0.99,55.49298263674416
13104,2020-12-27,15 day ahead inc hosp,2021-01-11,06041,point,NA,25.6549072265625
13105,2020-12-27,15 day ahead inc hosp,2021-01-11,06041,quantile,0.01,16.073500195657452
13106,2020-12-27,15 day ahead inc hosp,2021-01-11,06041,quantile,0.025,17.58250631380758
13107,2020-12-27,15 day ahead inc hosp,2021-01-11,06041,quantile,0.05,18.88033482406642
13108,2020-12-27,15 day ahead inc hosp,2021-01-11,06041,quantile,0.1,20.376647978409814
13109,2020-12-27,15 day ahead inc hosp,2021-01-11,06041,quantile,0.15,21.386203359882668
13110,2020-12-27,15 day ahead inc hosp,2021-01-11,06041,quantile,0.2,22.188565973520426
13111,2020-12-27,15 day ahead inc hosp,2021-01-11,06041,quantile,0.25,22.876921652299814
13112,2020-12-27,15 day ahead inc hosp,2021-01-11,06041,quantile,0.3,23.49508632637033
13113,2020-12-27,15 day ahead inc hosp,2021-01-11,06041,quantile,0.35,24.06790802184929
13114,2020-12-27,15 day ahead inc hosp,2021-01-11,06041,quantile,0.4,24.61145979450309
13115,2020-12-27,15 day ahead inc hosp,2021-01-11,06041,quantile,0.45,25.137352425019063
13116,2020-12-27,15 day ahead inc hosp,2021-01-11,06041,quantile,0.5,25.6549072265625
13117,2020-12-27,15 day ahead inc hosp,2021-01-11,06041,quantile,0.55,26.957867975869974
13118,2020-12-27,15 day ahead inc hosp,2021-01-11,06041,quantile,0.6,28.28181947601823
13119,2020-12-27,15 day ahead inc hosp,2021-01-11,06041,quantile,0.65,29.6502284307267
13120,2020-12-27,15 day ahead inc hosp,2021-01-11,06041,quantile,0.7,31.092325351352414
13121,2020-12-27,15 day ahead inc hosp,2021-01-11,06041,quantile,0.75,32.648574669338366
13122,2020-12-27,15 day ahead inc hosp,2021-01-11,06041,quantile,0.8,34.381532084355555
13123,2020-12-27,15 day ahead inc hosp,2021-01-11,06041,quantile,0.85,36.401505600520515
13124,2020-12-27,15 day ahead inc hosp,2021-01-11,06041,quantile,0.9,38.94309352973782
13125,2020-12-27,15 day ahead inc hosp,2021-01-11,06041,quantile,0.95,42.71010970458104
13126,2020-12-27,15 day ahead inc hosp,2021-01-11,06041,quantile,0.975,45.977434446147626
13127,2020-12-27,15 day ahead inc hosp,2021-01-11,06041,quantile,0.99,49.77640556292788
13128,2020-12-27,16 day ahead inc hosp,2021-01-12,06041,point,NA,26.54853057861328
13129,2020-12-27,16 day ahead inc hosp,2021-01-12,06041,quantile,0.01,16.445364978016286
13130,2020-12-27,16 day ahead inc hosp,2021-01-12,06041,quantile,0.025,18.036544504656717
13131,2020-12-27,16 day ahead inc hosp,2021-01-12,06041,quantile,0.05,19.405046679548935
13132,2020-12-27,16 day ahead inc hosp,2021-01-12,06041,quantile,0.1,20.982842042998286
13133,2020-12-27,16 day ahead inc hosp,2021-01-12,06041,quantile,0.15,22.047373084117268
13134,2020-12-27,16 day ahead inc hosp,2021-01-12,06041,quantile,0.2,22.89342860927789
13135,2020-12-27,16 day ahead inc hosp,2021-01-12,06041,quantile,0.25,23.61926891565329
13136,2020-12-27,16 day ahead inc hosp,2021-01-12,06041,quantile,0.3,24.271095943816142
13137,2020-12-27,16 day ahead inc hosp,2021-01-12,06041,quantile,0.35,24.875110827055273
13138,2020-12-27,16 day ahead inc hosp,2021-01-12,06041,quantile,0.4,25.44826188450499
13139,2020-12-27,16 day ahead inc hosp,2021-01-12,06041,quantile,0.45,26.002792165610746
13140,2020-12-27,16 day ahead inc hosp,2021-01-12,06041,quantile,0.5,26.54853057861328
13141,2020-12-27,16 day ahead inc hosp,2021-01-12,06041,quantile,0.55,27.675017581783944
13142,2020-12-27,16 day ahead inc hosp,2021-01-12,06041,quantile,0.6,28.81965233654383
13143,2020-12-27,16 day ahead inc hosp,2021-01-12,06041,quantile,0.65,30.00272320289245
13144,2020-12-27,16 day ahead inc hosp,2021-01-12,06041,quantile,0.7,31.249501695077065
13145,2020-12-27,16 day ahead inc hosp,2021-01-12,06041,quantile,0.75,32.59497171889487
13146,2020-12-27,16 day ahead inc hosp,2021-01-12,06041,quantile,0.8,34.093216394417645
13147,2020-12-27,16 day ahead inc hosp,2021-01-12,06041,quantile,0.85,35.83960354684583
13148,2020-12-27,16 day ahead inc hosp,2021-01-12,06041,quantile,0.9,38.03695735907729
13149,2020-12-27,16 day ahead inc hosp,2021-01-12,06041,quantile,0.95,41.293766717264006
13150,2020-12-27,16 day ahead inc hosp,2021-01-12,06041,quantile,0.975,44.1185631345536
13151,2020-12-27,16 day ahead inc hosp,2021-01-12,06041,quantile,0.99,47.402999439137794
13152,2020-12-27,17 day ahead inc hosp,2021-01-13,06041,point,NA,26.551898956298828
13153,2020-12-27,17 day ahead inc hosp,2021-01-13,06041,quantile,0.01,16.397791471937772
13154,2020-12-27,17 day ahead inc hosp,2021-01-13,06041,quantile,0.025,17.996993997081667
13155,2020-12-27,17 day ahead inc hosp,2021-01-13,06041,quantile,0.05,19.372396393298587
13156,2020-12-27,17 day ahead inc hosp,2021-01-13,06041,quantile,0.1,20.95814727001831
13157,2020-12-27,17 day ahead inc hosp,2021-01-13,06041,quantile,0.15,22.028045858171925
13158,2020-12-27,17 day ahead inc hosp,2021-01-13,06041,quantile,0.2,22.878367339560977
13159,2020-12-27,17 day ahead inc hosp,2021-01-13,06041,quantile,0.25,23.607867456532418
13160,2020-12-27,17 day ahead inc hosp,2021-01-13,06041,quantile,0.3,24.26298110772172
13161,2020-12-27,17 day ahead inc hosp,2021-01-13,06041,quantile,0.35,24.8700415369996
13162,2020-12-27,17 day ahead inc hosp,2021-01-13,06041,quantile,0.4,25.446082519815498
13163,2020-12-27,17 day ahead inc hosp,2021-01-13,06041,quantile,0.45,26.00340883715786
13164,2020-12-27,17 day ahead inc hosp,2021-01-13,06041,quantile,0.5,26.551898956298828
13165,2020-12-27,17 day ahead inc hosp,2021-01-13,06041,quantile,0.55,27.803607014168016
13166,2020-12-27,17 day ahead inc hosp,2021-01-13,06041,quantile,0.6,29.075480139927468
13167,2020-12-27,17 day ahead inc hosp,2021-01-13,06041,quantile,0.65,30.390061961351734
13168,2020-12-27,17 day ahead inc hosp,2021-01-13,06041,quantile,0.7,31.77543319124869
13169,2020-12-27,17 day ahead inc hosp,2021-01-13,06041,quantile,0.75,33.2704665699685
13170,2020-12-27,17 day ahead inc hosp,2021-01-13,06041,quantile,0.8,34.935257133670504
13171,2020-12-27,17 day ahead inc hosp,2021-01-13,06041,quantile,0.85,36.87577385929704
13172,2020-12-27,17 day ahead inc hosp,2021-01-13,06041,quantile,0.9,39.3173870026517
13173,2020-12-27,17 day ahead inc hosp,2021-01-13,06041,quantile,0.95,42.93622548468654
13174,2020-12-27,17 day ahead inc hosp,2021-01-13,06041,quantile,0.975,46.07502817607073
13175,2020-12-27,17 day ahead inc hosp,2021-01-13,06041,quantile,0.99,49.72456463448941
13176,2020-12-27,18 day ahead inc hosp,2021-01-14,06041,point,NA,26.823801040649414
13177,2020-12-27,18 day ahead inc hosp,2021-01-14,06041,quantile,0.01,15.606013978054742
13178,2020-12-27,18 day ahead inc hosp,2021-01-14,06041,quantile,0.025,17.372738766487174
13179,2020-12-27,18 day ahead inc hosp,2021-01-14,06041,quantile,0.05,18.892219550978268
13180,2020-12-27,18 day ahead inc hosp,2021-01-14,06041,quantile,0.1,20.644083582037815
13181,2020-12-27,18 day ahead inc hosp,2021-01-14,06041,quantile,0.15,21.82605792680054
13182,2020-12-27,18 day ahead inc hosp,2021-01-14,06041,quantile,0.2,22.765453666668726
13183,2020-12-27,18 day ahead inc hosp,2021-01-14,06041,quantile,0.25,23.5713715660929
13184,2020-12-27,18 day ahead inc hosp,2021-01-14,06041,quantile,0.3,24.295110747715608
13185,2020-12-27,18 day ahead inc hosp,2021-01-14,06041,quantile,0.35,24.96576295818855
13186,2020-12-27,18 day ahead inc hosp,2021-01-14,06041,quantile,0.4,25.602146322704716
13187,2020-12-27,18 day ahead inc hosp,2021-01-14,06041,quantile,0.45,26.217854592678787
13188,2020-12-27,18 day ahead inc hosp,2021-01-14,06041,quantile,0.5,26.823801040649414
13189,2020-12-27,18 day ahead inc hosp,2021-01-14,06041,quantile,0.55,28.348458597819242
13190,2020-12-27,18 day ahead inc hosp,2021-01-14,06041,quantile,0.6,29.897678450451217
13191,2020-12-27,18 day ahead inc hosp,2021-01-14,06041,quantile,0.65,31.49892012653703
13192,2020-12-27,18 day ahead inc hosp,2021-01-14,06041,quantile,0.7,33.18638766488917
13193,2020-12-27,18 day ahead inc hosp,2021-01-14,06041,quantile,0.75,35.00743045897855
13194,2020-12-27,18 day ahead inc hosp,2021-01-14,06041,quantile,0.8,37.035247966500364
13195,2020-12-27,18 day ahead inc hosp,2021-01-14,06041,quantile,0.85,39.398916932231465
13196,2020-12-27,18 day ahead inc hosp,2021-01-14,06041,quantile,0.9,42.37295221729464
13197,2020-12-27,18 day ahead inc hosp,2021-01-14,06041,quantile,0.95,46.78092051719034
13198,2020-12-27,18 day ahead inc hosp,2021-01-14,06041,quantile,0.975,50.6041756394994
13199,2020-12-27,18 day ahead inc hosp,2021-01-14,06041,quantile,0.99,55.049535966544894
13200,2020-12-27,19 day ahead inc hosp,2021-01-15,06041,point,NA,26.068635940551758
13201,2020-12-27,19 day ahead inc hosp,2021-01-15,06041,quantile,0.01,16.176631286924177
13202,2020-12-27,19 day ahead inc hosp,2021-01-15,06041,quantile,0.025,17.734554407708615
13203,2020-12-27,19 day ahead inc hosp,2021-01-15,06041,quantile,0.05,19.074454238879685
13204,2020-12-27,19 day ahead inc hosp,2021-01-15,06041,quantile,0.1,20.61927293182388
13205,2020-12-27,19 day ahead inc hosp,2021-01-15,06041,quantile,0.15,21.661554769910126
13206,2020-12-27,19 day ahead inc hosp,2021-01-15,06041,quantile,0.2,22.489927333814425
13207,2020-12-27,19 day ahead inc hosp,2021-01-15,06041,quantile,0.25,23.20059723395262
13208,2020-12-27,19 day ahead inc hosp,2021-01-15,06041,quantile,0.3,23.838800768453346
13209,2020-12-27,19 day ahead inc hosp,2021-01-15,06041,quantile,0.35,24.430191454508098
13210,2020-12-27,19 day ahead inc hosp,2021-01-15,06041,quantile,0.4,24.991363383352773
13211,2020-12-27,19 day ahead inc hosp,2021-01-15,06041,quantile,0.45,25.53430371889982
13212,2020-12-27,19 day ahead inc hosp,2021-01-15,06041,quantile,0.5,26.068635940551758
13213,2020-12-27,19 day ahead inc hosp,2021-01-15,06041,quantile,0.55,27.526549688804717
13214,2020-12-27,19 day ahead inc hosp,2021-01-15,06041,quantile,0.6,29.007950487034584
13215,2020-12-27,19 day ahead inc hosp,2021-01-15,06041,quantile,0.65,30.539095787737082
13216,2020-12-27,19 day ahead inc hosp,2021-01-15,06041,quantile,0.7,32.15269230475492
13217,2020-12-27,19 day ahead inc hosp,2021-01-15,06041,quantile,0.75,33.89401665209764
13218,2020-12-27,19 day ahead inc hosp,2021-01-15,06041,quantile,0.8,35.83306388881088
13219,2020-12-27,19 day ahead inc hosp,2021-01-15,06041,quantile,0.85,38.09326026225422
13220,2020-12-27,19 day ahead inc hosp,2021-01-15,06041,quantile,0.9,40.937103399024934
13221,2020-12-27,19 day ahead inc hosp,2021-01-15,06041,quantile,0.95,45.15210732306041
13222,2020-12-27,19 day ahead inc hosp,2021-01-15,06041,quantile,0.975,48.80799462685585
13223,2020-12-27,19 day ahead inc hosp,2021-01-15,06041,quantile,0.99,53.05875369485817
13224,2020-12-27,20 day ahead inc hosp,2021-01-16,06041,point,NA,25.683996200561523
13225,2020-12-27,20 day ahead inc hosp,2021-01-16,06041,quantile,0.01,7.494916118850657
13226,2020-12-27,20 day ahead inc hosp,2021-01-16,06041,quantile,0.025,10.359571908787563
13227,2020-12-27,20 day ahead inc hosp,2021-01-16,06041,quantile,0.05,12.823333925084631
13228,2020-12-27,20 day ahead inc hosp,2021-01-16,06041,quantile,0.1,15.663893740974071
13229,2020-12-27,20 day ahead inc hosp,2021-01-16,06041,quantile,0.15,17.580405963166694
13230,2020-12-27,20 day ahead inc hosp,2021-01-16,06041,quantile,0.2,19.103589122691588
13231,2020-12-27,20 day ahead inc hosp,2021-01-16,06041,quantile,0.25,20.410344646763726
13232,2020-12-27,20 day ahead inc hosp,2021-01-16,06041,quantile,0.3,21.583851494357823
13233,2020-12-27,20 day ahead inc hosp,2021-01-16,06041,quantile,0.35,22.67128047613484
13234,2020-12-27,20 day ahead inc hosp,2021-01-16,06041,quantile,0.4,23.703144239929248
13235,2020-12-27,20 day ahead inc hosp,2021-01-16,06041,quantile,0.45,24.701484373062392
13236,2020-12-27,20 day ahead inc hosp,2021-01-16,06041,quantile,0.5,25.683996200561523
13237,2020-12-27,20 day ahead inc hosp,2021-01-16,06041,quantile,0.55,27.167859143491096
13238,2020-12-27,20 day ahead inc hosp,2021-01-16,06041,quantile,0.6,28.675627178982715
13239,2020-12-27,20 day ahead inc hosp,2021-01-16,06041,quantile,0.65,30.234025112108576
13240,2020-12-27,20 day ahead inc hosp,2021-01-16,06041,quantile,0.7,31.876341798752204
13241,2020-12-27,20 day ahead inc hosp,2021-01-16,06041,quantile,0.75,33.64865972478808
13242,2020-12-27,20 day ahead inc hosp,2021-01-16,06041,quantile,0.8,35.622219781133424
13243,2020-12-27,20 day ahead inc hosp,2021-01-16,06041,quantile,0.85,37.92264506096587
13244,2020-12-27,20 day ahead inc hosp,2021-01-16,06041,quantile,0.9,40.817105347944704
13245,2020-12-27,20 day ahead inc hosp,2021-01-16,06041,quantile,0.95,45.10713151353498
13246,2020-12-27,20 day ahead inc hosp,2021-01-16,06041,quantile,0.975,48.82808942351382
13247,2020-12-27,20 day ahead inc hosp,2021-01-16,06041,quantile,0.99,53.15450713367596
13248,2020-12-27,21 day ahead inc hosp,2021-01-17,06041,point,NA,29.810155868530273
13249,2020-12-27,21 day ahead inc hosp,2021-01-17,06041,quantile,0.01,11.134778971371947
13250,2020-12-27,21 day ahead inc hosp,2021-01-17,06041,quantile,0.025,14.07602318588785
13251,2020-12-27,21 day ahead inc hosp,2021-01-17,06041,quantile,0.05,16.60565547254292
13252,2020-12-27,21 day ahead inc hosp,2021-01-17,06041,quantile,0.1,19.52215949156686
13253,2020-12-27,21 day ahead inc hosp,2021-01-17,06041,quantile,0.15,21.489910907068413
13254,2020-12-27,21 day ahead inc hosp,2021-01-17,06041,quantile,0.2,23.05381735311976
13255,2020-12-27,21 day ahead inc hosp,2021-01-17,06041,quantile,0.25,24.39550983096141
13256,2020-12-27,21 day ahead inc hosp,2021-01-17,06041,quantile,0.3,25.600391142812477
13257,2020-12-27,21 day ahead inc hosp,2021-01-17,06041,quantile,0.35,26.716893241453448
13258,2020-12-27,21 day ahead inc hosp,2021-01-17,06041,quantile,0.4,27.776344550085454
13259,2020-12-27,21 day ahead inc hosp,2021-01-17,06041,quantile,0.45,28.801375952117027
13260,2020-12-27,21 day ahead inc hosp,2021-01-17,06041,quantile,0.5,29.810155868530273
13261,2020-12-27,21 day ahead inc hosp,2021-01-17,06041,quantile,0.55,31.266570298554985
13262,2020-12-27,21 day ahead inc hosp,2021-01-17,06041,quantile,0.6,32.74644762447876
13263,2020-12-27,21 day ahead inc hosp,2021-01-17,06041,quantile,0.65,34.27601829563806
13264,2020-12-27,21 day ahead inc hosp,2021-01-17,06041,quantile,0.7,35.88795539029713
13265,2020-12-27,21 day ahead inc hosp,2021-01-17,06041,quantile,0.75,37.62748896000407
13266,2020-12-27,21 day ahead inc hosp,2021-01-17,06041,quantile,0.8,39.56454208089878
13267,2020-12-27,21 day ahead inc hosp,2021-01-17,06041,quantile,0.85,41.82241406881096
13268,2020-12-27,21 day ahead inc hosp,2021-01-17,06041,quantile,0.9,44.66333259782738
13269,2020-12-27,21 day ahead inc hosp,2021-01-17,06041,quantile,0.95,48.87400181260929
13270,2020-12-27,21 day ahead inc hosp,2021-01-17,06041,quantile,0.975,52.52612940257971
13271,2020-12-27,21 day ahead inc hosp,2021-01-17,06041,quantile,0.99,56.77251699074504
13272,2020-12-27,22 day ahead inc hosp,2021-01-18,06041,point,NA,23.02312660217285
13273,2020-12-27,22 day ahead inc hosp,2021-01-18,06041,quantile,0.01,12.241101580364667
13274,2020-12-27,22 day ahead inc hosp,2021-01-18,06041,quantile,0.025,13.939196825820435
13275,2020-12-27,22 day ahead inc hosp,2021-01-18,06041,quantile,0.05,15.399652417206061
13276,2020-12-27,22 day ahead inc hosp,2021-01-18,06041,quantile,0.1,17.083464180817913
13277,2020-12-27,22 day ahead inc hosp,2021-01-18,06041,quantile,0.15,18.219523983812547
13278,2020-12-27,22 day ahead inc hosp,2021-01-18,06041,quantile,0.2,19.122428301404046
13279,2020-12-27,22 day ahead inc hosp,2021-01-18,06041,quantile,0.25,19.897039809772675
13280,2020-12-27,22 day ahead inc hosp,2021-01-18,06041,quantile,0.3,20.59266488466281
13281,2020-12-27,22 day ahead inc hosp,2021-01-18,06041,quantile,0.35,21.23726518540855
13282,2020-12-27,22 day ahead inc hosp,2021-01-18,06041,quantile,0.4,21.848927835215413
13283,2020-12-27,22 day ahead inc hosp,2021-01-18,06041,quantile,0.45,22.44071852761773
13284,2020-12-27,22 day ahead inc hosp,2021-01-18,06041,quantile,0.5,23.02312660217285
13285,2020-12-27,22 day ahead inc hosp,2021-01-18,06041,quantile,0.55,24.53805183317896
13286,2020-12-27,22 day ahead inc hosp,2021-01-18,06041,quantile,0.6,26.077382571475574
13287,2020-12-27,22 day ahead inc hosp,2021-01-18,06041,quantile,0.65,27.66840306301715
13288,2020-12-27,22 day ahead inc hosp,2021-01-18,06041,quantile,0.7,29.34509901243333
13289,2020-12-27,22 day ahead inc hosp,2021-01-18,06041,quantile,0.75,31.154517568445886
13290,2020-12-27,22 day ahead inc hosp,2021-01-18,06041,quantile,0.8,33.16939093563213
13291,2020-12-27,22 day ahead inc hosp,2021-01-18,06041,quantile,0.85,35.5179719249128
13292,2020-12-27,22 day ahead inc hosp,2021-01-18,06041,quantile,0.9,38.47302309037447
13293,2020-12-27,22 day ahead inc hosp,2021-01-18,06041,quantile,0.95,42.85285406526091
13294,2020-12-27,22 day ahead inc hosp,2021-01-18,06041,quantile,0.975,46.651704254355664
13295,2020-12-27,22 day ahead inc hosp,2021-01-18,06041,quantile,0.99,51.0686885723658
13296,2020-12-27,23 day ahead inc hosp,2021-01-19,06041,point,NA,23.651412963867188
13297,2020-12-27,23 day ahead inc hosp,2021-01-19,06041,quantile,0.01,13.357927740085364
13298,2020-12-27,23 day ahead inc hosp,2021-01-19,06041,quantile,0.025,14.979081306536814
13299,2020-12-27,23 day ahead inc hosp,2021-01-19,06041,quantile,0.05,16.37336280927037
13300,2020-12-27,23 day ahead inc hosp,2021-01-19,06041,quantile,0.1,17.980880086712368
13301,2020-12-27,23 day ahead inc hosp,2021-01-19,06041,quantile,0.15,19.06546436209709
13302,2020-12-27,23 day ahead inc hosp,2021-01-19,06041,quantile,0.2,19.92745756215166
13303,2020-12-27,23 day ahead inc hosp,2021-01-19,06041,quantile,0.25,20.666970974468583
13304,2020-12-27,23 day ahead inc hosp,2021-01-19,06041,quantile,0.3,21.33107687435203
13305,2020-12-27,23 day ahead inc hosp,2021-01-19,06041,quantile,0.35,21.946469962157984
13306,2020-12-27,23 day ahead inc hosp,2021-01-19,06041,quantile,0.4,22.530417823064568
13307,2020-12-27,23 day ahead inc hosp,2021-01-19,06041,quantile,0.45,23.09539413646523
13308,2020-12-27,23 day ahead inc hosp,2021-01-19,06041,quantile,0.5,23.651412963867188
13309,2020-12-27,23 day ahead inc hosp,2021-01-19,06041,quantile,0.55,24.888755082008977
13310,2020-12-27,23 day ahead inc hosp,2021-01-19,06041,quantile,0.6,26.146030832165792
13311,2020-12-27,23 day ahead inc hosp,2021-01-19,06041,quantile,0.65,27.44552510734108
13312,2020-12-27,23 day ahead inc hosp,2021-01-19,06041,quantile,0.7,28.814996336064716
13313,2020-12-27,23 day ahead inc hosp,2021-01-19,06041,quantile,0.75,30.292871113564285
13314,2020-12-27,23 day ahead inc hosp,2021-01-19,06041,quantile,0.8,31.938554761123555
13315,2020-12-27,23 day ahead inc hosp,2021-01-19,06041,quantile,0.85,33.85680004242639
13316,2020-12-27,23 day ahead inc hosp,2021-01-19,06041,quantile,0.9,36.27039062330368
13317,2020-12-27,23 day ahead inc hosp,2021-01-19,06041,quantile,0.95,39.84769544643997
13318,2020-12-27,23 day ahead inc hosp,2021-01-19,06041,quantile,0.975,42.95047388280947
13319,2020-12-27,23 day ahead inc hosp,2021-01-19,06041,quantile,0.99,46.55812435953698
13320,2020-12-27,24 day ahead inc hosp,2021-01-20,06041,point,NA,24.69407844543457
13321,2020-12-27,24 day ahead inc hosp,2021-01-20,06041,quantile,0.01,14.375146129486563
13322,2020-12-27,24 day ahead inc hosp,2021-01-20,06041,quantile,0.025,16.000307439022514
13323,2020-12-27,24 day ahead inc hosp,2021-01-20,06041,quantile,0.05,17.398035821907378
13324,2020-12-27,24 day ahead inc hosp,2021-01-20,06041,quantile,0.1,19.00952713141223
13325,2020-12-27,24 day ahead inc hosp,2021-01-20,06041,quantile,0.15,20.096792667362998
13326,2020-12-27,24 day ahead inc hosp,2021-01-20,06041,quantile,0.2,20.960916848317773
13327,2020-12-27,24 day ahead inc hosp,2021-01-20,06041,quantile,0.25,21.702258452500935
13328,2020-12-27,24 day ahead inc hosp,2021-01-20,06041,quantile,0.3,22.368006125182905
13329,2020-12-27,24 day ahead inc hosp,2021-01-20,06041,quantile,0.35,22.984920560159754
13330,2020-12-27,24 day ahead inc hosp,2021-01-20,06041,quantile,0.4,23.570312030758654
13331,2020-12-27,24 day ahead inc hosp,2021-01-20,06041,quantile,0.45,24.136685053243387
13332,2020-12-27,24 day ahead inc hosp,2021-01-20,06041,quantile,0.5,24.69407844543457
13333,2020-12-27,24 day ahead inc hosp,2021-01-20,06041,quantile,0.55,26.00752088041989
13334,2020-12-27,24 day ahead inc hosp,2021-01-20,06041,quantile,0.6,27.342122926629983
13335,2020-12-27,24 day ahead inc hosp,2021-01-20,06041,quantile,0.65,28.721540066005275
13336,2020-12-27,24 day ahead inc hosp,2021-01-20,06041,quantile,0.7,30.175237955153662
13337,2020-12-27,24 day ahead inc hosp,2021-01-20,06041,quantile,0.75,31.7440065421937
13338,2020-12-27,24 day ahead inc hosp,2021-01-20,06041,quantile,0.8,33.49090475698321
13339,2020-12-27,24 day ahead inc hosp,2021-01-20,06041,quantile,0.85,35.527127977895816
13340,2020-12-27,24 day ahead inc hosp,2021-01-20,06041,quantile,0.9,38.0891617461845
13341,2020-12-27,24 day ahead inc hosp,2021-01-20,06041,quantile,0.95,41.88648173448415
13342,2020-12-27,24 day ahead inc hosp,2021-01-20,06041,quantile,0.975,45.18009051489592
13343,2020-12-27,24 day ahead inc hosp,2021-01-20,06041,quantile,0.99,49.00962250710275
13344,2020-12-27,25 day ahead inc hosp,2021-01-21,06041,point,NA,26.386507034301758
13345,2020-12-27,25 day ahead inc hosp,2021-01-21,06041,quantile,0.01,14.527632953954951
13346,2020-12-27,25 day ahead inc hosp,2021-01-21,06041,quantile,0.025,16.395324565833477
13347,2020-12-27,25 day ahead inc hosp,2021-01-21,06041,quantile,0.05,18.001642388612566
13348,2020-12-27,25 day ahead inc hosp,2021-01-21,06041,quantile,0.1,19.853623963436526
13349,2020-12-27,25 day ahead inc hosp,2021-01-21,06041,quantile,0.15,21.103147139667996
13350,2020-12-27,25 day ahead inc hosp,2021-01-21,06041,quantile,0.2,22.096228549446007
13351,2020-12-27,25 day ahead inc hosp,2021-01-21,06041,quantile,0.25,22.948203973390118
13352,2020-12-27,25 day ahead inc hosp,2021-01-21,06041,quantile,0.3,23.713304235499372
13353,2020-12-27,25 day ahead inc hosp,2021-01-21,06041,quantile,0.35,24.422283651076302
13354,2020-12-27,25 day ahead inc hosp,2021-01-21,06041,quantile,0.4,25.095035785210598
13355,2020-12-27,25 day ahead inc hosp,2021-01-21,06041,quantile,0.45,25.745931260682553
13356,2020-12-27,25 day ahead inc hosp,2021-01-21,06041,quantile,0.5,26.386507034301758
13357,2020-12-27,25 day ahead inc hosp,2021-01-21,06041,quantile,0.55,27.979059703259427
13358,2020-12-27,25 day ahead inc hosp,2021-01-21,06041,quantile,0.6,29.597268460700718
13359,2020-12-27,25 day ahead inc hosp,2021-01-21,06041,quantile,0.65,31.269815645414322
13360,2020-12-27,25 day ahead inc hosp,2021-01-21,06041,quantile,0.7,33.032428449413814
13361,2020-12-27,25 day ahead inc hosp,2021-01-21,06041,quantile,0.75,34.93456480021284
13362,2020-12-27,25 day ahead inc hosp,2021-01-21,06041,quantile,0.8,37.05268382869659
13363,2020-12-27,25 day ahead inc hosp,2021-01-21,06041,quantile,0.85,39.5216102457833
13364,2020-12-27,25 day ahead inc hosp,2021-01-21,06041,quantile,0.9,42.62808343940554
13365,2020-12-27,25 day ahead inc hosp,2021-01-21,06041,quantile,0.95,47.232344670176964
13366,2020-12-27,25 day ahead inc hosp,2021-01-21,06041,quantile,0.975,51.22585463607494
13367,2020-12-27,25 day ahead inc hosp,2021-01-21,06041,quantile,0.99,55.86917301273142
13368,2020-12-27,26 day ahead inc hosp,2021-01-22,06041,point,NA,23.397796630859375
13369,2020-12-27,26 day ahead inc hosp,2021-01-22,06041,quantile,0.01,13.469164360133483
13370,2020-12-27,26 day ahead inc hosp,2021-01-22,06041,quantile,0.025,15.032856080259995
13371,2020-12-27,26 day ahead inc hosp,2021-01-22,06041,quantile,0.05,16.377717225106572
13372,2020-12-27,26 day ahead inc hosp,2021-01-22,06041,quantile,0.1,17.928255994976805
13373,2020-12-27,26 day ahead inc hosp,2021-01-22,06041,quantile,0.15,18.97439714180892
13374,2020-12-27,26 day ahead inc hosp,2021-01-22,06041,quantile,0.2,19.805836961961862
13375,2020-12-27,26 day ahead inc hosp,2021-01-22,06041,quantile,0.25,20.519138294847718
13376,2020-12-27,26 day ahead inc hosp,2021-01-22,06041,quantile,0.3,21.159704937283692
13377,2020-12-27,26 day ahead inc hosp,2021-01-22,06041,quantile,0.35,21.75328539501393
13378,2020-12-27,26 day ahead inc hosp,2021-01-22,06041,quantile,0.4,22.316535203040406
13379,2020-12-27,26 day ahead inc hosp,2021-01-22,06041,quantile,0.45,22.861485910742946
13380,2020-12-27,26 day ahead inc hosp,2021-01-22,06041,quantile,0.5,23.397796630859375
13381,2020-12-27,26 day ahead inc hosp,2021-01-22,06041,quantile,0.55,24.864948844639926
13382,2020-12-27,26 day ahead inc hosp,2021-01-22,06041,quantile,0.6,26.355736940454022
13383,2020-12-27,26 day ahead inc hosp,2021-01-22,06041,quantile,0.65,27.896584758260303
13384,2020-12-27,26 day ahead inc hosp,2021-01-22,06041,quantile,0.7,29.520406266856533
13385,2020-12-27,26 day ahead inc hosp,2021-01-22,06041,quantile,0.75,31.272764987785862
13386,2020-12-27,26 day ahead inc hosp,2021-01-22,06041,quantile,0.8,33.22409952275266
13387,2020-12-27,26 day ahead inc hosp,2021-01-22,06041,quantile,0.85,35.49861824297862
13388,2020-12-27,26 day ahead inc hosp,2021-01-22,06041,quantile,0.9,38.36048216240292
13389,2020-12-27,26 day ahead inc hosp,2021-01-22,06041,quantile,0.95,42.60219560097417
13390,2020-12-27,26 day ahead inc hosp,2021-01-22,06041,quantile,0.975,46.28124942533321
13391,2020-12-27,26 day ahead inc hosp,2021-01-22,06041,quantile,0.99,50.55894458002987
13392,2020-12-27,27 day ahead inc hosp,2021-01-23,06041,point,NA,23.512451171875
13393,2020-12-27,27 day ahead inc hosp,2021-01-23,06041,quantile,0.01,4.623662580144597
13394,2020-12-27,27 day ahead inc hosp,2021-01-23,06041,quantile,0.025,7.598517677879979
13395,2020-12-27,27 day ahead inc hosp,2021-01-23,06041,quantile,0.05,10.157057178344559
13396,2020-12-27,27 day ahead inc hosp,2021-01-23,06041,quantile,0.1,13.106889363560464
13397,2020-12-27,27 day ahead inc hosp,2021-01-23,06041,quantile,0.15,15.097127134565916
13398,2020-12-27,27 day ahead inc hosp,2021-01-23,06041,quantile,0.2,16.67890502313979
13399,2020-12-27,27 day ahead inc hosp,2021-01-23,06041,quantile,0.25,18.035929607362345
13400,2020-12-27,27 day ahead inc hosp,2021-01-23,06041,quantile,0.3,19.254579624602137
13401,2020-12-27,27 day ahead inc hosp,2021-01-23,06041,quantile,0.35,20.38384048073306
13402,2020-12-27,27 day ahead inc hosp,2021-01-23,06041,quantile,0.4,21.455398602541415
13403,2020-12-27,27 day ahead inc hosp,2021-01-23,06041,quantile,0.45,22.49214348643211
13404,2020-12-27,27 day ahead inc hosp,2021-01-23,06041,quantile,0.5,23.512451171875
13405,2020-12-27,27 day ahead inc hosp,2021-01-23,06041,quantile,0.55,25.037777556079586
13406,2020-12-27,27 day ahead inc hosp,2021-01-23,06041,quantile,0.6,26.58767701057714
13407,2020-12-27,27 day ahead inc hosp,2021-01-23,06041,quantile,0.65,28.189621109129632
13408,2020-12-27,27 day ahead inc hosp,2021-01-23,06041,quantile,0.7,29.877828894958732
13409,2020-12-27,27 day ahead inc hosp,2021-01-23,06041,quantile,0.75,31.699670532464726
13410,2020-12-27,27 day ahead inc hosp,2021-01-23,06041,quantile,0.8,33.72837759001318
13411,2020-12-27,27 day ahead inc hosp,2021-01-23,06041,quantile,0.85,36.093083434942535
13412,2020-12-27,27 day ahead inc hosp,2021-01-23,06041,quantile,0.9,39.06842335080075
13413,2020-12-27,27 day ahead inc hosp,2021-01-23,06041,quantile,0.95,43.47832531006374
13414,2020-12-27,27 day ahead inc hosp,2021-01-23,06041,quantile,0.975,47.30325759349961
13415,2020-12-27,27 day ahead inc hosp,2021-01-23,06041,quantile,0.99,51.75056798280792
13416,2020-12-27,28 day ahead inc hosp,2021-01-24,06041,point,NA,22.743703842163086
13417,2020-12-27,28 day ahead inc hosp,2021-01-24,06041,quantile,0.01,4.111436138368415
13418,2020-12-27,28 day ahead inc hosp,2021-01-24,06041,quantile,0.025,7.04589094958223
13419,2020-12-27,28 day ahead inc hosp,2021-01-24,06041,quantile,0.05,9.569683974840604
13420,2020-12-27,28 day ahead inc hosp,2021-01-24,06041,quantile,0.1,12.479455699443156
13421,2020-12-27,28 day ahead inc hosp,2021-01-24,06041,quantile,0.15,14.442664867860241
13422,2020-12-27,28 day ahead inc hosp,2021-01-24,06041,quantile,0.2,16.00296127992102
13423,2020-12-27,28 day ahead inc hosp,2021-01-24,06041,quantile,0.25,17.341556670042273
13424,2020-12-27,28 day ahead inc hosp,2021-01-24,06041,quantile,0.3,18.543656701400913
13425,2020-12-27,28 day ahead inc hosp,2021-01-24,06041,quantile,0.35,19.657581529172
13426,2020-12-27,28 day ahead inc hosp,2021-01-24,06041,quantile,0.4,20.714587259780348
13427,2020-12-27,28 day ahead inc hosp,2021-01-24,06041,quantile,0.45,21.73725253677159
13428,2020-12-27,28 day ahead inc hosp,2021-01-24,06041,quantile,0.5,22.743703842163086
13429,2020-12-27,28 day ahead inc hosp,2021-01-24,06041,quantile,0.55,24.182561712325406
13430,2020-12-27,28 day ahead inc hosp,2021-01-24,06041,quantile,0.6,25.644599641490984
13431,2020-12-27,28 day ahead inc hosp,2021-01-24,06041,quantile,0.65,27.15573188022448
13432,2020-12-27,28 day ahead inc hosp,2021-01-24,06041,quantile,0.7,28.748237644409635
13433,2020-12-27,28 day ahead inc hosp,2021-01-24,06041,quantile,0.75,30.466801753350737
13434,2020-12-27,28 day ahead inc hosp,2021-01-24,06041,quantile,0.8,32.380504385282606
13435,2020-12-27,28 day ahead inc hosp,2021-01-24,06041,quantile,0.85,34.611158526474654
13436,2020-12-27,28 day ahead inc hosp,2021-01-24,06041,quantile,0.9,37.41783078932491
13437,2020-12-27,28 day ahead inc hosp,2021-01-24,06041,quantile,0.95,41.57774187880537
13438,2020-12-27,28 day ahead inc hosp,2021-01-24,06041,quantile,0.975,45.18584436483793
13439,2020-12-27,28 day ahead inc hosp,2021-01-24,06041,quantile,0.99,49.38104325536774
13440,2020-12-27,1 day ahead inc hosp,2020-12-28,06043,point,NA,0.4860438108444214
13441,2020-12-27,1 day ahead inc hosp,2020-12-28,06043,quantile,0.01,0.2317633922544537
13442,2020-12-27,1 day ahead inc hosp,2020-12-28,06043,quantile,0.025,0.2718108201677413
13443,2020-12-27,1 day ahead inc hosp,2020-12-28,06043,quantile,0.05,0.3062538175043693
13444,2020-12-27,1 day ahead inc hosp,2020-12-28,06043,quantile,0.1,0.34596438757000336
13445,2020-12-27,1 day ahead inc hosp,2020-12-28,06043,quantile,0.15,0.37275692066693233
13446,2020-12-27,1 day ahead inc hosp,2020-12-28,06043,quantile,0.2,0.39405077663178817
13447,2020-12-27,1 day ahead inc hosp,2020-12-28,06043,quantile,0.25,0.4123190090087474
13448,2020-12-27,1 day ahead inc hosp,2020-12-28,06043,quantile,0.3,0.42872444628671413
13449,2020-12-27,1 day ahead inc hosp,2020-12-28,06043,quantile,0.35,0.4439265288236509
13450,2020-12-27,1 day ahead inc hosp,2020-12-28,06043,quantile,0.4,0.45835181853631146
13451,2020-12-27,1 day ahead inc hosp,2020-12-28,06043,quantile,0.45,0.47230845327582827
13452,2020-12-27,1 day ahead inc hosp,2020-12-28,06043,quantile,0.5,0.4860438108444214
13453,2020-12-27,1 day ahead inc hosp,2020-12-28,06043,quantile,0.55,0.5218231772989849
13454,2020-12-27,1 day ahead inc hosp,2020-12-28,06043,quantile,0.6,0.5581789508071668
13455,2020-12-27,1 day ahead inc hosp,2020-12-28,06043,quantile,0.65,0.5957555282107788
13456,2020-12-27,1 day ahead inc hosp,2020-12-28,06043,quantile,0.7,0.6353555807937052
13457,2020-12-27,1 day ahead inc hosp,2020-12-28,06043,quantile,0.75,0.6780902638395905
13458,2020-12-27,1 day ahead inc hosp,2020-12-28,06043,quantile,0.8,0.725677359947442
13459,2020-12-27,1 day ahead inc hosp,2020-12-28,06043,quantile,0.85,0.7811459323520924
13460,2020-12-27,1 day ahead inc hosp,2020-12-28,06043,quantile,0.9,0.8509380622718112
13461,2020-12-27,1 day ahead inc hosp,2020-12-28,06043,quantile,0.95,0.9543805122701096
13462,2020-12-27,1 day ahead inc hosp,2020-12-28,06043,quantile,0.975,1.0441014108595008
13463,2020-12-27,1 day ahead inc hosp,2020-12-28,06043,quantile,0.99,1.1484213451398138
13464,2020-12-27,2 day ahead inc hosp,2020-12-29,06043,point,NA,0.519690752029419
13465,2020-12-27,2 day ahead inc hosp,2020-12-29,06043,quantile,0.01,0.2461713257752553
13466,2020-12-27,2 day ahead inc hosp,2020-12-29,06043,quantile,0.025,0.2892487658964332
13467,2020-12-27,2 day ahead inc hosp,2020-12-29,06043,quantile,0.05,0.32629774089115926
13468,2020-12-27,2 day ahead inc hosp,2020-12-29,06043,quantile,0.1,0.36901283629963655
13469,2020-12-27,2 day ahead inc hosp,2020-12-29,06043,quantile,0.15,0.3978325083813657
13470,2020-12-27,2 day ahead inc hosp,2020-12-29,06043,quantile,0.2,0.4207374701497272
13471,2020-12-27,2 day ahead inc hosp,2020-12-29,06043,quantile,0.25,0.4403878878505134
13472,2020-12-27,2 day ahead inc hosp,2020-12-29,06043,quantile,0.3,0.45803457026751
13473,2020-12-27,2 day ahead inc hosp,2020-12-29,06043,quantile,0.35,0.4743868514082626
13474,2020-12-27,2 day ahead inc hosp,2020-12-29,06043,quantile,0.4,0.48990356711777755
13475,2020-12-27,2 day ahead inc hosp,2020-12-29,06043,quantile,0.45,0.5049161691402212
13476,2020-12-27,2 day ahead inc hosp,2020-12-29,06043,quantile,0.5,0.519690752029419
13477,2020-12-27,2 day ahead inc hosp,2020-12-29,06043,quantile,0.55,0.5501030485485492
13478,2020-12-27,2 day ahead inc hosp,2020-12-29,06043,quantile,0.6,0.581005288405626
13479,2020-12-27,2 day ahead inc hosp,2020-12-29,06043,quantile,0.65,0.612945205945081
13480,2020-12-27,2 day ahead inc hosp,2020-12-29,06043,quantile,0.7,0.6466050680573544
13481,2020-12-27,2 day ahead inc hosp,2020-12-29,06043,quantile,0.75,0.6829293516103614
13482,2020-12-27,2 day ahead inc hosp,2020-12-29,06043,quantile,0.8,0.7233781638931105
13483,2020-12-27,2 day ahead inc hosp,2020-12-29,06043,quantile,0.85,0.770526194689165
13484,2020-12-27,2 day ahead inc hosp,2020-12-29,06043,quantile,0.9,0.8298491833316715
13485,2020-12-27,2 day ahead inc hosp,2020-12-29,06043,quantile,0.95,0.9177747888900758
13486,2020-12-27,2 day ahead inc hosp,2020-12-29,06043,quantile,0.975,0.994037139016607
13487,2020-12-27,2 day ahead inc hosp,2020-12-29,06043,quantile,0.99,1.0827086021689234
13488,2020-12-27,3 day ahead inc hosp,2020-12-30,06043,point,NA,0.5473821759223938
13489,2020-12-27,3 day ahead inc hosp,2020-12-30,06043,quantile,0.01,0.2793053033563396
13490,2020-12-27,3 day ahead inc hosp,2020-12-30,06043,quantile,0.025,0.3215255784716654
13491,2020-12-27,3 day ahead inc hosp,2020-12-30,06043,quantile,0.05,0.357837344273393
13492,2020-12-27,3 day ahead inc hosp,2020-12-30,06043,quantile,0.1,0.3997024846960868
13493,2020-12-27,3 day ahead inc hosp,2020-12-30,06043,quantile,0.15,0.4279486961840782
13494,2020-12-27,3 day ahead inc hosp,2020-12-30,06043,quantile,0.2,0.45039788965160776
13495,2020-12-27,3 day ahead inc hosp,2020-12-30,06043,quantile,0.25,0.4696572987326591
13496,2020-12-27,3 day ahead inc hosp,2020-12-30,06043,quantile,0.3,0.4869528433245044
13497,2020-12-27,3 day ahead inc hosp,2020-12-30,06043,quantile,0.35,0.5029797429402574
13498,2020-12-27,3 day ahead inc hosp,2020-12-30,06043,quantile,0.4,0.5181877034016763
13499,2020-12-27,3 day ahead inc hosp,2020-12-30,06043,quantile,0.45,0.5329015811483918
13500,2020-12-27,3 day ahead inc hosp,2020-12-30,06043,quantile,0.5,0.5473821759223938
13501,2020-12-27,3 day ahead inc hosp,2020-12-30,06043,quantile,0.55,0.5806026999920133
13502,2020-12-27,3 day ahead inc hosp,2020-12-30,06043,quantile,0.6,0.6143584080600122
13503,2020-12-27,3 day ahead inc hosp,2020-12-30,06043,quantile,0.65,0.6492476114693531
13504,2020-12-27,3 day ahead inc hosp,2020-12-30,06043,quantile,0.7,0.6860155766500645
13505,2020-12-27,3 day ahead inc hosp,2020-12-30,06043,quantile,0.75,0.7256939921003839
13506,2020-12-27,3 day ahead inc hosp,2020-12-30,06043,quantile,0.8,0.769877789308245
13507,2020-12-27,3 day ahead inc hosp,2020-12-30,06043,quantile,0.85,0.8213794011944191
13508,2020-12-27,3 day ahead inc hosp,2020-12-30,06043,quantile,0.9,0.8861801889560568
13509,2020-12-27,3 day ahead inc hosp,2020-12-30,06043,quantile,0.95,0.9822247179823831
13510,2020-12-27,3 day ahead inc hosp,2020-12-30,06043,quantile,0.975,1.065529023409977
13511,2020-12-27,3 day ahead inc hosp,2020-12-30,06043,quantile,0.99,1.1623882814435482
13512,2020-12-27,4 day ahead inc hosp,2020-12-31,06043,point,NA,0.6024448275566101
13513,2020-12-27,4 day ahead inc hosp,2020-12-31,06043,quantile,0.01,0.29267182262566177
13514,2020-12-27,4 day ahead inc hosp,2020-12-31,06043,quantile,0.025,0.34145895359408657
13515,2020-12-27,4 day ahead inc hosp,2020-12-31,06043,quantile,0.05,0.3834185777089136
13516,2020-12-27,4 day ahead inc hosp,2020-12-31,06043,quantile,0.1,0.4317953370558001
13517,2020-12-27,4 day ahead inc hosp,2020-12-31,06043,quantile,0.15,0.4644349069179641
13518,2020-12-27,4 day ahead inc hosp,2020-12-31,06043,quantile,0.2,0.4903758023489914
13519,2020-12-27,4 day ahead inc hosp,2020-12-31,06043,quantile,0.25,0.5126307808076858
13520,2020-12-27,4 day ahead inc hosp,2020-12-31,06043,quantile,0.3,0.532616439282618
13521,2020-12-27,4 day ahead inc hosp,2020-12-31,06043,quantile,0.35,0.5511361303181629
13522,2020-12-27,4 day ahead inc hosp,2020-12-31,06043,quantile,0.4,0.5687095060663601
13523,2020-12-27,4 day ahead inc hosp,2020-12-31,06043,quantile,0.45,0.5857119504777614
13524,2020-12-27,4 day ahead inc hosp,2020-12-31,06043,quantile,0.5,0.6024448275566101
13525,2020-12-27,4 day ahead inc hosp,2020-12-31,06043,quantile,0.55,0.6433112933663012
13526,2020-12-27,4 day ahead inc hosp,2020-12-31,06043,quantile,0.6,0.6848361196078093
13527,2020-12-27,4 day ahead inc hosp,2020-12-31,06043,quantile,0.65,0.7277553232683889
13528,2020-12-27,4 day ahead inc hosp,2020-12-31,06043,quantile,0.7,0.7729856991890258
13529,2020-12-27,4 day ahead inc hosp,2020-12-31,06043,quantile,0.75,0.8217963863709926
13530,2020-12-27,4 day ahead inc hosp,2020-12-31,06043,quantile,0.8,0.8761494012166751
13531,2020-12-27,4 day ahead inc hosp,2020-12-31,06043,quantile,0.85,0.939504478243141
13532,2020-12-27,4 day ahead inc hosp,2020-12-31,06043,quantile,0.9,1.0192196318015945
13533,2020-12-27,4 day ahead inc hosp,2020-12-31,06043,quantile,0.95,1.1373694976326303
13534,2020-12-27,4 day ahead inc hosp,2020-12-31,06043,quantile,0.975,1.239846886081482
13535,2020-12-27,4 day ahead inc hosp,2020-12-31,06043,quantile,0.99,1.3589989966407758
13536,2020-12-27,5 day ahead inc hosp,2021-01-01,06043,point,NA,0.5926145911216736
13537,2020-12-27,5 day ahead inc hosp,2021-01-01,06043,quantile,0.01,0.3234746209381847
13538,2020-12-27,5 day ahead inc hosp,2021-01-01,06043,quantile,0.025,0.3658623266619509
13539,2020-12-27,5 day ahead inc hosp,2021-01-01,06043,quantile,0.05,0.4023180920237269
13540,2020-12-27,5 day ahead inc hosp,2021-01-01,06043,quantile,0.1,0.4443492547168647
13541,2020-12-27,5 day ahead inc hosp,2021-01-01,06043,quantile,0.15,0.47270748064253215
13542,2020-12-27,5 day ahead inc hosp,2021-01-01,06043,quantile,0.2,0.4952456996341966
13543,2020-12-27,5 day ahead inc hosp,2021-01-01,06043,quantile,0.25,0.5145814846879728
13544,2020-12-27,5 day ahead inc hosp,2021-01-01,06043,quantile,0.3,0.5319456172638237
13545,2020-12-27,5 day ahead inc hosp,2021-01-01,06043,quantile,0.35,0.5480360738684108
13546,2020-12-27,5 day ahead inc hosp,2021-01-01,06043,quantile,0.4,0.5633043436969819
13547,2020-12-27,5 day ahead inc hosp,2021-01-01,06043,quantile,0.45,0.5780765714543717
13548,2020-12-27,5 day ahead inc hosp,2021-01-01,06043,quantile,0.5,0.5926145911216736
13549,2020-12-27,5 day ahead inc hosp,2021-01-01,06043,quantile,0.55,0.6322034389563786
13550,2020-12-27,5 day ahead inc hosp,2021-01-01,06043,quantile,0.6,0.6724300647451883
13551,2020-12-27,5 day ahead inc hosp,2021-01-01,06043,quantile,0.65,0.7140074752024064
13552,2020-12-27,5 day ahead inc hosp,2021-01-01,06043,quantile,0.7,0.7578238031953196
13553,2020-12-27,5 day ahead inc hosp,2021-01-01,06043,quantile,0.75,0.8051085103327797
13554,2020-12-27,5 day ahead inc hosp,2021-01-01,06043,quantile,0.8,0.8577622740348738
13555,2020-12-27,5 day ahead inc hosp,2021-01-01,06043,quantile,0.85,0.919136666321128
13556,2020-12-27,5 day ahead inc hosp,2021-01-01,06043,quantile,0.9,0.996359666201812
13557,2020-12-27,5 day ahead inc hosp,2021-01-01,06043,quantile,0.95,1.1108157848654057
13558,2020-12-27,5 day ahead inc hosp,2021-01-01,06043,quantile,0.975,1.2100893985097123
13559,2020-12-27,5 day ahead inc hosp,2021-01-01,06043,quantile,0.99,1.3255164284878518
13560,2020-12-27,6 day ahead inc hosp,2021-01-02,06043,point,NA,0.6217594146728516
13561,2020-12-27,6 day ahead inc hosp,2021-01-02,06043,quantile,0.01,0.09517644264892466
13562,2020-12-27,6 day ahead inc hosp,2021-01-02,06043,quantile,0.025,0.17810966153157187
13563,2020-12-27,6 day ahead inc hosp,2021-01-02,06043,quantile,0.05,0.24943680501948712
13564,2020-12-27,6 day ahead inc hosp,2021-01-02,06043,quantile,0.1,0.33167243339339364
13565,2020-12-27,6 day ahead inc hosp,2021-01-02,06043,quantile,0.15,0.38715642144274676
13566,2020-12-27,6 day ahead inc hosp,2021-01-02,06043,quantile,0.2,0.43125333626615825
13567,2020-12-27,6 day ahead inc hosp,2021-01-02,06043,quantile,0.25,0.4690845627208974
13568,2020-12-27,6 day ahead inc hosp,2021-01-02,06043,quantile,0.3,0.5030581733004603
13569,2020-12-27,6 day ahead inc hosp,2021-01-02,06043,quantile,0.35,0.5345397865825342
13570,2020-12-27,6 day ahead inc hosp,2021-01-02,06043,quantile,0.4,0.5644127589935473
13571,2020-12-27,6 day ahead inc hosp,2021-01-02,06043,quantile,0.45,0.5933152055182955
13572,2020-12-27,6 day ahead inc hosp,2021-01-02,06043,quantile,0.5,0.6217594146728516
13573,2020-12-27,6 day ahead inc hosp,2021-01-02,06043,quantile,0.55,0.661895541823267
13574,2020-12-27,6 day ahead inc hosp,2021-01-02,06043,quantile,0.6,0.7026782636198959
13575,2020-12-27,6 day ahead inc hosp,2021-01-02,06043,quantile,0.65,0.7448304434373906
13576,2020-12-27,6 day ahead inc hosp,2021-01-02,06043,quantile,0.7,0.7892524917609643
13577,2020-12-27,6 day ahead inc hosp,2021-01-02,06043,quantile,0.75,0.8371908663725021
13578,2020-12-27,6 day ahead inc hosp,2021-01-02,06043,quantile,0.8,0.8905725198047743
13579,2020-12-27,6 day ahead inc hosp,2021-01-02,06043,quantile,0.85,0.9527953564699305
13580,2020-12-27,6 day ahead inc hosp,2021-01-02,06043,quantile,0.9,1.0310858931152174
13581,2020-12-27,6 day ahead inc hosp,2021-01-02,06043,quantile,0.95,1.147124262077244
13582,2020-12-27,6 day ahead inc hosp,2021-01-02,06043,quantile,0.975,1.2477702418881593
13583,2020-12-27,6 day ahead inc hosp,2021-01-02,06043,quantile,0.99,1.3647929441183604
13584,2020-12-27,7 day ahead inc hosp,2021-01-03,06043,point,NA,0.6127403974533081
13585,2020-12-27,7 day ahead inc hosp,2021-01-03,06043,quantile,0.01,0.09297993476939703
13586,2020-12-27,7 day ahead inc hosp,2021-01-03,06043,quantile,0.025,0.17483865506305696
13587,2020-12-27,7 day ahead inc hosp,2021-01-03,06043,quantile,0.05,0.24524167048664725
13588,2020-12-27,7 day ahead inc hosp,2021-01-03,06043,quantile,0.1,0.32641183838714233
13589,2020-12-27,7 day ahead inc hosp,2021-01-03,06043,quantile,0.15,0.3811769653133696
13590,2020-12-27,7 day ahead inc hosp,2021-01-03,06043,quantile,0.2,0.42470255210448205
13591,2020-12-27,7 day ahead inc hosp,2021-01-03,06043,quantile,0.25,0.4620436299795212
13592,2020-12-27,7 day ahead inc hosp,2021-01-03,06043,quantile,0.3,0.4955770719858349
13593,2020-12-27,7 day ahead inc hosp,2021-01-03,06043,quantile,0.35,0.5266508034865626
13594,2020-12-27,7 day ahead inc hosp,2021-01-03,06043,quantile,0.4,0.5561367359739243
13595,2020-12-27,7 day ahead inc hosp,2021-01-03,06043,quantile,0.45,0.5846647168933636
13596,2020-12-27,7 day ahead inc hosp,2021-01-03,06043,quantile,0.5,0.6127403974533081
13597,2020-12-27,7 day ahead inc hosp,2021-01-03,06043,quantile,0.55,0.6526298901406566
13598,2020-12-27,7 day ahead inc hosp,2021-01-03,06043,quantile,0.6,0.6931620041829544
13599,2020-12-27,7 day ahead inc hosp,2021-01-03,06043,quantile,0.65,0.7350551609961261
13600,2020-12-27,7 day ahead inc hosp,2021-01-03,06043,quantile,0.7,0.77920423808868
13601,2020-12-27,7 day ahead inc hosp,2021-01-03,06043,quantile,0.75,0.8268480338227315
13602,2020-12-27,7 day ahead inc hosp,2021-01-03,06043,quantile,0.8,0.8799016597055953
13603,2020-12-27,7 day ahead inc hosp,2021-01-03,06043,quantile,0.85,0.9417421401993677
13604,2020-12-27,7 day ahead inc hosp,2021-01-03,06043,quantile,0.9,1.0195515854728745
13605,2020-12-27,7 day ahead inc hosp,2021-01-03,06043,quantile,0.95,1.13487690455052
13606,2020-12-27,7 day ahead inc hosp,2021-01-03,06043,quantile,0.975,1.2349044199267012
13607,2020-12-27,7 day ahead inc hosp,2021-01-03,06043,quantile,0.99,1.3512080235945765
13608,2020-12-27,8 day ahead inc hosp,2021-01-04,06043,point,NA,0.5274425148963928
13609,2020-12-27,8 day ahead inc hosp,2021-01-04,06043,quantile,0.01,0.2665797307259195
13610,2020-12-27,8 day ahead inc hosp,2021-01-04,06043,quantile,0.025,0.30766383622746163
13611,2020-12-27,8 day ahead inc hosp,2021-01-04,06043,quantile,0.05,0.3429984334812805
13612,2020-12-27,8 day ahead inc hosp,2021-01-04,06043,quantile,0.1,0.3837369611499095
13613,2020-12-27,8 day ahead inc hosp,2021-01-04,06043,quantile,0.15,0.41122305236133944
13614,2020-12-27,8 day ahead inc hosp,2021-01-04,06043,quantile,0.2,0.43306812632936104
13615,2020-12-27,8 day ahead inc hosp,2021-01-04,06043,quantile,0.25,0.45180925467165484
13616,2020-12-27,8 day ahead inc hosp,2021-01-04,06043,quantile,0.3,0.46863936714195614
13617,2020-12-27,8 day ahead inc hosp,2021-01-04,06043,quantile,0.35,0.4842349745338465
13618,2020-12-27,8 day ahead inc hosp,2021-01-04,06043,quantile,0.4,0.49903368085097843
13619,2020-12-27,8 day ahead inc hosp,2021-01-04,06043,quantile,0.45,0.5133516004768366
13620,2020-12-27,8 day ahead inc hosp,2021-01-04,06043,quantile,0.5,0.5274425148963928
13621,2020-12-27,8 day ahead inc hosp,2021-01-04,06043,quantile,0.55,0.5610480324529948
13622,2020-12-27,8 day ahead inc hosp,2021-01-04,06043,quantile,0.6,0.5951949362687617
13623,2020-12-27,8 day ahead inc hosp,2021-01-04,06043,quantile,0.65,0.630488471531822
13624,2020-12-27,8 day ahead inc hosp,2021-01-04,06043,quantile,0.7,0.6676825415835616
13625,2020-12-27,8 day ahead inc hosp,2021-01-04,06043,quantile,0.75,0.70782079118611
13626,2020-12-27,8 day ahead inc hosp,2021-01-04,06043,quantile,0.8,0.7525166355284332
13627,2020-12-27,8 day ahead inc hosp,2021-01-04,06043,quantile,0.85,0.8046151008869885
13628,2020-12-27,8 day ahead inc hosp,2021-01-04,06043,quantile,0.9,0.8701668666039192
13629,2020-12-27,8 day ahead inc hosp,2021-01-04,06043,quantile,0.95,0.9673244580869949
13630,2020-12-27,8 day ahead inc hosp,2021-01-04,06043,quantile,0.975,1.0515941792003862
13631,2020-12-27,8 day ahead inc hosp,2021-01-04,06043,quantile,0.99,1.149575941605614
13632,2020-12-27,9 day ahead inc hosp,2021-01-05,06043,point,NA,0.5619238018989563
13633,2020-12-27,9 day ahead inc hosp,2021-01-05,06043,quantile,0.01,0.2873114485499046
13634,2020-12-27,9 day ahead inc hosp,2021-01-05,06043,quantile,0.025,0.3305610172183364
13635,2020-12-27,9 day ahead inc hosp,2021-01-05,06043,quantile,0.05,0.36775803225966575
13636,2020-12-27,9 day ahead inc hosp,2021-01-05,06043,quantile,0.1,0.41064380836081626
13637,2020-12-27,9 day ahead inc hosp,2021-01-05,06043,quantile,0.15,0.43957863789558366
13638,2020-12-27,9 day ahead inc hosp,2021-01-05,06043,quantile,0.2,0.4625751231570544
13639,2020-12-27,9 day ahead inc hosp,2021-01-05,06043,quantile,0.25,0.482304059865522
13640,2020-12-27,9 day ahead inc hosp,2021-01-05,06043,quantile,0.3,0.5000212547781484
13641,2020-12-27,9 day ahead inc hosp,2021-01-05,06043,quantile,0.35,0.5164388762545646
13642,2020-12-27,9 day ahead inc hosp,2021-01-05,06043,quantile,0.4,0.532017593552979
13643,2020-12-27,9 day ahead inc hosp,2021-01-05,06043,quantile,0.45,0.5470901828302213
13644,2020-12-27,9 day ahead inc hosp,2021-01-05,06043,quantile,0.5,0.5619238018989563
13645,2020-12-27,9 day ahead inc hosp,2021-01-05,06043,quantile,0.55,0.591792397449848
13646,2020-12-27,9 day ahead inc hosp,2021-01-05,06043,quantile,0.6,0.6221421772939015
13647,2020-12-27,9 day ahead inc hosp,2021-01-05,06043,quantile,0.65,0.6535110835622827
13648,2020-12-27,9 day ahead inc hosp,2021-01-05,06043,quantile,0.7,0.6865691858038503
13649,2020-12-27,9 day ahead inc hosp,2021-01-05,06043,quantile,0.75,0.7222440758417731
13650,2020-12-27,9 day ahead inc hosp,2021-01-05,06043,quantile,0.8,0.7619697576503605
13651,2020-12-27,9 day ahead inc hosp,2021-01-05,06043,quantile,0.85,0.8082748915616556
13652,2020-12-27,9 day ahead inc hosp,2021-01-05,06043,quantile,0.9,0.8665373234539198
13653,2020-12-27,9 day ahead inc hosp,2021-01-05,06043,quantile,0.95,0.9528910241466397
13654,2020-12-27,9 day ahead inc hosp,2021-01-05,06043,quantile,0.975,1.0277899812266162
13655,2020-12-27,9 day ahead inc hosp,2021-01-05,06043,quantile,0.99,1.1148762053181236
13656,2020-12-27,10 day ahead inc hosp,2021-01-06,06043,point,NA,0.5620587468147278
13657,2020-12-27,10 day ahead inc hosp,2021-01-06,06043,quantile,0.01,0.2907665824328715
13658,2020-12-27,10 day ahead inc hosp,2021-01-06,06043,quantile,0.025,0.33349324403256575
13659,2020-12-27,10 day ahead inc hosp,2021-01-06,06043,quantile,0.05,0.3702405301471128
13660,2020-12-27,10 day ahead inc hosp,2021-01-06,06043,quantile,0.1,0.4126077975980728
13661,2020-12-27,10 day ahead inc hosp,2021-01-06,06043,quantile,0.15,0.441192791808182
13662,2020-12-27,10 day ahead inc hosp,2021-01-06,06043,quantile,0.2,0.4639112390436199
13663,2020-12-27,10 day ahead inc hosp,2021-01-06,06043,quantile,0.25,0.48340164388272655
13664,2020-12-27,10 day ahead inc hosp,2021-01-06,06043,quantile,0.3,0.5009046298045295
13665,2020-12-27,10 day ahead inc hosp,2021-01-06,06043,quantile,0.35,0.5171237547274264
13666,2020-12-27,10 day ahead inc hosp,2021-01-06,06043,quantile,0.4,0.5325141182075714
13667,2020-12-27,10 day ahead inc hosp,2021-01-06,06043,quantile,0.45,0.547404472985837
13668,2020-12-27,10 day ahead inc hosp,2021-01-06,06043,quantile,0.5,0.5620587468147278
13669,2020-12-27,10 day ahead inc hosp,2021-01-06,06043,quantile,0.55,0.595232229939716
13670,2020-12-27,10 day ahead inc hosp,2021-01-06,06043,quantile,0.6,0.628940139231546
13671,2020-12-27,10 day ahead inc hosp,2021-01-06,06043,quantile,0.65,0.6637799388120258
13672,2020-12-27,10 day ahead inc hosp,2021-01-06,06043,quantile,0.7,0.700495839798607
13673,2020-12-27,10 day ahead inc hosp,2021-01-06,06043,quantile,0.75,0.7401180697974162
13674,2020-12-27,10 day ahead inc hosp,2021-01-06,06043,quantile,0.8,0.7842393018406308
13675,2020-12-27,10 day ahead inc hosp,2021-01-06,06043,quantile,0.85,0.8356679863862224
13676,2020-12-27,10 day ahead inc hosp,2021-01-06,06043,quantile,0.9,0.900377014900993
13677,2020-12-27,10 day ahead inc hosp,2021-01-06,06043,quantile,0.95,0.9962855429008876
13678,2020-12-27,10 day ahead inc hosp,2021-01-06,06043,quantile,0.975,1.0794718877204261
13679,2020-12-27,10 day ahead inc hosp,2021-01-06,06043,quantile,0.99,1.176193991054552
13680,2020-12-27,11 day ahead inc hosp,2021-01-07,06043,point,NA,0.5776572823524475
13681,2020-12-27,11 day ahead inc hosp,2021-01-07,06043,quantile,0.01,0.25815972911054796
13682,2020-12-27,11 day ahead inc hosp,2021-01-07,06043,quantile,0.025,0.308478409970355
13683,2020-12-27,11 day ahead inc hosp,2021-01-07,06043,quantile,0.05,0.35175525148411235
13684,2020-12-27,11 day ahead inc hosp,2021-01-07,06043,quantile,0.1,0.40165067813224076
13685,2020-12-27,11 day ahead inc hosp,2021-01-07,06043,quantile,0.15,0.43531488561266346
13686,2020-12-27,11 day ahead inc hosp,2021-01-07,06043,quantile,0.2,0.4620701305410092
13687,2020-12-27,11 day ahead inc hosp,2021-01-07,06043,quantile,0.25,0.4850237483573487
13688,2020-12-27,11 day ahead inc hosp,2021-01-07,06043,quantile,0.3,0.5056368065678034
13689,2020-12-27,11 day ahead inc hosp,2021-01-07,06043,quantile,0.35,0.5247378769595616
13690,2020-12-27,11 day ahead inc hosp,2021-01-07,06043,quantile,0.4,0.5428629248635941
13691,2020-12-27,11 day ahead inc hosp,2021-01-07,06043,quantile,0.45,0.560399118470216
13692,2020-12-27,11 day ahead inc hosp,2021-01-07,06043,quantile,0.5,0.5776572823524475
13693,2020-12-27,11 day ahead inc hosp,2021-01-07,06043,quantile,0.55,0.6183900179581868
13694,2020-12-27,11 day ahead inc hosp,2021-01-07,06043,quantile,0.6,0.6597789595967003
13695,2020-12-27,11 day ahead inc hosp,2021-01-07,06043,quantile,0.65,0.7025577157352038
13696,2020-12-27,11 day ahead inc hosp,2021-01-07,06043,quantile,0.7,0.7476400811225871
13697,2020-12-27,11 day ahead inc hosp,2021-01-07,06043,quantile,0.75,0.7962910416675044
13698,2020-12-27,11 day ahead inc hosp,2021-01-07,06043,quantile,0.8,0.8504661933283801
13699,2020-12-27,11 day ahead inc hosp,2021-01-07,06043,quantile,0.85,0.9136139490902282
13700,2020-12-27,11 day ahead inc hosp,2021-01-07,06043,quantile,0.9,0.9930682451575281
13701,2020-12-27,11 day ahead inc hosp,2021-01-07,06043,quantile,0.95,1.1108314808912112
13702,2020-12-27,11 day ahead inc hosp,2021-01-07,06043,quantile,0.975,1.2129735253902942
13703,2020-12-27,11 day ahead inc hosp,2021-01-07,06043,quantile,0.99,1.3317357261364764
13704,2020-12-27,12 day ahead inc hosp,2021-01-08,06043,point,NA,0.5758606791496277
13705,2020-12-27,12 day ahead inc hosp,2021-01-08,06043,quantile,0.01,0.3023773394567993
13706,2020-12-27,12 day ahead inc hosp,2021-01-08,06043,quantile,0.025,0.3454490961912198
13707,2020-12-27,12 day ahead inc hosp,2021-01-08,06043,quantile,0.05,0.38249318315979397
13708,2020-12-27,12 day ahead inc hosp,2021-01-08,06043,quantile,0.1,0.42520264298716637
13709,2020-12-27,12 day ahead inc hosp,2021-01-08,06043,quantile,0.15,0.4540185127690791
13710,2020-12-27,12 day ahead inc hosp,2021-01-08,06043,quantile,0.2,0.47692045259008187
13711,2020-12-27,12 day ahead inc hosp,2021-01-08,06043,quantile,0.25,0.49656827772911355
13712,2020-12-27,12 day ahead inc hosp,2021-01-08,06043,quantile,0.3,0.5142126319455281
13713,2020-12-27,12 day ahead inc hosp,2021-01-08,06043,quantile,0.35,0.5305627556614702
13714,2020-12-27,12 day ahead inc hosp,2021-01-08,06043,quantile,0.4,0.5460774241858151
13715,2020-12-27,12 day ahead inc hosp,2021-01-08,06043,quantile,0.45,0.5610880455329147
13716,2020-12-27,12 day ahead inc hosp,2021-01-08,06043,quantile,0.5,0.5758606791496277
13717,2020-12-27,12 day ahead inc hosp,2021-01-08,06043,quantile,0.55,0.6152035741112605
13718,2020-12-27,12 day ahead inc hosp,2021-01-08,06043,quantile,0.6,0.6551802847161763
13719,2020-12-27,12 day ahead inc hosp,2021-01-08,06043,quantile,0.65,0.6964993879955863
13720,2020-12-27,12 day ahead inc hosp,2021-01-08,06043,quantile,0.7,0.7400434991308044
13721,2020-12-27,12 day ahead inc hosp,2021-01-08,06043,quantile,0.75,0.7870344414782056
13722,2020-12-27,12 day ahead inc hosp,2021-01-08,06043,quantile,0.8,0.8393610841558468
13723,2020-12-27,12 day ahead inc hosp,2021-01-08,06043,quantile,0.85,0.9003541769362682
13724,2020-12-27,12 day ahead inc hosp,2021-01-08,06043,quantile,0.9,0.977097414971717
13725,2020-12-27,12 day ahead inc hosp,2021-01-08,06043,quantile,0.95,1.090842454309548
13726,2020-12-27,12 day ahead inc hosp,2021-01-08,06043,quantile,0.975,1.1894993126848452
13727,2020-12-27,12 day ahead inc hosp,2021-01-08,06043,quantile,0.99,1.3042092313751832
13728,2020-12-27,13 day ahead inc hosp,2021-01-09,06043,point,NA,0.570023775100708
13729,2020-12-27,13 day ahead inc hosp,2021-01-09,06043,quantile,0.01,0.05147586940906057
13730,2020-12-27,13 day ahead inc hosp,2021-01-09,06043,quantile,0.025,0.1331436202643041
13731,2020-12-27,13 day ahead inc hosp,2021-01-09,06043,quantile,0.05,0.20338239143547954
13732,2020-12-27,13 day ahead inc hosp,2021-01-09,06043,quantile,0.1,0.2843631962317809
13733,2020-12-27,13 day ahead inc hosp,2021-01-09,06043,quantile,0.15,0.3390005607706121
13734,2020-12-27,13 day ahead inc hosp,2021-01-09,06043,quantile,0.2,0.3824246060663722
13735,2020-12-27,13 day ahead inc hosp,2021-01-09,06043,quantile,0.25,0.41967857037982526
13736,2020-12-27,13 day ahead inc hosp,2021-01-09,06043,quantile,0.3,0.4531337817154768
13737,2020-12-27,13 day ahead inc hosp,2021-01-09,06043,quantile,0.35,0.4841350208411354
13738,2020-12-27,13 day ahead inc hosp,2021-01-09,06043,quantile,0.4,0.5135521651536016
13739,2020-12-27,13 day ahead inc hosp,2021-01-09,06043,quantile,0.45,0.5420135927177501
13740,2020-12-27,13 day ahead inc hosp,2021-01-09,06043,quantile,0.5,0.570023775100708
13741,2020-12-27,13 day ahead inc hosp,2021-01-09,06043,quantile,0.55,0.6097281524395075
13742,2020-12-27,13 day ahead inc hosp,2021-01-09,06043,quantile,0.6,0.650072168917437
13743,2020-12-27,13 day ahead inc hosp,2021-01-09,06043,quantile,0.65,0.6917709119689178
13744,2020-12-27,13 day ahead inc hosp,2021-01-09,06043,quantile,0.7,0.7357151062403698
13745,2020-12-27,13 day ahead inc hosp,2021-01-09,06043,quantile,0.75,0.7831378011967645
13746,2020-12-27,13 day ahead inc hosp,2021-01-09,06043,quantile,0.8,0.8359452208788105
13747,2020-12-27,13 day ahead inc hosp,2021-01-09,06043,quantile,0.85,0.8974987179759584
13748,2020-12-27,13 day ahead inc hosp,2021-01-09,06043,quantile,0.9,0.9749470726059939
13749,2020-12-27,13 day ahead inc hosp,2021-01-09,06043,quantile,0.95,1.0897372009554716
13750,2020-12-27,13 day ahead inc hosp,2021-01-09,06043,quantile,0.975,1.1893005181900895
13751,2020-12-27,13 day ahead inc hosp,2021-01-09,06043,quantile,0.99,1.3050643912000885
13752,2020-12-27,14 day ahead inc hosp,2021-01-10,06043,point,NA,0.5940171480178833
13753,2020-12-27,14 day ahead inc hosp,2021-01-10,06043,quantile,0.01,0.0705811252010432
13754,2020-12-27,14 day ahead inc hosp,2021-01-10,06043,quantile,0.025,0.15301872109307074
13755,2020-12-27,14 day ahead inc hosp,2021-01-10,06043,quantile,0.05,0.22391960146658957
13756,2020-12-27,14 day ahead inc hosp,2021-01-10,06043,quantile,0.1,0.30566377576914455
13757,2020-12-27,14 day ahead inc hosp,2021-01-10,06043,quantile,0.15,0.3608161820897402
13758,2020-12-27,14 day ahead inc hosp,2021-01-10,06043,quantile,0.2,0.40464956626648996
13759,2020-12-27,14 day ahead inc hosp,2021-01-10,06043,quantile,0.25,0.44225470689160706
13760,2020-12-27,14 day ahead inc hosp,2021-01-10,06043,quantile,0.3,0.4760252854086931
13761,2020-12-27,14 day ahead inc hosp,2021-01-10,06043,quantile,0.35,0.5073187592270562
13762,2020-12-27,14 day ahead inc hosp,2021-01-10,06043,quantile,0.4,0.5370132056852059
13763,2020-12-27,14 day ahead inc hosp,2021-01-10,06043,quantile,0.45,0.565742926284495
13764,2020-12-27,14 day ahead inc hosp,2021-01-10,06043,quantile,0.5,0.5940171480178833
13765,2020-12-27,14 day ahead inc hosp,2021-01-10,06043,quantile,0.55,0.6338910315453542
13766,2020-12-27,14 day ahead inc hosp,2021-01-10,06043,quantile,0.6,0.6744072849635716
13767,2020-12-27,14 day ahead inc hosp,2021-01-10,06043,quantile,0.65,0.7162840485629314
13768,2020-12-27,14 day ahead inc hosp,2021-01-10,06043,quantile,0.7,0.7604158496773678
13769,2020-12-27,14 day ahead inc hosp,2021-01-10,06043,quantile,0.75,0.8080410019147315
13770,2020-12-27,14 day ahead inc hosp,2021-01-10,06043,quantile,0.8,0.8610738673799339
13771,2020-12-27,14 day ahead inc hosp,2021-01-10,06043,quantile,0.85,0.9228901490714175
13772,2020-12-27,14 day ahead inc hosp,2021-01-10,06043,quantile,0.9,1.0006691467260291
13773,2020-12-27,14 day ahead inc hosp,2021-01-10,06043,quantile,0.95,1.1159493378458554
13774,2020-12-27,14 day ahead inc hosp,2021-01-10,06043,quantile,0.975,1.2159377114487402
13775,2020-12-27,14 day ahead inc hosp,2021-01-10,06043,quantile,0.99,1.3321958043461921
13776,2020-12-27,15 day ahead inc hosp,2021-01-11,06043,point,NA,0.5615212917327881
13777,2020-12-27,15 day ahead inc hosp,2021-01-11,06043,quantile,0.01,0.2965938816069589
13778,2020-12-27,15 day ahead inc hosp,2021-01-11,06043,quantile,0.025,0.33831813791462373
13779,2020-12-27,15 day ahead inc hosp,2021-01-11,06043,quantile,0.05,0.37420330017746306
13780,2020-12-27,15 day ahead inc hosp,2021-01-11,06043,quantile,0.1,0.4155765940411683
13781,2020-12-27,15 day ahead inc hosp,2021-01-11,06043,quantile,0.15,0.44349095899085694
13782,2020-12-27,15 day ahead inc hosp,2021-01-11,06043,quantile,0.2,0.4656764113494928
13783,2020-12-27,15 day ahead inc hosp,2021-01-11,06043,quantile,0.25,0.484709554043067
13784,2020-12-27,15 day ahead inc hosp,2021-01-11,06043,quantile,0.3,0.5018019044259011
13785,2020-12-27,15 day ahead inc hosp,2021-01-11,06043,quantile,0.35,0.5176405143250145
13786,2020-12-27,15 day ahead inc hosp,2021-01-11,06043,quantile,0.4,0.5326698062582341
13787,2020-12-27,15 day ahead inc hosp,2021-01-11,06043,quantile,0.45,0.5472108201362027
13788,2020-12-27,15 day ahead inc hosp,2021-01-11,06043,quantile,0.5,0.5615212917327881
13789,2020-12-27,15 day ahead inc hosp,2021-01-11,06043,quantile,0.55,0.5970725652191393
13790,2020-12-27,15 day ahead inc hosp,2021-01-11,06043,quantile,0.6,0.6331965711720835
13791,2020-12-27,15 day ahead inc hosp,2021-01-11,06043,quantile,0.65,0.6705335984124434
13792,2020-12-27,15 day ahead inc hosp,2021-01-11,06043,quantile,0.7,0.7098812012057272
13793,2020-12-27,15 day ahead inc hosp,2021-01-11,06043,quantile,0.75,0.7523434512359546
13794,2020-12-27,15 day ahead inc hosp,2021-01-11,06043,quantile,0.8,0.7996271802617303
13795,2020-12-27,15 day ahead inc hosp,2021-01-11,06043,quantile,0.85,0.8547421412814968
13796,2020-12-27,15 day ahead inc hosp,2021-01-11,06043,quantile,0.9,0.92408934733451
13797,2020-12-27,15 day ahead inc hosp,2021-01-11,06043,quantile,0.95,1.0268723531392054
13798,2020-12-27,15 day ahead inc hosp,2021-01-11,06043,quantile,0.975,1.1160212822361824
13799,2020-12-27,15 day ahead inc hosp,2021-01-11,06043,quantile,0.99,1.2196761783726835
13800,2020-12-27,16 day ahead inc hosp,2021-01-12,06043,point,NA,0.6098769903182983
13801,2020-12-27,16 day ahead inc hosp,2021-01-12,06043,quantile,0.01,0.33380034067975256
13802,2020-12-27,16 day ahead inc hosp,2021-01-12,06043,quantile,0.025,0.37728052600526873
13803,2020-12-27,16 day ahead inc hosp,2021-01-12,06043,quantile,0.05,0.4146758840943197
13804,2020-12-27,16 day ahead inc hosp,2021-01-12,06043,quantile,0.1,0.45779033702683314
13805,2020-12-27,16 day ahead inc hosp,2021-01-12,06043,quantile,0.15,0.4868794537340755
13806,2020-12-27,16 day ahead inc hosp,2021-01-12,06043,quantile,0.2,0.5099985615492264
13807,2020-12-27,16 day ahead inc hosp,2021-01-12,06043,quantile,0.25,0.5298326974902323
13808,2020-12-27,16 day ahead inc hosp,2021-01-12,06043,quantile,0.3,0.5476443645649971
13809,2020-12-27,16 day ahead inc hosp,2021-01-12,06043,quantile,0.35,0.5641495285788012
13810,2020-12-27,16 day ahead inc hosp,2021-01-12,06043,quantile,0.4,0.5798113151843932
13811,2020-12-27,16 day ahead inc hosp,2021-01-12,06043,quantile,0.45,0.5949642749776833
13812,2020-12-27,16 day ahead inc hosp,2021-01-12,06043,quantile,0.5,0.6098769903182983
13813,2020-12-27,16 day ahead inc hosp,2021-01-12,06043,quantile,0.55,0.6404767315759594
13814,2020-12-27,16 day ahead inc hosp,2021-01-12,06043,quantile,0.6,0.6715694359139539
13815,2020-12-27,16 day ahead inc hosp,2021-01-12,06043,quantile,0.65,0.7037062136112108
13816,2020-12-27,16 day ahead inc hosp,2021-01-12,06043,quantile,0.7,0.737573536677597
13817,2020-12-27,16 day ahead inc hosp,2021-01-12,06043,quantile,0.75,0.7741217032191388
13818,2020-12-27,16 day ahead inc hosp,2021-01-12,06043,quantile,0.8,0.8148198198264547
13819,2020-12-27,16 day ahead inc hosp,2021-01-12,06043,quantile,0.85,0.862258445260742
13820,2020-12-27,16 day ahead inc hosp,2021-01-12,06043,quantile,0.9,0.9219470683132631
13821,2020-12-27,16 day ahead inc hosp,2021-01-12,06043,quantile,0.95,1.0104145991463238
13822,2020-12-27,16 day ahead inc hosp,2021-01-12,06043,quantile,0.975,1.087146988629147
13823,2020-12-27,16 day ahead inc hosp,2021-01-12,06043,quantile,0.99,1.1763649741138127
13824,2020-12-27,17 day ahead inc hosp,2021-01-13,06043,point,NA,0.6167107820510864
13825,2020-12-27,17 day ahead inc hosp,2021-01-13,06043,quantile,0.01,0.34904079326377646
13826,2020-12-27,17 day ahead inc hosp,2021-01-13,06043,quantile,0.025,0.3911969869650134
13827,2020-12-27,17 day ahead inc hosp,2021-01-13,06043,quantile,0.05,0.4274536392153897
13828,2020-12-27,17 day ahead inc hosp,2021-01-13,06043,quantile,0.1,0.4692552372430615
13829,2020-12-27,17 day ahead inc hosp,2021-01-13,06043,quantile,0.15,0.4974585769787998
13830,2020-12-27,17 day ahead inc hosp,2021-01-13,06043,quantile,0.2,0.5198736973367007
13831,2020-12-27,17 day ahead inc hosp,2021-01-13,06043,quantile,0.25,0.539103874723618
13832,2020-12-27,17 day ahead inc hosp,2021-01-13,06043,quantile,0.3,0.5563731683506874
13833,2020-12-27,17 day ahead inc hosp,2021-01-13,06043,quantile,0.35,0.5723757425353996
13834,2020-12-27,17 day ahead inc hosp,2021-01-13,06043,quantile,0.4,0.5875606205415501
13835,2020-12-27,17 day ahead inc hosp,2021-01-13,06043,quantile,0.45,0.6022521657456622
13836,2020-12-27,17 day ahead inc hosp,2021-01-13,06043,quantile,0.5,0.6167107820510864
13837,2020-12-27,17 day ahead inc hosp,2021-01-13,06043,quantile,0.55,0.649789565361817
13838,2020-12-27,17 day ahead inc hosp,2021-01-13,06043,quantile,0.6,0.6834012492215171
13839,2020-12-27,17 day ahead inc hosp,2021-01-13,06043,quantile,0.65,0.7181415921806763
13840,2020-12-27,17 day ahead inc hosp,2021-01-13,06043,quantile,0.7,0.7547526808691145
13841,2020-12-27,17 day ahead inc hosp,2021-01-13,06043,quantile,0.75,0.7942618019186094
13842,2020-12-27,17 day ahead inc hosp,2021-01-13,06043,quantile,0.8,0.8382570817829837
13843,2020-12-27,17 day ahead inc hosp,2021-01-13,06043,quantile,0.85,0.8895389536813882
13844,2020-12-27,17 day ahead inc hosp,2021-01-13,06043,quantile,0.9,0.9540632583624252
13845,2020-12-27,17 day ahead inc hosp,2021-01-13,06043,quantile,0.95,1.0496979978140053
13846,2020-12-27,17 day ahead inc hosp,2021-01-13,06043,quantile,0.975,1.1326468718990568
13847,2020-12-27,17 day ahead inc hosp,2021-01-13,06043,quantile,0.99,1.229092864184311
13848,2020-12-27,18 day ahead inc hosp,2021-01-14,06043,point,NA,0.6645219922065735
13849,2020-12-27,18 day ahead inc hosp,2021-01-14,06043,quantile,0.01,0.35155808248758424
13850,2020-12-27,18 day ahead inc hosp,2021-01-14,06043,quantile,0.025,0.4008477591501912
13851,2020-12-27,18 day ahead inc hosp,2021-01-14,06043,quantile,0.05,0.4432396002863892
13852,2020-12-27,18 day ahead inc hosp,2021-01-14,06043,quantile,0.1,0.49211467817805754
13853,2020-12-27,18 day ahead inc hosp,2021-01-14,06043,quantile,0.15,0.5250904611966133
13854,2020-12-27,18 day ahead inc hosp,2021-01-14,06043,quantile,0.2,0.5512985681861667
13855,2020-12-27,18 day ahead inc hosp,2021-01-14,06043,quantile,0.25,0.5737827903691082
13856,2020-12-27,18 day ahead inc hosp,2021-01-14,06043,quantile,0.3,0.5939743167934897
13857,2020-12-27,18 day ahead inc hosp,2021-01-14,06043,quantile,0.35,0.6126847751646567
13858,2020-12-27,18 day ahead inc hosp,2021-01-14,06043,quantile,0.4,0.6304391704591809
13859,2020-12-27,18 day ahead inc hosp,2021-01-14,06043,quantile,0.45,0.6476167533765758
13860,2020-12-27,18 day ahead inc hosp,2021-01-14,06043,quantile,0.5,0.6645219922065735
13861,2020-12-27,18 day ahead inc hosp,2021-01-14,06043,quantile,0.55,0.705573026594818
13862,2020-12-27,18 day ahead inc hosp,2021-01-14,06043,quantile,0.6,0.7472853948222116
13863,2020-12-27,18 day ahead inc hosp,2021-01-14,06043,quantile,0.65,0.7903984380100252
13864,2020-12-27,18 day ahead inc hosp,2021-01-14,06043,quantile,0.7,0.8358330915951409
13865,2020-12-27,18 day ahead inc hosp,2021-01-14,06043,quantile,0.75,0.8848642264956195
13866,2020-12-27,18 day ahead inc hosp,2021-01-14,06043,quantile,0.8,0.9394627203297927
13867,2020-12-27,18 day ahead inc hosp,2021-01-14,06043,quantile,0.85,1.0031039330981006
13868,2020-12-27,18 day ahead inc hosp,2021-01-14,06043,quantile,0.9,1.083179110756753
13869,2020-12-27,18 day ahead inc hosp,2021-01-14,06043,quantile,0.95,1.2018625865381638
13870,2020-12-27,18 day ahead inc hosp,2021-01-14,06043,quantile,0.975,1.3048028020395908
13871,2020-12-27,18 day ahead inc hosp,2021-01-14,06043,quantile,0.99,1.424493049069505
13872,2020-12-27,19 day ahead inc hosp,2021-01-15,06043,point,NA,0.6607723832130432
13873,2020-12-27,19 day ahead inc hosp,2021-01-15,06043,quantile,0.01,0.38958060949557405
13874,2020-12-27,19 day ahead inc hosp,2021-01-15,06043,quantile,0.025,0.43229146025180065
13875,2020-12-27,19 day ahead inc hosp,2021-01-15,06043,quantile,0.05,0.469025148168715
13876,2020-12-27,19 day ahead inc hosp,2021-01-15,06043,quantile,0.1,0.511376737768686
13877,2020-12-27,19 day ahead inc hosp,2021-01-15,06043,quantile,0.15,0.5399511542071637
13878,2020-12-27,19 day ahead inc hosp,2021-01-15,06043,quantile,0.2,0.562661194565031
13879,2020-12-27,19 day ahead inc hosp,2021-01-15,06043,quantile,0.25,0.5821443870517448
13880,2020-12-27,19 day ahead inc hosp,2021-01-15,06043,quantile,0.3,0.5996408960581917
13881,2020-12-27,19 day ahead inc hosp,2021-01-15,06043,quantile,0.35,0.6158540191537579
13882,2020-12-27,19 day ahead inc hosp,2021-01-15,06043,quantile,0.4,0.631238687486686
13883,2020-12-27,19 day ahead inc hosp,2021-01-15,06043,quantile,0.45,0.64612353214411
13884,2020-12-27,19 day ahead inc hosp,2021-01-15,06043,quantile,0.5,0.6607723832130432
13885,2020-12-27,19 day ahead inc hosp,2021-01-15,06043,quantile,0.55,0.7006081239158131
13886,2020-12-27,19 day ahead inc hosp,2021-01-15,06043,quantile,0.6,0.7410856200268671
13887,2020-12-27,19 day ahead inc hosp,2021-01-15,06043,quantile,0.65,0.7829223248731857
13888,2020-12-27,19 day ahead inc hosp,2021-01-15,06043,quantile,0.7,0.8270119100957968
13889,2020-12-27,19 day ahead inc hosp,2021-01-15,06043,quantile,0.75,0.8745915047482842
13890,2020-12-27,19 day ahead inc hosp,2021-01-15,06043,quantile,0.8,0.9275736396823246
13891,2020-12-27,19 day ahead inc hosp,2021-01-15,06043,quantile,0.85,0.9893307887439355
13892,2020-12-27,19 day ahead inc hosp,2021-01-15,06043,quantile,0.9,1.067035384047672
13893,2020-12-27,19 day ahead inc hosp,2021-01-15,06043,quantile,0.95,1.1822052996755625
13894,2020-12-27,19 day ahead inc hosp,2021-01-15,06043,quantile,0.975,1.2820980257350156
13895,2020-12-27,19 day ahead inc hosp,2021-01-15,06043,quantile,0.99,1.3982449076927455
13896,2020-12-27,20 day ahead inc hosp,2021-01-16,06043,point,NA,0.7069423198699951
13897,2020-12-27,20 day ahead inc hosp,2021-01-16,06043,quantile,0.01,0.20082826247750218
13898,2020-12-27,20 day ahead inc hosp,2021-01-16,06043,quantile,0.025,0.28053776721137175
13899,2020-12-27,20 day ahead inc hosp,2021-01-16,06043,quantile,0.05,0.3490923386859029
13900,2020-12-27,20 day ahead inc hosp,2021-01-16,06043,quantile,0.1,0.42813136909467175
13901,2020-12-27,20 day ahead inc hosp,2021-01-16,06043,quantile,0.15,0.4814586276728293
13902,2020-12-27,20 day ahead inc hosp,2021-01-16,06043,quantile,0.2,0.5238414422822502
13903,2020-12-27,20 day ahead inc hosp,2021-01-16,06043,quantile,0.25,0.5602021233797625
13904,2020-12-27,20 day ahead inc hosp,2021-01-16,06043,quantile,0.3,0.5928551387794208
13905,2020-12-27,20 day ahead inc hosp,2021-01-16,06043,quantile,0.35,0.6231130238192883
13906,2020-12-27,20 day ahead inc hosp,2021-01-16,06043,quantile,0.4,0.6518247977970935
13907,2020-12-27,20 day ahead inc hosp,2021-01-16,06043,quantile,0.45,0.679603771399273
13908,2020-12-27,20 day ahead inc hosp,2021-01-16,06043,quantile,0.5,0.7069423198699951
13909,2020-12-27,20 day ahead inc hosp,2021-01-16,06043,quantile,0.55,0.7470902400253182
13910,2020-12-27,20 day ahead inc hosp,2021-01-16,06043,quantile,0.6,0.7878849448126449
13911,2020-12-27,20 day ahead inc hosp,2021-01-16,06043,quantile,0.65,0.8300495100020912
13912,2020-12-27,20 day ahead inc hosp,2021-01-16,06043,quantile,0.7,0.8744846106421458
13913,2020-12-27,20 day ahead inc hosp,2021-01-16,06043,quantile,0.75,0.9224370707553797
13914,2020-12-27,20 day ahead inc hosp,2021-01-16,06043,quantile,0.8,0.9758344090617439
13915,2020-12-27,20 day ahead inc hosp,2021-01-16,06043,quantile,0.85,1.0380755283632743
13916,2020-12-27,20 day ahead inc hosp,2021-01-16,06043,quantile,0.9,1.1163890687398232
13917,2020-12-27,20 day ahead inc hosp,2021-01-16,06043,quantile,0.95,1.232461532696853
13918,2020-12-27,20 day ahead inc hosp,2021-01-16,06043,quantile,0.975,1.3331370848312112
13919,2020-12-27,20 day ahead inc hosp,2021-01-16,06043,quantile,0.99,1.450194171278318
13920,2020-12-27,21 day ahead inc hosp,2021-01-17,06043,point,NA,0.6728711724281311
13921,2020-12-27,21 day ahead inc hosp,2021-01-17,06043,quantile,0.01,0.17147558025768506
13922,2020-12-27,21 day ahead inc hosp,2021-01-17,06043,quantile,0.025,0.25044195896993987
13923,2020-12-27,21 day ahead inc hosp,2021-01-17,06043,quantile,0.05,0.31835740106920446
13924,2020-12-27,21 day ahead inc hosp,2021-01-17,06043,quantile,0.1,0.3966595562406217
13925,2020-12-27,21 day ahead inc hosp,2021-01-17,06043,quantile,0.15,0.4494896485944612
13926,2020-12-27,21 day ahead inc hosp,2021-01-17,06043,quantile,0.2,0.4914773312492841
13927,2020-12-27,21 day ahead inc hosp,2021-01-17,06043,quantile,0.25,0.5274990243129677
13928,2020-12-27,21 day ahead inc hosp,2021-01-17,06043,quantile,0.3,0.5598476179813822
13929,2020-12-27,21 day ahead inc hosp,2021-01-17,06043,quantile,0.35,0.5898234109193452
13930,2020-12-27,21 day ahead inc hosp,2021-01-17,06043,quantile,0.4,0.6182675070782896
13931,2020-12-27,21 day ahead inc hosp,2021-01-17,06043,quantile,0.45,0.6457874992929112
13932,2020-12-27,21 day ahead inc hosp,2021-01-17,06043,quantile,0.5,0.6728711724281311
13933,2020-12-27,21 day ahead inc hosp,2021-01-17,06043,quantile,0.55,0.7121095968705827
13934,2020-12-27,21 day ahead inc hosp,2021-01-17,06043,quantile,0.6,0.7519801539319902
13935,2020-12-27,21 day ahead inc hosp,2021-01-17,06043,quantile,0.65,0.7931895390989963
13936,2020-12-27,21 day ahead inc hosp,2021-01-17,06043,quantile,0.7,0.8366180238701144
13937,2020-12-27,21 day ahead inc hosp,2021-01-17,06043,quantile,0.75,0.88348418719074
13938,2020-12-27,21 day ahead inc hosp,2021-01-17,06043,quantile,0.8,0.9356718825048771
13939,2020-12-27,21 day ahead inc hosp,2021-01-17,06043,quantile,0.85,0.9965030151632623
13940,2020-12-27,21 day ahead inc hosp,2021-01-17,06043,quantile,0.9,1.0730424703828045
13941,2020-12-27,21 day ahead inc hosp,2021-01-17,06043,quantile,0.95,1.1864854728897036
13942,2020-12-27,21 day ahead inc hosp,2021-01-17,06043,quantile,0.975,1.2848803593581213
13943,2020-12-27,21 day ahead inc hosp,2021-01-17,06043,quantile,0.99,1.3992856790917103
13944,2020-12-27,22 day ahead inc hosp,2021-01-18,06043,point,NA,0.5959070324897766
13945,2020-12-27,22 day ahead inc hosp,2021-01-18,06043,quantile,0.01,0.3250009700485085
13946,2020-12-27,22 day ahead inc hosp,2021-01-18,06043,quantile,0.025,0.36766682323157895
13947,2020-12-27,22 day ahead inc hosp,2021-01-18,06043,quantile,0.05,0.4043618107531589
13948,2020-12-27,22 day ahead inc hosp,2021-01-18,06043,quantile,0.1,0.4466687812758331
13949,2020-12-27,22 day ahead inc hosp,2021-01-18,06043,quantile,0.15,0.4752130934346882
13950,2020-12-27,22 day ahead inc hosp,2021-01-18,06043,quantile,0.2,0.49789920786543657
13951,2020-12-27,22 day ahead inc hosp,2021-01-18,06043,quantile,0.25,0.5173618740370872
13952,2020-12-27,22 day ahead inc hosp,2021-01-18,06043,quantile,0.3,0.534839949778215
13953,2020-12-27,22 day ahead inc hosp,2021-01-18,06043,quantile,0.35,0.5510359917063574
13954,2020-12-27,22 day ahead inc hosp,2021-01-18,06043,quantile,0.4,0.5664044516817712
13955,2020-12-27,22 day ahead inc hosp,2021-01-18,06043,quantile,0.45,0.5812736145657225
13956,2020-12-27,22 day ahead inc hosp,2021-01-18,06043,quantile,0.5,0.5959070324897766
13957,2020-12-27,22 day ahead inc hosp,2021-01-18,06043,quantile,0.55,0.6326249670919837
13958,2020-12-27,22 day ahead inc hosp,2021-01-18,06043,quantile,0.6,0.6699344291189676
13959,2020-12-27,22 day ahead inc hosp,2021-01-18,06043,quantile,0.65,0.7084967192990559
13960,2020-12-27,22 day ahead inc hosp,2021-01-18,06043,quantile,0.7,0.7491355646746536
13961,2020-12-27,22 day ahead inc hosp,2021-01-18,06043,quantile,0.75,0.7929912684730287
13962,2020-12-27,22 day ahead inc hosp,2021-01-18,06043,quantile,0.8,0.8418266743490928
13963,2020-12-27,22 day ahead inc hosp,2021-01-18,06043,quantile,0.85,0.8987503042467365
13964,2020-12-27,22 day ahead inc hosp,2021-01-18,06043,quantile,0.9,0.9703732287441634
13965,2020-12-27,22 day ahead inc hosp,2021-01-18,06043,quantile,0.95,1.0765291920967552
13966,2020-12-27,22 day ahead inc hosp,2021-01-18,06043,quantile,0.975,1.1686036588439532
13967,2020-12-27,22 day ahead inc hosp,2021-01-18,06043,quantile,0.99,1.2756601247396069
13968,2020-12-27,23 day ahead inc hosp,2021-01-19,06043,point,NA,0.6540580987930298
13969,2020-12-27,23 day ahead inc hosp,2021-01-19,06043,quantile,0.01,0.3812316835772274
13970,2020-12-27,23 day ahead inc hosp,2021-01-19,06043,quantile,0.025,0.4241999791966157
13971,2020-12-27,23 day ahead inc hosp,2021-01-19,06043,quantile,0.05,0.4611550838985331
13972,2020-12-27,23 day ahead inc hosp,2021-01-19,06043,quantile,0.1,0.5037619528712206
13973,2020-12-27,23 day ahead inc hosp,2021-01-19,06043,quantile,0.15,0.5325086050905287
13974,2020-12-27,23 day ahead inc hosp,2021-01-19,06043,quantile,0.2,0.5553555329870146
13975,2020-12-27,23 day ahead inc hosp,2021-01-19,06043,quantile,0.25,0.5749561627931654
13976,2020-12-27,23 day ahead inc hosp,2021-01-19,06043,quantile,0.3,0.59255813414202
13977,2020-12-27,23 day ahead inc hosp,2021-01-19,06043,quantile,0.35,0.6088689838148578
13978,2020-12-27,23 day ahead inc hosp,2021-01-19,06043,quantile,0.4,0.6243463851129136
13979,2020-12-27,23 day ahead inc hosp,2021-01-19,06043,quantile,0.45,0.6393209499872886
13980,2020-12-27,23 day ahead inc hosp,2021-01-19,06043,quantile,0.5,0.6540580987930298
13981,2020-12-27,23 day ahead inc hosp,2021-01-19,06043,quantile,0.55,0.684995414348045
13982,2020-12-27,23 day ahead inc hosp,2021-01-19,06043,quantile,0.6,0.7164311313190992
13983,2020-12-27,23 day ahead inc hosp,2021-01-19,06043,quantile,0.65,0.7489224397968299
13984,2020-12-27,23 day ahead inc hosp,2021-01-19,06043,quantile,0.7,0.7831633849043678
13985,2020-12-27,23 day ahead inc hosp,2021-01-19,06043,quantile,0.75,0.8201147483728364
13986,2020-12-27,23 day ahead inc hosp,2021-01-19,06043,quantile,0.8,0.8612618438784267
13987,2020-12-27,23 day ahead inc hosp,2021-01-19,06043,quantile,0.85,0.9092238090531903
13988,2020-12-27,23 day ahead inc hosp,2021-01-19,06043,quantile,0.9,0.9695709129999558
13989,2020-12-27,23 day ahead inc hosp,2021-01-19,06043,quantile,0.95,1.0590144117115732
13990,2020-12-27,23 day ahead inc hosp,2021-01-19,06043,quantile,0.975,1.1365933077790715
13991,2020-12-27,23 day ahead inc hosp,2021-01-19,06043,quantile,0.99,1.2267955401077786
13992,2020-12-27,24 day ahead inc hosp,2021-01-20,06043,point,NA,0.7021153569221497
13993,2020-12-27,24 day ahead inc hosp,2021-01-20,06043,quantile,0.01,0.4293452034633571
13994,2020-12-27,24 day ahead inc hosp,2021-01-20,06043,quantile,0.025,0.4723046382405671
13995,2020-12-27,24 day ahead inc hosp,2021-01-20,06043,quantile,0.05,0.5092521221293775
13996,2020-12-27,24 day ahead inc hosp,2021-01-20,06043,quantile,0.1,0.5518502047926193
13997,2020-12-27,24 day ahead inc hosp,2021-01-20,06043,quantile,0.15,0.5805909289306572
13998,2020-12-27,24 day ahead inc hosp,2021-01-20,06043,quantile,0.2,0.6034331453760737
13999,2020-12-27,24 day ahead inc hosp,2021-01-20,06043,quantile,0.25,0.6230297331767227
14000,2020-12-27,24 day ahead inc hosp,2021-01-20,06043,quantile,0.3,0.6406280746797129
14001,2020-12-27,24 day ahead inc hosp,2021-01-20,06043,quantile,0.35,0.6569355607594023
14002,2020-12-27,24 day ahead inc hosp,2021-01-20,06043,quantile,0.4,0.6724097703364869
14003,2020-12-27,24 day ahead inc hosp,2021-01-20,06043,quantile,0.45,0.6873812471838847
14004,2020-12-27,24 day ahead inc hosp,2021-01-20,06043,quantile,0.5,0.7021153569221497
14005,2020-12-27,24 day ahead inc hosp,2021-01-20,06043,quantile,0.55,0.735939125587041
14006,2020-12-27,24 day ahead inc hosp,2021-01-20,06043,quantile,0.6,0.7703077965453579
14007,2020-12-27,24 day ahead inc hosp,2021-01-20,06043,quantile,0.65,0.8058305457514452
14008,2020-12-27,24 day ahead inc hosp,2021-01-20,06043,quantile,0.7,0.8432661727736113
14009,2020-12-27,24 day ahead inc hosp,2021-01-20,06043,quantile,0.75,0.8836651003272072
14010,2020-12-27,24 day ahead inc hosp,2021-01-20,06043,quantile,0.8,0.9286512219297218
14011,2020-12-27,24 day ahead inc hosp,2021-01-20,06043,quantile,0.85,0.9810880408870731
14012,2020-12-27,24 day ahead inc hosp,2021-01-20,06043,quantile,0.9,1.047065532691809
14013,2020-12-27,24 day ahead inc hosp,2021-01-20,06043,quantile,0.95,1.144854114368212
14014,2020-12-27,24 day ahead inc hosp,2021-01-20,06043,quantile,0.975,1.2296711253722368
14015,2020-12-27,24 day ahead inc hosp,2021-01-20,06043,quantile,0.99,1.3282892305506735
14016,2020-12-27,25 day ahead inc hosp,2021-01-21,06043,point,NA,0.7543923258781433
14017,2020-12-27,25 day ahead inc hosp,2021-01-21,06043,quantile,0.01,0.43137087312372
14018,2020-12-27,25 day ahead inc hosp,2021-01-21,06043,quantile,0.025,0.48224454407078593
14019,2020-12-27,25 day ahead inc hosp,2021-01-21,06043,quantile,0.05,0.5259987076772056
14020,2020-12-27,25 day ahead inc hosp,2021-01-21,06043,quantile,0.1,0.5764444561286104
14021,2020-12-27,25 day ahead inc hosp,2021-01-21,06043,quantile,0.15,0.6104799631170451
14022,2020-12-27,25 day ahead inc hosp,2021-01-21,06043,quantile,0.2,0.637530305123925
14023,2020-12-27,25 day ahead inc hosp,2021-01-21,06043,quantile,0.25,0.6607370899577044
14024,2020-12-27,25 day ahead inc hosp,2021-01-21,06043,quantile,0.3,0.681577499974276
14025,2020-12-27,25 day ahead inc hosp,2021-01-21,06043,quantile,0.35,0.7008892456965937
14026,2020-12-27,25 day ahead inc hosp,2021-01-21,06043,quantile,0.4,0.7192142038873417
14027,2020-12-27,25 day ahead inc hosp,2021-01-21,06043,quantile,0.45,0.7369438130099037
14028,2020-12-27,25 day ahead inc hosp,2021-01-21,06043,quantile,0.5,0.7543923258781433
14029,2020-12-27,25 day ahead inc hosp,2021-01-21,06043,quantile,0.55,0.7957396159790657
14030,2020-12-27,25 day ahead inc hosp,2021-01-21,06043,quantile,0.6,0.8377530126107577
14031,2020-12-27,25 day ahead inc hosp,2021-01-21,06043,quantile,0.65,0.8811771925464186
14032,2020-12-27,25 day ahead inc hosp,2021-01-21,06043,quantile,0.7,0.9269397373985564
14033,2020-12-27,25 day ahead inc hosp,2021-01-21,06043,quantile,0.75,0.976324718530435
14034,2020-12-27,25 day ahead inc hosp,2021-01-21,06043,quantile,0.8,1.0313172369231371
14035,2020-12-27,25 day ahead inc hosp,2021-01-21,06043,quantile,0.85,1.0954177334372834
14036,2020-12-27,25 day ahead inc hosp,2021-01-21,06043,quantile,0.9,1.176070794922217
14037,2020-12-27,25 day ahead inc hosp,2021-01-21,06043,quantile,0.95,1.2956107815863545
14038,2020-12-27,25 day ahead inc hosp,2021-01-21,06043,quantile,0.975,1.399293892543671
14039,2020-12-27,25 day ahead inc hosp,2021-01-21,06043,quantile,0.99,1.5198479160889125
14040,2020-12-27,26 day ahead inc hosp,2021-01-22,06043,point,NA,0.7093824148178101
14041,2020-12-27,26 day ahead inc hosp,2021-01-22,06043,quantile,0.01,0.4368455067268795
14042,2020-12-27,26 day ahead inc hosp,2021-01-22,06043,quantile,0.025,0.4797682069528907
14043,2020-12-27,26 day ahead inc hosp,2021-01-22,06043,quantile,0.05,0.5166840971011033
14044,2020-12-27,26 day ahead inc hosp,2021-01-22,06043,quantile,0.1,0.5592457542048216
14045,2020-12-27,26 day ahead inc hosp,2021-01-22,06043,quantile,0.15,0.5879619021907799
14046,2020-12-27,26 day ahead inc hosp,2021-01-22,06043,quantile,0.2,0.6107845862896034
14047,2020-12-27,26 day ahead inc hosp,2021-01-22,06043,quantile,0.25,0.6303644170760686
14048,2020-12-27,26 day ahead inc hosp,2021-01-22,06043,quantile,0.3,0.6479477102624246
14049,2020-12-27,26 day ahead inc hosp,2021-01-22,06043,quantile,0.35,0.6642412518341049
14050,2020-12-27,26 day ahead inc hosp,2021-01-22,06043,quantile,0.4,0.6797022294367251
14051,2020-12-27,26 day ahead inc hosp,2021-01-22,06043,quantile,0.45,0.6946609041956964
14052,2020-12-27,26 day ahead inc hosp,2021-01-22,06043,quantile,0.5,0.7093824148178101
14053,2020-12-27,26 day ahead inc hosp,2021-01-22,06043,quantile,0.55,0.749569638747825
14054,2020-12-27,26 day ahead inc hosp,2021-01-22,06043,quantile,0.6,0.7904042804952579
14055,2020-12-27,26 day ahead inc hosp,2021-01-22,06043,quantile,0.65,0.832610123702688
14056,2020-12-27,26 day ahead inc hosp,2021-01-22,06043,quantile,0.7,0.877088725156165
14057,2020-12-27,26 day ahead inc hosp,2021-01-22,06043,quantile,0.75,0.9250881294867064
14058,2020-12-27,26 day ahead inc hosp,2021-01-22,06043,quantile,0.8,0.9785377424052005
14059,2020-12-27,26 day ahead inc hosp,2021-01-22,06043,quantile,0.85,1.0408397941515535
14060,2020-12-27,26 day ahead inc hosp,2021-01-22,06043,quantile,0.9,1.1192300014571583
14061,2020-12-27,26 day ahead inc hosp,2021-01-22,06043,quantile,0.95,1.2354160973521229
14062,2020-12-27,26 day ahead inc hosp,2021-01-22,06043,quantile,0.975,1.3361902082462565
14063,2020-12-27,26 day ahead inc hosp,2021-01-22,06043,quantile,0.99,1.453361890551231
14064,2020-12-27,27 day ahead inc hosp,2021-01-23,06043,point,NA,0.7272580862045288
14065,2020-12-27,27 day ahead inc hosp,2021-01-23,06043,quantile,0.01,0.19386598564046642
14066,2020-12-27,27 day ahead inc hosp,2021-01-23,06043,quantile,0.025,0.2778715957275779
14067,2020-12-27,27 day ahead inc hosp,2021-01-23,06043,quantile,0.05,0.3501210548128685
14068,2020-12-27,27 day ahead inc hosp,2021-01-23,06043,quantile,0.1,0.433420054001871
14069,2020-12-27,27 day ahead inc hosp,2021-01-23,06043,quantile,0.15,0.48962149329180504
14070,2020-12-27,27 day ahead inc hosp,2021-01-23,06043,quantile,0.2,0.5342886156175631
14071,2020-12-27,27 day ahead inc hosp,2021-01-23,06043,quantile,0.25,0.5726090293370769
14072,2020-12-27,27 day ahead inc hosp,2021-01-23,06043,quantile,0.3,0.6070219451993755
14073,2020-12-27,27 day ahead inc hosp,2021-01-23,06043,quantile,0.35,0.6389106402954787
14074,2020-12-27,27 day ahead inc hosp,2021-01-23,06043,quantile,0.4,0.6691698935393883
14075,2020-12-27,27 day ahead inc hosp,2021-01-23,06043,quantile,0.45,0.6984460712403556
14076,2020-12-27,27 day ahead inc hosp,2021-01-23,06043,quantile,0.5,0.7272580862045288
14077,2020-12-27,27 day ahead inc hosp,2021-01-23,06043,quantile,0.55,0.7678266672265548
14078,2020-12-27,27 day ahead inc hosp,2021-01-23,06043,quantile,0.6,0.8090488097443127
14079,2020-12-27,27 day ahead inc hosp,2021-01-23,06043,quantile,0.65,0.8516551657530124
14080,2020-12-27,27 day ahead inc hosp,2021-01-23,06043,quantile,0.7,0.8965558473714828
14081,2020-12-27,27 day ahead inc hosp,2021-01-23,06043,quantile,0.75,0.945010742563638
14082,2020-12-27,27 day ahead inc hosp,2021-01-23,06043,quantile,0.8,0.9989675661565298
14083,2020-12-27,27 day ahead inc hosp,2021-01-23,06043,quantile,0.85,1.0618608338903737
14084,2020-12-27,27 day ahead inc hosp,2021-01-23,06043,quantile,0.9,1.140994925908002
14085,2020-12-27,27 day ahead inc hosp,2021-01-23,06043,quantile,0.95,1.2582835710046674
14086,2020-12-27,27 day ahead inc hosp,2021-01-23,06043,quantile,0.975,1.3600139789037273
14087,2020-12-27,27 day ahead inc hosp,2021-01-23,06043,quantile,0.99,1.4782975631431992
14088,2020-12-27,28 day ahead inc hosp,2021-01-24,06043,point,NA,0.7018301486968994
14089,2020-12-27,28 day ahead inc hosp,2021-01-24,06043,quantile,0.01,0.19414045012057157
14090,2020-12-27,28 day ahead inc hosp,2021-01-24,06043,quantile,0.025,0.27409810757133823
14091,2020-12-27,28 day ahead inc hosp,2021-01-24,06043,quantile,0.05,0.3428661040724571
14092,2020-12-27,28 day ahead inc hosp,2021-01-24,06043,quantile,0.1,0.42215119986831295
14093,2020-12-27,28 day ahead inc hosp,2021-01-24,06043,quantile,0.15,0.4756444775949401
14094,2020-12-27,28 day ahead inc hosp,2021-01-24,06043,quantile,0.2,0.5181592389606504
14095,2020-12-27,28 day ahead inc hosp,2021-01-24,06043,quantile,0.25,0.5546331186262972
14096,2020-12-27,28 day ahead inc hosp,2021-01-24,06043,quantile,0.3,0.5873877898386889
14097,2020-12-27,28 day ahead inc hosp,2021-01-24,06043,quantile,0.35,0.6177398741387987
14098,2020-12-27,28 day ahead inc hosp,2021-01-24,06043,quantile,0.4,0.6465410340028079
14099,2020-12-27,28 day ahead inc hosp,2021-01-24,06043,quantile,0.45,0.6744064894843443
14100,2020-12-27,28 day ahead inc hosp,2021-01-24,06043,quantile,0.5,0.7018301486968994
14101,2020-12-27,28 day ahead inc hosp,2021-01-24,06043,quantile,0.55,0.741473284051179
14102,2020-12-27,28 day ahead inc hosp,2021-01-24,06043,quantile,0.6,0.7817550719337187
14103,2020-12-27,28 day ahead inc hosp,2021-01-24,06043,quantile,0.65,0.8233894967929088
14104,2020-12-27,28 day ahead inc hosp,2021-01-24,06043,quantile,0.7,0.8672659093776629
14105,2020-12-27,28 day ahead inc hosp,2021-01-24,06043,quantile,0.75,0.9146154572368084
14106,2020-12-27,28 day ahead inc hosp,2021-01-24,06043,quantile,0.8,0.9673414241573337
14107,2020-12-27,28 day ahead inc hosp,2021-01-24,06043,quantile,0.85,1.0287999781129682
14108,2020-12-27,28 day ahead inc hosp,2021-01-24,06043,quantile,0.9,1.106128872591422
14109,2020-12-27,28 day ahead inc hosp,2021-01-24,06043,quantile,0.95,1.2207419430008284
14110,2020-12-27,28 day ahead inc hosp,2021-01-24,06043,quantile,0.975,1.3201516888777893
14111,2020-12-27,28 day ahead inc hosp,2021-01-24,06043,quantile,0.99,1.4357370019960576
14112,2020-12-27,1 day ahead inc hosp,2020-12-28,06045,point,NA,14.043941497802734
14113,2020-12-27,1 day ahead inc hosp,2020-12-28,06045,quantile,0.01,9.836833318792717
14114,2020-12-27,1 day ahead inc hosp,2020-12-28,06045,quantile,0.025,10.499424101270506
14115,2020-12-27,1 day ahead inc hosp,2020-12-28,06045,quantile,0.05,11.069288727921963
14116,2020-12-27,1 day ahead inc hosp,2020-12-28,06045,quantile,0.1,11.7263061461042
14117,2020-12-27,1 day ahead inc hosp,2020-12-28,06045,quantile,0.15,12.169592678954565
14118,2020-12-27,1 day ahead inc hosp,2020-12-28,06045,quantile,0.2,12.521902762794976
14119,2020-12-27,1 day ahead inc hosp,2020-12-28,06045,quantile,0.25,12.824153444445354
14120,2020-12-27,1 day ahead inc hosp,2020-12-28,06045,quantile,0.3,13.095583898017418
14121,2020-12-27,1 day ahead inc hosp,2020-12-28,06045,quantile,0.35,13.3471046644759
14122,2020-12-27,1 day ahead inc hosp,2020-12-28,06045,quantile,0.4,13.58577327557562
14123,2020-12-27,1 day ahead inc hosp,2020-12-28,06045,quantile,0.45,13.816687918903934
14124,2020-12-27,1 day ahead inc hosp,2020-12-28,06045,quantile,0.5,14.043941497802734
14125,2020-12-27,1 day ahead inc hosp,2020-12-28,06045,quantile,0.55,14.655833927166759
14126,2020-12-27,1 day ahead inc hosp,2020-12-28,06045,quantile,0.6,15.277583968537108
14127,2020-12-27,1 day ahead inc hosp,2020-12-28,06045,quantile,0.65,15.920211983314289
14128,2020-12-27,1 day ahead inc hosp,2020-12-28,06045,quantile,0.7,16.597445114557154
14129,2020-12-27,1 day ahead inc hosp,2020-12-28,06045,quantile,0.75,17.32828614440756
14130,2020-12-27,1 day ahead inc hosp,2020-12-28,06045,quantile,0.8,18.142112288612488
14131,2020-12-27,1 day ahead inc hosp,2020-12-28,06045,quantile,0.85,19.09072605361969
14132,2020-12-27,1 day ahead inc hosp,2020-12-28,06045,quantile,0.9,20.284298778874568
14133,2020-12-27,1 day ahead inc hosp,2020-12-28,06045,quantile,0.95,22.05335335699867
14134,2020-12-27,1 day ahead inc hosp,2020-12-28,06045,quantile,0.975,23.58774437737359
14135,2020-12-27,1 day ahead inc hosp,2020-12-28,06045,quantile,0.99,25.371805537286455
14136,2020-12-27,2 day ahead inc hosp,2020-12-29,06045,point,NA,14.403556823730469
14137,2020-12-27,2 day ahead inc hosp,2020-12-29,06045,quantile,0.01,9.7367769864732
14138,2020-12-27,2 day ahead inc hosp,2020-12-29,06045,quantile,0.025,10.471762913254738
14139,2020-12-27,2 day ahead inc hosp,2020-12-29,06045,quantile,0.05,11.103891357893152
14140,2020-12-27,2 day ahead inc hosp,2020-12-29,06045,quantile,0.1,11.832694970597307
14141,2020-12-27,2 day ahead inc hosp,2020-12-29,06045,quantile,0.15,12.324415308085886
14142,2020-12-27,2 day ahead inc hosp,2020-12-29,06045,quantile,0.2,12.715219044469897
14143,2020-12-27,2 day ahead inc hosp,2020-12-29,06045,quantile,0.25,13.050493852462868
14144,2020-12-27,2 day ahead inc hosp,2020-12-29,06045,quantile,0.3,13.351580992144116
14145,2020-12-27,2 day ahead inc hosp,2020-12-29,06045,quantile,0.35,13.63058309801251
14146,2020-12-27,2 day ahead inc hosp,2020-12-29,06045,quantile,0.4,13.895328812806195
14147,2020-12-27,2 day ahead inc hosp,2020-12-29,06045,quantile,0.45,14.151473355746283
14148,2020-12-27,2 day ahead inc hosp,2020-12-29,06045,quantile,0.5,14.403556823730469
14149,2020-12-27,2 day ahead inc hosp,2020-12-29,06045,quantile,0.55,14.921554853510433
14150,2020-12-27,2 day ahead inc hosp,2020-12-29,06045,quantile,0.6,15.447897852687905
14151,2020-12-27,2 day ahead inc hosp,2020-12-29,06045,quantile,0.65,15.991915117098204
14152,2020-12-27,2 day ahead inc hosp,2020-12-29,06045,quantile,0.7,16.565227370773464
14153,2020-12-27,2 day ahead inc hosp,2020-12-29,06045,quantile,0.75,17.18392143426816
14154,2020-12-27,2 day ahead inc hosp,2020-12-29,06045,quantile,0.8,17.872866613275736
14155,2020-12-27,2 day ahead inc hosp,2020-12-29,06045,quantile,0.85,18.675916361426083
14156,2020-12-27,2 day ahead inc hosp,2020-12-29,06045,quantile,0.9,19.68633631501781
14157,2020-12-27,2 day ahead inc hosp,2020-12-29,06045,quantile,0.95,21.183930895480167
14158,2020-12-27,2 day ahead inc hosp,2020-12-29,06045,quantile,0.975,22.482870851793024
14159,2020-12-27,2 day ahead inc hosp,2020-12-29,06045,quantile,0.99,23.993169266176633
14160,2020-12-27,3 day ahead inc hosp,2020-12-30,06045,point,NA,14.634947776794434
14161,2020-12-27,3 day ahead inc hosp,2020-12-30,06045,quantile,0.01,10.094660453987165
14162,2020-12-27,3 day ahead inc hosp,2020-12-30,06045,quantile,0.025,10.809724674323128
14163,2020-12-27,3 day ahead inc hosp,2020-12-30,06045,quantile,0.05,11.424719352380286
14164,2020-12-27,3 day ahead inc hosp,2020-12-30,06045,quantile,0.1,12.133768829529298
14165,2020-12-27,3 day ahead inc hosp,2020-12-30,06045,quantile,0.15,12.61216114554179
14166,2020-12-27,3 day ahead inc hosp,2020-12-30,06045,quantile,0.2,12.992372192963487
14167,2020-12-27,3 day ahead inc hosp,2020-12-30,06045,quantile,0.25,13.3185594170177
14168,2020-12-27,3 day ahead inc hosp,2020-12-30,06045,quantile,0.3,13.611485625458357
14169,2020-12-27,3 day ahead inc hosp,2020-12-30,06045,quantile,0.35,13.882925412310458
14170,2020-12-27,3 day ahead inc hosp,2020-12-30,06045,quantile,0.4,14.140495225878473
14171,2020-12-27,3 day ahead inc hosp,2020-12-30,06045,quantile,0.45,14.389697001336694
14172,2020-12-27,3 day ahead inc hosp,2020-12-30,06045,quantile,0.5,14.634947776794434
14173,2020-12-27,3 day ahead inc hosp,2020-12-30,06045,quantile,0.55,15.20030214012322
14174,2020-12-27,3 day ahead inc hosp,2020-12-30,06045,quantile,0.6,15.774764385315443
14175,2020-12-27,3 day ahead inc hosp,2020-12-30,06045,quantile,0.65,16.368516709607487
14176,2020-12-27,3 day ahead inc hosp,2020-12-30,06045,quantile,0.7,16.99424222501698
14177,2020-12-27,3 day ahead inc hosp,2020-12-30,06045,quantile,0.75,17.66949843885031
14178,2020-12-27,3 day ahead inc hosp,2020-12-30,06045,quantile,0.8,18.42142825451335
14179,2020-12-27,3 day ahead inc hosp,2020-12-30,06045,quantile,0.85,19.297894289103745
14180,2020-12-27,3 day ahead inc hosp,2020-12-30,06045,quantile,0.9,20.40068869509832
14181,2020-12-27,3 day ahead inc hosp,2020-12-30,06045,quantile,0.95,22.035196129270588
14182,2020-12-27,3 day ahead inc hosp,2020-12-30,06045,quantile,0.975,23.452887567818188
14183,2020-12-27,3 day ahead inc hosp,2020-12-30,06045,quantile,0.99,25.10126024379733
14184,2020-12-27,4 day ahead inc hosp,2020-12-31,06045,point,NA,15.450570106506348
14185,2020-12-27,4 day ahead inc hosp,2020-12-31,06045,quantile,0.01,10.307092687108511
14186,2020-12-27,4 day ahead inc hosp,2020-12-31,06045,quantile,0.025,11.11715522483427
14187,2020-12-27,4 day ahead inc hosp,2020-12-31,06045,quantile,0.05,11.813853696701248
14188,2020-12-27,4 day ahead inc hosp,2020-12-31,06045,quantile,0.1,12.617102415484279
14189,2020-12-27,4 day ahead inc hosp,2020-12-31,06045,quantile,0.15,13.159050512615343
14190,2020-12-27,4 day ahead inc hosp,2020-12-31,06045,quantile,0.2,13.589773680110817
14191,2020-12-27,4 day ahead inc hosp,2020-12-31,06045,quantile,0.25,13.95929580550388
14192,2020-12-27,4 day ahead inc hosp,2020-12-31,06045,quantile,0.3,14.291138094668248
14193,2020-12-27,4 day ahead inc hosp,2020-12-31,06045,quantile,0.35,14.598639429966278
14194,2020-12-27,4 day ahead inc hosp,2020-12-31,06045,quantile,0.4,14.890428126542966
14195,2020-12-27,4 day ahead inc hosp,2020-12-31,06045,quantile,0.45,15.172737067323986
14196,2020-12-27,4 day ahead inc hosp,2020-12-31,06045,quantile,0.5,15.450570106506348
14197,2020-12-27,4 day ahead inc hosp,2020-12-31,06045,quantile,0.55,16.147137644326694
14198,2020-12-27,4 day ahead inc hosp,2020-12-31,06045,quantile,0.6,16.8549269136059
14199,2020-12-27,4 day ahead inc hosp,2020-12-31,06045,quantile,0.65,17.586483299183296
14200,2020-12-27,4 day ahead inc hosp,2020-12-31,06045,quantile,0.7,18.357433538346267
14201,2020-12-27,4 day ahead inc hosp,2020-12-31,06045,quantile,0.75,19.18941006276593
14202,2020-12-27,4 day ahead inc hosp,2020-12-31,06045,quantile,0.8,20.11585537615516
14203,2020-12-27,4 day ahead inc hosp,2020-12-31,06045,quantile,0.85,21.195740537212533
14204,2020-12-27,4 day ahead inc hosp,2020-12-31,06045,quantile,0.9,22.55448265354242
14205,2020-12-27,4 day ahead inc hosp,2020-12-31,06045,quantile,0.95,24.56834315028771
14206,2020-12-27,4 day ahead inc hosp,2020-12-31,06045,quantile,0.975,26.31506679618586
14207,2020-12-27,4 day ahead inc hosp,2020-12-31,06045,quantile,0.99,28.34601052067849
14208,2020-12-27,5 day ahead inc hosp,2021-01-01,06045,point,NA,14.90070915222168
14209,2020-12-27,5 day ahead inc hosp,2021-01-01,06045,quantile,0.01,10.330342345928003
14210,2020-12-27,5 day ahead inc hosp,2021-01-01,06045,quantile,0.025,11.050143879318862
14211,2020-12-27,5 day ahead inc hosp,2021-01-01,06045,quantile,0.05,11.66921290795069
14212,2020-12-27,5 day ahead inc hosp,2021-01-01,06045,quantile,0.1,12.382959850375041
14213,2020-12-27,5 day ahead inc hosp,2021-01-01,06045,quantile,0.15,12.864521523907538
14214,2020-12-27,5 day ahead inc hosp,2021-01-01,06045,quantile,0.2,13.247251476215457
14215,2020-12-27,5 day ahead inc hosp,2021-01-01,06045,quantile,0.25,13.575599696374507
14216,2020-12-27,5 day ahead inc hosp,2021-01-01,06045,quantile,0.3,13.870466546105696
14217,2020-12-27,5 day ahead inc hosp,2021-01-01,06045,quantile,0.35,14.143704626326844
14218,2020-12-27,5 day ahead inc hosp,2021-01-01,06045,quantile,0.4,14.402980844446592
14219,2020-12-27,5 day ahead inc hosp,2021-01-01,06045,quantile,0.45,14.653833586056676
14220,2020-12-27,5 day ahead inc hosp,2021-01-01,06045,quantile,0.5,14.90070915222168
14221,2020-12-27,5 day ahead inc hosp,2021-01-01,06045,quantile,0.55,15.573995493264503
14222,2020-12-27,5 day ahead inc hosp,2021-01-01,06045,quantile,0.6,16.258128504736074
14223,2020-12-27,5 day ahead inc hosp,2021-01-01,06045,quantile,0.65,16.965234270320792
14224,2020-12-27,5 day ahead inc hosp,2021-01-01,06045,quantile,0.7,17.710417238904665
14225,2020-12-27,5 day ahead inc hosp,2021-01-01,06045,quantile,0.75,18.514586826986317
14226,2020-12-27,5 day ahead inc hosp,2021-01-01,06045,quantile,0.8,19.410067798120785
14227,2020-12-27,5 day ahead inc hosp,2021-01-01,06045,quantile,0.85,20.453860236553766
14228,2020-12-27,5 day ahead inc hosp,2021-01-01,06045,quantile,0.9,21.767189466318236
14229,2020-12-27,5 day ahead inc hosp,2021-01-01,06045,quantile,0.95,23.713741224195335
14230,2020-12-27,5 day ahead inc hosp,2021-01-01,06045,quantile,0.975,25.40208457714536
14231,2020-12-27,5 day ahead inc hosp,2021-01-01,06045,quantile,0.99,27.365148594464234
14232,2020-12-27,6 day ahead inc hosp,2021-01-02,06045,point,NA,15.571252822875977
14233,2020-12-27,6 day ahead inc hosp,2021-01-02,06045,quantile,0.01,6.684465992846338
14234,2020-12-27,6 day ahead inc hosp,2021-01-02,06045,quantile,0.025,8.084074177109438
14235,2020-12-27,6 day ahead inc hosp,2021-01-02,06045,quantile,0.05,9.287814428974698
14236,2020-12-27,6 day ahead inc hosp,2021-01-02,06045,quantile,0.1,10.675649847168277
14237,2020-12-27,6 day ahead inc hosp,2021-01-02,06045,quantile,0.15,11.612015815060055
14238,2020-12-27,6 day ahead inc hosp,2021-01-02,06045,quantile,0.2,12.356209802935199
14239,2020-12-27,6 day ahead inc hosp,2021-01-02,06045,quantile,0.25,12.994661980242917
14240,2020-12-27,6 day ahead inc hosp,2021-01-02,06045,quantile,0.3,13.568011767659318
14241,2020-12-27,6 day ahead inc hosp,2021-01-02,06045,quantile,0.35,14.099305791900019
14242,2020-12-27,6 day ahead inc hosp,2021-01-02,06045,quantile,0.4,14.603451865548534
14243,2020-12-27,6 day ahead inc hosp,2021-01-02,06045,quantile,0.45,15.091219026238452
14244,2020-12-27,6 day ahead inc hosp,2021-01-02,06045,quantile,0.5,15.571252822875977
14245,2020-12-27,6 day ahead inc hosp,2021-01-02,06045,quantile,0.55,16.25537863191384
14246,2020-12-27,6 day ahead inc hosp,2021-01-02,06045,quantile,0.6,16.950525735652175
14247,2020-12-27,6 day ahead inc hosp,2021-01-02,06045,quantile,0.65,17.66901543976042
14248,2020-12-27,6 day ahead inc hosp,2021-01-02,06045,quantile,0.7,18.42619536483372
14249,2020-12-27,6 day ahead inc hosp,2021-01-02,06045,quantile,0.75,19.2433115552467
14250,2020-12-27,6 day ahead inc hosp,2021-01-02,06045,quantile,0.8,20.15320918202243
14251,2020-12-27,6 day ahead inc hosp,2021-01-02,06045,quantile,0.85,21.21380599333536
14252,2020-12-27,6 day ahead inc hosp,2021-01-02,06045,quantile,0.9,22.54827896133598
14253,2020-12-27,6 day ahead inc hosp,2021-01-02,06045,quantile,0.95,24.526168924362942
14254,2020-12-27,6 day ahead inc hosp,2021-01-02,06045,quantile,0.975,26.24169349668925
14255,2020-12-27,6 day ahead inc hosp,2021-01-02,06045,quantile,0.99,28.23636155569266
14256,2020-12-27,7 day ahead inc hosp,2021-01-03,06045,point,NA,15.006200790405273
14257,2020-12-27,7 day ahead inc hosp,2021-01-03,06045,quantile,0.01,6.313286636577391
14258,2020-12-27,7 day ahead inc hosp,2021-01-03,06045,quantile,0.025,7.682361199464534
14259,2020-12-27,7 day ahead inc hosp,2021-01-03,06045,quantile,0.05,8.859840852471692
14260,2020-12-27,7 day ahead inc hosp,2021-01-03,06045,quantile,0.1,10.217399482012752
14261,2020-12-27,7 day ahead inc hosp,2021-01-03,06045,quantile,0.15,11.133337844340055
14262,2020-12-27,7 day ahead inc hosp,2021-01-03,06045,quantile,0.2,11.861296618880827
14263,2020-12-27,7 day ahead inc hosp,2021-01-03,06045,quantile,0.25,12.48582042875846
14264,2020-12-27,7 day ahead inc hosp,2021-01-03,06045,quantile,0.3,13.046662111748354
14265,2020-12-27,7 day ahead inc hosp,2021-01-03,06045,quantile,0.35,13.566365513157697
14266,2020-12-27,7 day ahead inc hosp,2021-01-03,06045,quantile,0.4,14.059513219188734
14267,2020-12-27,7 day ahead inc hosp,2021-01-03,06045,quantile,0.45,14.536639331925668
14268,2020-12-27,7 day ahead inc hosp,2021-01-03,06045,quantile,0.5,15.006200790405273
14269,2020-12-27,7 day ahead inc hosp,2021-01-03,06045,quantile,0.55,15.68470220868722
14270,2020-12-27,7 day ahead inc hosp,2021-01-03,06045,quantile,0.6,16.37413431250505
14271,2020-12-27,7 day ahead inc hosp,2021-01-03,06045,quantile,0.65,17.086717110607673
14272,2020-12-27,7 day ahead inc hosp,2021-01-03,06045,quantile,0.7,17.83767204648324
14273,2020-12-27,7 day ahead inc hosp,2021-01-03,06045,quantile,0.75,18.64807049479798
14274,2020-12-27,7 day ahead inc hosp,2021-01-03,06045,quantile,0.8,19.550487597182933
14275,2020-12-27,7 day ahead inc hosp,2021-01-03,06045,quantile,0.85,20.602364943709567
14276,2020-12-27,7 day ahead inc hosp,2021-01-03,06045,quantile,0.9,21.925866833984294
14277,2020-12-27,7 day ahead inc hosp,2021-01-03,06045,quantile,0.95,23.88749600714292
14278,2020-12-27,7 day ahead inc hosp,2021-01-03,06045,quantile,0.975,25.58891676929474
14279,2020-12-27,7 day ahead inc hosp,2021-01-03,06045,quantile,0.99,27.567186100982248
14280,2020-12-27,8 day ahead inc hosp,2021-01-04,06045,point,NA,13.139954566955566
14281,2020-12-27,8 day ahead inc hosp,2021-01-04,06045,quantile,0.01,8.709263621530763
14282,2020-12-27,8 day ahead inc hosp,2021-01-04,06045,quantile,0.025,9.407067161523663
14283,2020-12-27,8 day ahead inc hosp,2021-01-04,06045,quantile,0.05,10.00721670225086
14284,2020-12-27,8 day ahead inc hosp,2021-01-04,06045,quantile,0.1,10.699150686798752
14285,2020-12-27,8 day ahead inc hosp,2021-01-04,06045,quantile,0.15,11.165995261209252
14286,2020-12-27,8 day ahead inc hosp,2021-01-04,06045,quantile,0.2,11.537028529676544
14287,2020-12-27,8 day ahead inc hosp,2021-01-04,06045,quantile,0.25,11.855342036592813
14288,2020-12-27,8 day ahead inc hosp,2021-01-04,06045,quantile,0.3,12.141197403696134
14289,2020-12-27,8 day ahead inc hosp,2021-01-04,06045,quantile,0.35,12.406085002283184
14290,2020-12-27,8 day ahead inc hosp,2021-01-04,06045,quantile,0.4,12.657437429927553
14291,2020-12-27,8 day ahead inc hosp,2021-01-04,06045,quantile,0.45,12.900623812551427
14292,2020-12-27,8 day ahead inc hosp,2021-01-04,06045,quantile,0.5,13.139954566955566
14293,2020-12-27,8 day ahead inc hosp,2021-01-04,06045,quantile,0.55,13.713205067982464
14294,2020-12-27,8 day ahead inc hosp,2021-01-04,06045,quantile,0.6,14.295690657973328
14295,2020-12-27,8 day ahead inc hosp,2021-01-04,06045,quantile,0.65,14.89773574591113
14296,2020-12-27,8 day ahead inc hosp,2021-01-04,06045,quantile,0.7,15.532200585099433
14297,2020-12-27,8 day ahead inc hosp,2021-01-04,06045,quantile,0.75,16.21688790337236
14298,2020-12-27,8 day ahead inc hosp,2021-01-04,06045,quantile,0.8,16.979319701064565
14299,2020-12-27,8 day ahead inc hosp,2021-01-04,06045,quantile,0.85,17.868027078334432
14300,2020-12-27,8 day ahead inc hosp,2021-01-04,06045,quantile,0.9,18.986223888639053
14301,2020-12-27,8 day ahead inc hosp,2021-01-04,06045,quantile,0.95,20.643560006210556
14302,2020-12-27,8 day ahead inc hosp,2021-01-04,06045,quantile,0.975,22.08105192307461
14303,2020-12-27,8 day ahead inc hosp,2021-01-04,06045,quantile,0.99,23.752446934197145
14304,2020-12-27,9 day ahead inc hosp,2021-01-05,06045,point,NA,13.414786338806152
14305,2020-12-27,9 day ahead inc hosp,2021-01-05,06045,quantile,0.01,8.72929223963129
14306,2020-12-27,9 day ahead inc hosp,2021-01-05,06045,quantile,0.025,9.46722553475228
14307,2020-12-27,9 day ahead inc hosp,2021-01-05,06045,quantile,0.05,10.101888878762653
14308,2020-12-27,9 day ahead inc hosp,2021-01-05,06045,quantile,0.1,10.83361506809786
14309,2020-12-27,9 day ahead inc hosp,2021-01-05,06045,quantile,0.15,11.327307254164445
14310,2020-12-27,9 day ahead inc hosp,2021-01-05,06045,quantile,0.2,11.719678153289385
14311,2020-12-27,9 day ahead inc hosp,2021-01-05,06045,quantile,0.25,12.056297447371257
14312,2020-12-27,9 day ahead inc hosp,2021-01-05,06045,quantile,0.3,12.358591977113425
14313,2020-12-27,9 day ahead inc hosp,2021-01-05,06045,quantile,0.35,12.638712909810353
14314,2020-12-27,9 day ahead inc hosp,2021-01-05,06045,quantile,0.4,12.904520281854003
14315,2020-12-27,9 day ahead inc hosp,2021-01-05,06045,quantile,0.45,13.16169199046989
14316,2020-12-27,9 day ahead inc hosp,2021-01-05,06045,quantile,0.5,13.414786338806152
14317,2020-12-27,9 day ahead inc hosp,2021-01-05,06045,quantile,0.55,13.925713209441538
14318,2020-12-27,9 day ahead inc hosp,2021-01-05,06045,quantile,0.6,14.444871132812066
14319,2020-12-27,9 day ahead inc hosp,2021-01-05,06045,quantile,0.65,14.98146205111121
14320,2020-12-27,9 day ahead inc hosp,2021-01-05,06045,quantile,0.7,15.54694805458433
14321,2020-12-27,9 day ahead inc hosp,2021-01-05,06045,quantile,0.75,16.15719636359105
14322,2020-12-27,9 day ahead inc hosp,2021-01-05,06045,quantile,0.8,16.836736794467207
14323,2020-12-27,9 day ahead inc hosp,2021-01-05,06045,quantile,0.85,17.628824160052904
14324,2020-12-27,9 day ahead inc hosp,2021-01-05,06045,quantile,0.9,18.62545093320003
14325,2020-12-27,9 day ahead inc hosp,2021-01-05,06045,quantile,0.95,20.10260194244455
14326,2020-12-27,9 day ahead inc hosp,2021-01-05,06045,quantile,0.975,21.383810149557053
14327,2020-12-27,9 day ahead inc hosp,2021-01-05,06045,quantile,0.99,22.87349157346978
14328,2020-12-27,10 day ahead inc hosp,2021-01-06,06045,point,NA,13.111379623413086
14329,2020-12-27,10 day ahead inc hosp,2021-01-06,06045,quantile,0.01,8.483220518461172
14330,2020-12-27,10 day ahead inc hosp,2021-01-06,06045,quantile,0.025,9.212123943878531
14331,2020-12-27,10 day ahead inc hosp,2021-01-06,06045,quantile,0.05,9.839021101785123
14332,2020-12-27,10 day ahead inc hosp,2021-01-06,06045,quantile,0.1,10.561793375919434
14333,2020-12-27,10 day ahead inc hosp,2021-01-06,06045,quantile,0.15,11.049444397908783
14334,2020-12-27,10 day ahead inc hosp,2021-01-06,06045,quantile,0.2,11.437013971333933
14335,2020-12-27,10 day ahead inc hosp,2021-01-06,06045,quantile,0.25,11.769514155483531
14336,2020-12-27,10 day ahead inc hosp,2021-01-06,06045,quantile,0.3,12.068109597200074
14337,2020-12-27,10 day ahead inc hosp,2021-01-06,06045,quantile,0.35,12.344802773566942
14338,2020-12-27,10 day ahead inc hosp,2021-01-06,06045,quantile,0.4,12.607357540054387
14339,2020-12-27,10 day ahead inc hosp,2021-01-06,06045,quantile,0.45,12.86138231515255
14340,2020-12-27,10 day ahead inc hosp,2021-01-06,06045,quantile,0.5,13.111379623413086
14341,2020-12-27,10 day ahead inc hosp,2021-01-06,06045,quantile,0.55,13.677994044411996
14342,2020-12-27,10 day ahead inc hosp,2021-01-06,06045,quantile,0.6,14.253736646854826
14343,2020-12-27,10 day ahead inc hosp,2021-01-06,06045,quantile,0.65,14.848812321984694
14344,2020-12-27,10 day ahead inc hosp,2021-01-06,06045,quantile,0.7,15.475932449846528
14345,2020-12-27,10 day ahead inc hosp,2021-01-06,06045,quantile,0.75,16.152693669790594
14346,2020-12-27,10 day ahead inc hosp,2021-01-06,06045,quantile,0.8,16.90629938112735
14347,2020-12-27,10 day ahead inc hosp,2021-01-06,06045,quantile,0.85,17.784718876805385
14348,2020-12-27,10 day ahead inc hosp,2021-01-06,06045,quantile,0.9,18.88997118290647
14349,2020-12-27,10 day ahead inc hosp,2021-01-06,06045,quantile,0.95,20.528121595293634
14350,2020-12-27,10 day ahead inc hosp,2021-01-06,06045,quantile,0.975,21.94897277415082
14351,2020-12-27,10 day ahead inc hosp,2021-01-06,06045,quantile,0.99,23.601019331094392
14352,2020-12-27,11 day ahead inc hosp,2021-01-07,06045,point,NA,13.070555686950684
14353,2020-12-27,11 day ahead inc hosp,2021-01-07,06045,quantile,0.01,7.7193882862062795
14354,2020-12-27,11 day ahead inc hosp,2021-01-07,06045,quantile,0.025,8.562160576426589
14355,2020-12-27,11 day ahead inc hosp,2021-01-07,06045,quantile,0.05,9.286991239966177
14356,2020-12-27,11 day ahead inc hosp,2021-01-07,06045,quantile,0.1,10.122674574052764
14357,2020-12-27,11 day ahead inc hosp,2021-01-07,06045,quantile,0.15,10.686506152145457
14358,2020-12-27,11 day ahead inc hosp,2021-01-07,06045,quantile,0.2,11.13462161658877
14359,2020-12-27,11 day ahead inc hosp,2021-01-07,06045,quantile,0.25,11.519064784123593
14360,2020-12-27,11 day ahead inc hosp,2021-01-07,06045,quantile,0.3,11.864306630285457
14361,2020-12-27,11 day ahead inc hosp,2021-01-07,06045,quantile,0.35,12.184224652074853
14362,2020-12-27,11 day ahead inc hosp,2021-01-07,06045,quantile,0.4,12.487795569901431
14363,2020-12-27,11 day ahead inc hosp,2021-01-07,06045,quantile,0.45,12.781503946096253
14364,2020-12-27,11 day ahead inc hosp,2021-01-07,06045,quantile,0.5,13.070555686950684
14365,2020-12-27,11 day ahead inc hosp,2021-01-07,06045,quantile,0.55,13.766006615579782
14366,2020-12-27,11 day ahead inc hosp,2021-01-07,06045,quantile,0.6,14.472661287048105
14367,2020-12-27,11 day ahead inc hosp,2021-01-07,06045,quantile,0.65,15.20304497573726
14368,2020-12-27,11 day ahead inc hosp,2021-01-07,06045,quantile,0.7,15.972759369018382
14369,2020-12-27,11 day ahead inc hosp,2021-01-07,06045,quantile,0.75,16.80340222141971
14370,2020-12-27,11 day ahead inc hosp,2021-01-07,06045,quantile,0.8,17.728362427772005
14371,2020-12-27,11 day ahead inc hosp,2021-01-07,06045,quantile,0.85,18.80651651519924
14372,2020-12-27,11 day ahead inc hosp,2021-01-07,06045,quantile,0.9,20.16308054562467
14373,2020-12-27,11 day ahead inc hosp,2021-01-07,06045,quantile,0.95,22.1737127909536
14374,2020-12-27,11 day ahead inc hosp,2021-01-07,06045,quantile,0.975,23.917636410190042
14375,2020-12-27,11 day ahead inc hosp,2021-01-07,06045,quantile,0.99,25.945324498571964
14376,2020-12-27,12 day ahead inc hosp,2021-01-08,06045,point,NA,12.76351261138916
14377,2020-12-27,12 day ahead inc hosp,2021-01-08,06045,quantile,0.01,8.102111162378089
14378,2020-12-27,12 day ahead inc hosp,2021-01-08,06045,quantile,0.025,8.836250029772302
14379,2020-12-27,12 day ahead inc hosp,2021-01-08,06045,quantile,0.05,9.467649956607158
14380,2020-12-27,12 day ahead inc hosp,2021-01-08,06045,quantile,0.1,10.195613634940923
14381,2020-12-27,12 day ahead inc hosp,2021-01-08,06045,quantile,0.15,10.686767272697397
14382,2020-12-27,12 day ahead inc hosp,2021-01-08,06045,quantile,0.2,11.07712061409908
14383,2020-12-27,12 day ahead inc hosp,2021-01-08,06045,quantile,0.25,11.412009023301142
14384,2020-12-27,12 day ahead inc hosp,2021-01-08,06045,quantile,0.3,11.712749164925995
14385,2020-12-27,12 day ahead inc hosp,2021-01-08,06045,quantile,0.35,11.991429725382092
14386,2020-12-27,12 day ahead inc hosp,2021-01-08,06045,quantile,0.4,12.255870325023505
14387,2020-12-27,12 day ahead inc hosp,2021-01-08,06045,quantile,0.45,12.511719665522698
14388,2020-12-27,12 day ahead inc hosp,2021-01-08,06045,quantile,0.5,12.76351261138916
14389,2020-12-27,12 day ahead inc hosp,2021-01-08,06045,quantile,0.55,13.435556331481722
14390,2020-12-27,12 day ahead inc hosp,2021-01-08,06045,quantile,0.6,14.118426703328817
14391,2020-12-27,12 day ahead inc hosp,2021-01-08,06045,quantile,0.65,14.82422743064853
14392,2020-12-27,12 day ahead inc hosp,2021-01-08,06045,quantile,0.7,15.568035085473468
14393,2020-12-27,12 day ahead inc hosp,2021-01-08,06045,quantile,0.75,16.370720493768903
14394,2020-12-27,12 day ahead inc hosp,2021-01-08,06045,quantile,0.8,17.26454876032961
14395,2020-12-27,12 day ahead inc hosp,2021-01-08,06045,quantile,0.85,18.306414769734324
14396,2020-12-27,12 day ahead inc hosp,2021-01-08,06045,quantile,0.9,19.61732011189554
14397,2020-12-27,12 day ahead inc hosp,2021-01-08,06045,quantile,0.95,21.560279303211203
14398,2020-12-27,12 day ahead inc hosp,2021-01-08,06045,quantile,0.975,23.24550664044292
14399,2020-12-27,12 day ahead inc hosp,2021-01-08,06045,quantile,0.99,25.204947616084098
14400,2020-12-27,13 day ahead inc hosp,2021-01-09,06045,point,NA,12.325188636779785
14401,2020-12-27,13 day ahead inc hosp,2021-01-09,06045,quantile,0.01,3.685789917449428
14402,2020-12-27,13 day ahead inc hosp,2021-01-09,06045,quantile,0.025,5.046436165182882
14403,2020-12-27,13 day ahead inc hosp,2021-01-09,06045,quantile,0.05,6.216667002185693
14404,2020-12-27,13 day ahead inc hosp,2021-01-09,06045,quantile,0.1,7.565868211116112
14405,2020-12-27,13 day ahead inc hosp,2021-01-09,06045,quantile,0.15,8.476167861434355
14406,2020-12-27,13 day ahead inc hosp,2021-01-09,06045,quantile,0.2,9.199645166421138
14407,2020-12-27,13 day ahead inc hosp,2021-01-09,06045,quantile,0.25,9.820324274459061
14408,2020-12-27,13 day ahead inc hosp,2021-01-09,06045,quantile,0.3,10.377713296371391
14409,2020-12-27,13 day ahead inc hosp,2021-01-09,06045,quantile,0.35,10.89421729274301
14410,2020-12-27,13 day ahead inc hosp,2021-01-09,06045,quantile,0.4,11.384329076263747
14411,2020-12-27,13 day ahead inc hosp,2021-01-09,06045,quantile,0.45,11.858517898837523
14412,2020-12-27,13 day ahead inc hosp,2021-01-09,06045,quantile,0.5,12.325188636779785
14413,2020-12-27,13 day ahead inc hosp,2021-01-09,06045,quantile,0.55,13.00348632706333
14414,2020-12-27,13 day ahead inc hosp,2021-01-09,06045,quantile,0.6,13.692711420816385
14415,2020-12-27,13 day ahead inc hosp,2021-01-09,06045,quantile,0.65,14.405080257587107
14416,2020-12-27,13 day ahead inc hosp,2021-01-09,06045,quantile,0.7,15.155809710446938
14417,2020-12-27,13 day ahead inc hosp,2021-01-09,06045,quantile,0.75,15.965964827135041
14418,2020-12-27,13 day ahead inc hosp,2021-01-09,06045,quantile,0.8,16.868110968214623
14419,2020-12-27,13 day ahead inc hosp,2021-01-09,06045,quantile,0.85,17.919672476246895
14420,2020-12-27,13 day ahead inc hosp,2021-01-09,06045,quantile,0.9,19.24277696957635
14421,2020-12-27,13 day ahead inc hosp,2021-01-09,06045,quantile,0.95,21.20381714059837
14422,2020-12-27,13 day ahead inc hosp,2021-01-09,06045,quantile,0.975,22.904727031236916
14423,2020-12-27,13 day ahead inc hosp,2021-01-09,06045,quantile,0.99,24.882402364385314
14424,2020-12-27,14 day ahead inc hosp,2021-01-10,06045,point,NA,12.600381851196289
14425,2020-12-27,14 day ahead inc hosp,2021-01-10,06045,quantile,0.01,3.828949995637508
14426,2020-12-27,14 day ahead inc hosp,2021-01-10,06045,quantile,0.025,5.210390559876314
14427,2020-12-27,14 day ahead inc hosp,2021-01-10,06045,quantile,0.05,6.398505656251827
14428,2020-12-27,14 day ahead inc hosp,2021-01-10,06045,quantile,0.1,7.76832627086145
14429,2020-12-27,14 day ahead inc hosp,2021-01-10,06045,quantile,0.15,8.692537736300604
14430,2020-12-27,14 day ahead inc hosp,2021-01-10,06045,quantile,0.2,9.427071710931973
14431,2020-12-27,14 day ahead inc hosp,2021-01-10,06045,quantile,0.25,10.057236457020418
14432,2020-12-27,14 day ahead inc hosp,2021-01-10,06045,quantile,0.3,10.623143875068084
14433,2020-12-27,14 day ahead inc hosp,2021-01-10,06045,quantile,0.35,11.147541434953894
14434,2020-12-27,14 day ahead inc hosp,2021-01-10,06045,quantile,0.4,11.64514343833634
14435,2020-12-27,14 day ahead inc hosp,2021-01-10,06045,quantile,0.45,12.126579135309926
14436,2020-12-27,14 day ahead inc hosp,2021-01-10,06045,quantile,0.5,12.600381851196289
14437,2020-12-27,14 day ahead inc hosp,2021-01-10,06045,quantile,0.55,13.280896761222454
14438,2020-12-27,14 day ahead inc hosp,2021-01-10,06045,quantile,0.6,13.972374794218664
14439,2020-12-27,14 day ahead inc hosp,2021-01-10,06045,quantile,0.65,14.687072222508334
14440,2020-12-27,14 day ahead inc hosp,2021-01-10,06045,quantile,0.7,15.440255660083272
14441,2020-12-27,14 day ahead inc hosp,2021-01-10,06045,quantile,0.75,16.253059012118534
14442,2020-12-27,14 day ahead inc hosp,2021-01-10,06045,quantile,0.8,17.15815408884007
14443,2020-12-27,14 day ahead inc hosp,2021-01-10,06045,quantile,0.85,18.213152941521436
14444,2020-12-27,14 day ahead inc hosp,2021-01-10,06045,quantile,0.9,19.54058239931146
14445,2020-12-27,14 day ahead inc hosp,2021-01-10,06045,quantile,0.95,21.50803281917488
14446,2020-12-27,14 day ahead inc hosp,2021-01-10,06045,quantile,0.975,23.21450264469743
14447,2020-12-27,14 day ahead inc hosp,2021-01-10,06045,quantile,0.99,25.198642603711377
14448,2020-12-27,15 day ahead inc hosp,2021-01-11,06045,point,NA,11.867426872253418
14449,2020-12-27,15 day ahead inc hosp,2021-01-11,06045,quantile,0.01,7.563649416495575
14450,2020-12-27,15 day ahead inc hosp,2021-01-11,06045,quantile,0.025,8.241464949323609
14451,2020-12-27,15 day ahead inc hosp,2021-01-11,06045,quantile,0.05,8.824423701193288
14452,2020-12-27,15 day ahead inc hosp,2021-01-11,06045,quantile,0.1,9.496537807153436
14453,2020-12-27,15 day ahead inc hosp,2021-01-11,06045,quantile,0.15,9.95001000357587
14454,2020-12-27,15 day ahead inc hosp,2021-01-11,06045,quantile,0.2,10.310415329931255
14455,2020-12-27,15 day ahead inc hosp,2021-01-11,06045,quantile,0.25,10.619611008845418
14456,2020-12-27,15 day ahead inc hosp,2021-01-11,06045,quantile,0.3,10.897278284604528
14457,2020-12-27,15 day ahead inc hosp,2021-01-11,06045,quantile,0.35,11.154578396291617
14458,2020-12-27,15 day ahead inc hosp,2021-01-11,06045,quantile,0.4,11.398731040849885
14459,2020-12-27,15 day ahead inc hosp,2021-01-11,06045,quantile,0.45,11.634951550015545
14460,2020-12-27,15 day ahead inc hosp,2021-01-11,06045,quantile,0.5,11.867426872253418
14461,2020-12-27,15 day ahead inc hosp,2021-01-11,06045,quantile,0.55,12.452482751667786
14462,2020-12-27,15 day ahead inc hosp,2021-01-11,06045,quantile,0.6,13.04696390517368
14463,2020-12-27,15 day ahead inc hosp,2021-01-11,06045,quantile,0.65,13.661407360067448
14464,2020-12-27,15 day ahead inc hosp,2021-01-11,06045,quantile,0.7,14.308938210513913
14465,2020-12-27,15 day ahead inc hosp,2021-01-11,06045,quantile,0.75,15.007725809300915
14466,2020-12-27,15 day ahead inc hosp,2021-01-11,06045,quantile,0.8,15.785858937999848
14467,2020-12-27,15 day ahead inc hosp,2021-01-11,06045,quantile,0.85,16.692868134187645
14468,2020-12-27,15 day ahead inc hosp,2021-01-11,06045,quantile,0.9,17.834092811774827
14469,2020-12-27,15 day ahead inc hosp,2021-01-11,06045,quantile,0.95,19.525559697567385
14470,2020-12-27,15 day ahead inc hosp,2021-01-11,06045,quantile,0.975,20.992654965805944
14471,2020-12-27,15 day ahead inc hosp,2021-01-11,06045,quantile,0.99,22.698470270510228
14472,2020-12-27,16 day ahead inc hosp,2021-01-12,06045,point,NA,12.321952819824219
14473,2020-12-27,16 day ahead inc hosp,2021-01-12,06045,quantile,0.01,7.784264284077644
14474,2020-12-27,16 day ahead inc hosp,2021-01-12,06045,quantile,0.025,8.49891921321434
14475,2020-12-27,16 day ahead inc hosp,2021-01-12,06045,quantile,0.05,9.113561878260406
14476,2020-12-27,16 day ahead inc hosp,2021-01-12,06045,quantile,0.1,9.822205506951907
14477,2020-12-27,16 day ahead inc hosp,2021-01-12,06045,quantile,0.15,10.300323998936888
14478,2020-12-27,16 day ahead inc hosp,2021-01-12,06045,quantile,0.2,10.680317419701916
14479,2020-12-27,16 day ahead inc hosp,2021-01-12,06045,quantile,0.25,11.006317939462555
14480,2020-12-27,16 day ahead inc hosp,2021-01-12,06045,quantile,0.3,11.299076481677242
14481,2020-12-27,16 day ahead inc hosp,2021-01-12,06045,quantile,0.35,11.570360900783719
14482,2020-12-27,16 day ahead inc hosp,2021-01-12,06045,quantile,0.4,11.827783285554581
14483,2020-12-27,16 day ahead inc hosp,2021-01-12,06045,quantile,0.45,12.07684242194538
14484,2020-12-27,16 day ahead inc hosp,2021-01-12,06045,quantile,0.5,12.321952819824219
14485,2020-12-27,16 day ahead inc hosp,2021-01-12,06045,quantile,0.55,12.827816630259289
14486,2020-12-27,16 day ahead inc hosp,2021-01-12,06045,quantile,0.6,13.341829927323067
14487,2020-12-27,16 day ahead inc hosp,2021-01-12,06045,quantile,0.65,13.873103466015785
14488,2020-12-27,16 day ahead inc hosp,2021-01-12,06045,quantile,0.7,14.432985752318071
14489,2020-12-27,16 day ahead inc hosp,2021-01-12,06045,quantile,0.75,15.037186769426052
14490,2020-12-27,16 day ahead inc hosp,2021-01-12,06045,quantile,0.8,15.70999325400223
14491,2020-12-27,16 day ahead inc hosp,2021-01-12,06045,quantile,0.85,16.494231382747273
14492,2020-12-27,16 day ahead inc hosp,2021-01-12,06045,quantile,0.9,17.48098202363419
14493,2020-12-27,16 day ahead inc hosp,2021-01-12,06045,quantile,0.95,18.943495117132642
14494,2020-12-27,16 day ahead inc hosp,2021-01-12,06045,quantile,0.975,20.212007115346047
14495,2020-12-27,16 day ahead inc hosp,2021-01-12,06045,quantile,0.99,21.68692645262359
14496,2020-12-27,17 day ahead inc hosp,2021-01-13,06045,point,NA,12.375516891479492
14497,2020-12-27,17 day ahead inc hosp,2021-01-13,06045,quantile,0.01,7.815947350730694
14498,2020-12-27,17 day ahead inc hosp,2021-01-13,06045,quantile,0.025,8.534048388597885
14499,2020-12-27,17 day ahead inc hosp,2021-01-13,06045,quantile,0.05,9.151654897266646
14500,2020-12-27,17 day ahead inc hosp,2021-01-13,06045,quantile,0.1,9.863715647839044
14501,2020-12-27,17 day ahead inc hosp,2021-01-13,06045,quantile,0.15,10.344139655734244
14502,2020-12-27,17 day ahead inc hosp,2021-01-13,06045,quantile,0.2,10.725965427458371
14503,2020-12-27,17 day ahead inc hosp,2021-01-13,06045,quantile,0.25,11.053537941186296
14504,2020-12-27,17 day ahead inc hosp,2021-01-13,06045,quantile,0.3,11.347708182568118
14505,2020-12-27,17 day ahead inc hosp,2021-01-13,06045,quantile,0.35,11.620300751338183
14506,2020-12-27,17 day ahead inc hosp,2021-01-13,06045,quantile,0.4,11.878964442215553
14507,2020-12-27,17 day ahead inc hosp,2021-01-13,06045,quantile,0.45,12.129224556629916
14508,2020-12-27,17 day ahead inc hosp,2021-01-13,06045,quantile,0.5,12.375516891479492
14509,2020-12-27,17 day ahead inc hosp,2021-01-13,06045,quantile,0.55,12.93756151371422
14510,2020-12-27,17 day ahead inc hosp,2021-01-13,06045,quantile,0.6,13.508660697748299
14511,2020-12-27,17 day ahead inc hosp,2021-01-13,06045,quantile,0.65,14.098937031414161
14512,2020-12-27,17 day ahead inc hosp,2021-01-13,06045,quantile,0.7,14.720999376277383
14513,2020-12-27,17 day ahead inc hosp,2021-01-13,06045,quantile,0.75,15.392302453131666
14514,2020-12-27,17 day ahead inc hosp,2021-01-13,06045,quantile,0.8,16.13983026330545
14515,2020-12-27,17 day ahead inc hosp,2021-01-13,06045,quantile,0.85,17.01116522287389
14516,2020-12-27,17 day ahead inc hosp,2021-01-13,06045,quantile,0.9,18.10750356484814
14517,2020-12-27,17 day ahead inc hosp,2021-01-13,06045,quantile,0.95,19.73244213960351
14518,2020-12-27,17 day ahead inc hosp,2021-01-13,06045,quantile,0.975,21.141834019649025
14519,2020-12-27,17 day ahead inc hosp,2021-01-13,06045,quantile,0.99,22.780556665243886
14520,2020-12-27,18 day ahead inc hosp,2021-01-14,06045,point,NA,12.550848960876465
14521,2020-12-27,18 day ahead inc hosp,2021-01-14,06045,quantile,0.01,7.509241442892895
14522,2020-12-27,18 day ahead inc hosp,2021-01-14,06045,quantile,0.025,8.303260167429876
14523,2020-12-27,18 day ahead inc hosp,2021-01-14,06045,quantile,0.05,8.986160074851544
14524,2020-12-27,18 day ahead inc hosp,2021-01-14,06045,quantile,0.1,9.773499932542862
14525,2020-12-27,18 day ahead inc hosp,2021-01-14,06045,quantile,0.15,10.304714396622835
14526,2020-12-27,18 day ahead inc hosp,2021-01-14,06045,quantile,0.2,10.726906812832393
14527,2020-12-27,18 day ahead inc hosp,2021-01-14,06045,quantile,0.25,11.089110313214638
14528,2020-12-27,18 day ahead inc hosp,2021-01-14,06045,quantile,0.3,11.414380250927678
14529,2020-12-27,18 day ahead inc hosp,2021-01-14,06045,quantile,0.35,11.715791323129883
14530,2020-12-27,18 day ahead inc hosp,2021-01-14,06045,quantile,0.4,12.00180095559676
14531,2020-12-27,18 day ahead inc hosp,2021-01-14,06045,quantile,0.45,12.278518584970973
14532,2020-12-27,18 day ahead inc hosp,2021-01-14,06045,quantile,0.5,12.550848960876465
14533,2020-12-27,18 day ahead inc hosp,2021-01-14,06045,quantile,0.55,13.23550667975016
14534,2020-12-27,18 day ahead inc hosp,2021-01-14,06045,quantile,0.6,13.931194262413484
14535,2020-12-27,18 day ahead inc hosp,2021-01-14,06045,quantile,0.65,14.650242594387413
14536,2020-12-27,18 day ahead inc hosp,2021-01-14,06045,quantile,0.7,15.40801122908739
14537,2020-12-27,18 day ahead inc hosp,2021-01-14,06045,quantile,0.75,16.22576272975026
14538,2020-12-27,18 day ahead inc hosp,2021-01-14,06045,quantile,0.8,17.136367804616512
14539,2020-12-27,18 day ahead inc hosp,2021-01-14,06045,quantile,0.85,18.197789233080755
14540,2020-12-27,18 day ahead inc hosp,2021-01-14,06045,quantile,0.9,19.533299757752904
14541,2020-12-27,18 day ahead inc hosp,2021-01-14,06045,quantile,0.95,21.512727536064165
14542,2020-12-27,18 day ahead inc hosp,2021-01-14,06045,quantile,0.975,23.229585933809098
14543,2020-12-27,18 day ahead inc hosp,2021-01-14,06045,quantile,0.99,25.225804853115953
14544,2020-12-27,19 day ahead inc hosp,2021-01-15,06045,point,NA,12.262717247009277
14545,2020-12-27,19 day ahead inc hosp,2021-01-15,06045,quantile,0.01,7.819256997325626
14546,2020-12-27,19 day ahead inc hosp,2021-01-15,06045,quantile,0.025,8.5190716154607
14547,2020-12-27,19 day ahead inc hosp,2021-01-15,06045,quantile,0.05,9.120950794337059
14548,2020-12-27,19 day ahead inc hosp,2021-01-15,06045,quantile,0.1,9.81487894089818
14549,2020-12-27,19 day ahead inc hosp,2021-01-15,06045,quantile,0.15,10.283068966951701
14550,2020-12-27,19 day ahead inc hosp,2021-01-15,06045,quantile,0.2,10.655171557733182
14551,2020-12-27,19 day ahead inc hosp,2021-01-15,06045,quantile,0.25,10.97440244798076
14552,2020-12-27,19 day ahead inc hosp,2021-01-15,06045,quantile,0.3,11.261081653668521
14553,2020-12-27,19 day ahead inc hosp,2021-01-15,06045,quantile,0.35,11.526732661480548
14554,2020-12-27,19 day ahead inc hosp,2021-01-15,06045,quantile,0.4,11.778809489825466
14555,2020-12-27,19 day ahead inc hosp,2021-01-15,06045,quantile,0.45,12.022696738510543
14556,2020-12-27,19 day ahead inc hosp,2021-01-15,06045,quantile,0.5,12.262717247009277
14557,2020-12-27,19 day ahead inc hosp,2021-01-15,06045,quantile,0.55,12.917498194997144
14558,2020-12-27,19 day ahead inc hosp,2021-01-15,06045,quantile,0.6,13.5828276907765
14559,2020-12-27,19 day ahead inc hosp,2021-01-15,06045,quantile,0.65,14.270498530496981
14560,2020-12-27,19 day ahead inc hosp,2021-01-15,06045,quantile,0.7,14.995200014620403
14561,2020-12-27,19 day ahead inc hosp,2021-01-15,06045,quantile,0.75,15.777266860669231
14562,2020-12-27,19 day ahead inc hosp,2021-01-15,06045,quantile,0.8,16.648135380408338
14563,2020-12-27,19 day ahead inc hosp,2021-01-15,06045,quantile,0.85,17.66323900078053
14564,2020-12-27,19 day ahead inc hosp,2021-01-15,06045,quantile,0.9,18.94047114654696
14565,2020-12-27,19 day ahead inc hosp,2021-01-15,06045,quantile,0.95,20.833521588289326
14566,2020-12-27,19 day ahead inc hosp,2021-01-15,06045,quantile,0.975,22.475460528356606
14567,2020-12-27,19 day ahead inc hosp,2021-01-15,06045,quantile,0.99,24.384569387196755
14568,2020-12-27,20 day ahead inc hosp,2021-01-16,06045,point,NA,12.140357971191406
14569,2020-12-27,20 day ahead inc hosp,2021-01-16,06045,quantile,0.01,3.963327037288332
14570,2020-12-27,20 day ahead inc hosp,2021-01-16,06045,quantile,0.025,5.251153519115296
14571,2020-12-27,20 day ahead inc hosp,2021-01-16,06045,quantile,0.05,6.358755340127323
14572,2020-12-27,20 day ahead inc hosp,2021-01-16,06045,quantile,0.1,7.635749304626115
14573,2020-12-27,20 day ahead inc hosp,2021-01-16,06045,quantile,0.15,8.497331069931002
14574,2020-12-27,20 day ahead inc hosp,2021-01-16,06045,quantile,0.2,9.182088944297552
14575,2020-12-27,20 day ahead inc hosp,2021-01-16,06045,quantile,0.25,9.769550228506791
14576,2020-12-27,20 day ahead inc hosp,2021-01-16,06045,quantile,0.3,10.297108617980959
14577,2020-12-27,20 day ahead inc hosp,2021-01-16,06045,quantile,0.35,10.78597008774568
14578,2020-12-27,20 day ahead inc hosp,2021-01-16,06045,quantile,0.4,11.249851816685041
14579,2020-12-27,20 day ahead inc hosp,2021-01-16,06045,quantile,0.45,11.698662757893386
14580,2020-12-27,20 day ahead inc hosp,2021-01-16,06045,quantile,0.5,12.140357971191406
14581,2020-12-27,20 day ahead inc hosp,2021-01-16,06045,quantile,0.55,12.806730143488421
14582,2020-12-27,20 day ahead inc hosp,2021-01-16,06045,quantile,0.6,13.483837598673547
14583,2020-12-27,20 day ahead inc hosp,2021-01-16,06045,quantile,0.65,14.183681894232281
14584,2020-12-27,20 day ahead inc hosp,2021-01-16,06045,quantile,0.7,14.9212123671732
14585,2020-12-27,20 day ahead inc hosp,2021-01-16,06045,quantile,0.75,15.717123709255638
14586,2020-12-27,20 day ahead inc hosp,2021-01-16,06045,quantile,0.8,16.603408731852827
14587,2020-12-27,20 day ahead inc hosp,2021-01-16,06045,quantile,0.85,17.636482169149165
14588,2020-12-27,20 day ahead inc hosp,2021-01-16,06045,quantile,0.9,18.936324447879805
14589,2020-12-27,20 day ahead inc hosp,2021-01-16,06045,quantile,0.95,20.8628865126561
14590,2020-12-27,20 day ahead inc hosp,2021-01-16,06045,quantile,0.975,22.53389178798364
14591,2020-12-27,20 day ahead inc hosp,2021-01-16,06045,quantile,0.99,24.476796543117658
14592,2020-12-27,21 day ahead inc hosp,2021-01-17,06045,point,NA,14.018016815185547
14593,2020-12-27,21 day ahead inc hosp,2021-01-17,06045,quantile,0.01,5.626086075370337
14594,2020-12-27,21 day ahead inc hosp,2021-01-17,06045,quantile,0.025,6.947757807781553
14595,2020-12-27,21 day ahead inc hosp,2021-01-17,06045,quantile,0.05,8.084468411466338
14596,2020-12-27,21 day ahead inc hosp,2021-01-17,06045,quantile,0.1,9.395022938147175
14597,2020-12-27,21 day ahead inc hosp,2021-01-17,06045,quantile,0.15,10.279247855427162
14598,2020-12-27,21 day ahead inc hosp,2021-01-17,06045,quantile,0.2,10.982001789180995
14599,2020-12-27,21 day ahead inc hosp,2021-01-17,06045,quantile,0.25,11.584902089945013
14600,2020-12-27,21 day ahead inc hosp,2021-01-17,06045,quantile,0.3,12.126325193448237
14601,2020-12-27,21 day ahead inc hosp,2021-01-17,06045,quantile,0.35,12.628034387016323
14602,2020-12-27,21 day ahead inc hosp,2021-01-17,06045,quantile,0.4,13.104107349463428
14603,2020-12-27,21 day ahead inc hosp,2021-01-17,06045,quantile,0.45,13.56471345017851
14604,2020-12-27,21 day ahead inc hosp,2021-01-17,06045,quantile,0.5,14.018016815185547
14605,2020-12-27,21 day ahead inc hosp,2021-01-17,06045,quantile,0.55,14.672115334298763
14606,2020-12-27,21 day ahead inc hosp,2021-01-17,06045,quantile,0.6,15.33675140724645
14607,2020-12-27,21 day ahead inc hosp,2021-01-17,06045,quantile,0.65,16.023705539434857
14608,2020-12-27,21 day ahead inc hosp,2021-01-17,06045,quantile,0.7,16.74765172177409
14609,2020-12-27,21 day ahead inc hosp,2021-01-17,06045,quantile,0.75,17.52890347844182
14610,2020-12-27,21 day ahead inc hosp,2021-01-17,06045,quantile,0.8,18.398864357502433
14611,2020-12-27,21 day ahead inc hosp,2021-01-17,06045,quantile,0.85,19.41291001181218
14612,2020-12-27,21 day ahead inc hosp,2021-01-17,06045,quantile,0.9,20.68881099469341
14613,2020-12-27,21 day ahead inc hosp,2021-01-17,06045,quantile,0.95,22.57988845251407
14614,2020-12-27,21 day ahead inc hosp,2021-01-17,06045,quantile,0.975,24.22011612326822
14615,2020-12-27,21 day ahead inc hosp,2021-01-17,06045,quantile,0.99,26.127235261707785
14616,2020-12-27,22 day ahead inc hosp,2021-01-18,06045,point,NA,11.049640655517578
14617,2020-12-27,22 day ahead inc hosp,2021-01-18,06045,quantile,0.01,6.21178514254274
14618,2020-12-27,22 day ahead inc hosp,2021-01-18,06045,quantile,0.025,6.9737143189421875
14619,2020-12-27,22 day ahead inc hosp,2021-01-18,06045,quantile,0.05,7.629015444653634
14620,2020-12-27,22 day ahead inc hosp,2021-01-18,06045,quantile,0.1,8.38453567456638
14621,2020-12-27,22 day ahead inc hosp,2021-01-18,06045,quantile,0.15,8.894281586848168
14622,2020-12-27,22 day ahead inc hosp,2021-01-18,06045,quantile,0.2,9.299411478655474
14623,2020-12-27,22 day ahead inc hosp,2021-01-18,06045,quantile,0.25,9.646976852376566
14624,2020-12-27,22 day ahead inc hosp,2021-01-18,06045,quantile,0.3,9.959101299937569
14625,2020-12-27,22 day ahead inc hosp,2021-01-18,06045,quantile,0.35,10.248331116444248
14626,2020-12-27,22 day ahead inc hosp,2021-01-18,06045,quantile,0.4,10.522781928463665
14627,2020-12-27,22 day ahead inc hosp,2021-01-18,06045,quantile,0.45,10.788316265285824
14628,2020-12-27,22 day ahead inc hosp,2021-01-18,06045,quantile,0.5,11.049640655517578
14629,2020-12-27,22 day ahead inc hosp,2021-01-18,06045,quantile,0.55,11.728917079073451
14630,2020-12-27,22 day ahead inc hosp,2021-01-18,06045,quantile,0.6,12.419136673531792
14631,2020-12-27,22 day ahead inc hosp,2021-01-18,06045,quantile,0.65,13.1325334057129
14632,2020-12-27,22 day ahead inc hosp,2021-01-18,06045,quantile,0.7,13.884346105507753
14633,2020-12-27,22 day ahead inc hosp,2021-01-18,06045,quantile,0.75,14.695670215957454
14634,2020-12-27,22 day ahead inc hosp,2021-01-18,06045,quantile,0.8,15.59911808702584
14635,2020-12-27,22 day ahead inc hosp,2021-01-18,06045,quantile,0.85,16.6521969203425
14636,2020-12-27,22 day ahead inc hosp,2021-01-18,06045,quantile,0.9,17.97721055534963
14637,2020-12-27,22 day ahead inc hosp,2021-01-18,06045,quantile,0.95,19.941080361930265
14638,2020-12-27,22 day ahead inc hosp,2021-01-18,06045,quantile,0.975,21.6444445394211
14639,2020-12-27,22 day ahead inc hosp,2021-01-18,06045,quantile,0.99,23.624973511433588
14640,2020-12-27,23 day ahead inc hosp,2021-01-19,06045,point,NA,11.38582992553711
14641,2020-12-27,23 day ahead inc hosp,2021-01-19,06045,quantile,0.01,6.76287394115213
14642,2020-12-27,23 day ahead inc hosp,2021-01-19,06045,quantile,0.025,7.490957910643689
14643,2020-12-27,23 day ahead inc hosp,2021-01-19,06045,quantile,0.05,8.117150291246459
14644,2020-12-27,23 day ahead inc hosp,2021-01-19,06045,quantile,0.1,8.839110002286139
14645,2020-12-27,23 day ahead inc hosp,2021-01-19,06045,quantile,0.15,9.326212791813193
14646,2020-12-27,23 day ahead inc hosp,2021-01-19,06045,quantile,0.2,9.713346647456634
14647,2020-12-27,23 day ahead inc hosp,2021-01-19,06045,quantile,0.25,10.045473024546572
14648,2020-12-27,23 day ahead inc hosp,2021-01-19,06045,quantile,0.3,10.34373277597055
14649,2020-12-27,23 day ahead inc hosp,2021-01-19,06045,quantile,0.35,10.620114885253498
14650,2020-12-27,23 day ahead inc hosp,2021-01-19,06045,quantile,0.4,10.882374479497622
14651,2020-12-27,23 day ahead inc hosp,2021-01-19,06045,quantile,0.45,11.13611367203437
14652,2020-12-27,23 day ahead inc hosp,2021-01-19,06045,quantile,0.5,11.38582992553711
14653,2020-12-27,23 day ahead inc hosp,2021-01-19,06045,quantile,0.55,11.940998907585728
14654,2020-12-27,23 day ahead inc hosp,2021-01-19,06045,quantile,0.6,12.505111684589728
14655,2020-12-27,23 day ahead inc hosp,2021-01-19,06045,quantile,0.65,13.08816701209326
14656,2020-12-27,23 day ahead inc hosp,2021-01-19,06045,quantile,0.7,13.702619504130915
14657,2020-12-27,23 day ahead inc hosp,2021-01-19,06045,quantile,0.75,14.365710353290668
14658,2020-12-27,23 day ahead inc hosp,2021-01-19,06045,quantile,0.8,15.104093458491686
14659,2020-12-27,23 day ahead inc hosp,2021-01-19,06045,quantile,0.85,15.964769147556389
14660,2020-12-27,23 day ahead inc hosp,2021-01-19,06045,quantile,0.9,17.04769569327205
14661,2020-12-27,23 day ahead inc hosp,2021-01-19,06045,quantile,0.95,18.6527559656248
14662,2020-12-27,23 day ahead inc hosp,2021-01-19,06045,quantile,0.975,20.044906382866372
14663,2020-12-27,23 day ahead inc hosp,2021-01-19,06045,quantile,0.99,21.663582101882447
14664,2020-12-27,24 day ahead inc hosp,2021-01-20,06045,point,NA,11.901714324951172
14665,2020-12-27,24 day ahead inc hosp,2021-01-20,06045,quantile,0.01,7.26811304762928
14666,2020-12-27,24 day ahead inc hosp,2021-01-20,06045,quantile,0.025,7.997873577997492
14667,2020-12-27,24 day ahead inc hosp,2021-01-20,06045,quantile,0.05,8.625507893446471
14668,2020-12-27,24 day ahead inc hosp,2021-01-20,06045,quantile,0.1,9.349130063016716
14669,2020-12-27,24 day ahead inc hosp,2021-01-20,06045,quantile,0.15,9.837354505421802
14670,2020-12-27,24 day ahead inc hosp,2021-01-20,06045,quantile,0.2,10.225379815215582
14671,2020-12-27,24 day ahead inc hosp,2021-01-20,06045,quantile,0.25,10.558270980589931
14672,2020-12-27,24 day ahead inc hosp,2021-01-20,06045,quantile,0.3,10.857217535530083
14673,2020-12-27,24 day ahead inc hosp,2021-01-20,06045,quantile,0.35,11.134236070624954
14674,2020-12-27,24 day ahead inc hosp,2021-01-20,06045,quantile,0.4,11.397099570728376
14675,2020-12-27,24 day ahead inc hosp,2021-01-20,06045,quantile,0.45,11.651423049172939
14676,2020-12-27,24 day ahead inc hosp,2021-01-20,06045,quantile,0.5,11.901714324951172
14677,2020-12-27,24 day ahead inc hosp,2021-01-20,06045,quantile,0.55,12.49127367169024
14678,2020-12-27,24 day ahead inc hosp,2021-01-20,06045,quantile,0.6,13.09033084356321
14679,2020-12-27,24 day ahead inc hosp,2021-01-20,06045,quantile,0.65,13.709503976628508
14680,2020-12-27,24 day ahead inc hosp,2021-01-20,06045,quantile,0.7,14.362019195456401
14681,2020-12-27,24 day ahead inc hosp,2021-01-20,06045,quantile,0.75,15.06618571141828
14682,2020-12-27,24 day ahead inc hosp,2021-01-20,06045,quantile,0.8,15.850308519466939
14683,2020-12-27,24 day ahead inc hosp,2021-01-20,06045,quantile,0.85,16.76429941846631
14684,2020-12-27,24 day ahead inc hosp,2021-01-20,06045,quantile,0.9,17.914308672410204
14685,2020-12-27,24 day ahead inc hosp,2021-01-20,06045,quantile,0.95,19.618795623668312
14686,2020-12-27,24 day ahead inc hosp,2021-01-20,06045,quantile,0.975,21.097183856964076
14687,2020-12-27,24 day ahead inc hosp,2021-01-20,06045,quantile,0.99,22.81612967408096
14688,2020-12-27,25 day ahead inc hosp,2021-01-21,06045,point,NA,12.705769538879395
14689,2020-12-27,25 day ahead inc hosp,2021-01-21,06045,quantile,0.01,7.378686468630462
14690,2020-12-27,25 day ahead inc hosp,2021-01-21,06045,quantile,0.025,8.21766564141489
14691,2020-12-27,25 day ahead inc hosp,2021-01-21,06045,quantile,0.05,8.939234014701416
14692,2020-12-27,25 day ahead inc hosp,2021-01-21,06045,quantile,0.1,9.771156137055982
14693,2020-12-27,25 day ahead inc hosp,2021-01-21,06045,quantile,0.15,10.33245004344947
14694,2020-12-27,25 day ahead inc hosp,2021-01-21,06045,quantile,0.2,10.778548646872085
14695,2020-12-27,25 day ahead inc hosp,2021-01-21,06045,quantile,0.25,11.161261527235862
14696,2020-12-27,25 day ahead inc hosp,2021-01-21,06045,quantile,0.3,11.504949522041354
14697,2020-12-27,25 day ahead inc hosp,2021-01-21,06045,quantile,0.35,11.823427668978926
14698,2020-12-27,25 day ahead inc hosp,2021-01-21,06045,quantile,0.4,12.12563228637679
14699,2020-12-27,25 day ahead inc hosp,2021-01-21,06045,quantile,0.45,12.418018751094767
14700,2020-12-27,25 day ahead inc hosp,2021-01-21,06045,quantile,0.5,12.705769538879395
14701,2020-12-27,25 day ahead inc hosp,2021-01-21,06045,quantile,0.55,13.42069656455584
14702,2020-12-27,25 day ahead inc hosp,2021-01-21,06045,quantile,0.6,14.147141093789697
14703,2020-12-27,25 day ahead inc hosp,2021-01-21,06045,quantile,0.65,14.897979171159806
14704,2020-12-27,25 day ahead inc hosp,2021-01-21,06045,quantile,0.7,15.68924940915284
14705,2020-12-27,25 day ahead inc hosp,2021-01-21,06045,quantile,0.75,16.543154407219777
14706,2020-12-27,25 day ahead inc hosp,2021-01-21,06045,quantile,0.8,17.494018115893027
14707,2020-12-27,25 day ahead inc hosp,2021-01-21,06045,quantile,0.85,18.602365898913018
14708,2020-12-27,25 day ahead inc hosp,2021-01-21,06045,quantile,0.9,19.996920492899257
14709,2020-12-27,25 day ahead inc hosp,2021-01-21,06045,quantile,0.95,22.063860476307916
14710,2020-12-27,25 day ahead inc hosp,2021-01-21,06045,quantile,0.975,23.85662266093151
14711,2020-12-27,25 day ahead inc hosp,2021-01-21,06045,quantile,0.99,25.941096136125587
14712,2020-12-27,26 day ahead inc hosp,2021-01-22,06045,point,NA,11.42739200592041
14713,2020-12-27,26 day ahead inc hosp,2021-01-22,06045,quantile,0.01,6.966826518172131
14714,2020-12-27,26 day ahead inc hosp,2021-01-22,06045,quantile,0.025,7.669335094387545
14715,2020-12-27,26 day ahead inc hosp,2021-01-22,06045,quantile,0.05,8.273531225832919
14716,2020-12-27,26 day ahead inc hosp,2021-01-22,06045,quantile,0.1,8.970130670319463
14717,2020-12-27,26 day ahead inc hosp,2021-01-22,06045,quantile,0.15,9.440123008401251
14718,2020-12-27,26 day ahead inc hosp,2021-01-22,06045,quantile,0.2,9.813658019648344
14719,2020-12-27,26 day ahead inc hosp,2021-01-22,06045,quantile,0.25,10.13411779911028
14720,2020-12-27,26 day ahead inc hosp,2021-01-22,06045,quantile,0.3,10.421900585292953
14721,2020-12-27,26 day ahead inc hosp,2021-01-22,06045,quantile,0.35,10.688574224899886
14722,2020-12-27,26 day ahead inc hosp,2021-01-22,06045,quantile,0.4,10.941621430814791
14723,2020-12-27,26 day ahead inc hosp,2021-01-22,06045,quantile,0.45,11.186447531028918
14724,2020-12-27,26 day ahead inc hosp,2021-01-22,06045,quantile,0.5,11.42739200592041
14725,2020-12-27,26 day ahead inc hosp,2021-01-22,06045,quantile,0.55,12.086419424354993
14726,2020-12-27,26 day ahead inc hosp,2021-01-22,06045,quantile,0.6,12.756063801393248
14727,2020-12-27,26 day ahead inc hosp,2021-01-22,06045,quantile,0.65,13.448194413358042
14728,2020-12-27,26 day ahead inc hosp,2021-01-22,06045,quantile,0.7,14.177595825670391
14729,2020-12-27,26 day ahead inc hosp,2021-01-22,06045,quantile,0.75,14.96473463320391
14730,2020-12-27,26 day ahead inc hosp,2021-01-22,06045,quantile,0.8,15.841251022575467
14731,2020-12-27,26 day ahead inc hosp,2021-01-22,06045,quantile,0.85,16.86293792478796
14732,2020-12-27,26 day ahead inc hosp,2021-01-22,06045,quantile,0.9,18.148453342352788
14733,2020-12-27,26 day ahead inc hosp,2021-01-22,06045,quantile,0.95,20.053780840688972
14734,2020-12-27,26 day ahead inc hosp,2021-01-22,06045,quantile,0.975,21.706368296425097
14735,2020-12-27,26 day ahead inc hosp,2021-01-22,06045,quantile,0.99,23.627858355991293
14736,2020-12-27,27 day ahead inc hosp,2021-01-23,06045,point,NA,11.525768280029297
14737,2020-12-27,27 day ahead inc hosp,2021-01-23,06045,quantile,0.01,3.035963298171337
14738,2020-12-27,27 day ahead inc hosp,2021-01-23,06045,quantile,0.025,4.373049554730774
14739,2020-12-27,27 day ahead inc hosp,2021-01-23,06045,quantile,0.05,5.523017499569456
14740,2020-12-27,27 day ahead inc hosp,2021-01-23,06045,quantile,0.1,6.848856891549052
14741,2020-12-27,27 day ahead inc hosp,2021-01-23,06045,quantile,0.15,7.743394434881049
14742,2020-12-27,27 day ahead inc hosp,2021-01-23,06045,quantile,0.2,8.454344516904122
14743,2020-12-27,27 day ahead inc hosp,2021-01-23,06045,quantile,0.25,9.064276383084268
14744,2020-12-27,27 day ahead inc hosp,2021-01-23,06045,quantile,0.3,9.612014049650838
14745,2020-12-27,27 day ahead inc hosp,2021-01-23,06045,quantile,0.35,10.119574626955135
14746,2020-12-27,27 day ahead inc hosp,2021-01-23,06045,quantile,0.4,10.60119998035984
14747,2020-12-27,27 day ahead inc hosp,2021-01-23,06045,quantile,0.45,11.067178083583698
14748,2020-12-27,27 day ahead inc hosp,2021-01-23,06045,quantile,0.5,11.525768280029297
14749,2020-12-27,27 day ahead inc hosp,2021-01-23,06045,quantile,0.55,12.210685991780954
14750,2020-12-27,27 day ahead inc hosp,2021-01-23,06045,quantile,0.6,12.906637755818116
14751,2020-12-27,27 day ahead inc hosp,2021-01-23,06045,quantile,0.65,13.625959140209433
14752,2020-12-27,27 day ahead inc hosp,2021-01-23,06045,quantile,0.7,14.384015531028613
14753,2020-12-27,27 day ahead inc hosp,2021-01-23,06045,quantile,0.75,15.202077565787944
14754,2020-12-27,27 day ahead inc hosp,2021-01-23,06045,quantile,0.8,16.113028435096552
14755,2020-12-27,27 day ahead inc hosp,2021-01-23,06045,quantile,0.85,17.174852929215806
14756,2020-12-27,27 day ahead inc hosp,2021-01-23,06045,quantile,0.9,18.510870602518995
14757,2020-12-27,27 day ahead inc hosp,2021-01-23,06045,quantile,0.95,20.491050051498117
14758,2020-12-27,27 day ahead inc hosp,2021-01-23,06045,quantile,0.975,22.20856041144778
14759,2020-12-27,27 day ahead inc hosp,2021-01-23,06045,quantile,0.99,24.20553737771382
14760,2020-12-27,28 day ahead inc hosp,2021-01-24,06045,point,NA,11.232139587402344
14761,2020-12-27,28 day ahead inc hosp,2021-01-24,06045,quantile,0.01,2.8565314821851846
14762,2020-12-27,28 day ahead inc hosp,2021-01-24,06045,quantile,0.025,4.175632511212927
14763,2020-12-27,28 day ahead inc hosp,2021-01-24,06045,quantile,0.05,5.310132168167701
14764,2020-12-27,28 day ahead inc hosp,2021-01-24,06045,quantile,0.1,6.618137614866463
14765,2020-12-27,28 day ahead inc hosp,2021-01-24,06045,quantile,0.15,7.500642679984326
14766,2020-12-27,28 day ahead inc hosp,2021-01-24,06045,quantile,0.2,8.202029729760127
14767,2020-12-27,28 day ahead inc hosp,2021-01-24,06045,quantile,0.25,8.803757365780651
14768,2020-12-27,28 day ahead inc hosp,2021-01-24,06045,quantile,0.3,9.344127380101488
14769,2020-12-27,28 day ahead inc hosp,2021-01-24,06045,quantile,0.35,9.844860729600434
14770,2020-12-27,28 day ahead inc hosp,2021-01-24,06045,quantile,0.4,10.320007711453924
14771,2020-12-27,28 day ahead inc hosp,2021-01-24,06045,quantile,0.45,10.779717915228398
14772,2020-12-27,28 day ahead inc hosp,2021-01-24,06045,quantile,0.5,11.232139587402344
14773,2020-12-27,28 day ahead inc hosp,2021-01-24,06045,quantile,0.55,11.87867092961487
14774,2020-12-27,28 day ahead inc hosp,2021-01-24,06045,quantile,0.6,12.535617918133209
14775,2020-12-27,28 day ahead inc hosp,2021-01-24,06045,quantile,0.65,13.214624771297078
14776,2020-12-27,28 day ahead inc hosp,2021-01-24,06045,quantile,0.7,13.930195718609381
14777,2020-12-27,28 day ahead inc hosp,2021-01-24,06045,quantile,0.75,14.702409279846407
14778,2020-12-27,28 day ahead inc hosp,2021-01-24,06045,quantile,0.8,15.562305699691528
14779,2020-12-27,28 day ahead inc hosp,2021-01-24,06045,quantile,0.85,16.564619997596523
14780,2020-12-27,28 day ahead inc hosp,2021-01-24,06045,quantile,0.9,17.825760255352865
14781,2020-12-27,28 day ahead inc hosp,2021-01-24,06045,quantile,0.95,19.694960094988986
14782,2020-12-27,28 day ahead inc hosp,2021-01-24,06045,quantile,0.975,21.316212194664285
14783,2020-12-27,28 day ahead inc hosp,2021-01-24,06045,quantile,0.99,23.201268130895677
14784,2020-12-27,1 day ahead inc hosp,2020-12-28,06047,point,NA,55.21712112426758
14785,2020-12-27,1 day ahead inc hosp,2020-12-28,06047,quantile,0.01,36.730627320897604
14786,2020-12-27,1 day ahead inc hosp,2020-12-28,06047,quantile,0.025,39.64212373916371
14787,2020-12-27,1 day ahead inc hosp,2020-12-28,06047,quantile,0.05,42.14617127992147
14788,2020-12-27,1 day ahead inc hosp,2020-12-28,06047,quantile,0.1,45.033177725472434
14789,2020-12-27,1 day ahead inc hosp,2020-12-28,06047,quantile,0.15,46.981027268191816
14790,2020-12-27,1 day ahead inc hosp,2020-12-28,06047,quantile,0.2,48.5291163366581
14791,2020-12-27,1 day ahead inc hosp,2020-12-28,06047,quantile,0.25,49.85723891293777
14792,2020-12-27,1 day ahead inc hosp,2020-12-28,06047,quantile,0.3,51.04993403379074
14793,2020-12-27,1 day ahead inc hosp,2020-12-28,06047,quantile,0.35,52.15514381036647
14794,2020-12-27,1 day ahead inc hosp,2020-12-28,06047,quantile,0.4,53.203879809637144
14795,2020-12-27,1 day ahead inc hosp,2020-12-28,06047,quantile,0.45,54.218544025854364
14796,2020-12-27,1 day ahead inc hosp,2020-12-28,06047,quantile,0.5,55.21712112426758
14797,2020-12-27,1 day ahead inc hosp,2020-12-28,06047,quantile,0.55,57.90215763474242
14798,2020-12-27,1 day ahead inc hosp,2020-12-28,06047,quantile,0.6,60.630450192968325
14799,2020-12-27,1 day ahead inc hosp,2020-12-28,06047,quantile,0.65,63.45035709085901
14800,2020-12-27,1 day ahead inc hosp,2020-12-28,06047,quantile,0.7,66.42211421061984
14801,2020-12-27,1 day ahead inc hosp,2020-12-28,06047,quantile,0.75,69.6291073916614
14802,2020-12-27,1 day ahead inc hosp,2020-12-28,06047,quantile,0.8,73.2002463786895
14803,2020-12-27,1 day ahead inc hosp,2020-12-28,06047,quantile,0.85,77.36284501719636
14804,2020-12-27,1 day ahead inc hosp,2020-12-28,06047,quantile,0.9,82.60034460278075
14805,2020-12-27,1 day ahead inc hosp,2020-12-28,06047,quantile,0.95,90.36310796336494
14806,2020-12-27,1 day ahead inc hosp,2020-12-28,06047,quantile,0.975,97.0961474868862
14807,2020-12-27,1 day ahead inc hosp,2020-12-28,06047,quantile,0.99,104.92476101666128
14808,2020-12-27,2 day ahead inc hosp,2020-12-29,06047,point,NA,56.530635833740234
14809,2020-12-27,2 day ahead inc hosp,2020-12-29,06047,quantile,0.01,36.057389705656846
14810,2020-12-27,2 day ahead inc hosp,2020-12-29,06047,quantile,0.025,39.281786035550894
14811,2020-12-27,2 day ahead inc hosp,2020-12-29,06047,quantile,0.05,42.05494476232958
14812,2020-12-27,2 day ahead inc hosp,2020-12-29,06047,quantile,0.1,45.252219170435744
14813,2020-12-27,2 day ahead inc hosp,2020-12-29,06047,quantile,0.15,47.40940503449067
14814,2020-12-27,2 day ahead inc hosp,2020-12-29,06047,quantile,0.2,49.123867975058005
14815,2020-12-27,2 day ahead inc hosp,2020-12-29,06047,quantile,0.25,50.59472451938991
14816,2020-12-27,2 day ahead inc hosp,2020-12-29,06047,quantile,0.3,51.915599154932515
14817,2020-12-27,2 day ahead inc hosp,2020-12-29,06047,quantile,0.35,53.13958635443458
14818,2020-12-27,2 day ahead inc hosp,2020-12-29,06047,quantile,0.4,54.30103051279282
14819,2020-12-27,2 day ahead inc hosp,2020-12-29,06047,quantile,0.45,55.42474117728817
14820,2020-12-27,2 day ahead inc hosp,2020-12-29,06047,quantile,0.5,56.530635833740234
14821,2020-12-27,2 day ahead inc hosp,2020-12-29,06047,quantile,0.55,58.803683758964226
14822,2020-12-27,2 day ahead inc hosp,2020-12-29,06047,quantile,0.6,61.113350579019006
14823,2020-12-27,2 day ahead inc hosp,2020-12-29,06047,quantile,0.65,63.50057455104673
14824,2020-12-27,2 day ahead inc hosp,2020-12-29,06047,quantile,0.7,66.01634904014199
14825,2020-12-27,2 day ahead inc hosp,2020-12-29,06047,quantile,0.75,68.73126526863112
14826,2020-12-27,2 day ahead inc hosp,2020-12-29,06047,quantile,0.8,71.75445323403989
14827,2020-12-27,2 day ahead inc hosp,2020-12-29,06047,quantile,0.85,75.27834803468264
14828,2020-12-27,2 day ahead inc hosp,2020-12-29,06047,quantile,0.9,79.71221234897783
14829,2020-12-27,2 day ahead inc hosp,2020-12-29,06047,quantile,0.95,86.28386717823008
14830,2020-12-27,2 day ahead inc hosp,2020-12-29,06047,quantile,0.975,91.98379768557521
14831,2020-12-27,2 day ahead inc hosp,2020-12-29,06047,quantile,0.99,98.61119871785715
14832,2020-12-27,3 day ahead inc hosp,2020-12-30,06047,point,NA,57.22294998168945
14833,2020-12-27,3 day ahead inc hosp,2020-12-30,06047,quantile,0.01,37.3019834038499
14834,2020-12-27,3 day ahead inc hosp,2020-12-30,06047,quantile,0.025,40.43939947942859
14835,2020-12-27,3 day ahead inc hosp,2020-12-30,06047,quantile,0.05,43.137750388980905
14836,2020-12-27,3 day ahead inc hosp,2020-12-30,06047,quantile,0.1,46.24877617480861
14837,2020-12-27,3 day ahead inc hosp,2020-12-30,06047,quantile,0.15,48.347770502878504
14838,2020-12-27,3 day ahead inc hosp,2020-12-30,06047,quantile,0.2,50.01598465535418
14839,2020-12-27,3 day ahead inc hosp,2020-12-30,06047,quantile,0.25,51.44716385757361
14840,2020-12-27,3 day ahead inc hosp,2020-12-30,06047,quantile,0.3,52.73240701361941
14841,2020-12-27,3 day ahead inc hosp,2020-12-30,06047,quantile,0.35,53.9233763372157
14842,2020-12-27,3 day ahead inc hosp,2020-12-30,06047,quantile,0.4,55.0534897601645
14843,2020-12-27,3 day ahead inc hosp,2020-12-30,06047,quantile,0.45,56.14688757556357
14844,2020-12-27,3 day ahead inc hosp,2020-12-30,06047,quantile,0.5,57.22294998168945
14845,2020-12-27,3 day ahead inc hosp,2020-12-30,06047,quantile,0.55,59.70356917408651
14846,2020-12-27,3 day ahead inc hosp,2020-12-30,06047,quantile,0.6,62.2241512428988
14847,2020-12-27,3 day ahead inc hosp,2020-12-30,06047,quantile,0.65,64.82937286442655
14848,2020-12-27,3 day ahead inc hosp,2020-12-30,06047,quantile,0.7,67.57488404003348
14849,2020-12-27,3 day ahead inc hosp,2020-12-30,06047,quantile,0.75,70.53772227472523
14850,2020-12-27,3 day ahead inc hosp,2020-12-30,06047,quantile,0.8,73.83698315083623
14851,2020-12-27,3 day ahead inc hosp,2020-12-30,06047,quantile,0.85,77.68267464614476
14852,2020-12-27,3 day ahead inc hosp,2020-12-30,06047,quantile,0.9,82.52143268220387
14853,2020-12-27,3 day ahead inc hosp,2020-12-30,06047,quantile,0.95,89.69320100013124
14854,2020-12-27,3 day ahead inc hosp,2020-12-30,06047,quantile,0.975,95.91364046158981
14855,2020-12-27,3 day ahead inc hosp,2020-12-30,06047,quantile,0.99,103.14624564072199
14856,2020-12-27,4 day ahead inc hosp,2020-12-31,06047,point,NA,60.44472122192383
14857,2020-12-27,4 day ahead inc hosp,2020-12-31,06047,quantile,0.01,37.859723635140355
14858,2020-12-27,4 day ahead inc hosp,2020-12-31,06047,quantile,0.025,41.41670638589225
14859,2020-12-27,4 day ahead inc hosp,2020-12-31,06047,quantile,0.05,44.47590778269231
14860,2020-12-27,4 day ahead inc hosp,2020-12-31,06047,quantile,0.1,48.00297107004811
14861,2020-12-27,4 day ahead inc hosp,2020-12-31,06047,quantile,0.15,50.38266392525655
14862,2020-12-27,4 day ahead inc hosp,2020-12-31,06047,quantile,0.2,52.273968368777545
14863,2020-12-27,4 day ahead inc hosp,2020-12-31,06047,quantile,0.25,53.89653917637768
14864,2020-12-27,4 day ahead inc hosp,2020-12-31,06047,quantile,0.3,55.35365790926159
14865,2020-12-27,4 day ahead inc hosp,2020-12-31,06047,quantile,0.35,56.70389556937982
14866,2020-12-27,4 day ahead inc hosp,2020-12-31,06047,quantile,0.4,57.98513906880335
14867,2020-12-27,4 day ahead inc hosp,2020-12-31,06047,quantile,0.45,59.22475698220583
14868,2020-12-27,4 day ahead inc hosp,2020-12-31,06047,quantile,0.5,60.44472122192383
14869,2020-12-27,4 day ahead inc hosp,2020-12-31,06047,quantile,0.55,63.500873208209896
14870,2020-12-27,4 day ahead inc hosp,2020-12-31,06047,quantile,0.6,66.6062599277063
14871,2020-12-27,4 day ahead inc hosp,2020-12-31,06047,quantile,0.65,69.8159235704574
14872,2020-12-27,4 day ahead inc hosp,2020-12-31,06047,quantile,0.7,73.19842559189571
14873,2020-12-27,4 day ahead inc hosp,2020-12-31,06047,quantile,0.75,76.84867710319182
14874,2020-12-27,4 day ahead inc hosp,2020-12-31,06047,quantile,0.8,80.9134052608657
14875,2020-12-27,4 day ahead inc hosp,2020-12-31,06047,quantile,0.85,85.65134236062403
14876,2020-12-27,4 day ahead inc hosp,2020-12-31,06047,quantile,0.9,91.61274910470792
14877,2020-12-27,4 day ahead inc hosp,2020-12-31,06047,quantile,0.95,100.44845192326005
14878,2020-12-27,4 day ahead inc hosp,2020-12-31,06047,quantile,0.975,108.11210641483828
14879,2020-12-27,4 day ahead inc hosp,2020-12-31,06047,quantile,0.99,117.02276096108015
14880,2020-12-27,5 day ahead inc hosp,2021-01-01,06047,point,NA,57.713035583496094
14881,2020-12-27,5 day ahead inc hosp,2021-01-01,06047,quantile,0.01,37.65901865131494
14882,2020-12-27,5 day ahead inc hosp,2021-01-01,06047,quantile,0.025,40.81738924829908
14883,2020-12-27,5 day ahead inc hosp,2021-01-01,06047,quantile,0.05,43.53376220227636
14884,2020-12-27,5 day ahead inc hosp,2021-01-01,06047,quantile,0.1,46.665566251124226
14885,2020-12-27,5 day ahead inc hosp,2021-01-01,06047,quantile,0.15,48.7785795746088
14886,2020-12-27,5 day ahead inc hosp,2021-01-01,06047,quantile,0.2,50.45793558022886
14887,2020-12-27,5 day ahead inc hosp,2021-01-01,06047,quantile,0.25,51.898673500356765
14888,2020-12-27,5 day ahead inc hosp,2021-01-01,06047,quantile,0.3,53.192500680508964
14889,2020-12-27,5 day ahead inc hosp,2021-01-01,06047,quantile,0.35,54.39142438171517
14890,2020-12-27,5 day ahead inc hosp,2021-01-01,06047,quantile,0.4,55.52908573115549
14891,2020-12-27,5 day ahead inc hosp,2021-01-01,06047,quantile,0.45,56.62978625278654
14892,2020-12-27,5 day ahead inc hosp,2021-01-01,06047,quantile,0.5,57.713035583496094
14893,2020-12-27,5 day ahead inc hosp,2021-01-01,06047,quantile,0.55,60.66734082754043
14894,2020-12-27,5 day ahead inc hosp,2021-01-01,06047,quantile,0.6,63.66924004962157
14895,2020-12-27,5 day ahead inc hosp,2021-01-01,06047,quantile,0.65,66.77194115020434
14896,2020-12-27,5 day ahead inc hosp,2021-01-01,06047,quantile,0.7,70.04172076351131
14897,2020-12-27,5 day ahead inc hosp,2021-01-01,06047,quantile,0.75,73.5703270731104
14898,2020-12-27,5 day ahead inc hosp,2021-01-01,06047,quantile,0.8,77.49959753011528
14899,2020-12-27,5 day ahead inc hosp,2021-01-01,06047,quantile,0.85,82.07964213607032
14900,2020-12-27,5 day ahead inc hosp,2021-01-01,06047,quantile,0.9,87.84238406937669
14901,2020-12-27,5 day ahead inc hosp,2021-01-01,06047,quantile,0.95,96.38363571157251
14902,2020-12-27,5 day ahead inc hosp,2021-01-01,06047,quantile,0.975,103.79189772033709
14903,2020-12-27,5 day ahead inc hosp,2021-01-01,06047,quantile,0.99,112.40560331219172
14904,2020-12-27,6 day ahead inc hosp,2021-01-02,06047,point,NA,60.25698471069336
14905,2020-12-27,6 day ahead inc hosp,2021-01-02,06047,quantile,0.01,21.252658012782824
14906,2020-12-27,6 day ahead inc hosp,2021-01-02,06047,quantile,0.025,27.395572871908037
14907,2020-12-27,6 day ahead inc hosp,2021-01-02,06047,quantile,0.05,32.67881854226932
14908,2020-12-27,6 day ahead inc hosp,2021-01-02,06047,quantile,0.1,38.77006244059664
14909,2020-12-27,6 day ahead inc hosp,2021-01-02,06047,quantile,0.15,42.8797957805528
14910,2020-12-27,6 day ahead inc hosp,2021-01-02,06047,quantile,0.2,46.146081557951845
14911,2020-12-27,6 day ahead inc hosp,2021-01-02,06047,quantile,0.25,48.9482639193599
14912,2020-12-27,6 day ahead inc hosp,2021-01-02,06047,quantile,0.3,51.46471028499106
14913,2020-12-27,6 day ahead inc hosp,2021-01-02,06047,quantile,0.35,53.79657286822608
14914,2020-12-27,6 day ahead inc hosp,2021-01-02,06047,quantile,0.4,56.00928242637692
14915,2020-12-27,6 day ahead inc hosp,2021-01-02,06047,quantile,0.45,58.15010453136696
14916,2020-12-27,6 day ahead inc hosp,2021-01-02,06047,quantile,0.5,60.25698471069336
14917,2020-12-27,6 day ahead inc hosp,2021-01-02,06047,quantile,0.55,63.25870872492603
14918,2020-12-27,6 day ahead inc hosp,2021-01-02,06047,quantile,0.6,66.30879063551824
14919,2020-12-27,6 day ahead inc hosp,2021-01-02,06047,quantile,0.65,69.461292368838
14920,2020-12-27,6 day ahead inc hosp,2021-01-02,06047,quantile,0.7,72.78355434779168
14921,2020-12-27,6 day ahead inc hosp,2021-01-02,06047,quantile,0.75,76.36879738171616
14922,2020-12-27,6 day ahead inc hosp,2021-01-02,06047,quantile,0.8,80.36113551704715
14923,2020-12-27,6 day ahead inc hosp,2021-01-02,06047,quantile,0.85,85.01469320465138
14924,2020-12-27,6 day ahead inc hosp,2021-01-02,06047,quantile,0.9,90.86993138083618
14925,2020-12-27,6 day ahead inc hosp,2021-01-02,06047,quantile,0.95,99.5482763885732
14926,2020-12-27,6 day ahead inc hosp,2021-01-02,06047,quantile,0.975,107.0754464466657
14927,2020-12-27,6 day ahead inc hosp,2021-01-02,06047,quantile,0.99,115.82740834319753
14928,2020-12-27,7 day ahead inc hosp,2021-01-03,06047,point,NA,57.43449020385742
14929,2020-12-27,7 day ahead inc hosp,2021-01-03,06047,quantile,0.01,19.338192073527047
14930,2020-12-27,7 day ahead inc hosp,2021-01-03,06047,quantile,0.025,25.338098639662107
14931,2020-12-27,7 day ahead inc hosp,2021-01-03,06047,quantile,0.05,30.498349288589285
14932,2020-12-27,7 day ahead inc hosp,2021-01-03,06047,quantile,0.1,36.447787804282584
14933,2020-12-27,7 day ahead inc hosp,2021-01-03,06047,quantile,0.15,40.461845725798135
14934,2020-12-27,7 day ahead inc hosp,2021-01-03,06047,quantile,0.2,43.65209171359307
14935,2020-12-27,7 day ahead inc hosp,2021-01-03,06047,quantile,0.25,46.38903870623206
14936,2020-12-27,7 day ahead inc hosp,2021-01-03,06047,quantile,0.3,48.846901694524746
14937,2020-12-27,7 day ahead inc hosp,2021-01-03,06047,quantile,0.35,51.12447804798716
14938,2020-12-27,7 day ahead inc hosp,2021-01-03,06047,quantile,0.4,53.28567528274578
14939,2020-12-27,7 day ahead inc hosp,2021-01-03,06047,quantile,0.45,55.37665861870658
14940,2020-12-27,7 day ahead inc hosp,2021-01-03,06047,quantile,0.5,57.43449020385742
14941,2020-12-27,7 day ahead inc hosp,2021-01-03,06047,quantile,0.55,60.41169902884224
14942,2020-12-27,7 day ahead inc hosp,2021-01-03,06047,quantile,0.6,63.43687080948743
14943,2020-12-27,7 day ahead inc hosp,2021-01-03,06047,quantile,0.65,66.56362594644122
14944,2020-12-27,7 day ahead inc hosp,2021-01-03,06047,quantile,0.7,69.85875489092577
14945,2020-12-27,7 day ahead inc hosp,2021-01-03,06047,quantile,0.75,73.41471711453609
14946,2020-12-27,7 day ahead inc hosp,2021-01-03,06047,quantile,0.8,77.37444967904678
14947,2020-12-27,7 day ahead inc hosp,2021-01-03,06047,quantile,0.85,81.99000159168753
14948,2020-12-27,7 day ahead inc hosp,2021-01-03,06047,quantile,0.9,87.79741982463311
14949,2020-12-27,7 day ahead inc hosp,2021-01-03,06047,quantile,0.95,96.40488847291334
14950,2020-12-27,7 day ahead inc hosp,2021-01-03,06047,quantile,0.975,103.87058385925056
14951,2020-12-27,7 day ahead inc hosp,2021-01-03,06047,quantile,0.99,112.55106816451612
14952,2020-12-27,8 day ahead inc hosp,2021-01-04,06047,point,NA,48.982521057128906
14953,2020-12-27,8 day ahead inc hosp,2021-01-04,06047,quantile,0.01,29.54510025774588
14954,2020-12-27,8 day ahead inc hosp,2021-01-04,06047,quantile,0.025,32.606361178268216
14955,2020-12-27,8 day ahead inc hosp,2021-01-04,06047,quantile,0.05,35.23921445315456
14956,2020-12-27,8 day ahead inc hosp,2021-01-04,06047,quantile,0.1,38.274725660935644
14957,2020-12-27,8 day ahead inc hosp,2021-01-04,06047,quantile,0.15,40.32277066170375
14958,2020-12-27,8 day ahead inc hosp,2021-01-04,06047,quantile,0.2,41.95049190396651
14959,2020-12-27,8 day ahead inc hosp,2021-01-04,06047,quantile,0.25,43.34693179478034
14960,2020-12-27,8 day ahead inc hosp,2021-01-04,06047,quantile,0.3,44.60097797552036
14961,2020-12-27,8 day ahead inc hosp,2021-01-04,06047,quantile,0.35,45.76303865221712
14962,2020-12-27,8 day ahead inc hosp,2021-01-04,06047,quantile,0.4,46.86572059624101
14963,2020-12-27,8 day ahead inc hosp,2021-01-04,06047,quantile,0.45,47.93257813831829
14964,2020-12-27,8 day ahead inc hosp,2021-01-04,06047,quantile,0.5,48.982521057128906
14965,2020-12-27,8 day ahead inc hosp,2021-01-04,06047,quantile,0.55,51.49743941597713
14966,2020-12-27,8 day ahead inc hosp,2021-01-04,06047,quantile,0.6,54.05287321221175
14967,2020-12-27,8 day ahead inc hosp,2021-01-04,06047,quantile,0.65,56.69411686014033
14968,2020-12-27,8 day ahead inc hosp,2021-01-04,06047,quantile,0.7,59.47758982572869
14969,2020-12-27,8 day ahead inc hosp,2021-01-04,06047,quantile,0.75,62.48139480053558
14970,2020-12-27,8 day ahead inc hosp,2021-01-04,06047,quantile,0.8,65.82627408446282
14971,2020-12-27,8 day ahead inc hosp,2021-01-04,06047,quantile,0.85,69.72513940553296
14972,2020-12-27,8 day ahead inc hosp,2021-01-04,06047,quantile,0.9,74.63080225624657
14973,2020-12-27,8 day ahead inc hosp,2021-01-04,06047,quantile,0.95,81.90173358800521
14974,2020-12-27,8 day ahead inc hosp,2021-01-04,06047,quantile,0.975,88.2081821753876
14975,2020-12-27,8 day ahead inc hosp,2021-01-04,06047,quantile,0.99,95.54079155092163
14976,2020-12-27,9 day ahead inc hosp,2021-01-05,06047,point,NA,49.86009979248047
14977,2020-12-27,9 day ahead inc hosp,2021-01-05,06047,quantile,0.01,29.30368360414199
14978,2020-12-27,9 day ahead inc hosp,2021-01-05,06047,quantile,0.025,32.541178650056246
14979,2020-12-27,9 day ahead inc hosp,2021-01-05,06047,quantile,0.05,35.325602995240544
14980,2020-12-27,9 day ahead inc hosp,2021-01-05,06047,quantile,0.1,38.535865939874355
14981,2020-12-27,9 day ahead inc hosp,2021-01-05,06047,quantile,0.15,40.70181510786127
14982,2020-12-27,9 day ahead inc hosp,2021-01-05,06047,quantile,0.2,42.42324284459137
14983,2020-12-27,9 day ahead inc hosp,2021-01-05,06047,quantile,0.25,43.90007456387371
14984,2020-12-27,9 day ahead inc hosp,2021-01-05,06047,quantile,0.3,45.22631509119236
14985,2020-12-27,9 day ahead inc hosp,2021-01-05,06047,quantile,0.35,46.45527458910265
14986,2020-12-27,9 day ahead inc hosp,2021-01-05,06047,quantile,0.4,47.62143697240819
14987,2020-12-27,9 day ahead inc hosp,2021-01-05,06047,quantile,0.45,48.749712574143615
14988,2020-12-27,9 day ahead inc hosp,2021-01-05,06047,quantile,0.5,49.86009979248047
14989,2020-12-27,9 day ahead inc hosp,2021-01-05,06047,quantile,0.55,52.101695470270975
14990,2020-12-27,9 day ahead inc hosp,2021-01-05,06047,quantile,0.6,54.379403345902666
14991,2020-12-27,9 day ahead inc hosp,2021-01-05,06047,quantile,0.65,56.73359521235349
14992,2020-12-27,9 day ahead inc hosp,2021-01-05,06047,quantile,0.7,59.21455883765667
14993,2020-12-27,9 day ahead inc hosp,2021-01-05,06047,quantile,0.75,61.8919086708085
14994,2020-12-27,9 day ahead inc hosp,2021-01-05,06047,quantile,0.8,64.87326467356009
14995,2020-12-27,9 day ahead inc hosp,2021-01-05,06047,quantile,0.85,68.34839921271892
14996,2020-12-27,9 day ahead inc hosp,2021-01-05,06047,quantile,0.9,72.72091198402543
14997,2020-12-27,9 day ahead inc hosp,2021-01-05,06047,quantile,0.95,79.2016345845977
14998,2020-12-27,9 day ahead inc hosp,2021-01-05,06047,quantile,0.975,84.82269494464799
14999,2020-12-27,9 day ahead inc hosp,2021-01-05,06047,quantile,0.99,91.35839238599588
15000,2020-12-27,10 day ahead inc hosp,2021-01-06,06047,point,NA,48.186737060546875
15001,2020-12-27,10 day ahead inc hosp,2021-01-06,06047,quantile,0.01,27.8819209536555
15002,2020-12-27,10 day ahead inc hosp,2021-01-06,06047,quantile,0.025,31.079790706436278
15003,2020-12-27,10 day ahead inc hosp,2021-01-06,06047,quantile,0.05,33.83013511348286
15004,2020-12-27,10 day ahead inc hosp,2021-01-06,06047,quantile,0.1,37.00110607205567
15005,2020-12-27,10 day ahead inc hosp,2021-01-06,06047,quantile,0.15,39.14054512358634
15006,2020-12-27,10 day ahead inc hosp,2021-01-06,06047,quantile,0.2,40.840903460144816
15007,2020-12-27,10 day ahead inc hosp,2021-01-06,06047,quantile,0.25,42.299659510134866
15008,2020-12-27,10 day ahead inc hosp,2021-01-06,06047,quantile,0.3,43.60966752777699
15009,2020-12-27,10 day ahead inc hosp,2021-01-06,06047,quantile,0.35,44.82358518634445
15010,2020-12-27,10 day ahead inc hosp,2021-01-06,06047,quantile,0.4,45.97547433505832
15011,2020-12-27,10 day ahead inc hosp,2021-01-06,06047,quantile,0.45,47.0899404171435
15012,2020-12-27,10 day ahead inc hosp,2021-01-06,06047,quantile,0.5,48.186737060546875
15013,2020-12-27,10 day ahead inc hosp,2021-01-06,06047,quantile,0.55,50.67262753514262
15014,2020-12-27,10 day ahead inc hosp,2021-01-06,06047,quantile,0.6,53.198565806724915
15015,2020-12-27,10 day ahead inc hosp,2021-01-06,06047,quantile,0.65,55.80932348892625
15016,2020-12-27,10 day ahead inc hosp,2021-01-06,06047,quantile,0.7,58.560668838609814
15017,2020-12-27,10 day ahead inc hosp,2021-01-06,06047,quantile,0.75,61.529803064436344
15018,2020-12-27,10 day ahead inc hosp,2021-01-06,06047,quantile,0.8,64.83607482524032
15019,2020-12-27,10 day ahead inc hosp,2021-01-06,06047,quantile,0.85,68.68993836290946
15020,2020-12-27,10 day ahead inc hosp,2021-01-06,06047,quantile,0.9,73.53897869428314
15021,2020-12-27,10 day ahead inc hosp,2021-01-06,06047,quantile,0.95,80.72598692278738
15022,2020-12-27,10 day ahead inc hosp,2021-01-06,06047,quantile,0.975,86.95964473388288
15023,2020-12-27,10 day ahead inc hosp,2021-01-06,06047,quantile,0.99,94.20761910109832
15024,2020-12-27,11 day ahead inc hosp,2021-01-07,06047,point,NA,47.667808532714844
15025,2020-12-27,11 day ahead inc hosp,2021-01-07,06047,quantile,0.01,24.181136386368998
15026,2020-12-27,11 day ahead inc hosp,2021-01-07,06047,quantile,0.025,27.88012671727808
15027,2020-12-27,11 day ahead inc hosp,2021-01-07,06047,quantile,0.05,31.061462467268708
15028,2020-12-27,11 day ahead inc hosp,2021-01-07,06047,quantile,0.1,34.729338841894275
15029,2020-12-27,11 day ahead inc hosp,2021-01-07,06047,quantile,0.15,37.20403761857199
15030,2020-12-27,11 day ahead inc hosp,2021-01-07,06047,quantile,0.2,39.17084975672777
15031,2020-12-27,11 day ahead inc hosp,2021-01-07,06047,quantile,0.25,40.85819944299193
15032,2020-12-27,11 day ahead inc hosp,2021-01-07,06047,quantile,0.3,42.37349161099156
15033,2020-12-27,11 day ahead inc hosp,2021-01-07,06047,quantile,0.35,43.77763562831941
15034,2020-12-27,11 day ahead inc hosp,2021-01-07,06047,quantile,0.4,45.110030989220704
15035,2020-12-27,11 day ahead inc hosp,2021-01-07,06047,quantile,0.45,46.3991389205786
15036,2020-12-27,11 day ahead inc hosp,2021-01-07,06047,quantile,0.5,47.667808532714844
15037,2020-12-27,11 day ahead inc hosp,2021-01-07,06047,quantile,0.55,50.71892939616034
15038,2020-12-27,11 day ahead inc hosp,2021-01-07,06047,quantile,0.6,53.81920394122192
15039,2020-12-27,11 day ahead inc hosp,2021-01-07,06047,quantile,0.65,57.02358374595186
15040,2020-12-27,11 day ahead inc hosp,2021-01-07,06047,quantile,0.7,60.40051739799798
15041,2020-12-27,11 day ahead inc hosp,2021-01-07,06047,quantile,0.75,64.04475976320623
15042,2020-12-27,11 day ahead inc hosp,2021-01-07,06047,quantile,0.8,68.10279645174947
15043,2020-12-27,11 day ahead inc hosp,2021-01-07,06047,quantile,0.85,72.83293382699583
15044,2020-12-27,11 day ahead inc hosp,2021-01-07,06047,quantile,0.9,78.78452673663475
15045,2020-12-27,11 day ahead inc hosp,2021-01-07,06047,quantile,0.95,87.60568397418753
15046,2020-12-27,11 day ahead inc hosp,2021-01-07,06047,quantile,0.975,95.25672234348917
15047,2020-12-27,11 day ahead inc hosp,2021-01-07,06047,quantile,0.99,104.15270792110215
15048,2020-12-27,12 day ahead inc hosp,2021-01-08,06047,point,NA,46.045047760009766
15049,2020-12-27,12 day ahead inc hosp,2021-01-08,06047,quantile,0.01,25.59443112975507
15050,2020-12-27,12 day ahead inc hosp,2021-01-08,06047,quantile,0.025,28.815263468414425
15051,2020-12-27,12 day ahead inc hosp,2021-01-08,06047,quantile,0.05,31.58535696611348
15052,2020-12-27,12 day ahead inc hosp,2021-01-08,06047,quantile,0.1,34.77909736140002
15053,2020-12-27,12 day ahead inc hosp,2021-01-08,06047,quantile,0.15,36.933898843783304
15054,2020-12-27,12 day ahead inc hosp,2021-01-08,06047,quantile,0.2,38.646466753384466
15055,2020-12-27,12 day ahead inc hosp,2021-01-08,06047,quantile,0.25,40.11569752988414
15056,2020-12-27,12 day ahead inc hosp,2021-01-08,06047,quantile,0.3,41.435112175666944
15057,2020-12-27,12 day ahead inc hosp,2021-01-08,06047,quantile,0.35,42.657746477074575
15058,2020-12-27,12 day ahead inc hosp,2021-01-08,06047,quantile,0.4,43.8179068674414
15059,2020-12-27,12 day ahead inc hosp,2021-01-08,06047,quantile,0.45,44.94037547154812
15060,2020-12-27,12 day ahead inc hosp,2021-01-08,06047,quantile,0.5,46.045047760009766
15061,2020-12-27,12 day ahead inc hosp,2021-01-08,06047,quantile,0.55,48.99353980537966
15062,2020-12-27,12 day ahead inc hosp,2021-01-08,06047,quantile,0.6,51.989532177918505
15063,2020-12-27,12 day ahead inc hosp,2021-01-08,06047,quantile,0.65,55.08612808068482
15064,2020-12-27,12 day ahead inc hosp,2021-01-08,06047,quantile,0.7,58.3494737350933
15065,2020-12-27,12 day ahead inc hosp,2021-01-08,06047,quantile,0.75,61.87113679143077
15066,2020-12-27,12 day ahead inc hosp,2021-01-08,06047,quantile,0.8,65.79267560667039
15067,2020-12-27,12 day ahead inc hosp,2021-01-08,06047,quantile,0.85,70.36370803986979
15068,2020-12-27,12 day ahead inc hosp,2021-01-08,06047,quantile,0.9,76.11511060198717
15069,2020-12-27,12 day ahead inc hosp,2021-01-08,06047,quantile,0.95,84.63955558792276
15070,2020-12-27,12 day ahead inc hosp,2021-01-08,06047,quantile,0.975,92.03324032882512
15071,2020-12-27,12 day ahead inc hosp,2021-01-08,06047,quantile,0.99,100.62999669648244
15072,2020-12-27,13 day ahead inc hosp,2021-01-09,06047,point,NA,43.774234771728516
15073,2020-12-27,13 day ahead inc hosp,2021-01-09,06047,quantile,0.01,5.8563103301654635
15074,2020-12-27,13 day ahead inc hosp,2021-01-09,06047,quantile,0.025,11.828124259509423
15075,2020-12-27,13 day ahead inc hosp,2021-01-09,06047,quantile,0.05,16.964213690985392
15076,2020-12-27,13 day ahead inc hosp,2021-01-09,06047,quantile,0.1,22.885795870335773
15077,2020-12-27,13 day ahead inc hosp,2021-01-09,06047,quantile,0.15,26.881059253969006
15078,2020-12-27,13 day ahead inc hosp,2021-01-09,06047,quantile,0.2,30.05636793885406
15079,2020-12-27,13 day ahead inc hosp,2021-01-09,06047,quantile,0.25,32.780500055639024
15080,2020-12-27,13 day ahead inc hosp,2021-01-09,06047,quantile,0.3,35.22685488935443
15081,2020-12-27,13 day ahead inc hosp,2021-01-09,06047,quantile,0.35,37.4937672225431
15082,2020-12-27,13 day ahead inc hosp,2021-01-09,06047,quantile,0.4,39.644845344898755
15083,2020-12-27,13 day ahead inc hosp,2021-01-09,06047,quantile,0.45,41.726038322502156
15084,2020-12-27,13 day ahead inc hosp,2021-01-09,06047,quantile,0.5,43.774234771728516
15085,2020-12-27,13 day ahead inc hosp,2021-01-09,06047,quantile,0.55,46.75011361240376
15086,2020-12-27,13 day ahead inc hosp,2021-01-09,06047,quantile,0.6,49.77393398263787
15087,2020-12-27,13 day ahead inc hosp,2021-01-09,06047,quantile,0.65,52.89929232967316
15088,2020-12-27,13 day ahead inc hosp,2021-01-09,06047,quantile,0.7,56.19294926797613
15089,2020-12-27,13 day ahead inc hosp,2021-01-09,06047,quantile,0.75,59.74732296547329
15090,2020-12-27,13 day ahead inc hosp,2021-01-09,06047,quantile,0.8,63.70528663082692
15091,2020-12-27,13 day ahead inc hosp,2021-01-09,06047,quantile,0.85,68.31877667546152
15092,2020-12-27,13 day ahead inc hosp,2021-01-09,06047,quantile,0.9,74.1236006076432
15093,2020-12-27,13 day ahead inc hosp,2021-01-09,06047,quantile,0.95,82.72722411138693
15094,2020-12-27,13 day ahead inc hosp,2021-01-09,06047,quantile,0.975,90.18958440828045
15095,2020-12-27,13 day ahead inc hosp,2021-01-09,06047,quantile,0.99,98.86619095131832
15096,2020-12-27,14 day ahead inc hosp,2021-01-10,06047,point,NA,44.67595291137695
15097,2020-12-27,14 day ahead inc hosp,2021-01-10,06047,quantile,0.01,6.143806215709567
15098,2020-12-27,14 day ahead inc hosp,2021-01-10,06047,quantile,0.025,12.212355951846597
15099,2020-12-27,14 day ahead inc hosp,2021-01-10,06047,quantile,0.05,17.43164351387279
15100,2020-12-27,14 day ahead inc hosp,2021-01-10,06047,quantile,0.1,23.44914780941574
15101,2020-12-27,14 day ahead inc hosp,2021-01-10,06047,quantile,0.15,27.50912938945283
15102,2020-12-27,14 day ahead inc hosp,2021-01-10,06047,quantile,0.2,30.735874045231093
15103,2020-12-27,14 day ahead inc hosp,2021-01-10,06047,quantile,0.25,33.50413364509674
15104,2020-12-27,14 day ahead inc hosp,2021-01-10,06047,quantile,0.3,35.990116322435796
15105,2020-12-27,14 day ahead inc hosp,2021-01-10,06047,quantile,0.35,38.29374975847106
15106,2020-12-27,14 day ahead inc hosp,2021-01-10,06047,quantile,0.4,40.47967261646366
15107,2020-12-27,14 day ahead inc hosp,2021-01-10,06047,quantile,0.45,42.59457827905064
15108,2020-12-27,14 day ahead inc hosp,2021-01-10,06047,quantile,0.5,44.67595291137695
15109,2020-12-27,14 day ahead inc hosp,2021-01-10,06047,quantile,0.55,47.66154358557608
15110,2020-12-27,14 day ahead inc hosp,2021-01-10,06047,quantile,0.6,50.695232247368445
15111,2020-12-27,14 day ahead inc hosp,2021-01-10,06047,quantile,0.65,53.830790256955176
15112,2020-12-27,14 day ahead inc hosp,2021-01-10,06047,quantile,0.7,57.13519610325546
15113,2020-12-27,14 day ahead inc hosp,2021-01-10,06047,quantile,0.75,60.701169562530524
15114,2020-12-27,14 day ahead inc hosp,2021-01-10,06047,quantile,0.8,64.67205011270019
15115,2020-12-27,14 day ahead inc hosp,2021-01-10,06047,quantile,0.85,69.30059636414845
15116,2020-12-27,14 day ahead inc hosp,2021-01-10,06047,quantile,0.9,75.12436444247417
15117,2020-12-27,14 day ahead inc hosp,2021-01-10,06047,quantile,0.95,83.75606602454168
15118,2020-12-27,14 day ahead inc hosp,2021-01-10,06047,quantile,0.975,91.24277986698553
15119,2020-12-27,14 day ahead inc hosp,2021-01-10,06047,quantile,0.99,99.94770266979393
15120,2020-12-27,15 day ahead inc hosp,2021-01-11,06047,point,NA,40.92136001586914
15121,2020-12-27,15 day ahead inc hosp,2021-01-11,06047,quantile,0.01,22.013837749661732
15122,2020-12-27,15 day ahead inc hosp,2021-01-11,06047,quantile,0.025,24.99164327308199
15123,2020-12-27,15 day ahead inc hosp,2021-01-11,06047,quantile,0.05,27.552720302404257
15124,2020-12-27,15 day ahead inc hosp,2021-01-11,06047,quantile,0.1,30.50547809587986
15125,2020-12-27,15 day ahead inc hosp,2021-01-11,06047,quantile,0.15,32.497689760888775
15126,2020-12-27,15 day ahead inc hosp,2021-01-11,06047,quantile,0.2,34.08103643784288
15127,2020-12-27,15 day ahead inc hosp,2021-01-11,06047,quantile,0.25,35.439406902808116
15128,2020-12-27,15 day ahead inc hosp,2021-01-11,06047,quantile,0.3,36.65926556255103
15129,2020-12-27,15 day ahead inc hosp,2021-01-11,06047,quantile,0.35,37.78964640608483
15130,2020-12-27,15 day ahead inc hosp,2021-01-11,06047,quantile,0.4,38.862267286414706
15131,2020-12-27,15 day ahead inc hosp,2021-01-11,06047,quantile,0.45,39.90004040147418
15132,2020-12-27,15 day ahead inc hosp,2021-01-11,06047,quantile,0.5,40.92136001586914
15133,2020-12-27,15 day ahead inc hosp,2021-01-11,06047,quantile,0.55,43.493187034751315
15134,2020-12-27,15 day ahead inc hosp,2021-01-11,06047,quantile,0.6,46.106446291855285
15135,2020-12-27,15 day ahead inc hosp,2021-01-11,06047,quantile,0.65,48.80745714308014
15136,2020-12-27,15 day ahead inc hosp,2021-01-11,06047,quantile,0.7,51.65391573846243
15137,2020-12-27,15 day ahead inc hosp,2021-01-11,06047,quantile,0.75,54.72569211103583
15138,2020-12-27,15 day ahead inc hosp,2021-01-11,06047,quantile,0.8,58.14626076967137
15139,2020-12-27,15 day ahead inc hosp,2021-01-11,06047,quantile,0.85,62.133351301032846
15140,2020-12-27,15 day ahead inc hosp,2021-01-11,06047,quantile,0.9,67.1500216118615
15141,2020-12-27,15 day ahead inc hosp,2021-01-11,06047,quantile,0.95,74.58548272162804
15142,2020-12-27,15 day ahead inc hosp,2021-01-11,06047,quantile,0.975,81.03463635445189
15143,2020-12-27,15 day ahead inc hosp,2021-01-11,06047,quantile,0.99,88.53317118543691
15144,2020-12-27,16 day ahead inc hosp,2021-01-12,06047,point,NA,42.79651641845703
15145,2020-12-27,16 day ahead inc hosp,2021-01-12,06047,quantile,0.01,22.86538875237676
15146,2020-12-27,16 day ahead inc hosp,2021-01-12,06047,quantile,0.025,26.004405129901997
15147,2020-12-27,16 day ahead inc hosp,2021-01-12,06047,quantile,0.05,28.7041323874136
15148,2020-12-27,16 day ahead inc hosp,2021-01-12,06047,quantile,0.1,31.816745014291683
15149,2020-12-27,16 day ahead inc hosp,2021-01-12,06047,quantile,0.15,33.91680997648473
15150,2020-12-27,16 day ahead inc hosp,2021-01-12,06047,quantile,0.2,35.58587503502169
15151,2020-12-27,16 day ahead inc hosp,2021-01-12,06047,quantile,0.25,37.017784238875585
15152,2020-12-27,16 day ahead inc hosp,2021-01-12,06047,quantile,0.3,38.30368295895079
15153,2020-12-27,16 day ahead inc hosp,2021-01-12,06047,quantile,0.35,39.495259760318895
15154,2020-12-27,16 day ahead inc hosp,2021-01-12,06047,quantile,0.4,40.62594962026777
15155,2020-12-27,16 day ahead inc hosp,2021-01-12,06047,quantile,0.45,41.71990514513544
15156,2020-12-27,16 day ahead inc hosp,2021-01-12,06047,quantile,0.5,42.79651641845703
15157,2020-12-27,16 day ahead inc hosp,2021-01-12,06047,quantile,0.55,45.01904099847702
15158,2020-12-27,16 day ahead inc hosp,2021-01-12,06047,quantile,0.6,47.27737054017487
15159,2020-12-27,16 day ahead inc hosp,2021-01-12,06047,quantile,0.65,49.61153336048661
15160,2020-12-27,16 day ahead inc hosp,2021-01-12,06047,quantile,0.7,52.071389388049454
15161,2020-12-27,16 day ahead inc hosp,2021-01-12,06047,quantile,0.75,54.7259608044958
15162,2020-12-27,16 day ahead inc hosp,2021-01-12,06047,quantile,0.8,57.681951960062605
15163,2020-12-27,16 day ahead inc hosp,2021-01-12,06047,quantile,0.85,61.12752067197674
15164,2020-12-27,16 day ahead inc hosp,2021-01-12,06047,quantile,0.9,65.46283288147337
15165,2020-12-27,16 day ahead inc hosp,2021-01-12,06047,quantile,0.95,71.88841864556628
15166,2020-12-27,16 day ahead inc hosp,2021-01-12,06047,quantile,0.975,77.46165602274652
15167,2020-12-27,16 day ahead inc hosp,2021-01-12,06047,quantile,0.99,83.94174891143695
15168,2020-12-27,17 day ahead inc hosp,2021-01-13,06047,point,NA,42.51687240600586
15169,2020-12-27,17 day ahead inc hosp,2021-01-13,06047,quantile,0.01,22.495535130983196
15170,2020-12-27,17 day ahead inc hosp,2021-01-13,06047,quantile,0.025,25.648758905331356
15171,2020-12-27,17 day ahead inc hosp,2021-01-13,06047,quantile,0.05,28.360705307902457
15172,2020-12-27,17 day ahead inc hosp,2021-01-13,06047,quantile,0.1,31.487405826472575
15173,2020-12-27,17 day ahead inc hosp,2021-01-13,06047,quantile,0.15,33.59697582230782
15174,2020-12-27,17 day ahead inc hosp,2021-01-13,06047,quantile,0.2,35.2735951802679
15175,2020-12-27,17 day ahead inc hosp,2021-01-13,06047,quantile,0.25,36.711985300379254
15176,2020-12-27,17 day ahead inc hosp,2021-01-13,06047,quantile,0.3,38.0037040835548
15177,2020-12-27,17 day ahead inc hosp,2021-01-13,06047,quantile,0.35,39.20067404074816
15178,2020-12-27,17 day ahead inc hosp,2021-01-13,06047,quantile,0.4,40.33648147817735
15179,2020-12-27,17 day ahead inc hosp,2021-01-13,06047,quantile,0.45,41.43538831848247
15180,2020-12-27,17 day ahead inc hosp,2021-01-13,06047,quantile,0.5,42.51687240600586
15181,2020-12-27,17 day ahead inc hosp,2021-01-13,06047,quantile,0.55,44.98531273865837
15182,2020-12-27,17 day ahead inc hosp,2021-01-13,06047,quantile,0.6,47.49351974579866
15183,2020-12-27,17 day ahead inc hosp,2021-01-13,06047,quantile,0.65,50.08595075890521
15184,2020-12-27,17 day ahead inc hosp,2021-01-13,06047,quantile,0.7,52.817982559831314
15185,2020-12-27,17 day ahead inc hosp,2021-01-13,06047,quantile,0.75,55.76627442988286
15186,2020-12-27,17 day ahead inc hosp,2021-01-13,06047,quantile,0.8,59.049337239158795
15187,2020-12-27,17 day ahead inc hosp,2021-01-13,06047,quantile,0.85,62.87614790927428
15188,2020-12-27,17 day ahead inc hosp,2021-01-13,06047,quantile,0.9,67.69114955594499
15189,2020-12-27,17 day ahead inc hosp,2021-01-13,06047,quantile,0.95,74.82770732614617
15190,2020-12-27,17 day ahead inc hosp,2021-01-13,06047,quantile,0.975,81.01760688854135
15191,2020-12-27,17 day ahead inc hosp,2021-01-13,06047,quantile,0.99,88.21470283500523
15192,2020-12-27,18 day ahead inc hosp,2021-01-14,06047,point,NA,42.94988250732422
15193,2020-12-27,18 day ahead inc hosp,2021-01-14,06047,quantile,0.01,20.79024848521713
15194,2020-12-27,18 day ahead inc hosp,2021-01-14,06047,quantile,0.025,24.280239381905787
15195,2020-12-27,18 day ahead inc hosp,2021-01-14,06047,quantile,0.05,27.281824088413735
15196,2020-12-27,18 day ahead inc hosp,2021-01-14,06047,quantile,0.1,30.742459021859652
15197,2020-12-27,18 day ahead inc hosp,2021-01-14,06047,quantile,0.15,33.0773329820544
15198,2020-12-27,18 day ahead inc hosp,2021-01-14,06047,quantile,0.2,34.9330167886064
15199,2020-12-27,18 day ahead inc hosp,2021-01-14,06047,quantile,0.25,36.5250282614088
15200,2020-12-27,18 day ahead inc hosp,2021-01-14,06047,quantile,0.3,37.9547037671684
15201,2020-12-27,18 day ahead inc hosp,2021-01-14,06047,quantile,0.35,39.279511187497526
15202,2020-12-27,18 day ahead inc hosp,2021-01-14,06047,quantile,0.4,40.536623876189765
15203,2020-12-27,18 day ahead inc hosp,2021-01-14,06047,quantile,0.45,41.752894950946136
15204,2020-12-27,18 day ahead inc hosp,2021-01-14,06047,quantile,0.5,42.94988250732422
15205,2020-12-27,18 day ahead inc hosp,2021-01-14,06047,quantile,0.55,45.95687948151556
15206,2020-12-27,18 day ahead inc hosp,2021-01-14,06047,quantile,0.6,49.012319299666544
15207,2020-12-27,18 day ahead inc hosp,2021-01-14,06047,quantile,0.65,52.1703588556944
15208,2020-12-27,18 day ahead inc hosp,2021-01-14,06047,quantile,0.7,55.498456865643654
15209,2020-12-27,18 day ahead inc hosp,2021-01-14,06047,quantile,0.75,59.089997894610434
15210,2020-12-27,18 day ahead inc hosp,2021-01-14,06047,quantile,0.8,63.08934914608044
15211,2020-12-27,18 day ahead inc hosp,2021-01-14,06047,quantile,0.85,67.7510814770682
15212,2020-12-27,18 day ahead inc hosp,2021-01-14,06047,quantile,0.9,73.61660522124829
15213,2020-12-27,18 day ahead inc hosp,2021-01-14,06047,quantile,0.95,82.31019499016799
15214,2020-12-27,18 day ahead inc hosp,2021-01-14,06047,quantile,0.975,89.8505876050746
15215,2020-12-27,18 day ahead inc hosp,2021-01-14,06047,quantile,0.99,98.61792358144237
15216,2020-12-27,19 day ahead inc hosp,2021-01-15,06047,point,NA,41.391021728515625
15217,2020-12-27,19 day ahead inc hosp,2021-01-15,06047,quantile,0.01,21.875930724281165
15218,2020-12-27,19 day ahead inc hosp,2021-01-15,06047,quantile,0.025,24.949424171189314
15219,2020-12-27,19 day ahead inc hosp,2021-01-15,06047,quantile,0.05,27.592798093609858
15220,2020-12-27,19 day ahead inc hosp,2021-01-15,06047,quantile,0.1,30.640438934214693
15221,2020-12-27,19 day ahead inc hosp,2021-01-15,06047,quantile,0.15,32.696667740663415
15222,2020-12-27,19 day ahead inc hosp,2021-01-15,06047,quantile,0.2,34.33089321224921
15223,2020-12-27,19 day ahead inc hosp,2021-01-15,06047,quantile,0.25,35.73291315267465
15224,2020-12-27,19 day ahead inc hosp,2021-01-15,06047,quantile,0.3,36.99197039042458
15225,2020-12-27,19 day ahead inc hosp,2021-01-15,06047,quantile,0.35,38.1586745582378
15226,2020-12-27,19 day ahead inc hosp,2021-01-15,06047,quantile,0.4,39.26576272124322
15227,2020-12-27,19 day ahead inc hosp,2021-01-15,06047,quantile,0.45,40.336883331177894
15228,2020-12-27,19 day ahead inc hosp,2021-01-15,06047,quantile,0.5,41.391021728515625
15229,2020-12-27,19 day ahead inc hosp,2021-01-15,06047,quantile,0.55,44.267752863407985
15230,2020-12-27,19 day ahead inc hosp,2021-01-15,06047,quantile,0.6,47.190828254273164
15231,2020-12-27,19 day ahead inc hosp,2021-01-15,06047,quantile,0.65,50.21205866920902
15232,2020-12-27,19 day ahead inc hosp,2021-01-15,06047,quantile,0.7,53.395980451427974
15233,2020-12-27,19 day ahead inc hosp,2021-01-15,06047,quantile,0.75,56.83193266187229
15234,2020-12-27,19 day ahead inc hosp,2021-01-15,06047,quantile,0.8,60.658028385686066
15235,2020-12-27,19 day ahead inc hosp,2021-01-15,06047,quantile,0.85,65.11781023920562
15236,2020-12-27,19 day ahead inc hosp,2021-01-15,06047,quantile,0.9,70.72923416884593
15237,2020-12-27,19 day ahead inc hosp,2021-01-15,06047,quantile,0.95,79.04620973512783
15238,2020-12-27,19 day ahead inc hosp,2021-01-15,06047,quantile,0.975,86.25994569522058
15239,2020-12-27,19 day ahead inc hosp,2021-01-15,06047,quantile,0.99,94.64747271628175
15240,2020-12-27,20 day ahead inc hosp,2021-01-16,06047,point,NA,40.46532440185547
15241,2020-12-27,20 day ahead inc hosp,2021-01-16,06047,quantile,0.01,4.602482275557378
15242,2020-12-27,20 day ahead inc hosp,2021-01-16,06047,quantile,0.025,10.250634786799154
15243,2020-12-27,20 day ahead inc hosp,2021-01-16,06047,quantile,0.05,15.108357542996988
15244,2020-12-27,20 day ahead inc hosp,2021-01-16,06047,quantile,0.1,20.709000773436127
15245,2020-12-27,20 day ahead inc hosp,2021-01-16,06047,quantile,0.15,24.487728171900024
15246,2020-12-27,20 day ahead inc hosp,2021-01-16,06047,quantile,0.2,27.490940920102908
15247,2020-12-27,20 day ahead inc hosp,2021-01-16,06047,quantile,0.25,30.06743004692734
15248,2020-12-27,20 day ahead inc hosp,2021-01-16,06047,quantile,0.3,32.381196912559744
15249,2020-12-27,20 day ahead inc hosp,2021-01-16,06047,quantile,0.35,34.525246733762245
15250,2020-12-27,20 day ahead inc hosp,2021-01-16,06047,quantile,0.4,36.559740346994275
15251,2020-12-27,20 day ahead inc hosp,2021-01-16,06047,quantile,0.45,38.52813646279903
15252,2020-12-27,20 day ahead inc hosp,2021-01-16,06047,quantile,0.5,40.46532440185547
15253,2020-12-27,20 day ahead inc hosp,2021-01-16,06047,quantile,0.55,43.39253262371219
15254,2020-12-27,20 day ahead inc hosp,2021-01-16,06047,quantile,0.6,46.36689828947253
15255,2020-12-27,20 day ahead inc hosp,2021-01-16,06047,quantile,0.65,49.44114127431608
15256,2020-12-27,20 day ahead inc hosp,2021-01-16,06047,quantile,0.7,52.68093032015917
15257,2020-12-27,20 day ahead inc hosp,2021-01-16,06047,quantile,0.75,56.1771720920534
15258,2020-12-27,20 day ahead inc hosp,2021-01-16,06047,quantile,0.8,60.07040310155391
15259,2020-12-27,20 day ahead inc hosp,2021-01-16,06047,quantile,0.85,64.60843932988513
15260,2020-12-27,20 day ahead inc hosp,2021-01-16,06047,quantile,0.9,70.31832513184114
15261,2020-12-27,20 day ahead inc hosp,2021-01-16,06047,quantile,0.95,78.78123602515018
15262,2020-12-27,20 day ahead inc hosp,2021-01-16,06047,quantile,0.975,86.12154911752305
15263,2020-12-27,20 day ahead inc hosp,2021-01-16,06047,quantile,0.99,94.65624940956627
15264,2020-12-27,21 day ahead inc hosp,2021-01-17,06047,point,NA,48.215702056884766
15265,2020-12-27,21 day ahead inc hosp,2021-01-17,06047,quantile,0.01,11.462715322025836
15266,2020-12-27,21 day ahead inc hosp,2021-01-17,06047,quantile,0.025,17.251059524949643
15267,2020-12-27,21 day ahead inc hosp,2021-01-17,06047,quantile,0.05,22.229354870070704
15268,2020-12-27,21 day ahead inc hosp,2021-01-17,06047,quantile,0.1,27.969010573600826
15269,2020-12-27,21 day ahead inc hosp,2021-01-17,06047,quantile,0.15,31.841529027696012
15270,2020-12-27,21 day ahead inc hosp,2021-01-17,06047,quantile,0.2,34.919283933677676
15271,2020-12-27,21 day ahead inc hosp,2021-01-17,06047,quantile,0.25,37.55972359451671
15272,2020-12-27,21 day ahead inc hosp,2021-01-17,06047,quantile,0.3,39.93092001616858
15273,2020-12-27,21 day ahead inc hosp,2021-01-17,06047,quantile,0.35,42.12818687973789
15274,2020-12-27,21 day ahead inc hosp,2021-01-17,06047,quantile,0.4,44.213178262070095
15275,2020-12-27,21 day ahead inc hosp,2021-01-17,06047,quantile,0.45,46.2304315538852
15276,2020-12-27,21 day ahead inc hosp,2021-01-17,06047,quantile,0.5,48.215702056884766
15277,2020-12-27,21 day ahead inc hosp,2021-01-17,06047,quantile,0.55,51.08879796524562
15278,2020-12-27,21 day ahead inc hosp,2021-01-17,06047,quantile,0.6,54.00817956593153
15279,2020-12-27,21 day ahead inc hosp,2021-01-17,06047,quantile,0.65,57.02559215554859
15280,2020-12-27,21 day ahead inc hosp,2021-01-17,06047,quantile,0.7,60.20549052494436
15281,2020-12-27,21 day ahead inc hosp,2021-01-17,06047,quantile,0.75,63.637100840352005
15282,2020-12-27,21 day ahead inc hosp,2021-01-17,06047,quantile,0.8,67.45836165814394
15283,2020-12-27,21 day ahead inc hosp,2021-01-17,06047,quantile,0.85,71.91250783819997
15284,2020-12-27,21 day ahead inc hosp,2021-01-17,06047,quantile,0.9,77.51684080375915
15285,2020-12-27,21 day ahead inc hosp,2021-01-17,06047,quantile,0.95,85.82330649309297
15286,2020-12-27,21 day ahead inc hosp,2021-01-17,06047,quantile,0.975,93.02792670231304
15287,2020-12-27,21 day ahead inc hosp,2021-01-17,06047,quantile,0.99,101.40485469297094
15288,2020-12-27,22 day ahead inc hosp,2021-01-18,06047,point,NA,35.01679992675781
15289,2020-12-27,22 day ahead inc hosp,2021-01-18,06047,quantile,0.01,13.794515201966565
15290,2020-12-27,22 day ahead inc hosp,2021-01-18,06047,quantile,0.025,17.13687999113981
15291,2020-12-27,22 day ahead inc hosp,2021-01-18,06047,quantile,0.05,20.011498100966946
15292,2020-12-27,22 day ahead inc hosp,2021-01-18,06047,quantile,0.1,23.325748679874515
15293,2020-12-27,22 day ahead inc hosp,2021-01-18,06047,quantile,0.15,25.561857811023522
15294,2020-12-27,22 day ahead inc hosp,2021-01-18,06047,quantile,0.2,27.339046462358766
15295,2020-12-27,22 day ahead inc hosp,2021-01-18,06047,quantile,0.25,28.86371608132633
15296,2020-12-27,22 day ahead inc hosp,2021-01-18,06047,quantile,0.3,30.23291652105476
15297,2020-12-27,22 day ahead inc hosp,2021-01-18,06047,quantile,0.35,31.501684780119515
15298,2020-12-27,22 day ahead inc hosp,2021-01-18,06047,quantile,0.4,32.7056217848534
15299,2020-12-27,22 day ahead inc hosp,2021-01-18,06047,quantile,0.45,33.870444769982875
15300,2020-12-27,22 day ahead inc hosp,2021-01-18,06047,quantile,0.5,35.01679992675781
15301,2020-12-27,22 day ahead inc hosp,2021-01-18,06047,quantile,0.55,37.99398813926279
15302,2020-12-27,22 day ahead inc hosp,2021-01-18,06047,quantile,0.6,41.019138975360256
15303,2020-12-27,22 day ahead inc hosp,2021-01-18,06047,quantile,0.65,44.14587246446164
15304,2020-12-27,22 day ahead inc hosp,2021-01-18,06047,quantile,0.7,47.44097859537047
15305,2020-12-27,22 day ahead inc hosp,2021-01-18,06047,quantile,0.75,50.99691619954564
15306,2020-12-27,22 day ahead inc hosp,2021-01-18,06047,quantile,0.8,54.95662134914778
15307,2020-12-27,22 day ahead inc hosp,2021-01-18,06047,quantile,0.85,59.57214130636439
15308,2020-12-27,22 day ahead inc hosp,2021-01-18,06047,quantile,0.9,65.37951933208963
15309,2020-12-27,22 day ahead inc hosp,2021-01-18,06047,quantile,0.95,73.98692838721252
15310,2020-12-27,22 day ahead inc hosp,2021-01-18,06047,quantile,0.975,81.45257208537309
15311,2020-12-27,22 day ahead inc hosp,2021-01-18,06047,quantile,0.99,90.13299629196294
15312,2020-12-27,23 day ahead inc hosp,2021-01-19,06047,point,NA,36.19213104248047
15313,2020-12-27,23 day ahead inc hosp,2021-01-19,06047,quantile,0.01,15.891676660366663
15314,2020-12-27,23 day ahead inc hosp,2021-01-19,06047,quantile,0.025,19.0888594713075
15315,2020-12-27,23 day ahead inc hosp,2021-01-19,06047,quantile,0.05,21.838613070474615
15316,2020-12-27,23 day ahead inc hosp,2021-01-19,06047,quantile,0.1,25.008902865400035
15317,2020-12-27,23 day ahead inc hosp,2021-01-19,06047,quantile,0.15,27.147882339051648
15318,2020-12-27,23 day ahead inc hosp,2021-01-19,06047,quantile,0.2,28.847875417680758
15319,2020-12-27,23 day ahead inc hosp,2021-01-19,06047,quantile,0.25,30.306318108890594
15320,2020-12-27,23 day ahead inc hosp,2021-01-19,06047,quantile,0.3,31.616044720663332
15321,2020-12-27,23 day ahead inc hosp,2021-01-19,06047,quantile,0.35,32.82970161475494
15322,2020-12-27,23 day ahead inc hosp,2021-01-19,06047,quantile,0.4,33.98134332348144
15323,2020-12-27,23 day ahead inc hosp,2021-01-19,06047,quantile,0.45,35.095570004515245
15324,2020-12-27,23 day ahead inc hosp,2021-01-19,06047,quantile,0.5,36.19213104248047
15325,2020-12-27,23 day ahead inc hosp,2021-01-19,06047,quantile,0.55,38.62701353891601
15326,2020-12-27,23 day ahead inc hosp,2021-01-19,06047,quantile,0.6,41.10112209172848
15327,2020-12-27,23 day ahead inc hosp,2021-01-19,06047,quantile,0.65,43.658309645963115
15328,2020-12-27,23 day ahead inc hosp,2021-01-19,06047,quantile,0.7,46.35320014981093
15329,2020-12-27,23 day ahead inc hosp,2021-01-19,06047,quantile,0.75,49.261410720595784
15330,2020-12-27,23 day ahead inc hosp,2021-01-19,06047,quantile,0.8,52.49984110242902
15331,2020-12-27,23 day ahead inc hosp,2021-01-19,06047,quantile,0.85,56.274627227327684
15332,2020-12-27,23 day ahead inc hosp,2021-01-19,06047,quantile,0.9,61.024170116698876
15333,2020-12-27,23 day ahead inc hosp,2021-01-19,06047,quantile,0.95,68.06370814790233
15334,2020-12-27,23 day ahead inc hosp,2021-01-19,06047,quantile,0.975,74.16945755565668
15335,2020-12-27,23 day ahead inc hosp,2021-01-19,06047,quantile,0.99,81.26871076157929
15336,2020-12-27,24 day ahead inc hosp,2021-01-20,06047,point,NA,38.12358856201172
15337,2020-12-27,24 day ahead inc hosp,2021-01-20,06047,quantile,0.01,17.781152024269254
15338,2020-12-27,24 day ahead inc hosp,2021-01-20,06047,quantile,0.025,20.984946737772255
15339,2020-12-27,24 day ahead inc hosp,2021-01-20,06047,quantile,0.05,23.7403869379074
15340,2020-12-27,24 day ahead inc hosp,2021-01-20,06047,quantile,0.1,26.91723301955691
15341,2020-12-27,24 day ahead inc hosp,2021-01-20,06047,quantile,0.15,29.060635988735225
15342,2020-12-27,24 day ahead inc hosp,2021-01-20,06047,quantile,0.2,30.7641447213813
15343,2020-12-27,24 day ahead inc hosp,2021-01-20,06047,quantile,0.25,32.22560353069792
15344,2020-12-27,24 day ahead inc hosp,2021-01-20,06047,quantile,0.3,33.538038709747596
15345,2020-12-27,24 day ahead inc hosp,2021-01-20,06047,quantile,0.35,34.754205495078516
15346,2020-12-27,24 day ahead inc hosp,2021-01-20,06047,quantile,0.4,35.908228845148315
15347,2020-12-27,24 day ahead inc hosp,2021-01-20,06047,quantile,0.45,37.02475979174427
15348,2020-12-27,24 day ahead inc hosp,2021-01-20,06047,quantile,0.5,38.12358856201172
15349,2020-12-27,24 day ahead inc hosp,2021-01-20,06047,quantile,0.55,40.710640054374565
15350,2020-12-27,24 day ahead inc hosp,2021-01-20,06047,quantile,0.6,43.33936905184824
15351,2020-12-27,24 day ahead inc hosp,2021-01-20,06047,quantile,0.65,46.05636910754664
15352,2020-12-27,24 day ahead inc hosp,2021-01-20,06047,quantile,0.7,48.91967791605798
15353,2020-12-27,24 day ahead inc hosp,2021-01-20,06047,quantile,0.75,52.00963831795352
15354,2020-12-27,24 day ahead inc hosp,2021-01-20,06047,quantile,0.8,55.45045575555041
15355,2020-12-27,24 day ahead inc hosp,2021-01-20,06047,quantile,0.85,59.461148711808306
15356,2020-12-27,24 day ahead inc hosp,2021-01-20,06047,quantile,0.9,64.5075162625943
15357,2020-12-27,24 day ahead inc hosp,2021-01-20,06047,quantile,0.95,71.9869931555574
15358,2020-12-27,24 day ahead inc hosp,2021-01-20,06047,quantile,0.975,78.47432391605541
15359,2020-12-27,24 day ahead inc hosp,2021-01-20,06047,quantile,0.99,86.01724790845762
15360,2020-12-27,25 day ahead inc hosp,2021-01-21,06047,point,NA,41.28611373901367
15361,2020-12-27,25 day ahead inc hosp,2021-01-21,06047,quantile,0.01,17.845266325770922
15362,2020-12-27,25 day ahead inc hosp,2021-01-21,06047,quantile,0.025,21.537039574429755
15363,2020-12-27,25 day ahead inc hosp,2021-01-21,06047,quantile,0.05,24.71216823553413
15364,2020-12-27,25 day ahead inc hosp,2021-01-21,06047,quantile,0.1,28.372888234199962
15365,2020-12-27,25 day ahead inc hosp,2021-01-21,06047,quantile,0.15,30.84275863799261
15366,2020-12-27,25 day ahead inc hosp,2021-01-21,06047,quantile,0.2,32.805733338441875
15367,2020-12-27,25 day ahead inc hosp,2021-01-21,06047,quantile,0.25,34.48979084484578
15368,2020-12-27,25 day ahead inc hosp,2021-01-21,06047,quantile,0.3,36.002126533581794
15369,2020-12-27,25 day ahead inc hosp,2021-01-21,06047,quantile,0.35,37.403530932268424
15370,2020-12-27,25 day ahead inc hosp,2021-01-21,06047,quantile,0.4,38.733326662987096
15371,2020-12-27,25 day ahead inc hosp,2021-01-21,06047,quantile,0.45,40.019919422058024
15372,2020-12-27,25 day ahead inc hosp,2021-01-21,06047,quantile,0.5,41.28611373901367
15373,2020-12-27,25 day ahead inc hosp,2021-01-21,06047,quantile,0.55,44.42374877554108
15374,2020-12-27,25 day ahead inc hosp,2021-01-21,06047,quantile,0.6,47.611931240543264
15375,2020-12-27,25 day ahead inc hosp,2021-01-21,06047,quantile,0.65,50.90717085760247
15376,2020-12-27,25 day ahead inc hosp,2021-01-21,06047,quantile,0.7,54.379857066015475
15377,2020-12-27,25 day ahead inc hosp,2021-01-21,06047,quantile,0.75,58.12743149470023
15378,2020-12-27,25 day ahead inc hosp,2021-01-21,06047,quantile,0.8,62.30053333607026
15379,2020-12-27,25 day ahead inc hosp,2021-01-21,06047,quantile,0.85,67.16479320003413
15380,2020-12-27,25 day ahead inc hosp,2021-01-21,06047,quantile,0.9,73.28514282634933
15381,2020-12-27,25 day ahead inc hosp,2021-01-21,06047,quantile,0.95,82.35642293945762
15382,2020-12-27,25 day ahead inc hosp,2021-01-21,06047,quantile,0.975,90.22440560148405
15383,2020-12-27,25 day ahead inc hosp,2021-01-21,06047,quantile,0.99,99.37263580343048
15384,2020-12-27,26 day ahead inc hosp,2021-01-22,06047,point,NA,36.395023345947266
15385,2020-12-27,26 day ahead inc hosp,2021-01-22,06047,quantile,0.01,16.80038743826674
15386,2020-12-27,26 day ahead inc hosp,2021-01-22,06047,quantile,0.025,19.886408663775736
15387,2020-12-27,26 day ahead inc hosp,2021-01-22,06047,quantile,0.05,22.54055716692384
15388,2020-12-27,26 day ahead inc hosp,2021-01-22,06047,quantile,0.1,25.600620409061495
15389,2020-12-27,26 day ahead inc hosp,2021-01-22,06047,quantile,0.15,27.665230550848936
15390,2020-12-27,26 day ahead inc hosp,2021-01-22,06047,quantile,0.2,29.3061172420682
15391,2020-12-27,26 day ahead inc hosp,2021-01-22,06047,quantile,0.25,30.713851915812914
15392,2020-12-27,26 day ahead inc hosp,2021-01-22,06047,quantile,0.3,31.978041160704812
15393,2020-12-27,26 day ahead inc hosp,2021-01-22,06047,quantile,0.35,33.14950089795702
15394,2020-12-27,26 day ahead inc hosp,2021-01-22,06047,quantile,0.4,34.261101631311895
15395,2020-12-27,26 day ahead inc hosp,2021-01-22,06047,quantile,0.45,35.33658820528321
15396,2020-12-27,26 day ahead inc hosp,2021-01-22,06047,quantile,0.5,36.395023345947266
15397,2020-12-27,26 day ahead inc hosp,2021-01-22,06047,quantile,0.55,39.28943543462104
15398,2020-12-27,26 day ahead inc hosp,2021-01-22,06047,quantile,0.6,42.23047662015456
15399,2020-12-27,26 day ahead inc hosp,2021-01-22,06047,quantile,0.65,45.270276109788284
15400,2020-12-27,26 day ahead inc hosp,2021-01-22,06047,quantile,0.7,48.47376689975783
15401,2020-12-27,26 day ahead inc hosp,2021-01-22,06047,quantile,0.75,51.93083714639647
15402,2020-12-27,26 day ahead inc hosp,2021-01-22,06047,quantile,0.8,55.78044880495837
15403,2020-12-27,26 day ahead inc hosp,2021-01-22,06047,quantile,0.85,60.26764135246698
15404,2020-12-27,26 day ahead inc hosp,2021-01-22,06047,quantile,0.9,65.91355419417297
15405,2020-12-27,26 day ahead inc hosp,2021-01-22,06047,quantile,0.95,74.28164752353149
15406,2020-12-27,26 day ahead inc hosp,2021-01-22,06047,quantile,0.975,81.53972051969785
15407,2020-12-27,26 day ahead inc hosp,2021-01-22,06047,quantile,0.99,89.97879892691431
15408,2020-12-27,27 day ahead inc hosp,2021-01-23,06047,point,NA,37.54898452758789
15409,2020-12-27,27 day ahead inc hosp,2021-01-23,06047,quantile,0.01,0.19639818766275852
15410,2020-12-27,27 day ahead inc hosp,2021-01-23,06047,quantile,0.025,6.079175230102393
15411,2020-12-27,27 day ahead inc hosp,2021-01-23,06047,quantile,0.05,11.138688026865456
15412,2020-12-27,27 day ahead inc hosp,2021-01-23,06047,quantile,0.1,16.971982250657348
15413,2020-12-27,27 day ahead inc hosp,2021-01-23,06047,quantile,0.15,20.907678169823278
15414,2020-12-27,27 day ahead inc hosp,2021-01-23,06047,quantile,0.2,24.03564452227677
15415,2020-12-27,27 day ahead inc hosp,2021-01-23,06047,quantile,0.25,26.719161133276668
15416,2020-12-27,27 day ahead inc hosp,2021-01-23,06047,quantile,0.3,29.129041987522097
15417,2020-12-27,27 day ahead inc hosp,2021-01-23,06047,quantile,0.35,31.362155743022278
15418,2020-12-27,27 day ahead inc hosp,2021-01-23,06047,quantile,0.4,33.48116232032168
15419,2020-12-27,27 day ahead inc hosp,2021-01-23,06047,quantile,0.45,35.531325706922175
15420,2020-12-27,27 day ahead inc hosp,2021-01-23,06047,quantile,0.5,37.54898452758789
15421,2020-12-27,27 day ahead inc hosp,2021-01-23,06047,quantile,0.55,40.55583841282035
15422,2020-12-27,27 day ahead inc hosp,2021-01-23,06047,quantile,0.6,43.611132836843495
15423,2020-12-27,27 day ahead inc hosp,2021-01-23,06047,quantile,0.65,46.769022116500594
15424,2020-12-27,27 day ahead inc hosp,2021-01-23,06047,quantile,0.7,50.09696175779055
15425,2020-12-27,27 day ahead inc hosp,2021-01-23,06047,quantile,0.75,53.68833188207369
15426,2020-12-27,27 day ahead inc hosp,2021-01-23,06047,quantile,0.8,57.68749282307391
15427,2020-12-27,27 day ahead inc hosp,2021-01-23,06047,quantile,0.85,62.349003323966215
15428,2020-12-27,27 day ahead inc hosp,2021-01-23,06047,quantile,0.9,68.21424795523299
15429,2020-12-27,27 day ahead inc hosp,2021-01-23,06047,quantile,0.95,76.9074240367697
15430,2020-12-27,27 day ahead inc hosp,2021-01-23,06047,quantile,0.975,84.44745783956637
15431,2020-12-27,27 day ahead inc hosp,2021-01-23,06047,quantile,0.99,93.21437661931314
15432,2020-12-27,28 day ahead inc hosp,2021-01-24,06047,point,NA,36.9827880859375
15433,2020-12-27,28 day ahead inc hosp,2021-01-24,06047,quantile,0.01,0.16240760053522507
15434,2020-12-27,28 day ahead inc hosp,2021-01-24,06047,quantile,0.025,5.9613658585312095
15435,2020-12-27,28 day ahead inc hosp,2021-01-24,06047,quantile,0.05,10.94878987656913
15436,2020-12-27,28 day ahead inc hosp,2021-01-24,06047,quantile,0.1,16.698970355336677
15437,2020-12-27,28 day ahead inc hosp,2021-01-24,06047,quantile,0.15,20.57858982531807
15438,2020-12-27,28 day ahead inc hosp,2021-01-24,06047,quantile,0.2,23.661988393619303
15439,2020-12-27,28 day ahead inc hosp,2021-01-24,06047,quantile,0.25,26.307269814207316
15440,2020-12-27,28 day ahead inc hosp,2021-01-24,06047,quantile,0.3,28.682814285754635
15441,2020-12-27,28 day ahead inc hosp,2021-01-24,06047,quantile,0.35,30.884110265541054
15442,2020-12-27,28 day ahead inc hosp,2021-01-24,06047,quantile,0.4,32.97292488515516
15443,2020-12-27,28 day ahead inc hosp,2021-01-24,06047,quantile,0.45,34.99387720328646
15444,2020-12-27,28 day ahead inc hosp,2021-01-24,06047,quantile,0.5,36.9827880859375
15445,2020-12-27,28 day ahead inc hosp,2021-01-24,06047,quantile,0.55,39.823536542071885
15446,2020-12-27,28 day ahead inc hosp,2021-01-24,06047,quantile,0.6,42.710049571755974
15447,2020-12-27,28 day ahead inc hosp,2021-01-24,06047,quantile,0.65,45.69348988453183
15448,2020-12-27,28 day ahead inc hosp,2021-01-24,06047,quantile,0.7,48.83758659123695
15449,2020-12-27,28 day ahead inc hosp,2021-01-24,06047,quantile,0.75,52.230561283512614
15450,2020-12-27,28 day ahead inc hosp,2021-01-24,06047,quantile,0.8,56.00879950279377
15451,2020-12-27,28 day ahead inc hosp,2021-01-24,06047,quantile,0.85,60.4127975898642
15452,2020-12-27,28 day ahead inc hosp,2021-01-24,06047,quantile,0.9,65.95403280350459
15453,2020-12-27,28 day ahead inc hosp,2021-01-24,06047,quantile,0.95,74.1669781194758
15454,2020-12-27,28 day ahead inc hosp,2021-01-24,06047,quantile,0.975,81.29048335186917
15455,2020-12-27,28 day ahead inc hosp,2021-01-24,06047,quantile,0.99,89.57309765212997
15456,2020-12-27,1 day ahead inc hosp,2020-12-28,06049,point,NA,0.3556402325630188
15457,2020-12-27,1 day ahead inc hosp,2020-12-28,06049,quantile,0.01,0.16358273466212592
15458,2020-12-27,1 day ahead inc hosp,2020-12-28,06049,quantile,0.025,0.1938304778624977
15459,2020-12-27,1 day ahead inc hosp,2020-12-28,06049,quantile,0.05,0.21984520571830943
15460,2020-12-27,1 day ahead inc hosp,2020-12-28,06049,quantile,0.1,0.24983852085171734
15461,2020-12-27,1 day ahead inc hosp,2020-12-28,06049,quantile,0.15,0.27007486817864457
15462,2020-12-27,1 day ahead inc hosp,2020-12-28,06049,quantile,0.2,0.28615807552882144
15463,2020-12-27,1 day ahead inc hosp,2020-12-28,06049,quantile,0.25,0.2999560353593363
15464,2020-12-27,1 day ahead inc hosp,2020-12-28,06049,quantile,0.3,0.3123470297310147
15465,2020-12-27,1 day ahead inc hosp,2020-12-28,06049,quantile,0.35,0.3238291326436852
15466,2020-12-27,1 day ahead inc hosp,2020-12-28,06049,quantile,0.4,0.33472452547051756
15467,2020-12-27,1 day ahead inc hosp,2020-12-28,06049,quantile,0.45,0.3452659441218318
15468,2020-12-27,1 day ahead inc hosp,2020-12-28,06049,quantile,0.5,0.3556402325630188
15469,2020-12-27,1 day ahead inc hosp,2020-12-28,06049,quantile,0.55,0.38253730545720116
15470,2020-12-27,1 day ahead inc hosp,2020-12-28,06049,quantile,0.6,0.4098676912932878
15471,2020-12-27,1 day ahead inc hosp,2020-12-28,06049,quantile,0.65,0.4381158142113482
15472,2020-12-27,1 day ahead inc hosp,2020-12-28,06049,quantile,0.7,0.4678850808720376
15473,2020-12-27,1 day ahead inc hosp,2020-12-28,06049,quantile,0.75,0.5000108002151857
15474,2020-12-27,1 day ahead inc hosp,2020-12-28,06049,quantile,0.8,0.5357843121486843
15475,2020-12-27,1 day ahead inc hosp,2020-12-28,06049,quantile,0.85,0.5774827093855036
15476,2020-12-27,1 day ahead inc hosp,2020-12-28,06049,quantile,0.9,0.6299488146273278
15477,2020-12-27,1 day ahead inc hosp,2020-12-28,06049,quantile,0.95,0.7077114860678719
15478,2020-12-27,1 day ahead inc hosp,2020-12-28,06049,quantile,0.975,0.7751590064859593
15479,2020-12-27,1 day ahead inc hosp,2020-12-28,06049,quantile,0.99,0.8535813251208386
15480,2020-12-27,2 day ahead inc hosp,2020-12-29,06049,point,NA,0.37989869713783264
15481,2020-12-27,2 day ahead inc hosp,2020-12-29,06049,quantile,0.01,0.1702569389361821
15482,2020-12-27,2 day ahead inc hosp,2020-12-29,06049,quantile,0.025,0.20327408294495283
15483,2020-12-27,2 day ahead inc hosp,2020-12-29,06049,quantile,0.05,0.23167064827792475
15484,2020-12-27,2 day ahead inc hosp,2020-12-29,06049,quantile,0.1,0.2644100694803634
15485,2020-12-27,2 day ahead inc hosp,2020-12-29,06049,quantile,0.15,0.28649920153489783
15486,2020-12-27,2 day ahead inc hosp,2020-12-29,06049,quantile,0.2,0.3040549434521058
15487,2020-12-27,2 day ahead inc hosp,2020-12-29,06049,quantile,0.25,0.3191162068241693
15488,2020-12-27,2 day ahead inc hosp,2020-12-29,06049,quantile,0.3,0.33264168682019574
15489,2020-12-27,2 day ahead inc hosp,2020-12-29,06049,quantile,0.35,0.34517505973598106
15490,2020-12-27,2 day ahead inc hosp,2020-12-29,06049,quantile,0.4,0.3570680049918516
15491,2020-12-27,2 day ahead inc hosp,2020-12-29,06049,quantile,0.45,0.3685745671628405
15492,2020-12-27,2 day ahead inc hosp,2020-12-29,06049,quantile,0.5,0.37989869713783264
15493,2020-12-27,2 day ahead inc hosp,2020-12-29,06049,quantile,0.55,0.40299048305184065
15494,2020-12-27,2 day ahead inc hosp,2020-12-29,06049,quantile,0.6,0.4264542785792213
15495,2020-12-27,2 day ahead inc hosp,2020-12-29,06049,quantile,0.65,0.4507059735299206
15496,2020-12-27,2 day ahead inc hosp,2020-12-29,06049,quantile,0.7,0.4762636070780061
15497,2020-12-27,2 day ahead inc hosp,2020-12-29,06049,quantile,0.75,0.5038443120983629
15498,2020-12-27,2 day ahead inc hosp,2020-12-29,06049,quantile,0.8,0.5345567350527296
15499,2020-12-27,2 day ahead inc hosp,2020-12-29,06049,quantile,0.85,0.570355814965182
15500,2020-12-27,2 day ahead inc hosp,2020-12-29,06049,quantile,0.9,0.6153992319478553
15501,2020-12-27,2 day ahead inc hosp,2020-12-29,06049,quantile,0.95,0.6821603612376814
15502,2020-12-27,2 day ahead inc hosp,2020-12-29,06049,quantile,0.975,0.7400656845437734
15503,2020-12-27,2 day ahead inc hosp,2020-12-29,06049,quantile,0.99,0.807393136862514
15504,2020-12-27,3 day ahead inc hosp,2020-12-30,06049,point,NA,0.3842417597770691
15505,2020-12-27,3 day ahead inc hosp,2020-12-30,06049,quantile,0.01,0.18146823442590623
15506,2020-12-27,3 day ahead inc hosp,2020-12-30,06049,quantile,0.025,0.21340367870531202
15507,2020-12-27,3 day ahead inc hosp,2020-12-30,06049,quantile,0.05,0.2408699225959626
15508,2020-12-27,3 day ahead inc hosp,2020-12-30,06049,quantile,0.1,0.27253674275680795
15509,2020-12-27,3 day ahead inc hosp,2020-12-30,06049,quantile,0.15,0.2939021959807643
15510,2020-12-27,3 day ahead inc hosp,2020-12-30,06049,quantile,0.2,0.31088278090451454
15511,2020-12-27,3 day ahead inc hosp,2020-12-30,06049,quantile,0.25,0.32545061078914106
15512,2020-12-27,3 day ahead inc hosp,2020-12-30,06049,quantile,0.3,0.3385329722632461
15513,2020-12-27,3 day ahead inc hosp,2020-12-30,06049,quantile,0.35,0.3506557298306101
15514,2020-12-27,3 day ahead inc hosp,2020-12-30,06049,quantile,0.4,0.36215904127499143
15515,2020-12-27,3 day ahead inc hosp,2020-12-30,06049,quantile,0.45,0.3732886282241691
15516,2020-12-27,3 day ahead inc hosp,2020-12-30,06049,quantile,0.5,0.3842417597770691
15517,2020-12-27,3 day ahead inc hosp,2020-12-30,06049,quantile,0.55,0.4093924155999398
15518,2020-12-27,3 day ahead inc hosp,2020-12-30,06049,quantile,0.6,0.4349482495144305
15519,2020-12-27,3 day ahead inc hosp,2020-12-30,06049,quantile,0.65,0.46136223217898836
15520,2020-12-27,3 day ahead inc hosp,2020-12-30,06049,quantile,0.7,0.48919859128125337
15521,2020-12-27,3 day ahead inc hosp,2020-12-30,06049,quantile,0.75,0.5192383994581653
15522,2020-12-27,3 day ahead inc hosp,2020-12-30,06049,quantile,0.8,0.5526891503913416
15523,2020-12-27,3 day ahead inc hosp,2020-12-30,06049,quantile,0.85,0.591680085999633
15524,2020-12-27,3 day ahead inc hosp,2020-12-30,06049,quantile,0.9,0.6407395862841059
15525,2020-12-27,3 day ahead inc hosp,2020-12-30,06049,quantile,0.95,0.7134531560083089
15526,2020-12-27,3 day ahead inc hosp,2020-12-30,06049,quantile,0.975,0.776521333680098
15527,2020-12-27,3 day ahead inc hosp,2020-12-30,06049,quantile,0.99,0.8498517199484105
15528,2020-12-27,4 day ahead inc hosp,2020-12-31,06049,point,NA,0.42278802394866943
15529,2020-12-27,4 day ahead inc hosp,2020-12-31,06049,quantile,0.01,0.18586983451118622
15530,2020-12-27,4 day ahead inc hosp,2020-12-31,06049,quantile,0.025,0.22318283000433803
15531,2020-12-27,4 day ahead inc hosp,2020-12-31,06049,quantile,0.05,0.25527406460684354
15532,2020-12-27,4 day ahead inc hosp,2020-12-31,06049,quantile,0.1,0.29227320285606595
15533,2020-12-27,4 day ahead inc hosp,2020-12-31,06049,quantile,0.15,0.31723634577901333
15534,2020-12-27,4 day ahead inc hosp,2020-12-31,06049,quantile,0.2,0.3370762604264373
15535,2020-12-27,4 day ahead inc hosp,2020-12-31,06049,quantile,0.25,0.3540971406144297
15536,2020-12-27,4 day ahead inc hosp,2020-12-31,06049,quantile,0.3,0.3693824170756641
15537,2020-12-27,4 day ahead inc hosp,2020-12-31,06049,quantile,0.35,0.38354650367856524
15538,2020-12-27,4 day ahead inc hosp,2020-12-31,06049,quantile,0.4,0.3969868367556696
15539,2020-12-27,4 day ahead inc hosp,2020-12-31,06049,quantile,0.45,0.4099905145514755
15540,2020-12-27,4 day ahead inc hosp,2020-12-31,06049,quantile,0.5,0.42278802394866943
15541,2020-12-27,4 day ahead inc hosp,2020-12-31,06049,quantile,0.55,0.4536930033014381
15542,2020-12-27,4 day ahead inc hosp,2020-12-31,06049,quantile,0.6,0.48509586313270797
15543,2020-12-27,4 day ahead inc hosp,2020-12-31,06049,quantile,0.65,0.5175532111486683
15544,2020-12-27,4 day ahead inc hosp,2020-12-31,06049,quantile,0.7,0.5517583670448201
15545,2020-12-27,4 day ahead inc hosp,2020-12-31,06049,quantile,0.75,0.5886711083270723
15546,2020-12-27,4 day ahead inc hosp,2020-12-31,06049,quantile,0.8,0.6297751961967946
15547,2020-12-27,4 day ahead inc hosp,2020-12-31,06049,quantile,0.85,0.67768703071936
15548,2020-12-27,4 day ahead inc hosp,2020-12-31,06049,quantile,0.9,0.7379710588586997
15549,2020-12-27,4 day ahead inc hosp,2020-12-31,06049,quantile,0.95,0.827321069721999
15550,2020-12-27,4 day ahead inc hosp,2020-12-31,06049,quantile,0.975,0.904818879023296
15551,2020-12-27,4 day ahead inc hosp,2020-12-31,06049,quantile,0.99,0.9949268304625548
15552,2020-12-27,5 day ahead inc hosp,2021-01-01,06049,point,NA,0.4213283360004425
15553,2020-12-27,5 day ahead inc hosp,2021-01-01,06049,quantile,0.01,0.21901726287934037
15554,2020-12-27,5 day ahead inc hosp,2021-01-01,06049,quantile,0.025,0.2508798740933871
15555,2020-12-27,5 day ahead inc hosp,2021-01-01,06049,quantile,0.05,0.278283477529784
15556,2020-12-27,5 day ahead inc hosp,2021-01-01,06049,quantile,0.1,0.30987807725861305
15557,2020-12-27,5 day ahead inc hosp,2021-01-01,06049,quantile,0.15,0.3311948036999553
15558,2020-12-27,5 day ahead inc hosp,2021-01-01,06049,quantile,0.2,0.34813666212155436
15559,2020-12-27,5 day ahead inc hosp,2021-01-01,06049,quantile,0.25,0.3626712681156083
15560,2020-12-27,5 day ahead inc hosp,2021-01-01,06049,quantile,0.3,0.3757237935091516
15561,2020-12-27,5 day ahead inc hosp,2021-01-01,06049,quantile,0.35,0.3878189035014103
15562,2020-12-27,5 day ahead inc hosp,2021-01-01,06049,quantile,0.4,0.3992959801006789
15563,2020-12-27,5 day ahead inc hosp,2021-01-01,06049,quantile,0.45,0.41040018453359667
15564,2020-12-27,5 day ahead inc hosp,2021-01-01,06049,quantile,0.5,0.4213283360004425
15565,2020-12-27,5 day ahead inc hosp,2021-01-01,06049,quantile,0.55,0.4513067424404736
15566,2020-12-27,5 day ahead inc hosp,2021-01-01,06049,quantile,0.6,0.4817681022315714
15567,2020-12-27,5 day ahead inc hosp,2021-01-01,06049,quantile,0.65,0.5132523352310936
15568,2020-12-27,5 day ahead inc hosp,2021-01-01,06049,quantile,0.7,0.5464319744761075
15569,2020-12-27,5 day ahead inc hosp,2021-01-01,06049,quantile,0.75,0.5822380220499893
15570,2020-12-27,5 day ahead inc hosp,2021-01-01,06049,quantile,0.8,0.6221097539945342
15571,2020-12-27,5 day ahead inc hosp,2021-01-01,06049,quantile,0.85,0.6685851271766329
15572,2020-12-27,5 day ahead inc hosp,2021-01-01,06049,quantile,0.9,0.7270617589444355
15573,2020-12-27,5 day ahead inc hosp,2021-01-01,06049,quantile,0.95,0.813732936119683
15574,2020-12-27,5 day ahead inc hosp,2021-01-01,06049,quantile,0.975,0.8889072567017213
15575,2020-12-27,5 day ahead inc hosp,2021-01-01,06049,quantile,0.99,0.9763136503734481
15576,2020-12-27,6 day ahead inc hosp,2021-01-02,06049,point,NA,0.44924983382225037
15577,2020-12-27,6 day ahead inc hosp,2021-01-02,06049,quantile,0.01,0.05316370194100578
15578,2020-12-27,6 day ahead inc hosp,2021-01-02,06049,quantile,0.025,0.11554456045117378
15579,2020-12-27,6 day ahead inc hosp,2021-01-02,06049,quantile,0.05,0.16919554018886107
15580,2020-12-27,6 day ahead inc hosp,2021-01-02,06049,quantile,0.1,0.23105168380902383
15581,2020-12-27,6 day ahead inc hosp,2021-01-02,06049,quantile,0.15,0.27278573024684694
15582,2020-12-27,6 day ahead inc hosp,2021-01-02,06049,quantile,0.2,0.3059546273594337
15583,2020-12-27,6 day ahead inc hosp,2021-01-02,06049,quantile,0.25,0.3344105876674327
15584,2020-12-27,6 day ahead inc hosp,2021-01-02,06049,quantile,0.3,0.3599649194924416
15585,2020-12-27,6 day ahead inc hosp,2021-01-02,06049,quantile,0.35,0.38364481628506186
15586,2020-12-27,6 day ahead inc hosp,2021-01-02,06049,quantile,0.4,0.4061147226791024
15587,2020-12-27,6 day ahead inc hosp,2021-01-02,06049,quantile,0.45,0.42785461715744477
15588,2020-12-27,6 day ahead inc hosp,2021-01-02,06049,quantile,0.5,0.44924983382225037
15589,2020-12-27,6 day ahead inc hosp,2021-01-02,06049,quantile,0.55,0.4796562712889266
15590,2020-12-27,6 day ahead inc hosp,2021-01-02,06049,quantile,0.6,0.5105525577039752
15591,2020-12-27,6 day ahead inc hosp,2021-01-02,06049,quantile,0.65,0.5424863218885816
15592,2020-12-27,6 day ahead inc hosp,2021-01-02,06049,quantile,0.7,0.5761396992916983
15593,2020-12-27,6 day ahead inc hosp,2021-01-02,06049,quantile,0.75,0.6124569848239356
15594,2020-12-27,6 day ahead inc hosp,2021-01-02,06049,quantile,0.8,0.6528980044787022
15595,2020-12-27,6 day ahead inc hosp,2021-01-02,06049,quantile,0.85,0.7000369520151164
15596,2020-12-27,6 day ahead inc hosp,2021-01-02,06049,quantile,0.9,0.7593485118429009
15597,2020-12-27,6 day ahead inc hosp,2021-01-02,06049,quantile,0.95,0.8472571781762552
15598,2020-12-27,6 day ahead inc hosp,2021-01-02,06049,quantile,0.975,0.9235048360512694
15599,2020-12-27,6 day ahead inc hosp,2021-01-02,06049,quantile,0.99,1.012159216286041
15600,2020-12-27,7 day ahead inc hosp,2021-01-03,06049,point,NA,0.4567728042602539
15601,2020-12-27,7 day ahead inc hosp,2021-01-03,06049,quantile,0.01,0.0584367914084587
15602,2020-12-27,7 day ahead inc hosp,2021-01-03,06049,quantile,0.025,0.1211719907934814
15603,2020-12-27,7 day ahead inc hosp,2021-01-03,06049,quantile,0.05,0.17512772323177428
15604,2020-12-27,7 day ahead inc hosp,2021-01-03,06049,quantile,0.1,0.23733522719818712
15605,2020-12-27,7 day ahead inc hosp,2021-01-03,06049,quantile,0.15,0.27930633479353817
15606,2020-12-27,7 day ahead inc hosp,2021-01-03,06049,quantile,0.2,0.3126636405991365
15607,2020-12-27,7 day ahead inc hosp,2021-01-03,06049,quantile,0.25,0.34128123878951133
15608,2020-12-27,7 day ahead inc hosp,2021-01-03,06049,quantile,0.3,0.3669807264285225
15609,2020-12-27,7 day ahead inc hosp,2021-01-03,06049,quantile,0.35,0.3907951317153566
15610,2020-12-27,7 day ahead inc hosp,2021-01-03,06049,quantile,0.4,0.4133926735167917
15611,2020-12-27,7 day ahead inc hosp,2021-01-03,06049,quantile,0.45,0.4352560567289009
15612,2020-12-27,7 day ahead inc hosp,2021-01-03,06049,quantile,0.5,0.4567728042602539
15613,2020-12-27,7 day ahead inc hosp,2021-01-03,06049,quantile,0.55,0.48702575290313316
15614,2020-12-27,7 day ahead inc hosp,2021-01-03,06049,quantile,0.6,0.5177660777831701
15615,2020-12-27,7 day ahead inc hosp,2021-01-03,06049,quantile,0.65,0.5495386433429958
15616,2020-12-27,7 day ahead inc hosp,2021-01-03,06049,quantile,0.7,0.583022141676259
15617,2020-12-27,7 day ahead inc hosp,2021-01-03,06049,quantile,0.75,0.6191561009820697
15618,2020-12-27,7 day ahead inc hosp,2021-01-03,06049,quantile,0.8,0.6593929781901335
15619,2020-12-27,7 day ahead inc hosp,2021-01-03,06049,quantile,0.85,0.7062939727726603
15620,2020-12-27,7 day ahead inc hosp,2021-01-03,06049,quantile,0.9,0.7653061334496726
15621,2020-12-27,7 day ahead inc hosp,2021-01-03,06049,quantile,0.95,0.8527710451402197
15622,2020-12-27,7 day ahead inc hosp,2021-01-03,06049,quantile,0.975,0.9286338120414941
15623,2020-12-27,7 day ahead inc hosp,2021-01-03,06049,quantile,0.99,1.0168406733401327
15624,2020-12-27,8 day ahead inc hosp,2021-01-04,06049,point,NA,0.39312994480133057
15625,2020-12-27,8 day ahead inc hosp,2021-01-04,06049,quantile,0.01,0.19442166938064756
15626,2020-12-27,8 day ahead inc hosp,2021-01-04,06049,quantile,0.025,0.22571686458211346
15627,2020-12-27,8 day ahead inc hosp,2021-01-04,06049,quantile,0.05,0.25263245894455943
15628,2020-12-27,8 day ahead inc hosp,2021-01-04,06049,quantile,0.1,0.28366441546512206
15629,2020-12-27,8 day ahead inc hosp,2021-01-04,06049,quantile,0.15,0.30460152920500155
15630,2020-12-27,8 day ahead inc hosp,2021-01-04,06049,quantile,0.2,0.3212416834854455
15631,2020-12-27,8 day ahead inc hosp,2021-01-04,06049,quantile,0.25,0.3355174541906345
15632,2020-12-27,8 day ahead inc hosp,2021-01-04,06049,quantile,0.3,0.3483375374951362
15633,2020-12-27,8 day ahead inc hosp,2021-01-04,06049,quantile,0.35,0.36021725525110176
15634,2020-12-27,8 day ahead inc hosp,2021-01-04,06049,quantile,0.4,0.37148994568138083
15635,2020-12-27,8 day ahead inc hosp,2021-01-04,06049,quantile,0.45,0.3823964041304594
15636,2020-12-27,8 day ahead inc hosp,2021-01-04,06049,quantile,0.5,0.39312994480133057
15637,2020-12-27,8 day ahead inc hosp,2021-01-04,06049,quantile,0.55,0.41886469703462315
15638,2020-12-27,8 day ahead inc hosp,2021-01-04,06049,quantile,0.6,0.44501403717654264
15639,2020-12-27,8 day ahead inc hosp,2021-01-04,06049,quantile,0.65,0.47204145563251576
15640,2020-12-27,8 day ahead inc hosp,2021-01-04,06049,quantile,0.7,0.5005242836597008
15641,2020-12-27,8 day ahead inc hosp,2021-01-04,06049,quantile,0.75,0.5312617334507905
15642,2020-12-27,8 day ahead inc hosp,2021-01-04,06049,quantile,0.8,0.5654893414044592
15643,2020-12-27,8 day ahead inc hosp,2021-01-04,06049,quantile,0.85,0.6053857987489705
15644,2020-12-27,8 day ahead inc hosp,2021-01-04,06049,quantile,0.9,0.6555846521467406
15645,2020-12-27,8 day ahead inc hosp,2021-01-04,06049,quantile,0.95,0.7299869148165266
15646,2020-12-27,8 day ahead inc hosp,2021-01-04,06049,quantile,0.975,0.7945197817771112
15647,2020-12-27,8 day ahead inc hosp,2021-01-04,06049,quantile,0.99,0.8695531858790668
15648,2020-12-27,9 day ahead inc hosp,2021-01-05,06049,point,NA,0.4195656478404999
15649,2020-12-27,9 day ahead inc hosp,2021-01-05,06049,quantile,0.01,0.21109457096723888
15650,2020-12-27,9 day ahead inc hosp,2021-01-05,06049,quantile,0.025,0.24392734066843183
15651,2020-12-27,9 day ahead inc hosp,2021-01-05,06049,quantile,0.05,0.2721653339253495
15652,2020-12-27,9 day ahead inc hosp,2021-01-05,06049,quantile,0.1,0.30472193167967
15653,2020-12-27,9 day ahead inc hosp,2021-01-05,06049,quantile,0.15,0.3266877136217154
15654,2020-12-27,9 day ahead inc hosp,2021-01-05,06049,quantile,0.2,0.3441454207797952
15655,2020-12-27,9 day ahead inc hosp,2021-01-05,06049,quantile,0.25,0.3591225790577072
15656,2020-12-27,9 day ahead inc hosp,2021-01-05,06049,quantile,0.3,0.37257253007980845
15657,2020-12-27,9 day ahead inc hosp,2021-01-05,06049,quantile,0.35,0.38503591414518473
15658,2020-12-27,9 day ahead inc hosp,2021-01-05,06049,quantile,0.4,0.3968624468262417
15659,2020-12-27,9 day ahead inc hosp,2021-01-05,06049,quantile,0.45,0.4083047540625121
15660,2020-12-27,9 day ahead inc hosp,2021-01-05,06049,quantile,0.5,0.4195656478404999
15661,2020-12-27,9 day ahead inc hosp,2021-01-05,06049,quantile,0.55,0.44234120595698645
15662,2020-12-27,9 day ahead inc hosp,2021-01-05,06049,quantile,0.6,0.4654836792441234
15663,2020-12-27,9 day ahead inc hosp,2021-01-05,06049,quantile,0.65,0.4894032621568461
15664,2020-12-27,9 day ahead inc hosp,2021-01-05,06049,quantile,0.7,0.5146108996415318
15665,2020-12-27,9 day ahead inc hosp,2021-01-05,06049,quantile,0.75,0.5418139038796645
15666,2020-12-27,9 day ahead inc hosp,2021-01-05,06049,quantile,0.8,0.5721057391019444
15667,2020-12-27,9 day ahead inc hosp,2021-01-05,06049,quantile,0.85,0.6074145726455726
15668,2020-12-27,9 day ahead inc hosp,2021-01-05,06049,quantile,0.9,0.6518411477521644
15669,2020-12-27,9 day ahead inc hosp,2021-01-05,06049,quantile,0.95,0.7176880244608352
15670,2020-12-27,9 day ahead inc hosp,2021-01-05,06049,quantile,0.975,0.7748003699989001
15671,2020-12-27,9 day ahead inc hosp,2021-01-05,06049,quantile,0.99,0.841205814291117
15672,2020-12-27,10 day ahead inc hosp,2021-01-06,06049,point,NA,0.42308300733566284
15673,2020-12-27,10 day ahead inc hosp,2021-01-06,06049,quantile,0.01,0.2172012192350982
15674,2020-12-27,10 day ahead inc hosp,2021-01-06,06049,quantile,0.025,0.24962619365246141
15675,2020-12-27,10 day ahead inc hosp,2021-01-06,06049,quantile,0.05,0.2775134604680892
15676,2020-12-27,10 day ahead inc hosp,2021-01-06,06049,quantile,0.1,0.30966569309748787
15677,2020-12-27,10 day ahead inc hosp,2021-01-06,06049,quantile,0.15,0.3313586518094762
15678,2020-12-27,10 day ahead inc hosp,2021-01-06,06049,quantile,0.2,0.34859952771297914
15679,2020-12-27,10 day ahead inc hosp,2021-01-06,06049,quantile,0.25,0.3633906640814851
15680,2020-12-27,10 day ahead inc hosp,2021-01-06,06049,quantile,0.3,0.3766735616796909
15681,2020-12-27,10 day ahead inc hosp,2021-01-06,06049,quantile,0.35,0.3889821458518911
15682,2020-12-27,10 day ahead inc hosp,2021-01-06,06049,quantile,0.4,0.4006617885722386
15683,2020-12-27,10 day ahead inc hosp,2021-01-06,06049,quantile,0.45,0.4119619780715788
15684,2020-12-27,10 day ahead inc hosp,2021-01-06,06049,quantile,0.5,0.42308300733566284
15685,2020-12-27,10 day ahead inc hosp,2021-01-06,06049,quantile,0.55,0.4483129466804121
15686,2020-12-27,10 day ahead inc hosp,2021-01-06,06049,quantile,0.6,0.4739493413775542
15687,2020-12-27,10 day ahead inc hosp,2021-01-06,06049,quantile,0.65,0.5004465900049256
15688,2020-12-27,10 day ahead inc hosp,2021-01-06,06049,quantile,0.7,0.5283706988899974
15689,2020-12-27,10 day ahead inc hosp,2021-01-06,06049,quantile,0.75,0.5585052028794399
15690,2020-12-27,10 day ahead inc hosp,2021-01-06,06049,quantile,0.8,0.592061402090472
15691,2020-12-27,10 day ahead inc hosp,2021-01-06,06049,quantile,0.85,0.6311752505451773
15692,2020-12-27,10 day ahead inc hosp,2021-01-06,06049,quantile,0.9,0.6803894032566704
15693,2020-12-27,10 day ahead inc hosp,2021-01-06,06049,quantile,0.95,0.7533321911744943
15694,2020-12-27,10 day ahead inc hosp,2021-01-06,06049,quantile,0.975,0.8165991814450284
15695,2020-12-27,10 day ahead inc hosp,2021-01-06,06049,quantile,0.99,0.8901607303249646
15696,2020-12-27,11 day ahead inc hosp,2021-01-07,06049,point,NA,0.4375290274620056
15697,2020-12-27,11 day ahead inc hosp,2021-01-07,06049,quantile,0.01,0.19675078924661138
15698,2020-12-27,11 day ahead inc hosp,2021-01-07,06049,quantile,0.025,0.23467171603872977
15699,2020-12-27,11 day ahead inc hosp,2021-01-07,06049,quantile,0.05,0.26728580509662003
15700,2020-12-27,11 day ahead inc hosp,2021-01-07,06049,quantile,0.1,0.3048877610472682
15701,2020-12-27,11 day ahead inc hosp,2021-01-07,06049,quantile,0.15,0.33025762221148414
15702,2020-12-27,11 day ahead inc hosp,2021-01-07,06049,quantile,0.2,0.3504207836238377
15703,2020-12-27,11 day ahead inc hosp,2021-01-07,06049,quantile,0.25,0.367718980753702
15704,2020-12-27,11 day ahead inc hosp,2021-01-07,06049,quantile,0.3,0.3832532963995777
15705,2020-12-27,11 day ahead inc hosp,2021-01-07,06049,quantile,0.35,0.39764815492130695
15706,2020-12-27,11 day ahead inc hosp,2021-01-07,06049,quantile,0.4,0.41130746798214396
15707,2020-12-27,11 day ahead inc hosp,2021-01-07,06049,quantile,0.45,0.424523011446446
15708,2020-12-27,11 day ahead inc hosp,2021-01-07,06049,quantile,0.5,0.4375290274620056
15709,2020-12-27,11 day ahead inc hosp,2021-01-07,06049,quantile,0.55,0.4684855717193701
15710,2020-12-27,11 day ahead inc hosp,2021-01-07,06049,quantile,0.6,0.4999408271679531
15711,2020-12-27,11 day ahead inc hosp,2021-01-07,06049,quantile,0.65,0.5324523302129386
15712,2020-12-27,11 day ahead inc hosp,2021-01-07,06049,quantile,0.7,0.566714557352541
15713,2020-12-27,11 day ahead inc hosp,2021-01-07,06049,quantile,0.75,0.603688887479777
15714,2020-12-27,11 day ahead inc hosp,2021-01-07,06049,quantile,0.8,0.644861557449015
15715,2020-12-27,11 day ahead inc hosp,2021-01-07,06049,quantile,0.85,0.6928533327846115
15716,2020-12-27,11 day ahead inc hosp,2021-01-07,06049,quantile,0.9,0.7532379447206325
15717,2020-12-27,11 day ahead inc hosp,2021-01-07,06049,quantile,0.95,0.8427370359225145
15718,2020-12-27,11 day ahead inc hosp,2021-01-07,06049,quantile,0.975,0.920364150184588
15719,2020-12-27,11 day ahead inc hosp,2021-01-07,06049,quantile,0.99,1.0106224465849696
15720,2020-12-27,12 day ahead inc hosp,2021-01-08,06049,point,NA,0.4382992684841156
15721,2020-12-27,12 day ahead inc hosp,2021-01-08,06049,quantile,0.01,0.23105451072112992
15722,2020-12-27,12 day ahead inc hosp,2021-01-08,06049,quantile,0.025,0.2636941435443841
15723,2020-12-27,12 day ahead inc hosp,2021-01-08,06049,quantile,0.05,0.29176602843132465
15724,2020-12-27,12 day ahead inc hosp,2021-01-08,06049,quantile,0.1,0.3241311138732876
15725,2020-12-27,12 day ahead inc hosp,2021-01-08,06049,quantile,0.15,0.3459676833673921
15726,2020-12-27,12 day ahead inc hosp,2021-01-08,06049,quantile,0.2,0.36332269656796645
15727,2020-12-27,12 day ahead inc hosp,2021-01-08,06049,quantile,0.25,0.3782117525743821
15728,2020-12-27,12 day ahead inc hosp,2021-01-08,06049,quantile,0.3,0.3915825850337644
15729,2020-12-27,12 day ahead inc hosp,2021-01-08,06049,quantile,0.35,0.40397265395975873
15730,2020-12-27,12 day ahead inc hosp,2021-01-08,06049,quantile,0.4,0.4157296177430454
15731,2020-12-27,12 day ahead inc hosp,2021-01-08,06049,quantile,0.45,0.4271046162656086
15732,2020-12-27,12 day ahead inc hosp,2021-01-08,06049,quantile,0.5,0.4382992684841156
15733,2020-12-27,12 day ahead inc hosp,2021-01-08,06049,quantile,0.55,0.46823139234200944
15734,2020-12-27,12 day ahead inc hosp,2021-01-08,06049,quantile,0.6,0.49864572393668316
15735,2020-12-27,12 day ahead inc hosp,2021-01-08,06049,quantile,0.65,0.5300813495626698
15736,2020-12-27,12 day ahead inc hosp,2021-01-08,06049,quantile,0.7,0.5632097639575
15737,2020-12-27,12 day ahead inc hosp,2021-01-08,06049,quantile,0.75,0.5989605318639597
15738,2020-12-27,12 day ahead inc hosp,2021-01-08,06049,quantile,0.8,0.6387707072773937
15739,2020-12-27,12 day ahead inc hosp,2021-01-08,06049,quantile,0.85,0.6851743288044817
15740,2020-12-27,12 day ahead inc hosp,2021-01-08,06049,quantile,0.9,0.7435606806063256
15741,2020-12-27,12 day ahead inc hosp,2021-01-08,06049,quantile,0.95,0.830098049272286
15742,2020-12-27,12 day ahead inc hosp,2021-01-08,06049,quantile,0.975,0.9051563109279129
15743,2020-12-27,12 day ahead inc hosp,2021-01-08,06049,quantile,0.99,0.9924277610160799
15744,2020-12-27,13 day ahead inc hosp,2021-01-09,06049,point,NA,0.4336709976196289
15745,2020-12-27,13 day ahead inc hosp,2021-01-09,06049,quantile,0.01,0.04269487535071159
15746,2020-12-27,13 day ahead inc hosp,2021-01-09,06049,quantile,0.025,0.1042709422740139
15747,2020-12-27,13 day ahead inc hosp,2021-01-09,06049,quantile,0.05,0.15722975684836105
15748,2020-12-27,13 day ahead inc hosp,2021-01-09,06049,quantile,0.1,0.21828787836414146
15749,2020-12-27,13 day ahead inc hosp,2021-01-09,06049,quantile,0.15,0.25948350307675627
15750,2020-12-27,13 day ahead inc hosp,2021-01-09,06049,quantile,0.2,0.2922244796704634
15751,2020-12-27,13 day ahead inc hosp,2021-01-09,06049,quantile,0.25,0.3203133222760293
15752,2020-12-27,13 day ahead inc hosp,2021-01-09,06049,quantile,0.3,0.34553797105800366
15753,2020-12-27,13 day ahead inc hosp,2021-01-09,06049,quantile,0.35,0.3689123673786572
15754,2020-12-27,13 day ahead inc hosp,2021-01-09,06049,quantile,0.4,0.3910923836997576
15755,2020-12-27,13 day ahead inc hosp,2021-01-09,06049,quantile,0.45,0.41255180617765985
15756,2020-12-27,13 day ahead inc hosp,2021-01-09,06049,quantile,0.5,0.4336709976196289
15757,2020-12-27,13 day ahead inc hosp,2021-01-09,06049,quantile,0.55,0.46387834152536556
15758,2020-12-27,13 day ahead inc hosp,2021-01-09,06049,quantile,0.6,0.49457232697408365
15759,2020-12-27,13 day ahead inc hosp,2021-01-09,06049,quantile,0.65,0.5262969970537761
15760,2020-12-27,13 day ahead inc hosp,2021-01-09,06049,quantile,0.7,0.5597300207652717
15761,2020-12-27,13 day ahead inc hosp,2021-01-09,06049,quantile,0.75,0.5958095100180798
15762,2020-12-27,13 day ahead inc hosp,2021-01-09,06049,quantile,0.8,0.6359857322390821
15763,2020-12-27,13 day ahead inc hosp,2021-01-09,06049,quantile,0.85,0.6828160260262942
15764,2020-12-27,13 day ahead inc hosp,2021-01-09,06049,quantile,0.9,0.7417392289588017
15765,2020-12-27,13 day ahead inc hosp,2021-01-09,06049,quantile,0.95,0.8290722918714355
15766,2020-12-27,13 day ahead inc hosp,2021-01-09,06049,quantile,0.975,0.9048206996210026
15767,2020-12-27,13 day ahead inc hosp,2021-01-09,06049,quantile,0.99,0.9928945936915149
15768,2020-12-27,14 day ahead inc hosp,2021-01-10,06049,point,NA,0.4526504874229431
15769,2020-12-27,14 day ahead inc hosp,2021-01-10,06049,quantile,0.01,0.05435482496249683
15770,2020-12-27,14 day ahead inc hosp,2021-01-10,06049,quantile,0.025,0.1170836694366783
15771,2020-12-27,14 day ahead inc hosp,2021-01-10,06049,quantile,0.05,0.17103393630106078
15772,2020-12-27,14 day ahead inc hosp,2021-01-10,06049,quantile,0.1,0.23323513881079158
15773,2020-12-27,14 day ahead inc hosp,2021-01-10,06049,quantile,0.15,0.2752019948432355
15774,2020-12-27,14 day ahead inc hosp,2021-01-10,06049,quantile,0.2,0.3085559216414125
15775,2020-12-27,14 day ahead inc hosp,2021-01-10,06049,quantile,0.25,0.3371706209442924
15776,2020-12-27,14 day ahead inc hosp,2021-01-10,06049,quantile,0.3,0.36286750529273915
15777,2020-12-27,14 day ahead inc hosp,2021-01-10,06049,quantile,0.35,0.38667949824289755
15778,2020-12-27,14 day ahead inc hosp,2021-01-10,06049,quantile,0.4,0.4092747509727303
15779,2020-12-27,14 day ahead inc hosp,2021-01-10,06049,quantile,0.45,0.431135919481573
15780,2020-12-27,14 day ahead inc hosp,2021-01-10,06049,quantile,0.5,0.4526504874229431
15781,2020-12-27,14 day ahead inc hosp,2021-01-10,06049,quantile,0.55,0.48294501492799646
15782,2020-12-27,14 day ahead inc hosp,2021-01-10,06049,quantile,0.6,0.5137275885073739
15783,2020-12-27,14 day ahead inc hosp,2021-01-10,06049,quantile,0.65,0.5455438214511602
15784,2020-12-27,14 day ahead inc hosp,2021-01-10,06049,quantile,0.7,0.579073338629685
15785,2020-12-27,14 day ahead inc hosp,2021-01-10,06049,quantile,0.75,0.6152569595050676
15786,2020-12-27,14 day ahead inc hosp,2021-01-10,06049,quantile,0.8,0.6555491372258683
15787,2020-12-27,14 day ahead inc hosp,2021-01-10,06049,quantile,0.85,0.7025145913099329
15788,2020-12-27,14 day ahead inc hosp,2021-01-10,06049,quantile,0.9,0.7616078567587263
15789,2020-12-27,14 day ahead inc hosp,2021-01-10,06049,quantile,0.95,0.849192977938642
15790,2020-12-27,14 day ahead inc hosp,2021-01-10,06049,quantile,0.975,0.9251600086446241
15791,2020-12-27,14 day ahead inc hosp,2021-01-10,06049,quantile,0.99,1.0134880991487871
15792,2020-12-27,15 day ahead inc hosp,2021-01-11,06049,point,NA,0.4290626645088196
15793,2020-12-27,15 day ahead inc hosp,2021-01-11,06049,quantile,0.01,0.2327111951292335
15794,2020-12-27,15 day ahead inc hosp,2021-01-11,06049,quantile,0.025,0.2636352094880698
15795,2020-12-27,15 day ahead inc hosp,2021-01-11,06049,quantile,0.05,0.2902315678485987
15796,2020-12-27,15 day ahead inc hosp,2021-01-11,06049,quantile,0.1,0.32089546570406613
15797,2020-12-27,15 day ahead inc hosp,2021-01-11,06049,quantile,0.15,0.3415842520099682
15798,2020-12-27,15 day ahead inc hosp,2021-01-11,06049,quantile,0.2,0.3580270435180269
15799,2020-12-27,15 day ahead inc hosp,2021-01-11,06049,quantile,0.25,0.37213349453802375
15800,2020-12-27,15 day ahead inc hosp,2021-01-11,06049,quantile,0.3,0.384801523532178
15801,2020-12-27,15 day ahead inc hosp,2021-01-11,06049,quantile,0.35,0.3965403403089845
15802,2020-12-27,15 day ahead inc hosp,2021-01-11,06049,quantile,0.4,0.40767932948877844
15803,2020-12-27,15 day ahead inc hosp,2021-01-11,06049,quantile,0.45,0.4184564304307006
15804,2020-12-27,15 day ahead inc hosp,2021-01-11,06049,quantile,0.5,0.4290626645088196
15805,2020-12-27,15 day ahead inc hosp,2021-01-11,06049,quantile,0.55,0.4554756006592966
15806,2020-12-27,15 day ahead inc hosp,2021-01-11,06049,quantile,0.6,0.4823140502889808
15807,2020-12-27,15 day ahead inc hosp,2021-01-11,06049,quantile,0.65,0.5100537180937602
15808,2020-12-27,15 day ahead inc hosp,2021-01-11,06049,quantile,0.7,0.5392871496514886
15809,2020-12-27,15 day ahead inc hosp,2021-01-11,06049,quantile,0.75,0.5708346186692882
15810,2020-12-27,15 day ahead inc hosp,2021-01-11,06049,quantile,0.8,0.6059642214441014
15811,2020-12-27,15 day ahead inc hosp,2021-01-11,06049,quantile,0.85,0.64691206391478
15812,2020-12-27,15 day ahead inc hosp,2021-01-11,06049,quantile,0.9,0.6984337998772179
15813,2020-12-27,15 day ahead inc hosp,2021-01-11,06049,quantile,0.95,0.774796773786318
15814,2020-12-27,15 day ahead inc hosp,2021-01-11,06049,quantile,0.975,0.8410302653383395
15815,2020-12-27,15 day ahead inc hosp,2021-01-11,06049,quantile,0.99,0.9180410130514652
15816,2020-12-27,16 day ahead inc hosp,2021-01-12,06049,point,NA,0.4626200497150421
15817,2020-12-27,16 day ahead inc hosp,2021-01-12,06049,quantile,0.01,0.2533682066352928
15818,2020-12-27,16 day ahead inc hosp,2021-01-12,06049,quantile,0.025,0.2863239416774461
15819,2020-12-27,16 day ahead inc hosp,2021-01-12,06049,quantile,0.05,0.3146676919113254
15820,2020-12-27,16 day ahead inc hosp,2021-01-12,06049,quantile,0.1,0.34734622068699456
15821,2020-12-27,16 day ahead inc hosp,2021-01-12,06049,quantile,0.15,0.36939426891027505
15822,2020-12-27,16 day ahead inc hosp,2021-01-12,06049,quantile,0.2,0.38691735870078636
15823,2020-12-27,16 day ahead inc hosp,2021-01-12,06049,quantile,0.25,0.4019506094555446
15824,2020-12-27,16 day ahead inc hosp,2021-01-12,06049,quantile,0.3,0.41545093325546456
15825,2020-12-27,16 day ahead inc hosp,2021-01-12,06049,quantile,0.35,0.4279609952065346
15826,2020-12-27,16 day ahead inc hosp,2021-01-12,06049,quantile,0.4,0.4398318206364745
15827,2020-12-27,16 day ahead inc hosp,2021-01-12,06049,quantile,0.45,0.45131698161988487
15828,2020-12-27,16 day ahead inc hosp,2021-01-12,06049,quantile,0.5,0.4626200497150421
15829,2020-12-27,16 day ahead inc hosp,2021-01-12,06049,quantile,0.55,0.48574486091129127
15830,2020-12-27,16 day ahead inc hosp,2021-01-12,06049,quantile,0.6,0.5092422137595577
15831,2020-12-27,16 day ahead inc hosp,2021-01-12,06049,quantile,0.65,0.5335285928647677
15832,2020-12-27,16 day ahead inc hosp,2021-01-12,06049,quantile,0.7,0.5591227782873806
15833,2020-12-27,16 day ahead inc hosp,2021-01-12,06049,quantile,0.75,0.586742928527397
15834,2020-12-27,16 day ahead inc hosp,2021-01-12,06049,quantile,0.8,0.6174992756043998
15835,2020-12-27,16 day ahead inc hosp,2021-01-12,06049,quantile,0.85,0.6533495544463108
15836,2020-12-27,16 day ahead inc hosp,2021-01-12,06049,quantile,0.9,0.6984573913731364
15837,2020-12-27,16 day ahead inc hosp,2021-01-12,06049,quantile,0.95,0.7653140007243898
15838,2020-12-27,16 day ahead inc hosp,2021-01-12,06049,quantile,0.975,0.8233021387444486
15839,2020-12-27,16 day ahead inc hosp,2021-01-12,06049,quantile,0.99,0.8907258810653433
15840,2020-12-27,17 day ahead inc hosp,2021-01-13,06049,point,NA,0.47400546073913574
15841,2020-12-27,17 day ahead inc hosp,2021-01-13,06049,quantile,0.01,0.26909182204131094
15842,2020-12-27,17 day ahead inc hosp,2021-01-13,06049,quantile,0.025,0.30136431954507414
15843,2020-12-27,17 day ahead inc hosp,2021-01-13,06049,quantile,0.05,0.32912044780317984
15844,2020-12-27,17 day ahead inc hosp,2021-01-13,06049,quantile,0.1,0.36112148607437855
15845,2020-12-27,17 day ahead inc hosp,2021-01-13,06049,quantile,0.15,0.38271243467068633
15846,2020-12-27,17 day ahead inc hosp,2021-01-13,06049,quantile,0.2,0.3998722361680327
15847,2020-12-27,17 day ahead inc hosp,2021-01-13,06049,quantile,0.25,0.41459381791505845
15848,2020-12-27,17 day ahead inc hosp,2021-01-13,06049,quantile,0.3,0.427814253313499
15849,2020-12-27,17 day ahead inc hosp,2021-01-13,06049,quantile,0.35,0.44006495694888814
15850,2020-12-27,17 day ahead inc hosp,2021-01-13,06049,quantile,0.4,0.4516896766999519
15851,2020-12-27,17 day ahead inc hosp,2021-01-13,06049,quantile,0.45,0.4629367275908918
15852,2020-12-27,17 day ahead inc hosp,2021-01-13,06049,quantile,0.5,0.47400546073913574
15853,2020-12-27,17 day ahead inc hosp,2021-01-13,06049,quantile,0.55,0.4994326267623392
15854,2020-12-27,17 day ahead inc hosp,2021-01-13,06049,quantile,0.6,0.5252694254677734
15855,2020-12-27,17 day ahead inc hosp,2021-01-13,06049,quantile,0.65,0.5519738075433686
15856,2020-12-27,17 day ahead inc hosp,2021-01-13,06049,quantile,0.7,0.5801162038832351
15857,2020-12-27,17 day ahead inc hosp,2021-01-13,06049,quantile,0.75,0.6104862743576973
15858,2020-12-27,17 day ahead inc hosp,2021-01-13,06049,quantile,0.8,0.6443047880206788
15859,2020-12-27,17 day ahead inc hosp,2021-01-13,06049,quantile,0.85,0.6837243960060303
15860,2020-12-27,17 day ahead inc hosp,2021-01-13,06049,quantile,0.9,0.7333232640249838
15861,2020-12-27,17 day ahead inc hosp,2021-01-13,06049,quantile,0.95,0.8068362579818171
15862,2020-12-27,17 day ahead inc hosp,2021-01-13,06049,quantile,0.975,0.8705978169540967
15863,2020-12-27,17 day ahead inc hosp,2021-01-13,06049,quantile,0.99,0.9447344088315324
15864,2020-12-27,18 day ahead inc hosp,2021-01-14,06049,point,NA,0.48923495411872864
15865,2020-12-27,18 day ahead inc hosp,2021-01-14,06049,quantile,0.01,0.2519621388191322
15866,2020-12-27,18 day ahead inc hosp,2021-01-14,06049,quantile,0.025,0.289330985461688
15867,2020-12-27,18 day ahead inc hosp,2021-01-14,06049,quantile,0.05,0.32147025513386973
15868,2020-12-27,18 day ahead inc hosp,2021-01-14,06049,quantile,0.1,0.3585247747420761
15869,2020-12-27,18 day ahead inc hosp,2021-01-14,06049,quantile,0.15,0.3835252832050064
15870,2020-12-27,18 day ahead inc hosp,2021-01-14,06049,quantile,0.2,0.40339489479909707
15871,2020-12-27,18 day ahead inc hosp,2021-01-14,06049,quantile,0.25,0.42044125232306323
15872,2020-12-27,18 day ahead inc hosp,2021-01-14,06049,quantile,0.3,0.4357494082194122
15873,2020-12-27,18 day ahead inc hosp,2021-01-14,06049,quantile,0.35,0.4499346960286645
15874,2020-12-27,18 day ahead inc hosp,2021-01-14,06049,quantile,0.4,0.46339514697732553
15875,2020-12-27,18 day ahead inc hosp,2021-01-14,06049,quantile,0.45,0.4764182890466849
15876,2020-12-27,18 day ahead inc hosp,2021-01-14,06049,quantile,0.5,0.48923495411872864
15877,2020-12-27,18 day ahead inc hosp,2021-01-14,06049,quantile,0.55,0.5203847197770787
15878,2020-12-27,18 day ahead inc hosp,2021-01-14,06049,quantile,0.6,0.5520363094313018
15879,2020-12-27,18 day ahead inc hosp,2021-01-14,06049,quantile,0.65,0.5847507394604582
15880,2020-12-27,18 day ahead inc hosp,2021-01-14,06049,quantile,0.7,0.6192268210753455
15881,2020-12-27,18 day ahead inc hosp,2021-01-14,06049,quantile,0.75,0.6564319338057137
15882,2020-12-27,18 day ahead inc hosp,2021-01-14,06049,quantile,0.8,0.6978615911475612
15883,2020-12-27,18 day ahead inc hosp,2021-01-14,06049,quantile,0.85,0.746152916652228
15884,2020-12-27,18 day ahead inc hosp,2021-01-14,06049,quantile,0.9,0.8069144311009857
15885,2020-12-27,18 day ahead inc hosp,2021-01-14,06049,quantile,0.95,0.8969721486031805
15886,2020-12-27,18 day ahead inc hosp,2021-01-14,06049,quantile,0.975,0.9750837878706127
15887,2020-12-27,18 day ahead inc hosp,2021-01-14,06049,quantile,0.99,1.065905449300891
15888,2020-12-27,19 day ahead inc hosp,2021-01-15,06049,point,NA,0.49220526218414307
15889,2020-12-27,19 day ahead inc hosp,2021-01-15,06049,quantile,0.01,0.28658845551955037
15890,2020-12-27,19 day ahead inc hosp,2021-01-15,06049,quantile,0.025,0.31897169717190443
15891,2020-12-27,19 day ahead inc hosp,2021-01-15,06049,quantile,0.05,0.3468230715073167
15892,2020-12-27,19 day ahead inc hosp,2021-01-15,06049,quantile,0.1,0.3789339224057209
15893,2020-12-27,19 day ahead inc hosp,2021-01-15,06049,quantile,0.15,0.4005989610602675
15894,2020-12-27,19 day ahead inc hosp,2021-01-15,06049,quantile,0.2,0.4178176469871995
15895,2020-12-27,19 day ahead inc hosp,2021-01-15,06049,quantile,0.25,0.4325897463316406
15896,2020-12-27,19 day ahead inc hosp,2021-01-15,06049,quantile,0.3,0.4458555480938722
15897,2020-12-27,19 day ahead inc hosp,2021-01-15,06049,quantile,0.35,0.45814829042625344
15898,2020-12-27,19 day ahead inc hosp,2021-01-15,06049,quantile,0.4,0.4698129007897896
15899,2020-12-27,19 day ahead inc hosp,2021-01-15,06049,quantile,0.45,0.4810985463099468
15900,2020-12-27,19 day ahead inc hosp,2021-01-15,06049,quantile,0.5,0.49220526218414307
15901,2020-12-27,19 day ahead inc hosp,2021-01-15,06049,quantile,0.55,0.5223997476324805
15902,2020-12-27,19 day ahead inc hosp,2021-01-15,06049,quantile,0.6,0.553080667473526
15903,2020-12-27,19 day ahead inc hosp,2021-01-15,06049,quantile,0.65,0.5847918332106983
15904,2020-12-27,19 day ahead inc hosp,2021-01-15,06049,quantile,0.7,0.6182106253792796
15905,2020-12-27,19 day ahead inc hosp,2021-01-15,06049,quantile,0.75,0.6542747565596605
15906,2020-12-27,19 day ahead inc hosp,2021-01-15,06049,quantile,0.8,0.6944338768387144
15907,2020-12-27,19 day ahead inc hosp,2021-01-15,06049,quantile,0.85,0.7412442362238971
15908,2020-12-27,19 day ahead inc hosp,2021-01-15,06049,quantile,0.9,0.8001423571267798
15909,2020-12-27,19 day ahead inc hosp,2021-01-15,06049,quantile,0.95,0.8874382446931629
15910,2020-12-27,19 day ahead inc hosp,2021-01-15,06049,quantile,0.975,0.9631544083739652
15911,2020-12-27,19 day ahead inc hosp,2021-01-15,06049,quantile,0.99,1.051190811746241
15912,2020-12-27,20 day ahead inc hosp,2021-01-16,06049,point,NA,0.4937288761138916
15913,2020-12-27,20 day ahead inc hosp,2021-01-16,06049,quantile,0.01,0.10847692830569444
15914,2020-12-27,20 day ahead inc hosp,2021-01-16,06049,quantile,0.025,0.16915147687634519
15915,2020-12-27,20 day ahead inc hosp,2021-01-16,06049,quantile,0.05,0.22133493593256692
15916,2020-12-27,20 day ahead inc hosp,2021-01-16,06049,quantile,0.1,0.28149912219273143
15917,2020-12-27,20 day ahead inc hosp,2021-01-16,06049,quantile,0.15,0.3220916130323493
15918,2020-12-27,20 day ahead inc hosp,2021-01-16,06049,quantile,0.2,0.3543532379435314
15919,2020-12-27,20 day ahead inc hosp,2021-01-16,06049,quantile,0.25,0.38203083948777394
15920,2020-12-27,20 day ahead inc hosp,2021-01-16,06049,quantile,0.3,0.4068861810867406
15921,2020-12-27,20 day ahead inc hosp,2021-01-16,06049,quantile,0.35,0.4299183592645649
15922,2020-12-27,20 day ahead inc hosp,2021-01-16,06049,quantile,0.4,0.45177364403370546
15923,2020-12-27,20 day ahead inc hosp,2021-01-16,06049,quantile,0.45,0.472918884976999
15924,2020-12-27,20 day ahead inc hosp,2021-01-16,06049,quantile,0.5,0.4937288761138916
15925,2020-12-27,20 day ahead inc hosp,2021-01-16,06049,quantile,0.55,0.5242009690475532
15926,2020-12-27,20 day ahead inc hosp,2021-01-16,06049,quantile,0.6,0.5551639686418396
15927,2020-12-27,20 day ahead inc hosp,2021-01-16,06049,quantile,0.65,0.5871666861920758
15928,2020-12-27,20 day ahead inc hosp,2021-01-16,06049,quantile,0.7,0.6208927300564133
15929,2020-12-27,20 day ahead inc hosp,2021-01-16,06049,quantile,0.75,0.6572884341256422
15930,2020-12-27,20 day ahead inc hosp,2021-01-16,06049,quantile,0.8,0.6978167765400616
15931,2020-12-27,20 day ahead inc hosp,2021-01-16,06049,quantile,0.85,0.7450575094177244
15932,2020-12-27,20 day ahead inc hosp,2021-01-16,06049,quantile,0.9,0.804497138446723
15933,2020-12-27,20 day ahead inc hosp,2021-01-16,06049,quantile,0.95,0.8925956226285678
15934,2020-12-27,20 day ahead inc hosp,2021-01-16,06049,quantile,0.975,0.9690079191788565
15935,2020-12-27,20 day ahead inc hosp,2021-01-16,06049,quantile,0.99,1.0578537274538578
15936,2020-12-27,21 day ahead inc hosp,2021-01-17,06049,point,NA,0.503745973110199
15937,2020-12-27,21 day ahead inc hosp,2021-01-17,06049,quantile,0.01,0.12189923087983584
15938,2020-12-27,21 day ahead inc hosp,2021-01-17,06049,quantile,0.025,0.1820374828466646
15939,2020-12-27,21 day ahead inc hosp,2021-01-17,06049,quantile,0.05,0.23375969723725937
15940,2020-12-27,21 day ahead inc hosp,2021-01-17,06049,quantile,0.1,0.2933920979378582
15941,2020-12-27,21 day ahead inc hosp,2021-01-17,06049,quantile,0.15,0.3336257955850947
15942,2020-12-27,21 day ahead inc hosp,2021-01-17,06049,quantile,0.2,0.3656022630409478
15943,2020-12-27,21 day ahead inc hosp,2021-01-17,06049,quantile,0.25,0.3930352248794192
15944,2020-12-27,21 day ahead inc hosp,2021-01-17,06049,quantile,0.3,0.4176708724616955
15945,2020-12-27,21 day ahead inc hosp,2021-01-17,06049,quantile,0.35,0.44049947139210266
15946,2020-12-27,21 day ahead inc hosp,2021-01-17,06049,quantile,0.4,0.46216157936350233
15947,2020-12-27,21 day ahead inc hosp,2021-01-17,06049,quantile,0.45,0.4831199195193647
15948,2020-12-27,21 day ahead inc hosp,2021-01-17,06049,quantile,0.5,0.503745973110199
15949,2020-12-27,21 day ahead inc hosp,2021-01-17,06049,quantile,0.55,0.5335604889890146
15950,2020-12-27,21 day ahead inc hosp,2021-01-17,06049,quantile,0.6,0.563855317935268
15951,2020-12-27,21 day ahead inc hosp,2021-01-17,06049,quantile,0.65,0.5951674280894331
15952,2020-12-27,21 day ahead inc hosp,2021-01-17,06049,quantile,0.7,0.6281656757815748
15953,2020-12-27,21 day ahead inc hosp,2021-01-17,06049,quantile,0.75,0.6637759733497474
15954,2020-12-27,21 day ahead inc hosp,2021-01-17,06049,quantile,0.8,0.7034297283802059
15955,2020-12-27,21 day ahead inc hosp,2021-01-17,06049,quantile,0.85,0.7496510228470552
15956,2020-12-27,21 day ahead inc hosp,2021-01-17,06049,quantile,0.9,0.8078079655740948
15957,2020-12-27,21 day ahead inc hosp,2021-01-17,06049,quantile,0.95,0.8940053154331083
15958,2020-12-27,21 day ahead inc hosp,2021-01-17,06049,quantile,0.975,0.9687686614820664
15959,2020-12-27,21 day ahead inc hosp,2021-01-17,06049,quantile,0.99,1.0556972084429836
15960,2020-12-27,22 day ahead inc hosp,2021-01-18,06049,point,NA,0.46685123443603516
15961,2020-12-27,22 day ahead inc hosp,2021-01-18,06049,quantile,0.01,0.26190875422136983
15962,2020-12-27,22 day ahead inc hosp,2021-01-18,06049,quantile,0.025,0.2941857940669028
15963,2020-12-27,22 day ahead inc hosp,2021-01-18,06049,quantile,0.05,0.3219458289895217
15964,2020-12-27,22 day ahead inc hosp,2021-01-18,06049,quantile,0.1,0.3539513713947062
15965,2020-12-27,22 day ahead inc hosp,2021-01-18,06049,quantile,0.15,0.3755453589088308
15966,2020-12-27,22 day ahead inc hosp,2021-01-18,06049,quantile,0.2,0.3927075756417223
15967,2020-12-27,22 day ahead inc hosp,2021-01-18,06049,quantile,0.25,0.40743122944578913
15968,2020-12-27,22 day ahead inc hosp,2021-01-18,06049,quantile,0.3,0.4206535256154922
15969,2020-12-27,22 day ahead inc hosp,2021-01-18,06049,quantile,0.35,0.43290595353276634
15970,2020-12-27,22 day ahead inc hosp,2021-01-18,06049,quantile,0.4,0.4445323094587212
15971,2020-12-27,22 day ahead inc hosp,2021-01-18,06049,quantile,0.45,0.45578094336780345
15972,2020-12-27,22 day ahead inc hosp,2021-01-18,06049,quantile,0.5,0.46685123443603516
15973,2020-12-27,22 day ahead inc hosp,2021-01-18,06049,quantile,0.55,0.49420477788663975
15974,2020-12-27,22 day ahead inc hosp,2021-01-18,06049,quantile,0.6,0.5219989880384396
15975,2020-12-27,22 day ahead inc hosp,2021-01-18,06049,quantile,0.65,0.5507265101995708
15976,2020-12-27,22 day ahead inc hosp,2021-01-18,06049,quantile,0.7,0.581000991452582
15977,2020-12-27,22 day ahead inc hosp,2021-01-18,06049,quantile,0.75,0.6136719167756419
15978,2020-12-27,22 day ahead inc hosp,2021-01-18,06049,quantile,0.8,0.6500525414221745
15979,2020-12-27,22 day ahead inc hosp,2021-01-18,06049,quantile,0.85,0.6924586026737172
15980,2020-12-27,22 day ahead inc hosp,2021-01-18,06049,quantile,0.9,0.7458151108358615
15981,2020-12-27,22 day ahead inc hosp,2021-01-18,06049,quantile,0.95,0.8248974935342436
15982,2020-12-27,22 day ahead inc hosp,2021-01-18,06049,quantile,0.975,0.8934896666547147
15983,2020-12-27,22 day ahead inc hosp,2021-01-18,06049,quantile,0.99,0.9732428914281177
15984,2020-12-27,23 day ahead inc hosp,2021-01-19,06049,point,NA,0.5045748353004456
15985,2020-12-27,23 day ahead inc hosp,2021-01-19,06049,quantile,0.01,0.2977022267009708
15986,2020-12-27,23 day ahead inc hosp,2021-01-19,06049,quantile,0.025,0.33028324857462316
15987,2020-12-27,23 day ahead inc hosp,2021-01-19,06049,quantile,0.05,0.35830472481146514
15988,2020-12-27,23 day ahead inc hosp,2021-01-19,06049,quantile,0.1,0.39061169230823034
15989,2020-12-27,23 day ahead inc hosp,2021-01-19,06049,quantile,0.15,0.4124090499006255
15990,2020-12-27,23 day ahead inc hosp,2021-01-19,06049,quantile,0.2,0.42973289872476383
15991,2020-12-27,23 day ahead inc hosp,2021-01-19,06049,quantile,0.25,0.4445952184711261
15992,2020-12-27,23 day ahead inc hosp,2021-01-19,06049,quantile,0.3,0.4579420409426616
15993,2020-12-27,23 day ahead inc hosp,2021-01-19,06049,quantile,0.35,0.47030986103671235
15994,2020-12-27,23 day ahead inc hosp,2021-01-19,06049,quantile,0.4,0.4820457128542026
15995,2020-12-27,23 day ahead inc hosp,2021-01-19,06049,quantile,0.45,0.493400285305531
15996,2020-12-27,23 day ahead inc hosp,2021-01-19,06049,quantile,0.5,0.5045748353004456
15997,2020-12-27,23 day ahead inc hosp,2021-01-19,06049,quantile,0.55,0.5278229038082286
15998,2020-12-27,23 day ahead inc hosp,2021-01-19,06049,quantile,0.6,0.5514454996483474
15999,2020-12-27,23 day ahead inc hosp,2021-01-19,06049,quantile,0.65,0.5758613273259156
16000,2020-12-27,23 day ahead inc hosp,2021-01-19,06049,quantile,0.7,0.6015919320455042
16001,2020-12-27,23 day ahead inc hosp,2021-01-19,06049,quantile,0.75,0.6293593001561382
16002,2020-12-27,23 day ahead inc hosp,2021-01-19,06049,quantile,0.8,0.6602795813133436
16003,2020-12-27,23 day ahead inc hosp,2021-01-19,06049,quantile,0.85,0.6963209453472718
16004,2020-12-27,23 day ahead inc hosp,2021-01-19,06049,quantile,0.9,0.7416692110785329
16005,2020-12-27,23 day ahead inc hosp,2021-01-19,06049,quantile,0.95,0.8088821721360543
16006,2020-12-27,23 day ahead inc hosp,2021-01-19,06049,quantile,0.975,0.8671793921171527
16007,2020-12-27,23 day ahead inc hosp,2021-01-19,06049,quantile,0.99,0.9349625090137577
16008,2020-12-27,24 day ahead inc hosp,2021-01-20,06049,point,NA,0.5375632643699646
16009,2020-12-27,24 day ahead inc hosp,2021-01-20,06049,quantile,0.01,0.33102576507733716
16010,2020-12-27,24 day ahead inc hosp,2021-01-20,06049,quantile,0.025,0.3635540095256437
16011,2020-12-27,24 day ahead inc hosp,2021-01-20,06049,quantile,0.05,0.39153009426507024
16012,2020-12-27,24 day ahead inc hosp,2021-01-20,06049,quantile,0.1,0.42378472827236346
16013,2020-12-27,24 day ahead inc hosp,2021-01-20,06049,quantile,0.15,0.4455467767078657
16014,2020-12-27,24 day ahead inc hosp,2021-01-20,06049,quantile,0.2,0.46284256293342857
16015,2020-12-27,24 day ahead inc hosp,2021-01-20,06049,quantile,0.25,0.47768080746895425
16016,2020-12-27,24 day ahead inc hosp,2021-01-20,06049,quantile,0.3,0.49100600965708285
16017,2020-12-27,24 day ahead inc hosp,2021-01-20,06049,quantile,0.35,0.5033537953364907
16018,2020-12-27,24 day ahead inc hosp,2021-01-20,06049,quantile,0.4,0.5150706364536546
16019,2020-12-27,24 day ahead inc hosp,2021-01-20,06049,quantile,0.45,0.5264068158324081
16020,2020-12-27,24 day ahead inc hosp,2021-01-20,06049,quantile,0.5,0.5375632643699646
16021,2020-12-27,24 day ahead inc hosp,2021-01-20,06049,quantile,0.55,0.5630835104949384
16022,2020-12-27,24 day ahead inc hosp,2021-01-20,06049,quantile,0.6,0.589014888826381
16023,2020-12-27,24 day ahead inc hosp,2021-01-20,06049,quantile,0.65,0.6158170264520458
16024,2020-12-27,24 day ahead inc hosp,2021-01-20,06049,quantile,0.7,0.6440624424171821
16025,2020-12-27,24 day ahead inc hosp,2021-01-20,06049,quantile,0.75,0.6745436872650666
16026,2020-12-27,24 day ahead inc hosp,2021-01-20,06049,quantile,0.8,0.7084859988648927
16027,2020-12-27,24 day ahead inc hosp,2021-01-20,06049,quantile,0.85,0.7480499084652837
16028,2020-12-27,24 day ahead inc hosp,2021-01-20,06049,quantile,0.9,0.7978303408661543
16029,2020-12-27,24 day ahead inc hosp,2021-01-20,06049,quantile,0.95,0.8716124405877712
16030,2020-12-27,24 day ahead inc hosp,2021-01-20,06049,quantile,0.975,0.9356074086781869
16031,2020-12-27,24 day ahead inc hosp,2021-01-20,06049,quantile,0.99,1.0100153890977264
16032,2020-12-27,25 day ahead inc hosp,2021-01-21,06049,point,NA,0.5675738453865051
16033,2020-12-27,25 day ahead inc hosp,2021-01-21,06049,quantile,0.01,0.3231143445988547
16034,2020-12-27,25 day ahead inc hosp,2021-01-21,06049,quantile,0.025,0.3616150450845584
16035,2020-12-27,25 day ahead inc hosp,2021-01-21,06049,quantile,0.05,0.39472777150381033
16036,2020-12-27,25 day ahead inc hosp,2021-01-21,06049,quantile,0.1,0.4329046243974327
16037,2020-12-27,25 day ahead inc hosp,2021-01-21,06049,quantile,0.15,0.45866236579974395
16038,2020-12-27,25 day ahead inc hosp,2021-01-21,06049,quantile,0.2,0.47913380212928197
16039,2020-12-27,25 day ahead inc hosp,2021-01-21,06049,quantile,0.25,0.49669647168877135
16040,2020-12-27,25 day ahead inc hosp,2021-01-21,06049,quantile,0.3,0.5124682917503145
16041,2020-12-27,25 day ahead inc hosp,2021-01-21,06049,quantile,0.35,0.5270832335083931
16042,2020-12-27,25 day ahead inc hosp,2021-01-21,06049,quantile,0.4,0.5409513840385392
16043,2020-12-27,25 day ahead inc hosp,2021-01-21,06049,quantile,0.45,0.554368980171254
16044,2020-12-27,25 day ahead inc hosp,2021-01-21,06049,quantile,0.5,0.5675738453865051
16045,2020-12-27,25 day ahead inc hosp,2021-01-21,06049,quantile,0.55,0.5988066077342047
16046,2020-12-27,25 day ahead inc hosp,2021-01-21,06049,quantile,0.6,0.6305425311578294
16047,2020-12-27,25 day ahead inc hosp,2021-01-21,06049,quantile,0.65,0.6633441268310601
16048,2020-12-27,25 day ahead inc hosp,2021-01-21,06049,quantile,0.7,0.6979120679054107
16049,2020-12-27,25 day ahead inc hosp,2021-01-21,06049,quantile,0.75,0.7352163114355853
16050,2020-12-27,25 day ahead inc hosp,2021-01-21,06049,quantile,0.8,0.7767563556239333
16051,2020-12-27,25 day ahead inc hosp,2021-01-21,06049,quantile,0.85,0.8251763504799251
16052,2020-12-27,25 day ahead inc hosp,2021-01-21,06049,quantile,0.9,0.886099760353336
16053,2020-12-27,25 day ahead inc hosp,2021-01-21,06049,quantile,0.95,0.976397431262726
16054,2020-12-27,25 day ahead inc hosp,2021-01-21,06049,quantile,0.975,1.0547171943256937
16055,2020-12-27,25 day ahead inc hosp,2021-01-21,06049,quantile,0.99,1.1457808446461168
16056,2020-12-27,26 day ahead inc hosp,2021-01-22,06049,point,NA,0.5476658940315247
16057,2020-12-27,26 day ahead inc hosp,2021-01-22,06049,quantile,0.01,0.3407817072269721
16058,2020-12-27,26 day ahead inc hosp,2021-01-22,06049,quantile,0.025,0.37336455258878687
16059,2020-12-27,26 day ahead inc hosp,2021-01-22,06049,quantile,0.05,0.4013875971260463
16060,2020-12-27,26 day ahead inc hosp,2021-01-22,06049,quantile,0.1,0.43369637277275297
16061,2020-12-27,26 day ahead inc hosp,2021-01-22,06049,quantile,0.15,0.4554949503153294
16062,2020-12-27,26 day ahead inc hosp,2021-01-22,06049,quantile,0.2,0.4728197687171986
16063,2020-12-27,26 day ahead inc hosp,2021-01-22,06049,quantile,0.25,0.4876829202749211
16064,2020-12-27,26 day ahead inc hosp,2021-01-22,06049,quantile,0.3,0.5010304897387663
16065,2020-12-27,26 day ahead inc hosp,2021-01-22,06049,quantile,0.35,0.5133990020325161
16066,2020-12-27,26 day ahead inc hosp,2021-01-22,06049,quantile,0.4,0.5251355106798304
16067,2020-12-27,26 day ahead inc hosp,2021-01-22,06049,quantile,0.45,0.536490718621615
16068,2020-12-27,26 day ahead inc hosp,2021-01-22,06049,quantile,0.5,0.5476658940315247
16069,2020-12-27,26 day ahead inc hosp,2021-01-22,06049,quantile,0.55,0.5779861197263766
16070,2020-12-27,26 day ahead inc hosp,2021-01-22,06049,quantile,0.6,0.6087948054944389
16071,2020-12-27,26 day ahead inc hosp,2021-01-22,06049,quantile,0.65,0.6406380274577017
16072,2020-12-27,26 day ahead inc hosp,2021-01-22,06049,quantile,0.7,0.6741959869975133
16073,2020-12-27,26 day ahead inc hosp,2021-01-22,06049,quantile,0.75,0.7104103016527114
16074,2020-12-27,26 day ahead inc hosp,2021-01-22,06049,quantile,0.8,0.750736658352877
16075,2020-12-27,26 day ahead inc hosp,2021-01-22,06049,quantile,0.85,0.797741952211727
16076,2020-12-27,26 day ahead inc hosp,2021-01-22,06049,quantile,0.9,0.8568853451943156
16077,2020-12-27,26 day ahead inc hosp,2021-01-22,06049,quantile,0.95,0.9445447629305066
16078,2020-12-27,26 day ahead inc hosp,2021-01-22,06049,quantile,0.975,1.0205762348189165
16079,2020-12-27,26 day ahead inc hosp,2021-01-22,06049,quantile,0.99,1.1089792521240982
16080,2020-12-27,27 day ahead inc hosp,2021-01-23,06049,point,NA,0.5664769411087036
16081,2020-12-27,27 day ahead inc hosp,2021-01-23,06049,quantile,0.01,0.16516675082858712
16082,2020-12-27,27 day ahead inc hosp,2021-01-23,06049,quantile,0.025,0.22837036282997453
16083,2020-12-27,27 day ahead inc hosp,2021-01-23,06049,quantile,0.05,0.2827289559596662
16084,2020-12-27,27 day ahead inc hosp,2021-01-23,06049,quantile,0.1,0.34540093250249637
16085,2020-12-27,27 day ahead inc hosp,2021-01-23,06049,quantile,0.15,0.3876854175400678
16086,2020-12-27,27 day ahead inc hosp,2021-01-23,06049,quantile,0.2,0.4212917858024757
16087,2020-12-27,27 day ahead inc hosp,2021-01-23,06049,quantile,0.25,0.45012305740385156
16088,2020-12-27,27 day ahead inc hosp,2021-01-23,06049,quantile,0.3,0.476014430369796
16089,2020-12-27,27 day ahead inc hosp,2021-01-23,06049,quantile,0.35,0.5000066460086641
16090,2020-12-27,27 day ahead inc hosp,2021-01-23,06049,quantile,0.4,0.5227729124460673
16091,2020-12-27,27 day ahead inc hosp,2021-01-23,06049,quantile,0.45,0.5447995386961098
16092,2020-12-27,27 day ahead inc hosp,2021-01-23,06049,quantile,0.5,0.5664769411087036
16093,2020-12-27,27 day ahead inc hosp,2021-01-23,06049,quantile,0.55,0.5970686512139276
16094,2020-12-27,27 day ahead inc hosp,2021-01-23,06049,quantile,0.6,0.6281531950172915
16095,2020-12-27,27 day ahead inc hosp,2021-01-23,06049,quantile,0.65,0.660281538154323
16096,2020-12-27,27 day ahead inc hosp,2021-01-23,06049,quantile,0.7,0.6941399724646935
16097,2020-12-27,27 day ahead inc hosp,2021-01-23,06049,quantile,0.75,0.730678546640917
16098,2020-12-27,27 day ahead inc hosp,2021-01-23,06049,quantile,0.8,0.7713659816945679
16099,2020-12-27,27 day ahead inc hosp,2021-01-23,06049,quantile,0.85,0.8187921564735031
16100,2020-12-27,27 day ahead inc hosp,2021-01-23,06049,quantile,0.9,0.8784651137585768
16101,2020-12-27,27 day ahead inc hosp,2021-01-23,06049,quantile,0.95,0.966909425564396
16102,2020-12-27,27 day ahead inc hosp,2021-01-23,06049,quantile,0.975,1.0436216760038328
16103,2020-12-27,27 day ahead inc hosp,2021-01-23,06049,quantile,0.99,1.132816245498294
16104,2020-12-27,28 day ahead inc hosp,2021-01-24,06049,point,NA,0.5558868050575256
16105,2020-12-27,28 day ahead inc hosp,2021-01-24,06049,quantile,0.01,0.1663453402597146
16106,2020-12-27,28 day ahead inc hosp,2021-01-24,06049,quantile,0.025,0.22769545843724642
16107,2020-12-27,28 day ahead inc hosp,2021-01-24,06049,quantile,0.05,0.2804599446251205
16108,2020-12-27,28 day ahead inc hosp,2021-01-24,06049,quantile,0.1,0.3412940179568431
16109,2020-12-27,28 day ahead inc hosp,2021-01-24,06049,quantile,0.15,0.3823384784233452
16110,2020-12-27,28 day ahead inc hosp,2021-01-24,06049,quantile,0.2,0.4149593144662461
16111,2020-12-27,28 day ahead inc hosp,2021-01-24,06049,quantile,0.25,0.44294508717673775
16112,2020-12-27,28 day ahead inc hosp,2021-01-24,06049,quantile,0.3,0.4680771760074264
16113,2020-12-27,28 day ahead inc hosp,2021-01-24,06049,quantile,0.35,0.49136580173902344
16114,2020-12-27,28 day ahead inc hosp,2021-01-24,06049,quantile,0.4,0.5134644301586334
16115,2020-12-27,28 day ahead inc hosp,2021-01-24,06049,quantile,0.45,0.5348451088999492
16116,2020-12-27,28 day ahead inc hosp,2021-01-24,06049,quantile,0.5,0.5558868050575256
16117,2020-12-27,28 day ahead inc hosp,2021-01-24,06049,quantile,0.55,0.5860628763410074
16118,2020-12-27,28 day ahead inc hosp,2021-01-24,06049,quantile,0.6,0.61672508536425
16119,2020-12-27,28 day ahead inc hosp,2021-01-24,06049,quantile,0.65,0.6484169119861839
16120,2020-12-27,28 day ahead inc hosp,2021-01-24,06049,quantile,0.7,0.6818153236402729
16121,2020-12-27,28 day ahead inc hosp,2021-01-24,06049,quantile,0.75,0.7178574610410919
16122,2020-12-27,28 day ahead inc hosp,2021-01-24,06049,quantile,0.8,0.757992090203629
16123,2020-12-27,28 day ahead inc hosp,2021-01-24,06049,quantile,0.85,0.8047739022013709
16124,2020-12-27,28 day ahead inc hosp,2021-01-24,06049,quantile,0.9,0.86363610397227
16125,2020-12-27,28 day ahead inc hosp,2021-01-24,06049,quantile,0.95,0.9508787539742105
16126,2020-12-27,28 day ahead inc hosp,2021-01-24,06049,quantile,0.975,1.0265487420073884
16127,2020-12-27,28 day ahead inc hosp,2021-01-24,06049,quantile,0.99,1.1145314562102373
16128,2020-12-27,1 day ahead inc hosp,2020-12-28,06051,point,NA,1.247910976409912
16129,2020-12-27,1 day ahead inc hosp,2020-12-28,06051,quantile,0.01,1.2462350732023948
16130,2020-12-27,1 day ahead inc hosp,2020-12-28,06051,quantile,0.025,1.2464990165027279
16131,2020-12-27,1 day ahead inc hosp,2020-12-28,06051,quantile,0.05,1.2467260223022034
16132,2020-12-27,1 day ahead inc hosp,2020-12-28,06051,quantile,0.1,1.2469877454506644
16133,2020-12-27,1 day ahead inc hosp,2020-12-28,06051,quantile,0.15,1.2471643288163974
16134,2020-12-27,1 day ahead inc hosp,2020-12-28,06051,quantile,0.2,1.2473046716776754
16135,2020-12-27,1 day ahead inc hosp,2020-12-28,06051,quantile,0.25,1.2474250733562868
16136,2020-12-27,1 day ahead inc hosp,2020-12-28,06051,quantile,0.3,1.24753319778485
16137,2020-12-27,1 day ahead inc hosp,2020-12-28,06051,quantile,0.35,1.247633391181675
16138,2020-12-27,1 day ahead inc hosp,2020-12-28,06051,quantile,0.4,1.2477284649173281
16139,2020-12-27,1 day ahead inc hosp,2020-12-28,06051,quantile,0.45,1.2478204498568521
16140,2020-12-27,1 day ahead inc hosp,2020-12-28,06051,quantile,0.5,1.247910976409912
16141,2020-12-27,1 day ahead inc hosp,2020-12-28,06051,quantile,0.55,1.2481667473855635
16142,2020-12-27,1 day ahead inc hosp,2020-12-28,06051,quantile,0.6,1.2484266388420702
16143,2020-12-27,1 day ahead inc hosp,2020-12-28,06051,quantile,0.65,1.2486952572894194
16144,2020-12-27,1 day ahead inc hosp,2020-12-28,06051,quantile,0.7,1.248978340672068
16145,2020-12-27,1 day ahead inc hosp,2020-12-28,06051,quantile,0.75,1.2492838321510937
16146,2020-12-27,1 day ahead inc hosp,2020-12-28,06051,quantile,0.8,1.2496240113998065
16147,2020-12-27,1 day ahead inc hosp,2020-12-28,06051,quantile,0.85,1.2500205318608368
16148,2020-12-27,1 day ahead inc hosp,2020-12-28,06051,quantile,0.9,1.2505194451433017
16149,2020-12-27,1 day ahead inc hosp,2020-12-28,06051,quantile,0.95,1.2512589097840032
16150,2020-12-27,1 day ahead inc hosp,2020-12-28,06051,quantile,0.975,1.2519002850805077
16151,2020-12-27,1 day ahead inc hosp,2020-12-28,06051,quantile,0.99,1.2526460224709297
16152,2020-12-27,2 day ahead inc hosp,2020-12-29,06051,point,NA,1.6049854755401611
16153,2020-12-27,2 day ahead inc hosp,2020-12-29,06051,quantile,0.01,1.603071024530341
16154,2020-12-27,2 day ahead inc hosp,2020-12-29,06051,quantile,0.025,1.603372537479055
16155,2020-12-27,2 day ahead inc hosp,2020-12-29,06051,quantile,0.05,1.6036318552487754
16156,2020-12-27,2 day ahead inc hosp,2020-12-29,06051,quantile,0.1,1.6039308320295447
16157,2020-12-27,2 day ahead inc hosp,2020-12-29,06051,quantile,0.15,1.6041325502441344
16158,2020-12-27,2 day ahead inc hosp,2020-12-29,06051,quantile,0.2,1.6042928694864926
16159,2020-12-27,2 day ahead inc hosp,2020-12-29,06051,quantile,0.25,1.60443040912134
16160,2020-12-27,2 day ahead inc hosp,2020-12-29,06051,quantile,0.3,1.6045539239642739
16161,2020-12-27,2 day ahead inc hosp,2020-12-29,06051,quantile,0.35,1.6046683788736438
16162,2020-12-27,2 day ahead inc hosp,2020-12-29,06051,quantile,0.4,1.6047769853900655
16163,2020-12-27,2 day ahead inc hosp,2020-12-29,06051,quantile,0.45,1.6048820634515966
16164,2020-12-27,2 day ahead inc hosp,2020-12-29,06051,quantile,0.5,1.6049854755401611
16165,2020-12-27,2 day ahead inc hosp,2020-12-29,06051,quantile,0.55,1.6051988745182346
16166,2020-12-27,2 day ahead inc hosp,2020-12-29,06051,quantile,0.6,1.605415711362553
16167,2020-12-27,2 day ahead inc hosp,2020-12-29,06051,quantile,0.65,1.6056398294510499
16168,2020-12-27,2 day ahead inc hosp,2020-12-29,06051,quantile,0.7,1.6058760161583687
16169,2020-12-27,2 day ahead inc hosp,2020-12-29,06051,quantile,0.75,1.6061308987511576
16170,2020-12-27,2 day ahead inc hosp,2020-12-29,06051,quantile,0.8,1.6064147226051042
16171,2020-12-27,2 day ahead inc hosp,2020-12-29,06051,quantile,0.85,1.6067455539707567
16172,2020-12-27,2 day ahead inc hosp,2020-12-29,06051,quantile,0.9,1.6071618153716218
16173,2020-12-27,2 day ahead inc hosp,2020-12-29,06051,quantile,0.95,1.6077787774731471
16174,2020-12-27,2 day ahead inc hosp,2020-12-29,06051,quantile,0.975,1.6083139000862077
16175,2020-12-27,2 day ahead inc hosp,2020-12-29,06051,quantile,0.99,1.6089360957697556
16176,2020-12-27,3 day ahead inc hosp,2020-12-30,06051,point,NA,1.961948037147522
16177,2020-12-27,3 day ahead inc hosp,2020-12-30,06051,quantile,0.01,1.9600860161620548
16178,2020-12-27,3 day ahead inc hosp,2020-12-30,06051,quantile,0.025,1.9603792717402941
16179,2020-12-27,3 day ahead inc hosp,2020-12-30,06051,quantile,0.05,1.9606314877158648
16180,2020-12-27,3 day ahead inc hosp,2020-12-30,06051,quantile,0.1,1.9609222765828058
16181,2020-12-27,3 day ahead inc hosp,2020-12-30,06051,quantile,0.15,1.9611184704508078
16182,2020-12-27,3 day ahead inc hosp,2020-12-30,06051,quantile,0.2,1.9612743991176234
16183,2020-12-27,3 day ahead inc hosp,2020-12-30,06051,quantile,0.25,1.9614081720295995
16184,2020-12-27,3 day ahead inc hosp,2020-12-30,06051,quantile,0.3,1.9615283042389797
16185,2020-12-27,3 day ahead inc hosp,2020-12-30,06051,quantile,0.35,1.9616396246342487
16186,2020-12-27,3 day ahead inc hosp,2020-12-30,06051,quantile,0.4,1.9617452568033138
16187,2020-12-27,3 day ahead inc hosp,2020-12-30,06051,quantile,0.45,1.9618474571493552
16188,2020-12-27,3 day ahead inc hosp,2020-12-30,06051,quantile,0.5,1.961948037147522
16189,2020-12-27,3 day ahead inc hosp,2020-12-30,06051,quantile,0.55,1.9621800860060157
16190,2020-12-27,3 day ahead inc hosp,2020-12-30,06051,quantile,0.6,1.9624158731810888
16191,2020-12-27,3 day ahead inc hosp,2020-12-30,06051,quantile,0.65,1.9626595779404696
16192,2020-12-27,3 day ahead inc hosp,2020-12-30,06051,quantile,0.7,1.9629164060486428
16193,2020-12-27,3 day ahead inc hosp,2020-12-30,06051,quantile,0.75,1.9631935639583975
16194,2020-12-27,3 day ahead inc hosp,2020-12-30,06051,quantile,0.8,1.9635021924341107
16195,2020-12-27,3 day ahead inc hosp,2020-12-30,06051,quantile,0.85,1.9638619366158618
16196,2020-12-27,3 day ahead inc hosp,2020-12-30,06051,quantile,0.9,1.964314576941405
16197,2020-12-27,3 day ahead inc hosp,2020-12-30,06051,quantile,0.95,1.964985458089409
16198,2020-12-27,3 day ahead inc hosp,2020-12-30,06051,quantile,0.975,1.9655673474341278
16199,2020-12-27,3 day ahead inc hosp,2020-12-30,06051,quantile,0.99,1.9662439195500323
16200,2020-12-27,4 day ahead inc hosp,2020-12-31,06051,point,NA,2.3192238807678223
16201,2020-12-27,4 day ahead inc hosp,2020-12-31,06051,quantile,0.01,2.317173550373029
16202,2020-12-27,4 day ahead inc hosp,2020-12-31,06051,quantile,0.025,2.3174964633961364
16203,2020-12-27,4 day ahead inc hosp,2020-12-31,06051,quantile,0.05,2.3177741864104315
16204,2020-12-27,4 day ahead inc hosp,2020-12-31,06051,quantile,0.1,2.318094383259452
16205,2020-12-27,4 day ahead inc hosp,2020-12-31,06051,quantile,0.15,2.3183104185533483
16206,2020-12-27,4 day ahead inc hosp,2020-12-31,06051,quantile,0.2,2.318482116556479
16207,2020-12-27,4 day ahead inc hosp,2020-12-31,06051,quantile,0.25,2.318629418154885
16208,2020-12-27,4 day ahead inc hosp,2020-12-31,06051,quantile,0.3,2.318761699542801
16209,2020-12-27,4 day ahead inc hosp,2020-12-31,06051,quantile,0.35,2.3188842779625722
16210,2020-12-27,4 day ahead inc hosp,2020-12-31,06051,quantile,0.4,2.319000592895966
16211,2020-12-27,4 day ahead inc hosp,2020-12-31,06051,quantile,0.45,2.319113128940126
16212,2020-12-27,4 day ahead inc hosp,2020-12-31,06051,quantile,0.5,2.3192238807678223
16213,2020-12-27,4 day ahead inc hosp,2020-12-31,06051,quantile,0.55,2.3195098758242527
16214,2020-12-27,4 day ahead inc hosp,2020-12-31,06051,quantile,0.6,2.3198004782727124
16215,2020-12-27,4 day ahead inc hosp,2020-12-31,06051,quantile,0.65,2.3201008389677136
16216,2020-12-27,4 day ahead inc hosp,2020-12-31,06051,quantile,0.7,2.3204173738981875
16217,2020-12-27,4 day ahead inc hosp,2020-12-31,06051,quantile,0.75,2.320758964856897
16218,2020-12-27,4 day ahead inc hosp,2020-12-31,06051,quantile,0.8,2.321139342588124
16219,2020-12-27,4 day ahead inc hosp,2020-12-31,06051,quantile,0.85,2.321582719290032
16220,2020-12-27,4 day ahead inc hosp,2020-12-31,06051,quantile,0.9,2.3221405884227937
16221,2020-12-27,4 day ahead inc hosp,2020-12-31,06051,quantile,0.95,2.32296743451472
16222,2020-12-27,4 day ahead inc hosp,2020-12-31,06051,quantile,0.975,2.3236846001886184
16223,2020-12-27,4 day ahead inc hosp,2020-12-31,06051,quantile,0.99,2.3245184602718925
16224,2020-12-27,5 day ahead inc hosp,2021-01-01,06051,point,NA,2.6757822036743164
16225,2020-12-27,5 day ahead inc hosp,2021-01-01,06051,quantile,0.01,2.6739287804919134
16226,2020-12-27,5 day ahead inc hosp,2021-01-01,06051,quantile,0.025,2.6742206819749366
16227,2020-12-27,5 day ahead inc hosp,2021-01-01,06051,quantile,0.05,2.6744717333539185
16228,2020-12-27,5 day ahead inc hosp,2021-01-01,06051,quantile,0.1,2.674761179515578
16229,2020-12-27,5 day ahead inc hosp,2021-01-01,06051,quantile,0.15,2.6749564674667012
16230,2020-12-27,5 day ahead inc hosp,2021-01-01,06051,quantile,0.2,2.6751116761394997
16231,2020-12-27,5 day ahead inc hosp,2021-01-01,06051,quantile,0.25,2.6752448313607187
16232,2020-12-27,5 day ahead inc hosp,2021-01-01,06051,quantile,0.3,2.6753644088647084
16233,2020-12-27,5 day ahead inc hosp,2021-01-01,06051,quantile,0.35,2.6754752152427654
16234,2020-12-27,5 day ahead inc hosp,2021-01-01,06051,quantile,0.4,2.675580359659762
16235,2020-12-27,5 day ahead inc hosp,2021-01-01,06051,quantile,0.45,2.6756820881000327
16236,2020-12-27,5 day ahead inc hosp,2021-01-01,06051,quantile,0.5,2.6757822036743164
16237,2020-12-27,5 day ahead inc hosp,2021-01-01,06051,quantile,0.55,2.6760581270799664
16238,2020-12-27,5 day ahead inc hosp,2021-01-01,06051,quantile,0.6,2.676338495622941
16239,2020-12-27,5 day ahead inc hosp,2021-01-01,06051,quantile,0.65,2.6766282787643787
16240,2020-12-27,5 day ahead inc hosp,2021-01-01,06051,quantile,0.7,2.676933666546649
16241,2020-12-27,5 day ahead inc hosp,2021-01-01,06051,quantile,0.75,2.677263227979783
16242,2020-12-27,5 day ahead inc hosp,2021-01-01,06051,quantile,0.8,2.6776302102638248
16243,2020-12-27,5 day ahead inc hosp,2021-01-01,06051,quantile,0.85,2.6780579729360303
16244,2020-12-27,5 day ahead inc hosp,2021-01-01,06051,quantile,0.9,2.6785961960540794
16245,2020-12-27,5 day ahead inc hosp,2021-01-01,06051,quantile,0.95,2.679393923792734
16246,2020-12-27,5 day ahead inc hosp,2021-01-01,06051,quantile,0.975,2.680085833637705
16247,2020-12-27,5 day ahead inc hosp,2021-01-01,06051,quantile,0.99,2.68089032836179
16248,2020-12-27,6 day ahead inc hosp,2021-01-02,06051,point,NA,3.0329291820526123
16249,2020-12-27,6 day ahead inc hosp,2021-01-02,06051,quantile,0.01,3.0293534947713807
16250,2020-12-27,6 day ahead inc hosp,2021-01-02,06051,quantile,0.025,3.02991664107824
16251,2020-12-27,6 day ahead inc hosp,2021-01-02,06051,quantile,0.05,3.03040097796972
16252,2020-12-27,6 day ahead inc hosp,2021-01-02,06051,quantile,0.1,3.0309593873867784
16253,2020-12-27,6 day ahead inc hosp,2021-01-02,06051,quantile,0.15,3.031336143569413
16254,2020-12-27,6 day ahead inc hosp,2021-01-02,06051,quantile,0.2,3.0316355774399564
16255,2020-12-27,6 day ahead inc hosp,2021-01-02,06051,quantile,0.25,3.0318924650387857
16256,2020-12-27,6 day ahead inc hosp,2021-01-02,06051,quantile,0.3,3.0321231580419794
16257,2020-12-27,6 day ahead inc hosp,2021-01-02,06051,quantile,0.35,3.032336929489569
16258,2020-12-27,6 day ahead inc hosp,2021-01-02,06051,quantile,0.4,3.032539777688575
16259,2020-12-27,6 day ahead inc hosp,2021-01-02,06051,quantile,0.45,3.0327360356686572
16260,2020-12-27,6 day ahead inc hosp,2021-01-02,06051,quantile,0.5,3.0329291820526123
16261,2020-12-27,6 day ahead inc hosp,2021-01-02,06051,quantile,0.55,3.0332104964442355
16262,2020-12-27,6 day ahead inc hosp,2021-01-02,06051,quantile,0.6,3.033496342822187
16263,2020-12-27,6 day ahead inc hosp,2021-01-02,06051,quantile,0.65,3.033791787740839
16264,2020-12-27,6 day ahead inc hosp,2021-01-02,06051,quantile,0.7,3.0341031421834828
16265,2020-12-27,6 day ahead inc hosp,2021-01-02,06051,quantile,0.75,3.034439142581297
16266,2020-12-27,6 day ahead inc hosp,2021-01-02,06051,quantile,0.8,3.0348132949578543
16267,2020-12-27,6 day ahead inc hosp,2021-01-02,06051,quantile,0.85,3.035249415248582
16268,2020-12-27,6 day ahead inc hosp,2021-01-02,06051,quantile,0.9,3.0357981541591323
16269,2020-12-27,6 day ahead inc hosp,2021-01-02,06051,quantile,0.95,3.0366114678863676
16270,2020-12-27,6 day ahead inc hosp,2021-01-02,06051,quantile,0.975,3.0373168962520323
16271,2020-12-27,6 day ahead inc hosp,2021-01-02,06051,quantile,0.99,3.038137109177924
16272,2020-12-27,7 day ahead inc hosp,2021-01-03,06051,point,NA,3.3893752098083496
16273,2020-12-27,7 day ahead inc hosp,2021-01-03,06051,quantile,0.01,3.385886849524815
16274,2020-12-27,7 day ahead inc hosp,2021-01-03,06051,quantile,0.025,3.3864362424264196
16275,2020-12-27,7 day ahead inc hosp,2021-01-03,06051,quantile,0.05,3.386908750630635
16276,2020-12-27,7 day ahead inc hosp,2021-01-03,06051,quantile,0.1,3.3874535223288316
16277,2020-12-27,7 day ahead inc hosp,2021-01-03,06051,quantile,0.15,3.387821077207296
16278,2020-12-27,7 day ahead inc hosp,2021-01-03,06051,quantile,0.2,3.388113198172972
16279,2020-12-27,7 day ahead inc hosp,2021-01-03,06051,quantile,0.25,3.3883638119505783
16280,2020-12-27,7 day ahead inc hosp,2021-01-03,06051,quantile,0.3,3.3885888708684133
16281,2020-12-27,7 day ahead inc hosp,2021-01-03,06051,quantile,0.35,3.388797421496271
16282,2020-12-27,7 day ahead inc hosp,2021-01-03,06051,quantile,0.4,3.388995315647898
16283,2020-12-27,7 day ahead inc hosp,2021-01-03,06051,quantile,0.45,3.389186780529807
16284,2020-12-27,7 day ahead inc hosp,2021-01-03,06051,quantile,0.5,3.3893752098083496
16285,2020-12-27,7 day ahead inc hosp,2021-01-03,06051,quantile,0.55,3.3896526813033625
16286,2020-12-27,7 day ahead inc hosp,2021-01-03,06051,quantile,0.6,3.3899346228754825
16287,2020-12-27,7 day ahead inc hosp,2021-01-03,06051,quantile,0.65,3.3902260318673907
16288,2020-12-27,7 day ahead inc hosp,2021-01-03,06051,quantile,0.7,3.390533133051161
16289,2020-12-27,7 day ahead inc hosp,2021-01-03,06051,quantile,0.75,3.390864543513912
16290,2020-12-27,7 day ahead inc hosp,2021-01-03,06051,quantile,0.8,3.391233584780116
16291,2020-12-27,7 day ahead inc hosp,2021-01-03,06051,quantile,0.85,3.391663747447498
16292,2020-12-27,7 day ahead inc hosp,2021-01-03,06051,quantile,0.9,3.3922049903075004
16293,2020-12-27,7 day ahead inc hosp,2021-01-03,06051,quantile,0.95,3.3930071937586224
16294,2020-12-27,7 day ahead inc hosp,2021-01-03,06051,quantile,0.975,3.3937029856166783
16295,2020-12-27,7 day ahead inc hosp,2021-01-03,06051,quantile,0.99,3.3945119940199193
16296,2020-12-27,8 day ahead inc hosp,2021-01-04,06051,point,NA,3.7455391883850098
16297,2020-12-27,8 day ahead inc hosp,2021-01-04,06051,quantile,0.01,3.7437312831587737
16298,2020-12-27,8 day ahead inc hosp,2021-01-04,06051,quantile,0.025,3.744016015874817
16299,2020-12-27,8 day ahead inc hosp,2021-01-04,06051,quantile,0.05,3.744260901718711
16300,2020-12-27,8 day ahead inc hosp,2021-01-04,06051,quantile,0.1,3.7445432394132787
16301,2020-12-27,8 day ahead inc hosp,2021-01-04,06051,quantile,0.15,3.7447337313154025
16302,2020-12-27,8 day ahead inc hosp,2021-01-04,06051,quantile,0.2,3.7448851282404947
16303,2020-12-27,8 day ahead inc hosp,2021-01-04,06051,quantile,0.25,3.7450150133215856
16304,2020-12-27,8 day ahead inc hosp,2021-01-04,06051,quantile,0.3,3.7451316541386723
16305,2020-12-27,8 day ahead inc hosp,2021-01-04,06051,quantile,0.35,3.74523973923866
16306,2020-12-27,8 day ahead inc hosp,2021-01-04,06051,quantile,0.4,3.7453423014288836
16307,2020-12-27,8 day ahead inc hosp,2021-01-04,06051,quantile,0.45,3.745441531534867
16308,2020-12-27,8 day ahead inc hosp,2021-01-04,06051,quantile,0.5,3.7455391883850098
16309,2020-12-27,8 day ahead inc hosp,2021-01-04,06051,quantile,0.55,3.7457726578273203
16310,2020-12-27,8 day ahead inc hosp,2021-01-04,06051,quantile,0.6,3.7460098884718738
16311,2020-12-27,8 day ahead inc hosp,2021-01-04,06051,quantile,0.65,3.7462550851715277
16312,2020-12-27,8 day ahead inc hosp,2021-01-04,06051,quantile,0.7,3.746513485560024
16313,2020-12-27,8 day ahead inc hosp,2021-01-04,06051,quantile,0.75,3.7467923402074566
16314,2020-12-27,8 day ahead inc hosp,2021-01-04,06051,quantile,0.8,3.747102858081036
16315,2020-12-27,8 day ahead inc hosp,2021-01-04,06051,quantile,0.85,3.7474648045867553
16316,2020-12-27,8 day ahead inc hosp,2021-01-04,06051,quantile,0.9,3.7479202159387346
16317,2020-12-27,8 day ahead inc hosp,2021-01-04,06051,quantile,0.95,3.7485952041653436
16318,2020-12-27,8 day ahead inc hosp,2021-01-04,06051,quantile,0.975,3.7491806557882468
16319,2020-12-27,8 day ahead inc hosp,2021-01-04,06051,quantile,0.99,3.7498613698223884
16320,2020-12-27,9 day ahead inc hosp,2021-01-05,06051,point,NA,4.102514743804932
16321,2020-12-27,9 day ahead inc hosp,2021-01-05,06051,quantile,0.01,4.100601641491343
16322,2020-12-27,9 day ahead inc hosp,2021-01-05,06051,quantile,0.025,4.100902942029619
16323,2020-12-27,9 day ahead inc hosp,2021-01-05,06051,quantile,0.05,4.101162077114644
16324,2020-12-27,9 day ahead inc hosp,2021-01-05,06051,quantile,0.1,4.10146084327166
16325,2020-12-27,9 day ahead inc hosp,2021-01-05,06051,quantile,0.15,4.101662419379403
16326,2020-12-27,9 day ahead inc hosp,2021-01-05,06051,quantile,0.2,4.101822625679745
16327,2020-12-27,9 day ahead inc hosp,2021-01-05,06051,quantile,0.25,4.101960068420398
16328,2020-12-27,9 day ahead inc hosp,2021-01-05,06051,quantile,0.3,4.102083496249351
16329,2020-12-27,9 day ahead inc hosp,2021-01-05,06051,quantile,0.35,4.1021978705273
16330,2020-12-27,9 day ahead inc hosp,2021-01-05,06051,quantile,0.4,4.102306400532389
16331,2020-12-27,9 day ahead inc hosp,2021-01-05,06051,quantile,0.45,4.102411404568319
16332,2020-12-27,9 day ahead inc hosp,2021-01-05,06051,quantile,0.5,4.102514743804932
16333,2020-12-27,9 day ahead inc hosp,2021-01-05,06051,quantile,0.55,4.102722988565877
16334,2020-12-27,9 day ahead inc hosp,2021-01-05,06051,quantile,0.6,4.10293458815842
16335,2020-12-27,9 day ahead inc hosp,2021-01-05,06051,quantile,0.65,4.103153293131537
16336,2020-12-27,9 day ahead inc hosp,2021-01-05,06051,quantile,0.7,4.1033837752306
16337,2020-12-27,9 day ahead inc hosp,2021-01-05,06051,quantile,0.75,4.103632501654146
16338,2020-12-27,9 day ahead inc hosp,2021-01-05,06051,quantile,0.8,4.103909470321707
16339,2020-12-27,9 day ahead inc hosp,2021-01-05,06051,quantile,0.85,4.104232311130391
16340,2020-12-27,9 day ahead inc hosp,2021-01-05,06051,quantile,0.9,4.104638518586007
16341,2020-12-27,9 day ahead inc hosp,2021-01-05,06051,quantile,0.95,4.10524057922615
16342,2020-12-27,9 day ahead inc hosp,2021-01-05,06051,quantile,0.975,4.1057627770437755
16343,2020-12-27,9 day ahead inc hosp,2021-01-05,06051,quantile,0.99,4.10636994485944
16344,2020-12-27,10 day ahead inc hosp,2021-01-06,06051,point,NA,4.459203243255615
16345,2020-12-27,10 day ahead inc hosp,2021-01-06,06051,quantile,0.01,4.457313068507139
16346,2020-12-27,10 day ahead inc hosp,2021-01-06,06051,quantile,0.025,4.45761075811062
16347,2020-12-27,10 day ahead inc hosp,2021-01-06,06051,quantile,0.05,4.457866787592515
16348,2020-12-27,10 day ahead inc hosp,2021-01-06,06051,quantile,0.1,4.458161973188016
16349,2020-12-27,10 day ahead inc hosp,2021-01-06,06051,quantile,0.15,4.458361133507903
16350,2020-12-27,10 day ahead inc hosp,2021-01-06,06051,quantile,0.2,4.458519419816639
16351,2020-12-27,10 day ahead inc hosp,2021-01-06,06051,quantile,0.25,4.458655215375455
16352,2020-12-27,10 day ahead inc hosp,2021-01-06,06051,quantile,0.3,4.458777163984209
16353,2020-12-27,10 day ahead inc hosp,2021-01-06,06051,quantile,0.35,4.458890167544196
16354,2020-12-27,10 day ahead inc hosp,2021-01-06,06051,quantile,0.4,4.458997396871981
16355,2020-12-27,10 day ahead inc hosp,2021-01-06,06051,quantile,0.45,4.459101142487568
16356,2020-12-27,10 day ahead inc hosp,2021-01-06,06051,quantile,0.5,4.459203243255615
16357,2020-12-27,10 day ahead inc hosp,2021-01-06,06051,quantile,0.55,4.45943439967769
16358,2020-12-27,10 day ahead inc hosp,2021-01-06,06051,quantile,0.6,4.459669280039157
16359,2020-12-27,10 day ahead inc hosp,2021-01-06,06051,quantile,0.65,4.459912047534704
16360,2020-12-27,10 day ahead inc hosp,2021-01-06,06051,quantile,0.7,4.460167887907973
16361,2020-12-27,10 day ahead inc hosp,2021-01-06,06051,quantile,0.75,4.460443979896464
16362,2020-12-27,10 day ahead inc hosp,2021-01-06,06051,quantile,0.8,4.460751421418303
16363,2020-12-27,10 day ahead inc hosp,2021-01-06,06051,quantile,0.85,4.461109782060349
16364,2020-12-27,10 day ahead inc hosp,2021-01-06,06051,quantile,0.9,4.461560681577023
16365,2020-12-27,10 day ahead inc hosp,2021-01-06,06051,quantile,0.95,4.462228982584047
16366,2020-12-27,10 day ahead inc hosp,2021-01-06,06051,quantile,0.975,4.462808634041252
16367,2020-12-27,10 day ahead inc hosp,2021-01-06,06051,quantile,0.99,4.4634826041292905
16368,2020-12-27,11 day ahead inc hosp,2021-01-07,06051,point,NA,4.816033363342285
16369,2020-12-27,11 day ahead inc hosp,2021-01-07,06051,quantile,0.01,4.813870755340336
16370,2020-12-27,11 day ahead inc hosp,2021-01-07,06051,quantile,0.025,4.814211351319149
16371,2020-12-27,11 day ahead inc hosp,2021-01-07,06051,quantile,0.05,4.814504282650883
16372,2020-12-27,11 day ahead inc hosp,2021-01-07,06051,quantile,0.1,4.81484201371591
16373,2020-12-27,11 day ahead inc hosp,2021-01-07,06051,quantile,0.15,4.815069879262102
16374,2020-12-27,11 day ahead inc hosp,2021-01-07,06051,quantile,0.2,4.8152509795747305
16375,2020-12-27,11 day ahead inc hosp,2021-01-07,06051,quantile,0.25,4.815406347517488
16376,2020-12-27,11 day ahead inc hosp,2021-01-07,06051,quantile,0.3,4.815545872731932
16377,2020-12-27,11 day ahead inc hosp,2021-01-07,06051,quantile,0.35,4.815675163636529
16378,2020-12-27,11 day ahead inc hosp,2021-01-07,06051,quantile,0.4,4.815797848061606
16379,2020-12-27,11 day ahead inc hosp,2021-01-07,06051,quantile,0.45,4.815916546662683
16380,2020-12-27,11 day ahead inc hosp,2021-01-07,06051,quantile,0.5,4.816033363342285
16381,2020-12-27,11 day ahead inc hosp,2021-01-07,06051,quantile,0.55,4.8163171910970135
16382,2020-12-27,11 day ahead inc hosp,2021-01-07,06051,quantile,0.6,4.816605591328453
16383,2020-12-27,11 day ahead inc hosp,2021-01-07,06051,quantile,0.65,4.816903675857378
16384,2020-12-27,11 day ahead inc hosp,2021-01-07,06051,quantile,0.7,4.8172178120516564
16385,2020-12-27,11 day ahead inc hosp,2021-01-07,06051,quantile,0.75,4.817556814396859
16386,2020-12-27,11 day ahead inc hosp,2021-01-07,06051,quantile,0.8,4.81793430958419
16387,2020-12-27,11 day ahead inc hosp,2021-01-07,06051,quantile,0.85,4.8183743263291365
16388,2020-12-27,11 day ahead inc hosp,2021-01-07,06051,quantile,0.9,4.818927967868821
16389,2020-12-27,11 day ahead inc hosp,2021-01-07,06051,quantile,0.95,4.819748548030963
16390,2020-12-27,11 day ahead inc hosp,2021-01-07,06051,quantile,0.975,4.820460278945237
16391,2020-12-27,11 day ahead inc hosp,2021-01-07,06051,quantile,0.99,4.821287819945937
16392,2020-12-27,12 day ahead inc hosp,2021-01-08,06051,point,NA,5.172719955444336
16393,2020-12-27,12 day ahead inc hosp,2021-01-08,06051,quantile,0.01,5.170814945308136
16394,2020-12-27,12 day ahead inc hosp,2021-01-08,06051,quantile,0.025,5.171114971383783
16395,2020-12-27,12 day ahead inc hosp,2021-01-08,06051,quantile,0.05,5.1713730103606395
16396,2020-12-27,12 day ahead inc hosp,2021-01-08,06051,quantile,0.1,5.171670512775134
16397,2020-12-27,12 day ahead inc hosp,2021-01-08,06051,quantile,0.15,5.171871236241798
16398,2020-12-27,12 day ahead inc hosp,2021-01-08,06051,quantile,0.2,5.172030764890039
16399,2020-12-27,12 day ahead inc hosp,2021-01-08,06051,quantile,0.25,5.17216762626553
16400,2020-12-27,12 day ahead inc hosp,2021-01-08,06051,quantile,0.3,5.172290532010599
16401,2020-12-27,12 day ahead inc hosp,2021-01-08,06051,quantile,0.35,5.172404422500024
16402,2020-12-27,12 day ahead inc hosp,2021-01-08,06051,quantile,0.4,5.172512493437112
16403,2020-12-27,12 day ahead inc hosp,2021-01-08,06051,quantile,0.45,5.172617053319439
16404,2020-12-27,12 day ahead inc hosp,2021-01-08,06051,quantile,0.5,5.172719955444336
16405,2020-12-27,12 day ahead inc hosp,2021-01-08,06051,quantile,0.55,5.172994203284335
16406,2020-12-27,12 day ahead inc hosp,2021-01-08,06051,quantile,0.6,5.173272869268227
16407,2020-12-27,12 day ahead inc hosp,2021-01-08,06051,quantile,0.65,5.173560892679726
16408,2020-12-27,12 day ahead inc hosp,2021-01-08,06051,quantile,0.7,5.1738644259717
16409,2020-12-27,12 day ahead inc hosp,2021-01-08,06051,quantile,0.75,5.174191986118223
16410,2020-12-27,12 day ahead inc hosp,2021-01-08,06051,quantile,0.8,5.1745567398747205
16411,2020-12-27,12 day ahead inc hosp,2021-01-08,06051,quantile,0.85,5.174981904925899
16412,2020-12-27,12 day ahead inc hosp,2021-01-08,06051,quantile,0.9,5.17551685964355
16413,2020-12-27,12 day ahead inc hosp,2021-01-08,06051,quantile,0.95,5.176309743120463
16414,2020-12-27,12 day ahead inc hosp,2021-01-08,06051,quantile,0.975,5.176997451290816
16415,2020-12-27,12 day ahead inc hosp,2021-01-08,06051,quantile,0.99,5.177797060660131
16416,2020-12-27,13 day ahead inc hosp,2021-01-09,06051,point,NA,5.529395580291748
16417,2020-12-27,13 day ahead inc hosp,2021-01-09,06051,quantile,0.01,5.525902499571403
16418,2020-12-27,13 day ahead inc hosp,2021-01-09,06051,quantile,0.025,5.526452635909542
16419,2020-12-27,13 day ahead inc hosp,2021-01-09,06051,quantile,0.05,5.526925783510189
16420,2020-12-27,13 day ahead inc hosp,2021-01-09,06051,quantile,0.1,5.527471292391523
16421,2020-12-27,13 day ahead inc hosp,2021-01-09,06051,quantile,0.15,5.52783934464395
16422,2020-12-27,13 day ahead inc hosp,2021-01-09,06051,quantile,0.2,5.528131860906685
16423,2020-12-27,13 day ahead inc hosp,2021-01-09,06051,quantile,0.25,5.52838281381397
16424,2020-12-27,13 day ahead inc hosp,2021-01-09,06051,quantile,0.3,5.528608177280737
16425,2020-12-27,13 day ahead inc hosp,2021-01-09,06051,quantile,0.35,5.528817010118567
16426,2020-12-27,13 day ahead inc hosp,2021-01-09,06051,quantile,0.4,5.529015172059861
16427,2020-12-27,13 day ahead inc hosp,2021-01-09,06051,quantile,0.45,5.529206896031371
16428,2020-12-27,13 day ahead inc hosp,2021-01-09,06051,quantile,0.5,5.529395580291748
16429,2020-12-27,13 day ahead inc hosp,2021-01-09,06051,quantile,0.55,5.5296722686429
16430,2020-12-27,13 day ahead inc hosp,2021-01-09,06051,quantile,0.6,5.529953414454679
16431,2020-12-27,13 day ahead inc hosp,2021-01-09,06051,quantile,0.65,5.5302440009651175
16432,2020-12-27,13 day ahead inc hosp,2021-01-09,06051,quantile,0.7,5.530550235377306
16433,2020-12-27,13 day ahead inc hosp,2021-01-09,06051,quantile,0.75,5.530880710457237
16434,2020-12-27,13 day ahead inc hosp,2021-01-09,06051,quantile,0.8,5.531248710130314
16435,2020-12-27,13 day ahead inc hosp,2021-01-09,06051,quantile,0.85,5.531677658693695
16436,2020-12-27,13 day ahead inc hosp,2021-01-09,06051,quantile,0.9,5.532217373933633
16437,2020-12-27,13 day ahead inc hosp,2021-01-09,06051,quantile,0.95,5.533017313221699
16438,2020-12-27,13 day ahead inc hosp,2021-01-09,06051,quantile,0.975,5.533711141255967
16439,2020-12-27,13 day ahead inc hosp,2021-01-09,06051,quantile,0.99,5.534517866289652
16440,2020-12-27,14 day ahead inc hosp,2021-01-10,06051,point,NA,5.886384963989258
16441,2020-12-27,14 day ahead inc hosp,2021-01-10,06051,quantile,0.01,5.882861538145351
16442,2020-12-27,14 day ahead inc hosp,2021-01-10,06051,quantile,0.025,5.88341645363304
16443,2020-12-27,14 day ahead inc hosp,2021-01-10,06051,quantile,0.05,5.883893711565957
16444,2020-12-27,14 day ahead inc hosp,2021-01-10,06051,quantile,0.1,5.884443959397156
16445,2020-12-27,14 day ahead inc hosp,2021-01-10,06051,quantile,0.15,5.884815208996558
16446,2020-12-27,14 day ahead inc hosp,2021-01-10,06051,quantile,0.2,5.885110266409312
16447,2020-12-27,14 day ahead inc hosp,2021-01-10,06051,quantile,0.25,5.885363399397044
16448,2020-12-27,14 day ahead inc hosp,2021-01-10,06051,quantile,0.3,5.885590720643432
16449,2020-12-27,14 day ahead inc hosp,2021-01-10,06051,quantile,0.35,5.885801367655848
16450,2020-12-27,14 day ahead inc hosp,2021-01-10,06051,quantile,0.4,5.886001251071414
16451,2020-12-27,14 day ahead inc hosp,2021-01-10,06051,quantile,0.45,5.886194640589206
16452,2020-12-27,14 day ahead inc hosp,2021-01-10,06051,quantile,0.5,5.886384963989258
16453,2020-12-27,14 day ahead inc hosp,2021-01-10,06051,quantile,0.55,5.886662708664463
16454,2020-12-27,14 day ahead inc hosp,2021-01-10,06051,quantile,0.6,5.886944927817721
16455,2020-12-27,14 day ahead inc hosp,2021-01-10,06051,quantile,0.65,5.8872366237117655
16456,2020-12-27,14 day ahead inc hosp,2021-01-10,06051,quantile,0.7,5.8875440272471735
16457,2020-12-27,14 day ahead inc hosp,2021-01-10,06051,quantile,0.75,5.887875763994879
16458,2020-12-27,14 day ahead inc hosp,2021-01-10,06051,quantile,0.8,5.888245168594853
16459,2020-12-27,14 day ahead inc hosp,2021-01-10,06051,quantile,0.85,5.888675754772119
16460,2020-12-27,14 day ahead inc hosp,2021-01-10,06051,quantile,0.9,5.88921753050426
16461,2020-12-27,14 day ahead inc hosp,2021-01-10,06051,quantile,0.95,5.890020523752163
16462,2020-12-27,14 day ahead inc hosp,2021-01-10,06051,quantile,0.975,5.890717000641142
16463,2020-12-27,14 day ahead inc hosp,2021-01-10,06051,quantile,0.99,5.891526805540873
16464,2020-12-27,15 day ahead inc hosp,2021-01-11,06051,point,NA,6.2438530921936035
16465,2020-12-27,15 day ahead inc hosp,2021-01-11,06051,quantile,0.01,6.242154430008003
16466,2020-12-27,15 day ahead inc hosp,2021-01-11,06051,quantile,0.025,6.242421957691826
16467,2020-12-27,15 day ahead inc hosp,2021-01-11,06051,quantile,0.05,6.242652046258845
16468,2020-12-27,15 day ahead inc hosp,2021-01-11,06051,quantile,0.1,6.242917323640852
16469,2020-12-27,15 day ahead inc hosp,2021-01-11,06051,quantile,0.15,6.243096305031084
16470,2020-12-27,15 day ahead inc hosp,2021-01-11,06051,quantile,0.2,6.243238553766216
16471,2020-12-27,15 day ahead inc hosp,2021-01-11,06051,quantile,0.25,6.243360590514891
16472,2020-12-27,15 day ahead inc hosp,2021-01-11,06051,quantile,0.3,6.243470183286906
16473,2020-12-27,15 day ahead inc hosp,2021-01-11,06051,quantile,0.35,6.243571737322766
16474,2020-12-27,15 day ahead inc hosp,2021-01-11,06051,quantile,0.4,6.243668102171806
16475,2020-12-27,15 day ahead inc hosp,2021-01-11,06051,quantile,0.45,6.243761336278473
16476,2020-12-27,15 day ahead inc hosp,2021-01-11,06051,quantile,0.5,6.2438530921936035
16477,2020-12-27,15 day ahead inc hosp,2021-01-11,06051,quantile,0.55,6.244085742066077
16478,2020-12-27,15 day ahead inc hosp,2021-01-11,06051,quantile,0.6,6.2443221399374895
16479,2020-12-27,15 day ahead inc hosp,2021-01-11,06051,quantile,0.65,6.244566475900007
16480,2020-12-27,15 day ahead inc hosp,2021-01-11,06051,quantile,0.7,6.24482396920121
16481,2020-12-27,15 day ahead inc hosp,2021-01-11,06051,quantile,0.75,6.245101844958833
16482,2020-12-27,15 day ahead inc hosp,2021-01-11,06051,quantile,0.8,6.245411272792189
16483,2020-12-27,15 day ahead inc hosp,2021-01-11,06051,quantile,0.85,6.245771948722899
16484,2020-12-27,15 day ahead inc hosp,2021-01-11,06051,quantile,0.9,6.24622576140139
16485,2020-12-27,15 day ahead inc hosp,2021-01-11,06051,quantile,0.95,6.246898380153066
16486,2020-12-27,15 day ahead inc hosp,2021-01-11,06051,quantile,0.975,6.247481776609835
16487,2020-12-27,15 day ahead inc hosp,2021-01-11,06051,quantile,0.99,6.2481601010692005
16488,2020-12-27,16 day ahead inc hosp,2021-01-12,06051,point,NA,6.600902080535889
16489,2020-12-27,16 day ahead inc hosp,2021-01-12,06051,quantile,0.01,6.59910226735163
16490,2020-12-27,16 day ahead inc hosp,2021-01-12,06051,quantile,0.025,6.599385725626371
16491,2020-12-27,16 day ahead inc hosp,2021-01-12,06051,quantile,0.05,6.599629515380437
16492,2020-12-27,16 day ahead inc hosp,2021-01-12,06051,quantile,0.1,6.599910589353631
16493,2020-12-27,16 day ahead inc hosp,2021-01-12,06051,quantile,0.15,6.600100228628944
16494,2020-12-27,16 day ahead inc hosp,2021-01-12,06051,quantile,0.2,6.600250947913275
16495,2020-12-27,16 day ahead inc hosp,2021-01-12,06051,quantile,0.25,6.600380251638931
16496,2020-12-27,16 day ahead inc hosp,2021-01-12,06051,quantile,0.3,6.600496370380871
16497,2020-12-27,16 day ahead inc hosp,2021-01-12,06051,quantile,0.35,6.600603971700429
16498,2020-12-27,16 day ahead inc hosp,2021-01-12,06051,quantile,0.4,6.600706074830334
16499,2020-12-27,16 day ahead inc hosp,2021-01-12,06051,quantile,0.45,6.600804860790147
16500,2020-12-27,16 day ahead inc hosp,2021-01-12,06051,quantile,0.5,6.600902080535889
16501,2020-12-27,16 day ahead inc hosp,2021-01-12,06051,quantile,0.55,6.601103149467281
16502,2020-12-27,16 day ahead inc hosp,2021-01-12,06051,quantile,0.6,6.601307457627364
16503,2020-12-27,16 day ahead inc hosp,2021-01-12,06051,quantile,0.65,6.601518626326327
16504,2020-12-27,16 day ahead inc hosp,2021-01-12,06051,quantile,0.7,6.601741166327589
16505,2020-12-27,16 day ahead inc hosp,2021-01-12,06051,quantile,0.75,6.601981321978874
16506,2020-12-27,16 day ahead inc hosp,2021-01-12,06051,quantile,0.8,6.602248746685084
16507,2020-12-27,16 day ahead inc hosp,2021-01-12,06051,quantile,0.85,6.602560462841194
16508,2020-12-27,16 day ahead inc hosp,2021-01-12,06051,quantile,0.9,6.60295267294364
16509,2020-12-27,16 day ahead inc hosp,2021-01-12,06051,quantile,0.95,6.60353398739783
16510,2020-12-27,16 day ahead inc hosp,2021-01-12,06051,quantile,0.975,6.604038190993103
16511,2020-12-27,16 day ahead inc hosp,2021-01-12,06051,quantile,0.99,6.604624436636533
16512,2020-12-27,17 day ahead inc hosp,2021-01-13,06051,point,NA,6.9577741622924805
16513,2020-12-27,17 day ahead inc hosp,2021-01-13,06051,quantile,0.01,6.9559520958912255
16514,2020-12-27,17 day ahead inc hosp,2021-01-13,06051,quantile,0.025,6.956239058895542
16515,2020-12-27,17 day ahead inc hosp,2021-01-13,06051,quantile,0.05,6.956485862910391
16516,2020-12-27,17 day ahead inc hosp,2021-01-13,06051,quantile,0.1,6.956770412133224
16517,2020-12-27,17 day ahead inc hosp,2021-01-13,06051,quantile,0.15,6.956962396142968
16518,2020-12-27,17 day ahead inc hosp,2021-01-13,06051,quantile,0.2,6.957114978947897
16519,2020-12-27,17 day ahead inc hosp,2021-01-13,06051,quantile,0.25,6.957245881408294
16520,2020-12-27,17 day ahead inc hosp,2021-01-13,06051,quantile,0.3,6.957363435863442
16521,2020-12-27,17 day ahead inc hosp,2021-01-13,06051,quantile,0.35,6.957472367585252
16522,2020-12-27,17 day ahead inc hosp,2021-01-13,06051,quantile,0.4,6.957575733136794
16523,2020-12-27,17 day ahead inc hosp,2021-01-13,06051,quantile,0.45,6.9576757405041505
16524,2020-12-27,17 day ahead inc hosp,2021-01-13,06051,quantile,0.5,6.9577741622924805
16525,2020-12-27,17 day ahead inc hosp,2021-01-13,06051,quantile,0.55,6.957998907830504
16526,2020-12-27,17 day ahead inc hosp,2021-01-13,06051,quantile,0.6,6.958227274028316
16527,2020-12-27,17 day ahead inc hosp,2021-01-13,06051,quantile,0.65,6.95846330861871
16528,2020-12-27,17 day ahead inc hosp,2021-01-13,06051,quantile,0.7,6.9587120535240965
16529,2020-12-27,17 day ahead inc hosp,2021-01-13,06051,quantile,0.75,6.958980488387123
16530,2020-12-27,17 day ahead inc hosp,2021-01-13,06051,quantile,0.8,6.959279403336646
16531,2020-12-27,17 day ahead inc hosp,2021-01-13,06051,quantile,0.85,6.959627825217295
16532,2020-12-27,17 day ahead inc hosp,2021-01-13,06051,quantile,0.9,6.960066219502687
16533,2020-12-27,17 day ahead inc hosp,2021-01-13,06051,quantile,0.95,6.960715985873168
16534,2020-12-27,17 day ahead inc hosp,2021-01-13,06051,quantile,0.975,6.961279561297318
16535,2020-12-27,17 day ahead inc hosp,2021-01-13,06051,quantile,0.99,6.961934839522722
16536,2020-12-27,18 day ahead inc hosp,2021-01-14,06051,point,NA,7.314671993255615
16537,2020-12-27,18 day ahead inc hosp,2021-01-14,06051,quantile,0.01,7.312720453641075
16538,2020-12-27,18 day ahead inc hosp,2021-01-14,06051,quantile,0.025,7.3130278077915305
16539,2020-12-27,18 day ahead inc hosp,2021-01-14,06051,quantile,0.05,7.313292149316996
16540,2020-12-27,18 day ahead inc hosp,2021-01-14,06051,quantile,0.1,7.313596918166398
16541,2020-12-27,18 day ahead inc hosp,2021-01-14,06051,quantile,0.15,7.313802544262195
16542,2020-12-27,18 day ahead inc hosp,2021-01-14,06051,quantile,0.2,7.313965969364656
16543,2020-12-27,18 day ahead inc hosp,2021-01-14,06051,quantile,0.25,7.31410617355092
16544,2020-12-27,18 day ahead inc hosp,2021-01-14,06051,quantile,0.3,7.314232081243377
16545,2020-12-27,18 day ahead inc hosp,2021-01-14,06051,quantile,0.35,7.3143487534844365
16546,2020-12-27,18 day ahead inc hosp,2021-01-14,06051,quantile,0.4,7.314459464031798
16547,2020-12-27,18 day ahead inc hosp,2021-01-14,06051,quantile,0.45,7.314566577767613
16548,2020-12-27,18 day ahead inc hosp,2021-01-14,06051,quantile,0.5,7.314671993255615
16549,2020-12-27,18 day ahead inc hosp,2021-01-14,06051,quantile,0.55,7.314945039038397
16550,2020-12-27,18 day ahead inc hosp,2021-01-14,06051,quantile,0.6,7.315222483599881
16551,2020-12-27,18 day ahead inc hosp,2021-01-14,06051,quantile,0.65,7.315509244574379
16552,2020-12-27,18 day ahead inc hosp,2021-01-14,06051,quantile,0.7,7.315811447447911
16553,2020-12-27,18 day ahead inc hosp,2021-01-14,06051,quantile,0.75,7.316137571863753
16554,2020-12-27,18 day ahead inc hosp,2021-01-14,06051,quantile,0.8,7.316500726866052
16555,2020-12-27,18 day ahead inc hosp,2021-01-14,06051,quantile,0.85,7.316924028373955
16556,2020-12-27,18 day ahead inc hosp,2021-01-14,06051,quantile,0.9,7.317456638328637
16557,2020-12-27,18 day ahead inc hosp,2021-01-14,06051,quantile,0.95,7.318246046513618
16558,2020-12-27,18 day ahead inc hosp,2021-01-14,06051,quantile,0.975,7.318930740386505
16559,2020-12-27,18 day ahead inc hosp,2021-01-14,06051,quantile,0.99,7.319726844983591
16560,2020-12-27,19 day ahead inc hosp,2021-01-15,06051,point,NA,7.671447277069092
16561,2020-12-27,19 day ahead inc hosp,2021-01-15,06051,quantile,0.01,7.66969129597071
16562,2020-12-27,19 day ahead inc hosp,2021-01-15,06051,quantile,0.025,7.66996785099152
16563,2020-12-27,19 day ahead inc hosp,2021-01-15,06051,quantile,0.05,7.670205703566366
16564,2020-12-27,19 day ahead inc hosp,2021-01-15,06051,quantile,0.1,7.670479932352161
16565,2020-12-27,19 day ahead inc hosp,2021-01-15,06051,quantile,0.15,7.670664953212032
16566,2020-12-27,19 day ahead inc hosp,2021-01-15,06051,quantile,0.2,7.670812001926177
16567,2020-12-27,19 day ahead inc hosp,2021-01-15,06051,quantile,0.25,7.670938156629448
16568,2020-12-27,19 day ahead inc hosp,2021-01-15,06051,quantile,0.3,7.67105144745196
16569,2020-12-27,19 day ahead inc hosp,2021-01-15,06051,quantile,0.35,7.671156428282726
16570,2020-12-27,19 day ahead inc hosp,2021-01-15,06051,quantile,0.4,7.671256044825023
16571,2020-12-27,19 day ahead inc hosp,2021-01-15,06051,quantile,0.45,7.67135242498255
16572,2020-12-27,19 day ahead inc hosp,2021-01-15,06051,quantile,0.5,7.671447277069092
16573,2020-12-27,19 day ahead inc hosp,2021-01-15,06051,quantile,0.55,7.671706881842174
16574,2020-12-27,19 day ahead inc hosp,2021-01-15,06051,quantile,0.6,7.671970668858744
16575,2020-12-27,19 day ahead inc hosp,2021-01-15,06051,quantile,0.65,7.672243313676603
16576,2020-12-27,19 day ahead inc hosp,2021-01-15,06051,quantile,0.7,7.672530640247293
16577,2020-12-27,19 day ahead inc hosp,2021-01-15,06051,quantile,0.75,7.67284071079337
16578,2020-12-27,19 day ahead inc hosp,2021-01-15,06051,quantile,0.8,7.67318598905039
16579,2020-12-27,19 day ahead inc hosp,2021-01-15,06051,quantile,0.85,7.673588453028354
16580,2020-12-27,19 day ahead inc hosp,2021-01-15,06051,quantile,0.9,7.674094844612279
16581,2020-12-27,19 day ahead inc hosp,2021-01-15,06051,quantile,0.95,7.674845393222271
16582,2020-12-27,19 day ahead inc hosp,2021-01-15,06051,quantile,0.975,7.67549638220914
16583,2020-12-27,19 day ahead inc hosp,2021-01-15,06051,quantile,0.99,7.6762532975922335
16584,2020-12-27,20 day ahead inc hosp,2021-01-16,06051,point,NA,8.028417587280273
16585,2020-12-27,20 day ahead inc hosp,2021-01-16,06051,quantile,0.01,8.025284604120568
16586,2020-12-27,20 day ahead inc hosp,2021-01-16,06051,quantile,0.025,8.025778027554184
16587,2020-12-27,20 day ahead inc hosp,2021-01-16,06051,quantile,0.05,8.026202398928211
16588,2020-12-27,20 day ahead inc hosp,2021-01-16,06051,quantile,0.1,8.026691671944073
16589,2020-12-27,20 day ahead inc hosp,2021-01-16,06051,quantile,0.15,8.027021782125045
16590,2020-12-27,20 day ahead inc hosp,2021-01-16,06051,quantile,0.2,8.027284143232176
16591,2020-12-27,20 day ahead inc hosp,2021-01-16,06051,quantile,0.25,8.027509225701019
16592,2020-12-27,20 day ahead inc hosp,2021-01-16,06051,quantile,0.3,8.027711356714507
16593,2020-12-27,20 day ahead inc hosp,2021-01-16,06051,quantile,0.35,8.027898661222045
16594,2020-12-27,20 day ahead inc hosp,2021-01-16,06051,quantile,0.4,8.02807639488315
16595,2020-12-27,20 day ahead inc hosp,2021-01-16,06051,quantile,0.45,8.028248354257165
16596,2020-12-27,20 day ahead inc hosp,2021-01-16,06051,quantile,0.5,8.028417587280273
16597,2020-12-27,20 day ahead inc hosp,2021-01-16,06051,quantile,0.55,8.028682546613354
16598,2020-12-27,20 day ahead inc hosp,2021-01-16,06051,quantile,0.6,8.0289517744521
16599,2020-12-27,20 day ahead inc hosp,2021-01-16,06051,quantile,0.65,8.029230042791506
16600,2020-12-27,20 day ahead inc hosp,2021-01-16,06051,quantile,0.7,8.02952329570686
16601,2020-12-27,20 day ahead inc hosp,2021-01-16,06051,quantile,0.75,8.029839761710626
16602,2020-12-27,20 day ahead inc hosp,2021-01-16,06051,quantile,0.8,8.030192161613066
16603,2020-12-27,20 day ahead inc hosp,2021-01-16,06051,quantile,0.85,8.030602926738542
16604,2020-12-27,20 day ahead inc hosp,2021-01-16,06051,quantile,0.9,8.031119763061545
16605,2020-12-27,20 day ahead inc hosp,2021-01-16,06051,quantile,0.95,8.031885792348241
16606,2020-12-27,20 day ahead inc hosp,2021-01-16,06051,quantile,0.975,8.032550208513456
16607,2020-12-27,20 day ahead inc hosp,2021-01-16,06051,quantile,0.99,8.033322735893137
16608,2020-12-27,21 day ahead inc hosp,2021-01-17,06051,point,NA,8.386506080627441
16609,2020-12-27,21 day ahead inc hosp,2021-01-17,06051,quantile,0.01,8.383265203123331
16610,2020-12-27,21 day ahead inc hosp,2021-01-17,06051,quantile,0.025,8.38377561917873
16611,2020-12-27,21 day ahead inc hosp,2021-01-17,06051,quantile,0.05,8.384214605144937
16612,2020-12-27,21 day ahead inc hosp,2021-01-17,06051,quantile,0.1,8.384720727849606
16613,2020-12-27,21 day ahead inc hosp,2021-01-17,06051,quantile,0.15,8.385062206435624
16614,2020-12-27,21 day ahead inc hosp,2021-01-17,06051,quantile,0.2,8.385333602790698
16615,2020-12-27,21 day ahead inc hosp,2021-01-17,06051,quantile,0.25,8.385566436697763
16616,2020-12-27,21 day ahead inc hosp,2021-01-17,06051,quantile,0.3,8.385775528742341
16617,2020-12-27,21 day ahead inc hosp,2021-01-17,06051,quantile,0.35,8.385969283682588
16618,2020-12-27,21 day ahead inc hosp,2021-01-17,06051,quantile,0.4,8.386153138173544
16619,2020-12-27,21 day ahead inc hosp,2021-01-17,06051,quantile,0.45,8.386331019521274
16620,2020-12-27,21 day ahead inc hosp,2021-01-17,06051,quantile,0.5,8.386506080627441
16621,2020-12-27,21 day ahead inc hosp,2021-01-17,06051,quantile,0.55,8.386766013234311
16622,2020-12-27,21 day ahead inc hosp,2021-01-17,06051,quantile,0.6,8.387030133366084
16623,2020-12-27,21 day ahead inc hosp,2021-01-17,06051,quantile,0.65,8.38730312248494
16624,2020-12-27,21 day ahead inc hosp,2021-01-17,06051,quantile,0.7,8.387590811897024
16625,2020-12-27,21 day ahead inc hosp,2021-01-17,06051,quantile,0.75,8.387901274006015
16626,2020-12-27,21 day ahead inc hosp,2021-01-17,06051,quantile,0.8,8.388246988286907
16627,2020-12-27,21 day ahead inc hosp,2021-01-17,06051,quantile,0.85,8.388649960503946
16628,2020-12-27,21 day ahead inc hosp,2021-01-17,06051,quantile,0.9,8.389156991568681
16629,2020-12-27,21 day ahead inc hosp,2021-01-17,06051,quantile,0.95,8.389908487985563
16630,2020-12-27,21 day ahead inc hosp,2021-01-17,06051,quantile,0.975,8.39056029905356
16631,2020-12-27,21 day ahead inc hosp,2021-01-17,06051,quantile,0.99,8.391318170283625
16632,2020-12-27,22 day ahead inc hosp,2021-01-18,06051,point,NA,8.742446899414062
16633,2020-12-27,22 day ahead inc hosp,2021-01-18,06051,quantile,0.01,8.740450853365529
16634,2020-12-27,22 day ahead inc hosp,2021-01-18,06051,quantile,0.025,8.740765216975136
16635,2020-12-27,22 day ahead inc hosp,2021-01-18,06051,quantile,0.05,8.741035587022168
16636,2020-12-27,22 day ahead inc hosp,2021-01-18,06051,quantile,0.1,8.741347306370846
16637,2020-12-27,22 day ahead inc hosp,2021-01-18,06051,quantile,0.15,8.741557621935508
16638,2020-12-27,22 day ahead inc hosp,2021-01-18,06051,quantile,0.2,8.741724774079163
16639,2020-12-27,22 day ahead inc hosp,2021-01-18,06051,quantile,0.25,8.74186817573491
16640,2020-12-27,22 day ahead inc hosp,2021-01-18,06051,quantile,0.3,8.741996954853784
16641,2020-12-27,22 day ahead inc hosp,2021-01-18,06051,quantile,0.35,8.742116287899346
16642,2020-12-27,22 day ahead inc hosp,2021-01-18,06051,quantile,0.4,8.742229523289982
16643,2020-12-27,22 day ahead inc hosp,2021-01-18,06051,quantile,0.45,8.742339079840884
16644,2020-12-27,22 day ahead inc hosp,2021-01-18,06051,quantile,0.5,8.742446899414062
16645,2020-12-27,22 day ahead inc hosp,2021-01-18,06051,quantile,0.55,8.742735316783286
16646,2020-12-27,22 day ahead inc hosp,2021-01-18,06051,quantile,0.6,8.743028380568097
16647,2020-12-27,22 day ahead inc hosp,2021-01-18,06051,quantile,0.65,8.74333128524957
16648,2020-12-27,22 day ahead inc hosp,2021-01-18,06051,quantile,0.7,8.743650501158593
16649,2020-12-27,22 day ahead inc hosp,2021-01-18,06051,quantile,0.75,8.743994985314687
16650,2020-12-27,22 day ahead inc hosp,2021-01-18,06051,quantile,0.8,8.744378584758403
16651,2020-12-27,22 day ahead inc hosp,2021-01-18,06051,quantile,0.85,8.744825716759689
16652,2020-12-27,22 day ahead inc hosp,2021-01-18,06051,quantile,0.9,8.745388310916562
16653,2020-12-27,22 day ahead inc hosp,2021-01-18,06051,quantile,0.95,8.746222160205996
16654,2020-12-27,22 day ahead inc hosp,2021-01-18,06051,quantile,0.975,8.746945400109318
16655,2020-12-27,22 day ahead inc hosp,2021-01-18,06051,quantile,0.99,8.747786322797007
16656,2020-12-27,23 day ahead inc hosp,2021-01-19,06051,point,NA,9.099565505981445
16657,2020-12-27,23 day ahead inc hosp,2021-01-19,06051,quantile,0.01,9.09772320940754
16658,2020-12-27,23 day ahead inc hosp,2021-01-19,06051,quantile,0.025,9.098013358525776
16659,2020-12-27,23 day ahead inc hosp,2021-01-19,06051,quantile,0.05,9.098262902774366
16660,2020-12-27,23 day ahead inc hosp,2021-01-19,06051,quantile,0.1,9.098550611311207
16661,2020-12-27,23 day ahead inc hosp,2021-01-19,06051,quantile,0.15,9.098744726895113
16662,2020-12-27,23 day ahead inc hosp,2021-01-19,06051,quantile,0.2,9.098899003807613
16663,2020-12-27,23 day ahead inc hosp,2021-01-19,06051,quantile,0.25,9.099031359661462
16664,2020-12-27,23 day ahead inc hosp,2021-01-19,06051,quantile,0.3,9.099150219308846
16665,2020-12-27,23 day ahead inc hosp,2021-01-19,06051,quantile,0.35,9.09926036048578
16666,2020-12-27,23 day ahead inc hosp,2021-01-19,06051,quantile,0.4,9.099364873691957
16667,2020-12-27,23 day ahead inc hosp,2021-01-19,06051,quantile,0.45,9.099465991428456
16668,2020-12-27,23 day ahead inc hosp,2021-01-19,06051,quantile,0.5,9.099565505981445
16669,2020-12-27,23 day ahead inc hosp,2021-01-19,06051,quantile,0.55,9.099795059689821
16670,2020-12-27,23 day ahead inc hosp,2021-01-19,06051,quantile,0.6,9.100028311517807
16671,2020-12-27,23 day ahead inc hosp,2021-01-19,06051,quantile,0.65,9.100269395794749
16672,2020-12-27,23 day ahead inc hosp,2021-01-19,06051,quantile,0.7,9.100523462309141
16673,2020-12-27,23 day ahead inc hosp,2021-01-19,06051,quantile,0.75,9.100797640025004
16674,2020-12-27,23 day ahead inc hosp,2021-01-19,06051,quantile,0.8,9.101102949913491
16675,2020-12-27,23 day ahead inc hosp,2021-01-19,06051,quantile,0.85,9.101458825876527
16676,2020-12-27,23 day ahead inc hosp,2021-01-19,06051,quantile,0.9,9.101906599099648
16677,2020-12-27,23 day ahead inc hosp,2021-01-19,06051,quantile,0.95,9.102570266468684
16678,2020-12-27,23 day ahead inc hosp,2021-01-19,06051,quantile,0.975,9.103145898935967
16679,2020-12-27,23 day ahead inc hosp,2021-01-19,06051,quantile,0.99,9.103815196079672
16680,2020-12-27,24 day ahead inc hosp,2021-01-20,06051,point,NA,9.456647872924805
16681,2020-12-27,24 day ahead inc hosp,2021-01-20,06051,quantile,0.01,9.454790740827764
16682,2020-12-27,24 day ahead inc hosp,2021-01-20,06051,quantile,0.025,9.455083226439493
16683,2020-12-27,24 day ahead inc hosp,2021-01-20,06051,quantile,0.05,9.455334780201387
16684,2020-12-27,24 day ahead inc hosp,2021-01-20,06051,quantile,0.1,9.455624805578367
16685,2020-12-27,24 day ahead inc hosp,2021-01-20,06051,quantile,0.15,9.455820484323318
16686,2020-12-27,24 day ahead inc hosp,2021-01-20,06051,quantile,0.2,9.455976003586663
16687,2020-12-27,24 day ahead inc hosp,2021-01-20,06051,quantile,0.25,9.456109425266915
16688,2020-12-27,24 day ahead inc hosp,2021-01-20,06051,quantile,0.3,9.456229242059353
16689,2020-12-27,24 day ahead inc hosp,2021-01-20,06051,quantile,0.35,9.456340270173817
16690,2020-12-27,24 day ahead inc hosp,2021-01-20,06051,quantile,0.4,9.456445624996979
16691,2020-12-27,24 day ahead inc hosp,2021-01-20,06051,quantile,0.45,9.456547557007651
16692,2020-12-27,24 day ahead inc hosp,2021-01-20,06051,quantile,0.5,9.456647872924805
16693,2020-12-27,24 day ahead inc hosp,2021-01-20,06051,quantile,0.55,9.456887917182689
16694,2020-12-27,24 day ahead inc hosp,2021-01-20,06051,quantile,0.6,9.457131828563362
16695,2020-12-27,24 day ahead inc hosp,2021-01-20,06051,quantile,0.65,9.457383930334034
16696,2020-12-27,24 day ahead inc hosp,2021-01-20,06051,quantile,0.7,9.4576496076273
16697,2020-12-27,24 day ahead inc hosp,2021-01-20,06051,quantile,0.75,9.457936315199127
16698,2020-12-27,24 day ahead inc hosp,2021-01-20,06051,quantile,0.8,9.458255577676415
16699,2020-12-27,24 day ahead inc hosp,2021-01-20,06051,quantile,0.85,9.458627717085749
16700,2020-12-27,24 day ahead inc hosp,2021-01-20,06051,quantile,0.9,9.45909595343795
16701,2020-12-27,24 day ahead inc hosp,2021-01-20,06051,quantile,0.95,9.45978995024684
16702,2020-12-27,24 day ahead inc hosp,2021-01-20,06051,quantile,0.975,9.460391888980046
16703,2020-12-27,24 day ahead inc hosp,2021-01-20,06051,quantile,0.99,9.46109177284296
16704,2020-12-27,25 day ahead inc hosp,2021-01-21,06051,point,NA,9.814088821411133
16705,2020-12-27,25 day ahead inc hosp,2021-01-21,06051,quantile,0.01,9.811980834929502
16706,2020-12-27,25 day ahead inc hosp,2021-01-21,06051,quantile,0.025,9.812312828392205
16707,2020-12-27,25 day ahead inc hosp,2021-01-21,06051,quantile,0.05,9.8125983610855
16708,2020-12-27,25 day ahead inc hosp,2021-01-21,06051,quantile,0.1,9.812927561994247
16709,2020-12-27,25 day ahead inc hosp,2021-01-21,06051,quantile,0.15,9.813149672284494
16710,2020-12-27,25 day ahead inc hosp,2021-01-21,06051,quantile,0.2,9.813326198502141
16711,2020-12-27,25 day ahead inc hosp,2021-01-21,06051,quantile,0.25,9.813477642278691
16712,2020-12-27,25 day ahead inc hosp,2021-01-21,06051,quantile,0.3,9.8136136434706
16713,2020-12-27,25 day ahead inc hosp,2021-01-21,06051,quantile,0.35,9.813739668843132
16714,2020-12-27,25 day ahead inc hosp,2021-01-21,06051,quantile,0.4,9.813859254597618
16715,2020-12-27,25 day ahead inc hosp,2021-01-21,06051,quantile,0.45,9.813974955199036
16716,2020-12-27,25 day ahead inc hosp,2021-01-21,06051,quantile,0.5,9.814088821411133
16717,2020-12-27,25 day ahead inc hosp,2021-01-21,06051,quantile,0.55,9.814378477234293
16718,2020-12-27,25 day ahead inc hosp,2021-01-21,06051,quantile,0.6,9.814672799424583
16719,2020-12-27,25 day ahead inc hosp,2021-01-21,06051,quantile,0.65,9.814977004767995
16720,2020-12-27,25 day ahead inc hosp,2021-01-21,06051,quantile,0.7,9.815297591378789
16721,2020-12-27,25 day ahead inc hosp,2021-01-21,06051,quantile,0.75,9.81564355473761
16722,2020-12-27,25 day ahead inc hosp,2021-01-21,06051,quantile,0.8,9.816028801343705
16723,2020-12-27,25 day ahead inc hosp,2021-01-21,06051,quantile,0.85,9.816477853313918
16724,2020-12-27,25 day ahead inc hosp,2021-01-21,06051,quantile,0.9,9.81704286323011
16725,2020-12-27,25 day ahead inc hosp,2021-01-21,06051,quantile,0.95,9.817880293038767
16726,2020-12-27,25 day ahead inc hosp,2021-01-21,06051,quantile,0.975,9.818606638508538
16727,2020-12-27,25 day ahead inc hosp,2021-01-21,06051,quantile,0.99,9.819451172088366
16728,2020-12-27,26 day ahead inc hosp,2021-01-22,06051,point,NA,10.170306205749512
16729,2020-12-27,26 day ahead inc hosp,2021-01-22,06051,quantile,0.01,10.168552922043594
16730,2020-12-27,26 day ahead inc hosp,2021-01-22,06051,quantile,0.025,10.168829052243526
16731,2020-12-27,26 day ahead inc hosp,2021-01-22,06051,quantile,0.05,10.169066539448982
16732,2020-12-27,26 day ahead inc hosp,2021-01-22,06051,quantile,0.1,10.169340346987271
16733,2020-12-27,26 day ahead inc hosp,2021-01-22,06051,quantile,0.15,10.169525083633449
16734,2020-12-27,26 day ahead inc hosp,2021-01-22,06051,quantile,0.2,10.169671906463561
16735,2020-12-27,26 day ahead inc hosp,2021-01-22,06051,quantile,0.25,10.169797867378444
16736,2020-12-27,26 day ahead inc hosp,2021-01-22,06051,quantile,0.3,10.169910984172994
16737,2020-12-27,26 day ahead inc hosp,2021-01-22,06051,quantile,0.35,10.170015803740919
16738,2020-12-27,26 day ahead inc hosp,2021-01-22,06051,quantile,0.4,10.170115267260549
16739,2020-12-27,26 day ahead inc hosp,2021-01-22,06051,quantile,0.45,10.170211499366875
16740,2020-12-27,26 day ahead inc hosp,2021-01-22,06051,quantile,0.5,10.170306205749512
16741,2020-12-27,26 day ahead inc hosp,2021-01-22,06051,quantile,0.55,10.170567158254459
16742,2020-12-27,26 day ahead inc hosp,2021-01-22,06051,quantile,0.6,10.17083231471491
16743,2020-12-27,26 day ahead inc hosp,2021-01-22,06051,quantile,0.65,10.171106374961706
16744,2020-12-27,26 day ahead inc hosp,2021-01-22,06051,quantile,0.7,10.171395193181299
16745,2020-12-27,26 day ahead inc hosp,2021-01-22,06051,quantile,0.75,10.171706873451074
16746,2020-12-27,26 day ahead inc hosp,2021-01-22,06051,quantile,0.8,10.172053944211767
16747,2020-12-27,26 day ahead inc hosp,2021-01-22,06051,quantile,0.85,10.17245849757168
16748,2020-12-27,26 day ahead inc hosp,2021-01-22,06051,quantile,0.9,10.172967518075195
16749,2020-12-27,26 day ahead inc hosp,2021-01-22,06051,quantile,0.95,10.17372196314004
16750,2020-12-27,26 day ahead inc hosp,2021-01-22,06051,quantile,0.975,10.174376331720397
16751,2020-12-27,26 day ahead inc hosp,2021-01-22,06051,quantile,0.99,10.17513717661129
16752,2020-12-27,27 day ahead inc hosp,2021-01-23,06051,point,NA,10.527410507202148
16753,2020-12-27,27 day ahead inc hosp,2021-01-23,06051,quantile,0.01,10.524127820656508
16754,2020-12-27,27 day ahead inc hosp,2021-01-23,06051,quantile,0.025,10.524644821350181
16755,2020-12-27,27 day ahead inc hosp,2021-01-23,06051,quantile,0.05,10.525089470468567
16756,2020-12-27,27 day ahead inc hosp,2021-01-23,06051,quantile,0.1,10.525602122425004
16757,2020-12-27,27 day ahead inc hosp,2021-01-23,06051,quantile,0.15,10.525948006266193
16758,2020-12-27,27 day ahead inc hosp,2021-01-23,06051,quantile,0.2,10.526222903778429
16759,2020-12-27,27 day ahead inc hosp,2021-01-23,06051,quantile,0.25,10.526458741366588
16760,2020-12-27,27 day ahead inc hosp,2021-01-23,06051,quantile,0.3,10.526670530809623
16761,2020-12-27,27 day ahead inc hosp,2021-01-23,06051,quantile,0.35,10.52686678529153
16762,2020-12-27,27 day ahead inc hosp,2021-01-23,06051,quantile,0.4,10.527053011603094
16763,2020-12-27,27 day ahead inc hosp,2021-01-23,06051,quantile,0.45,10.52723318771471
16764,2020-12-27,27 day ahead inc hosp,2021-01-23,06051,quantile,0.5,10.527410507202148
16765,2020-12-27,27 day ahead inc hosp,2021-01-23,06051,quantile,0.55,10.527685301402533
16766,2020-12-27,27 day ahead inc hosp,2021-01-23,06051,quantile,0.6,10.5279645225487
16767,2020-12-27,27 day ahead inc hosp,2021-01-23,06051,quantile,0.65,10.528253119764472
16768,2020-12-27,27 day ahead inc hosp,2021-01-23,06051,quantile,0.7,10.52855725775972
16769,2020-12-27,27 day ahead inc hosp,2021-01-23,06051,quantile,0.75,10.528885470476153
16770,2020-12-27,27 day ahead inc hosp,2021-01-23,06051,quantile,0.8,10.52925095090019
16771,2020-12-27,27 day ahead inc hosp,2021-01-23,06051,quantile,0.85,10.529676962971136
16772,2020-12-27,27 day ahead inc hosp,2021-01-23,06051,quantile,0.9,10.530212983433065
16773,2020-12-27,27 day ahead inc hosp,2021-01-23,06051,quantile,0.95,10.53100744650354
16774,2020-12-27,27 day ahead inc hosp,2021-01-23,06051,quantile,0.975,10.53169652473574
16775,2020-12-27,27 day ahead inc hosp,2021-01-23,06051,quantile,0.99,10.532497727098034
16776,2020-12-27,28 day ahead inc hosp,2021-01-24,06051,point,NA,10.884153366088867
16777,2020-12-27,28 day ahead inc hosp,2021-01-24,06051,quantile,0.01,10.880946205448899
16778,2020-12-27,28 day ahead inc hosp,2021-01-24,06051,quantile,0.025,10.88145131132865
16779,2020-12-27,28 day ahead inc hosp,2021-01-24,06051,quantile,0.05,10.88188573025085
16780,2020-12-27,28 day ahead inc hosp,2021-01-24,06051,quantile,0.1,10.882386587446272
16781,2020-12-27,28 day ahead inc hosp,2021-01-24,06051,quantile,0.15,10.882724513418196
16782,2020-12-27,28 day ahead inc hosp,2021-01-24,06051,quantile,0.2,10.882993086268211
16783,2020-12-27,28 day ahead inc hosp,2021-01-24,06051,quantile,0.25,10.883223497859344
16784,2020-12-27,28 day ahead inc hosp,2021-01-24,06051,quantile,0.3,10.88343041458935
16785,2020-12-27,28 day ahead inc hosp,2021-01-24,06051,quantile,0.35,10.883622153776459
16786,2020-12-27,28 day ahead inc hosp,2021-01-24,06051,quantile,0.4,10.883804095514808
16787,2020-12-27,28 day ahead inc hosp,2021-01-24,06051,quantile,0.45,10.883980126252256
16788,2020-12-27,28 day ahead inc hosp,2021-01-24,06051,quantile,0.5,10.884153366088867
16789,2020-12-27,28 day ahead inc hosp,2021-01-24,06051,quantile,0.55,10.884405867884348
16790,2020-12-27,28 day ahead inc hosp,2021-01-24,06051,quantile,0.6,10.88466243749406
16791,2020-12-27,28 day ahead inc hosp,2021-01-24,06051,quantile,0.65,10.884927622549098
16792,2020-12-27,28 day ahead inc hosp,2021-01-24,06051,quantile,0.7,10.885207087653407
16793,2020-12-27,28 day ahead inc hosp,2021-01-24,06051,quantile,0.75,10.885508674441205
16794,2020-12-27,28 day ahead inc hosp,2021-01-24,06051,quantile,0.8,10.885844505631068
16795,2020-12-27,28 day ahead inc hosp,2021-01-24,06051,quantile,0.85,10.886235957898474
16796,2020-12-27,28 day ahead inc hosp,2021-01-24,06051,quantile,0.9,10.886728494236076
16797,2020-12-27,28 day ahead inc hosp,2021-01-24,06051,quantile,0.95,10.887458507283869
16798,2020-12-27,28 day ahead inc hosp,2021-01-24,06051,quantile,0.975,10.888091684733078
16799,2020-12-27,28 day ahead inc hosp,2021-01-24,06051,quantile,0.99,10.888827890354378
16800,2020-12-27,1 day ahead inc hosp,2020-12-28,06053,point,NA,183.72401428222656
16801,2020-12-27,1 day ahead inc hosp,2020-12-28,06053,quantile,0.01,123.79021524995872
16802,2020-12-27,1 day ahead inc hosp,2020-12-28,06053,quantile,0.025,133.2293789481457
16803,2020-12-27,1 day ahead inc hosp,2020-12-28,06053,quantile,0.05,141.34758046711963
16804,2020-12-27,1 day ahead inc hosp,2020-12-28,06053,quantile,0.1,150.70734689729966
16805,2020-12-27,1 day ahead inc hosp,2020-12-28,06053,quantile,0.15,157.02233687215127
16806,2020-12-27,1 day ahead inc hosp,2020-12-28,06053,quantile,0.2,162.0412907149073
16807,2020-12-27,1 day ahead inc hosp,2020-12-28,06053,quantile,0.25,166.34710621586794
16808,2020-12-27,1 day ahead inc hosp,2020-12-28,06053,quantile,0.3,170.21386161255316
16809,2020-12-27,1 day ahead inc hosp,2020-12-28,06053,quantile,0.35,173.79698674933343
16810,2020-12-27,1 day ahead inc hosp,2020-12-28,06053,quantile,0.4,177.1970221095668
16811,2020-12-27,1 day ahead inc hosp,2020-12-28,06053,quantile,0.45,180.48659566888125
16812,2020-12-27,1 day ahead inc hosp,2020-12-28,06053,quantile,0.5,183.72401428222656
16813,2020-12-27,1 day ahead inc hosp,2020-12-28,06053,quantile,0.55,192.41525490146515
16814,2020-12-27,1 day ahead inc hosp,2020-12-28,06053,quantile,0.6,201.24651176173992
16815,2020-12-27,1 day ahead inc hosp,2020-12-28,06053,quantile,0.65,210.37431664551198
16816,2020-12-27,1 day ahead inc hosp,2020-12-28,06053,quantile,0.7,219.9936481104719
16817,2020-12-27,1 day ahead inc hosp,2020-12-28,06053,quantile,0.75,230.37441920686206
16818,2020-12-27,1 day ahead inc hosp,2020-12-28,06053,quantile,0.8,241.93390009284678
16819,2020-12-27,1 day ahead inc hosp,2020-12-28,06053,quantile,0.85,255.40788684402878
16820,2020-12-27,1 day ahead inc hosp,2020-12-28,06053,quantile,0.9,272.36123886136363
16821,2020-12-27,1 day ahead inc hosp,2020-12-28,06053,quantile,0.95,297.4886603969145
16822,2020-12-27,1 day ahead inc hosp,2020-12-28,06053,quantile,0.975,319.28295122665736
16823,2020-12-27,1 day ahead inc hosp,2020-12-28,06053,quantile,0.99,344.6235243014977
16824,2020-12-27,2 day ahead inc hosp,2020-12-29,06053,point,NA,192.73974609375
16825,2020-12-27,2 day ahead inc hosp,2020-12-29,06053,quantile,0.01,126.41564310404628
16826,2020-12-27,2 day ahead inc hosp,2020-12-29,06053,quantile,0.025,136.86123599760154
16827,2020-12-27,2 day ahead inc hosp,2020-12-29,06053,quantile,0.05,145.8450221471448
16828,2020-12-27,2 day ahead inc hosp,2020-12-29,06053,quantile,0.1,156.2027522209652
16829,2020-12-27,2 day ahead inc hosp,2020-12-29,06053,quantile,0.15,163.19106352833802
16830,2020-12-27,2 day ahead inc hosp,2020-12-29,06053,quantile,0.2,168.74515182146126
16831,2020-12-27,2 day ahead inc hosp,2020-12-29,06053,quantile,0.25,173.51006503156202
16832,2020-12-27,2 day ahead inc hosp,2020-12-29,06053,quantile,0.3,177.78910436006623
16833,2020-12-27,2 day ahead inc hosp,2020-12-29,06053,quantile,0.35,181.75427200226528
16834,2020-12-27,2 day ahead inc hosp,2020-12-29,06053,quantile,0.4,185.51682834012306
16835,2020-12-27,2 day ahead inc hosp,2020-12-29,06053,quantile,0.45,189.1571451407102
16836,2020-12-27,2 day ahead inc hosp,2020-12-29,06053,quantile,0.5,192.73974609375
16837,2020-12-27,2 day ahead inc hosp,2020-12-29,06053,quantile,0.55,200.10139835476983
16838,2020-12-27,2 day ahead inc hosp,2020-12-29,06053,quantile,0.6,207.5816471341189
16839,2020-12-27,2 day ahead inc hosp,2020-12-29,06053,quantile,0.65,215.31307793952388
16840,2020-12-27,2 day ahead inc hosp,2020-12-29,06053,quantile,0.7,223.46084145578988
16841,2020-12-27,2 day ahead inc hosp,2020-12-29,06053,quantile,0.75,232.25355936118422
16842,2020-12-27,2 day ahead inc hosp,2020-12-29,06053,quantile,0.8,242.04466771137277
16843,2020-12-27,2 day ahead inc hosp,2020-12-29,06053,quantile,0.85,253.4574002978145
16844,2020-12-27,2 day ahead inc hosp,2020-12-29,06053,quantile,0.9,267.8172239038961
16845,2020-12-27,2 day ahead inc hosp,2020-12-29,06053,quantile,0.95,289.10064564593415
16846,2020-12-27,2 day ahead inc hosp,2020-12-29,06053,quantile,0.975,307.56083992578783
16847,2020-12-27,2 day ahead inc hosp,2020-12-29,06053,quantile,0.99,329.02480522655276
16848,2020-12-27,3 day ahead inc hosp,2020-12-30,06053,point,NA,199.88014221191406
16849,2020-12-27,3 day ahead inc hosp,2020-12-30,06053,quantile,0.01,135.33288964309335
16850,2020-12-27,3 day ahead inc hosp,2020-12-30,06053,quantile,0.025,145.49864074018785
16851,2020-12-27,3 day ahead inc hosp,2020-12-30,06053,quantile,0.05,154.24174750649968
16852,2020-12-27,3 day ahead inc hosp,2020-12-30,06053,quantile,0.1,164.321989665498
16853,2020-12-27,3 day ahead inc hosp,2020-12-30,06053,quantile,0.15,171.12308119411716
16854,2020-12-27,3 day ahead inc hosp,2020-12-30,06053,quantile,0.2,176.52837314207474
16855,2020-12-27,3 day ahead inc hosp,2020-12-30,06053,quantile,0.25,181.1656323371012
16856,2020-12-27,3 day ahead inc hosp,2020-12-30,06053,quantile,0.3,185.33003441475546
16857,2020-12-27,3 day ahead inc hosp,2020-12-30,06053,quantile,0.35,189.18897355967644
16858,2020-12-27,3 day ahead inc hosp,2020-12-30,06053,quantile,0.4,192.85072944172472
16859,2020-12-27,3 day ahead inc hosp,2020-12-30,06053,quantile,0.45,196.39352063476198
16860,2020-12-27,3 day ahead inc hosp,2020-12-30,06053,quantile,0.5,199.88014221191406
16861,2020-12-27,3 day ahead inc hosp,2020-12-30,06053,quantile,0.55,207.91579284333113
16862,2020-12-27,3 day ahead inc hosp,2020-12-30,06053,quantile,0.6,216.08089813432815
16863,2020-12-27,3 day ahead inc hosp,2020-12-30,06053,quantile,0.65,224.52018250017287
16864,2020-12-27,3 day ahead inc hosp,2020-12-30,06053,quantile,0.7,233.41391704816272
16865,2020-12-27,3 day ahead inc hosp,2020-12-30,06053,quantile,0.75,243.0116549856738
16866,2020-12-27,3 day ahead inc hosp,2020-12-30,06053,quantile,0.8,253.69919131675908
16867,2020-12-27,3 day ahead inc hosp,2020-12-30,06053,quantile,0.85,266.1568201971716
16868,2020-12-27,3 day ahead inc hosp,2020-12-30,06053,quantile,0.9,281.8313619353414
16869,2020-12-27,3 day ahead inc hosp,2020-12-30,06053,quantile,0.95,305.063393997724
16870,2020-12-27,3 day ahead inc hosp,2020-12-30,06053,quantile,0.975,325.2137171264666
16871,2020-12-27,3 day ahead inc hosp,2020-12-30,06053,quantile,0.99,348.6428224694446
16872,2020-12-27,4 day ahead inc hosp,2020-12-31,06053,point,NA,215.13470458984375
16873,2020-12-27,4 day ahead inc hosp,2020-12-31,06053,quantile,0.01,141.90920377850853
16874,2020-12-27,4 day ahead inc hosp,2020-12-31,06053,quantile,0.025,153.4417196577003
16875,2020-12-27,4 day ahead inc hosp,2020-12-31,06053,quantile,0.05,163.36031953811428
16876,2020-12-27,4 day ahead inc hosp,2020-12-31,06053,quantile,0.1,174.7958299745219
16877,2020-12-27,4 day ahead inc hosp,2020-12-31,06053,quantile,0.15,182.5113145757585
16878,2020-12-27,4 day ahead inc hosp,2020-12-31,06053,quantile,0.2,188.64333715098218
16879,2020-12-27,4 day ahead inc hosp,2020-12-31,06053,quantile,0.25,193.90406651488087
16880,2020-12-27,4 day ahead inc hosp,2020-12-31,06053,quantile,0.3,198.62836407333805
16881,2020-12-27,4 day ahead inc hosp,2020-12-31,06053,quantile,0.35,203.00612982232983
16882,2020-12-27,4 day ahead inc hosp,2020-12-31,06053,quantile,0.4,207.16020141547705
16883,2020-12-27,4 day ahead inc hosp,2020-12-31,06053,quantile,0.45,211.17931375652586
16884,2020-12-27,4 day ahead inc hosp,2020-12-31,06053,quantile,0.5,215.13470458984375
16885,2020-12-27,4 day ahead inc hosp,2020-12-31,06053,quantile,0.55,225.03465623320852
16886,2020-12-27,4 day ahead inc hosp,2020-12-31,06053,quantile,0.6,235.09409650153162
16887,2020-12-27,4 day ahead inc hosp,2020-12-31,06053,quantile,0.65,245.4913264159105
16888,2020-12-27,4 day ahead inc hosp,2020-12-31,06053,quantile,0.7,256.44844065502167
16889,2020-12-27,4 day ahead inc hosp,2020-12-31,06053,quantile,0.75,268.27288970405795
16890,2020-12-27,4 day ahead inc hosp,2020-12-31,06053,quantile,0.8,281.4399744514681
16891,2020-12-27,4 day ahead inc hosp,2020-12-31,06053,quantile,0.85,296.7878198424666
16892,2020-12-27,4 day ahead inc hosp,2020-12-31,06053,quantile,0.9,316.09891391033045
16893,2020-12-27,4 day ahead inc hosp,2020-12-31,06053,quantile,0.95,344.72086433404223
16894,2020-12-27,4 day ahead inc hosp,2020-12-31,06053,quantile,0.975,369.54613782126796
16895,2020-12-27,4 day ahead inc hosp,2020-12-31,06053,quantile,0.99,398.41088326402485
16896,2020-12-27,5 day ahead inc hosp,2021-01-01,06053,point,NA,211.36709594726562
16897,2020-12-27,5 day ahead inc hosp,2021-01-01,06053,quantile,0.01,146.37767186518516
16898,2020-12-27,5 day ahead inc hosp,2021-01-01,06053,quantile,0.025,156.61306195336195
16899,2020-12-27,5 day ahead inc hosp,2021-01-01,06053,quantile,0.05,165.41606209383914
16900,2020-12-27,5 day ahead inc hosp,2021-01-01,06053,quantile,0.1,175.56535747744553
16901,2020-12-27,5 day ahead inc hosp,2021-01-01,06053,quantile,0.15,182.41303888887683
16902,2020-12-27,5 day ahead inc hosp,2021-01-01,06053,quantile,0.2,187.8553589987642
16903,2020-12-27,5 day ahead inc hosp,2021-01-01,06053,quantile,0.25,192.5243850596763
16904,2020-12-27,5 day ahead inc hosp,2021-01-01,06053,quantile,0.3,196.71731476469216
16905,2020-12-27,5 day ahead inc hosp,2021-01-01,06053,quantile,0.35,200.60268900783004
16906,2020-12-27,5 day ahead inc hosp,2021-01-01,06053,quantile,0.4,204.28952921299225
16907,2020-12-27,5 day ahead inc hosp,2021-01-01,06053,quantile,0.45,207.85658977894076
16908,2020-12-27,5 day ahead inc hosp,2021-01-01,06053,quantile,0.5,211.36709594726562
16909,2020-12-27,5 day ahead inc hosp,2021-01-01,06053,quantile,0.55,220.93757867161275
16910,2020-12-27,5 day ahead inc hosp,2021-01-01,06053,quantile,0.6,230.66224226318832
16911,2020-12-27,5 day ahead inc hosp,2021-01-01,06053,quantile,0.65,240.7134539116129
16912,2020-12-27,5 day ahead inc hosp,2021-01-01,06053,quantile,0.7,251.3059170176721
16913,2020-12-27,5 day ahead inc hosp,2021-01-01,06053,quantile,0.75,262.7368501601154
16914,2020-12-27,5 day ahead inc hosp,2021-01-01,06053,quantile,0.8,275.46573628447976
16915,2020-12-27,5 day ahead inc hosp,2021-01-01,06053,quantile,0.85,290.3028076623939
16916,2020-12-27,5 day ahead inc hosp,2021-01-01,06053,quantile,0.9,308.97123139036256
16917,2020-12-27,5 day ahead inc hosp,2021-01-01,06053,quantile,0.95,336.64064755875836
16918,2020-12-27,5 day ahead inc hosp,2021-01-01,06053,quantile,0.975,360.63973963472074
16919,2020-12-27,5 day ahead inc hosp,2021-01-01,06053,quantile,0.99,388.54387064002043
16920,2020-12-27,6 day ahead inc hosp,2021-01-02,06053,point,NA,224.45608520507812
16921,2020-12-27,6 day ahead inc hosp,2021-01-02,06053,quantile,0.01,98.04864213686686
16922,2020-12-27,6 day ahead inc hosp,2021-01-02,06053,quantile,0.025,117.9569504212741
16923,2020-12-27,6 day ahead inc hosp,2021-01-02,06053,quantile,0.05,135.07919384477984
16924,2020-12-27,6 day ahead inc hosp,2021-01-02,06053,quantile,0.1,154.82004393702482
16925,2020-12-27,6 day ahead inc hosp,2021-01-02,06053,quantile,0.15,168.1391017743664
16926,2020-12-27,6 day ahead inc hosp,2021-01-02,06053,quantile,0.2,178.72466672075984
16927,2020-12-27,6 day ahead inc hosp,2021-01-02,06053,quantile,0.25,187.80613888819016
16928,2020-12-27,6 day ahead inc hosp,2021-01-02,06053,quantile,0.3,195.9615815692394
16929,2020-12-27,6 day ahead inc hosp,2021-01-02,06053,quantile,0.35,203.51881461715567
16930,2020-12-27,6 day ahead inc hosp,2021-01-02,06053,quantile,0.4,210.6898897561972
16931,2020-12-27,6 day ahead inc hosp,2021-01-02,06053,quantile,0.45,217.62798794339633
16932,2020-12-27,6 day ahead inc hosp,2021-01-02,06053,quantile,0.5,224.45608520507812
16933,2020-12-27,6 day ahead inc hosp,2021-01-02,06053,quantile,0.55,234.17890949495123
16934,2020-12-27,6 day ahead inc hosp,2021-01-02,06053,quantile,0.6,244.0583688808899
16935,2020-12-27,6 day ahead inc hosp,2021-01-02,06053,quantile,0.65,254.26957426861233
16936,2020-12-27,6 day ahead inc hosp,2021-01-02,06053,quantile,0.7,265.0306466767131
16937,2020-12-27,6 day ahead inc hosp,2021-01-02,06053,quantile,0.75,276.64353576646846
16938,2020-12-27,6 day ahead inc hosp,2021-01-02,06053,quantile,0.8,289.57503846676104
16939,2020-12-27,6 day ahead inc hosp,2021-01-02,06053,quantile,0.85,304.64828420981786
16940,2020-12-27,6 day ahead inc hosp,2021-01-02,06053,quantile,0.9,323.61386921779024
16941,2020-12-27,6 day ahead inc hosp,2021-01-02,06053,quantile,0.95,351.72372316740257
16942,2020-12-27,6 day ahead inc hosp,2021-01-02,06053,quantile,0.975,376.10482933433167
16943,2020-12-27,6 day ahead inc hosp,2021-01-02,06053,quantile,0.99,404.4531342778147
16944,2020-12-27,7 day ahead inc hosp,2021-01-03,06053,point,NA,220.51148986816406
16945,2020-12-27,7 day ahead inc hosp,2021-01-03,06053,quantile,0.01,96.8043670928167
16946,2020-12-27,7 day ahead inc hosp,2021-01-03,06053,quantile,0.025,116.28739338787175
16947,2020-12-27,7 day ahead inc hosp,2021-01-03,06053,quantile,0.05,133.0438708386341
16948,2020-12-27,7 day ahead inc hosp,2021-01-03,06053,quantile,0.1,152.3630161893813
16949,2020-12-27,7 day ahead inc hosp,2021-01-03,06053,quantile,0.15,165.3975518396821
16950,2020-12-27,7 day ahead inc hosp,2021-01-03,06053,quantile,0.2,175.75698757135237
16951,2020-12-27,7 day ahead inc hosp,2021-01-03,06053,quantile,0.25,184.64446100747733
16952,2020-12-27,7 day ahead inc hosp,2021-01-03,06053,quantile,0.3,192.62568683203148
16953,2020-12-27,7 day ahead inc hosp,2021-01-03,06053,quantile,0.35,200.0214819989032
16954,2020-12-27,7 day ahead inc hosp,2021-01-03,06053,quantile,0.4,207.03936837587827
16955,2020-12-27,7 day ahead inc hosp,2021-01-03,06053,quantile,0.45,213.829254662939
16956,2020-12-27,7 day ahead inc hosp,2021-01-03,06053,quantile,0.5,220.51148986816406
16957,2020-12-27,7 day ahead inc hosp,2021-01-03,06053,quantile,0.55,230.15679493560475
16958,2020-12-27,7 day ahead inc hosp,2021-01-03,06053,quantile,0.6,239.9574862612743
16959,2020-12-27,7 day ahead inc hosp,2021-01-03,06053,quantile,0.65,250.08727860704985
16960,2020-12-27,7 day ahead inc hosp,2021-01-03,06053,quantile,0.7,260.76255393183976
16961,2020-12-27,7 day ahead inc hosp,2021-01-03,06053,quantile,0.75,272.2828544788433
16962,2020-12-27,7 day ahead inc hosp,2021-01-03,06053,quantile,0.8,285.1112554461082
16963,2020-12-27,7 day ahead inc hosp,2021-01-03,06053,quantile,0.85,300.0643235273357
16964,2020-12-27,7 day ahead inc hosp,2021-01-03,06053,quantile,0.9,318.87869759505435
16965,2020-12-27,7 day ahead inc hosp,2021-01-03,06053,quantile,0.95,346.7644341528578
16966,2020-12-27,7 day ahead inc hosp,2021-01-03,06053,quantile,0.975,370.951151905911
16967,2020-12-27,7 day ahead inc hosp,2021-01-03,06053,quantile,0.99,399.0734383087952
16968,2020-12-27,8 day ahead inc hosp,2021-01-04,06053,point,NA,198.2737579345703
16969,2020-12-27,8 day ahead inc hosp,2021-01-04,06053,quantile,0.01,135.2718560238451
16970,2020-12-27,8 day ahead inc hosp,2021-01-04,06053,quantile,0.025,145.19422495480975
16971,2020-12-27,8 day ahead inc hosp,2021-01-04,06053,quantile,0.05,153.7280096313748
16972,2020-12-27,8 day ahead inc hosp,2021-01-04,06053,quantile,0.1,163.56691682669575
16973,2020-12-27,8 day ahead inc hosp,2021-01-04,06053,quantile,0.15,170.20518080106208
16974,2020-12-27,8 day ahead inc hosp,2021-01-04,06053,quantile,0.2,175.48106257063807
16975,2020-12-27,8 day ahead inc hosp,2021-01-04,06053,quantile,0.25,180.00729935551385
16976,2020-12-27,8 day ahead inc hosp,2021-01-04,06053,quantile,0.3,184.071999877561
16977,2020-12-27,8 day ahead inc hosp,2021-01-04,06053,quantile,0.35,187.8385506727099
16978,2020-12-27,8 day ahead inc hosp,2021-01-04,06053,quantile,0.4,191.41263904550092
16979,2020-12-27,8 day ahead inc hosp,2021-01-04,06053,quantile,0.45,194.87061090876398
16980,2020-12-27,8 day ahead inc hosp,2021-01-04,06053,quantile,0.5,198.2737579345703
16981,2020-12-27,8 day ahead inc hosp,2021-01-04,06053,quantile,0.55,206.42465533756408
16982,2020-12-27,8 day ahead inc hosp,2021-01-04,06053,quantile,0.6,214.70686403033073
16983,2020-12-27,8 day ahead inc hosp,2021-01-04,06053,quantile,0.65,223.26718405616032
16984,2020-12-27,8 day ahead inc hosp,2021-01-04,06053,quantile,0.7,232.2884719586861
16985,2020-12-27,8 day ahead inc hosp,2021-01-04,06053,quantile,0.75,242.0238600209317
16986,2020-12-27,8 day ahead inc hosp,2021-01-04,06053,quantile,0.8,252.86467629346325
16987,2020-12-27,8 day ahead inc hosp,2021-01-04,06053,quantile,0.85,265.50097166596476
16988,2020-12-27,8 day ahead inc hosp,2021-01-04,06053,quantile,0.9,281.40031664834305
16989,2020-12-27,8 day ahead inc hosp,2021-01-04,06053,quantile,0.95,304.9655409829093
16990,2020-12-27,8 day ahead inc hosp,2021-01-04,06053,quantile,0.975,325.404858717482
16991,2020-12-27,8 day ahead inc hosp,2021-01-04,06053,quantile,0.99,349.1699827446413
16992,2020-12-27,9 day ahead inc hosp,2021-01-05,06053,point,NA,206.04844665527344
16993,2020-12-27,9 day ahead inc hosp,2021-01-05,06053,quantile,0.01,139.42468030559706
16994,2020-12-27,9 day ahead inc hosp,2021-01-05,06053,quantile,0.025,149.91746813013955
16995,2020-12-27,9 day ahead inc hosp,2021-01-05,06053,quantile,0.05,158.9418445239755
16996,2020-12-27,9 day ahead inc hosp,2021-01-05,06053,quantile,0.1,169.34637254990838
16997,2020-12-27,9 day ahead inc hosp,2021-01-05,06053,quantile,0.15,176.36625821339763
16998,2020-12-27,9 day ahead inc hosp,2021-01-05,06053,quantile,0.2,181.9454408038348
16999,2020-12-27,9 day ahead inc hosp,2021-01-05,06053,quantile,0.25,186.73188268659226
17000,2020-12-27,9 day ahead inc hosp,2021-01-05,06053,quantile,0.3,191.03025542851384
17001,2020-12-27,9 day ahead inc hosp,2021-01-05,06053,quantile,0.35,195.01333835949865
17002,2020-12-27,9 day ahead inc hosp,2021-01-05,06053,quantile,0.4,198.7928945544742
17003,2020-12-27,9 day ahead inc hosp,2021-01-05,06053,quantile,0.45,202.4496589135605
17004,2020-12-27,9 day ahead inc hosp,2021-01-05,06053,quantile,0.5,206.04844665527344
17005,2020-12-27,9 day ahead inc hosp,2021-01-05,06053,quantile,0.55,213.31317472185293
17006,2020-12-27,9 day ahead inc hosp,2021-01-05,06053,quantile,0.6,220.69493785403412
17007,2020-12-27,9 day ahead inc hosp,2021-01-05,06053,quantile,0.65,228.32457592648802
17008,2020-12-27,9 day ahead inc hosp,2021-01-05,06053,quantile,0.7,236.36506523483115
17009,2020-12-27,9 day ahead inc hosp,2021-01-05,06053,quantile,0.75,245.042017403173
17010,2020-12-27,9 day ahead inc hosp,2021-01-05,06053,quantile,0.8,254.70421511538632
17011,2020-12-27,9 day ahead inc hosp,2021-01-05,06053,quantile,0.85,265.96668660919795
17012,2020-12-27,9 day ahead inc hosp,2021-01-05,06053,quantile,0.9,280.1374474497515
17013,2020-12-27,9 day ahead inc hosp,2021-01-05,06053,quantile,0.95,301.14064969294094
17014,2020-12-27,9 day ahead inc hosp,2021-01-05,06053,quantile,0.975,319.3577953477922
17015,2020-12-27,9 day ahead inc hosp,2021-01-05,06053,quantile,0.99,340.53916409651856
17016,2020-12-27,10 day ahead inc hosp,2021-01-06,06053,point,NA,205.6822967529297
17017,2020-12-27,10 day ahead inc hosp,2021-01-06,06053,quantile,0.01,139.87375584395366
17018,2020-12-27,10 day ahead inc hosp,2021-01-06,06053,quantile,0.025,150.23815123367729
17019,2020-12-27,10 day ahead inc hosp,2021-01-06,06053,quantile,0.05,159.15210305043217
17020,2020-12-27,10 day ahead inc hosp,2021-01-06,06053,quantile,0.1,169.42931861100993
17021,2020-12-27,10 day ahead inc hosp,2021-01-06,06053,quantile,0.15,176.36330715854137
17022,2020-12-27,10 day ahead inc hosp,2021-01-06,06053,quantile,0.2,181.87422144420927
17023,2020-12-27,10 day ahead inc hosp,2021-01-06,06053,quantile,0.25,186.6020952001998
17024,2020-12-27,10 day ahead inc hosp,2021-01-06,06053,quantile,0.3,190.84787195416064
17025,2020-12-27,10 day ahead inc hosp,2021-01-06,06053,quantile,0.35,194.7822168639307
17026,2020-12-27,10 day ahead inc hosp,2021-01-06,06053,quantile,0.4,198.5155254428749
17027,2020-12-27,10 day ahead inc hosp,2021-01-06,06053,quantile,0.45,202.12754469823162
17028,2020-12-27,10 day ahead inc hosp,2021-01-06,06053,quantile,0.5,205.6822967529297
17029,2020-12-27,10 day ahead inc hosp,2021-01-06,06053,quantile,0.55,213.73897786610192
17030,2020-12-27,10 day ahead inc hosp,2021-01-06,06053,quantile,0.6,221.92545244077337
17031,2020-12-27,10 day ahead inc hosp,2021-01-06,06053,quantile,0.65,230.38682365733166
17032,2020-12-27,10 day ahead inc hosp,2021-01-06,06053,quantile,0.7,239.30383441912497
17033,2020-12-27,10 day ahead inc hosp,2021-01-06,06053,quantile,0.75,248.92669105104477
17034,2020-12-27,10 day ahead inc hosp,2021-01-06,06053,quantile,0.8,259.64219823951646
17035,2020-12-27,10 day ahead inc hosp,2021-01-06,06053,quantile,0.85,272.13243057034003
17036,2020-12-27,10 day ahead inc hosp,2021-01-06,06053,quantile,0.9,287.84799489388166
17037,2020-12-27,10 day ahead inc hosp,2021-01-06,06053,quantile,0.95,311.1408286074103
17038,2020-12-27,10 day ahead inc hosp,2021-01-06,06053,quantile,0.975,331.34388810093
17039,2020-12-27,10 day ahead inc hosp,2021-01-06,06053,quantile,0.99,354.83431086486814
17040,2020-12-27,11 day ahead inc hosp,2021-01-07,06053,point,NA,209.0198974609375
17041,2020-12-27,11 day ahead inc hosp,2021-01-07,06053,quantile,0.01,132.86596658146874
17042,2020-12-27,11 day ahead inc hosp,2021-01-07,06053,quantile,0.025,144.85969018048021
17043,2020-12-27,11 day ahead inc hosp,2021-01-07,06053,quantile,0.05,155.17495414378558
17044,2020-12-27,11 day ahead inc hosp,2021-01-07,06053,quantile,0.1,167.06779286385645
17045,2020-12-27,11 day ahead inc hosp,2021-01-07,06053,quantile,0.15,175.09183468690978
17046,2020-12-27,11 day ahead inc hosp,2021-01-07,06053,quantile,0.2,181.4690887605704
17047,2020-12-27,11 day ahead inc hosp,2021-01-07,06053,quantile,0.25,186.9402049143013
17048,2020-12-27,11 day ahead inc hosp,2021-01-07,06053,quantile,0.3,191.85343631230492
17049,2020-12-27,11 day ahead inc hosp,2021-01-07,06053,quantile,0.35,196.4062774204072
17050,2020-12-27,11 day ahead inc hosp,2021-01-07,06053,quantile,0.4,200.72647840869362
17051,2020-12-27,11 day ahead inc hosp,2021-01-07,06053,quantile,0.45,204.90632286213946
17052,2020-12-27,11 day ahead inc hosp,2021-01-07,06053,quantile,0.5,209.0198974609375
17053,2020-12-27,11 day ahead inc hosp,2021-01-07,06053,quantile,0.55,218.90854483687087
17054,2020-12-27,11 day ahead inc hosp,2021-01-07,06053,quantile,0.6,228.95649872555296
17055,2020-12-27,11 day ahead inc hosp,2021-01-07,06053,quantile,0.65,239.34185655492254
17056,2020-12-27,11 day ahead inc hosp,2021-01-07,06053,quantile,0.7,250.28645940467572
17057,2020-12-27,11 day ahead inc hosp,2021-01-07,06053,quantile,0.75,262.0974066974313
17058,2020-12-27,11 day ahead inc hosp,2021-01-07,06053,quantile,0.8,275.2494565989515
17059,2020-12-27,11 day ahead inc hosp,2021-01-07,06053,quantile,0.85,290.57977704083453
17060,2020-12-27,11 day ahead inc hosp,2021-01-07,06053,quantile,0.9,309.8688207210197
17061,2020-12-27,11 day ahead inc hosp,2021-01-07,06053,quantile,0.95,338.4580891485306
17062,2020-12-27,11 day ahead inc hosp,2021-01-07,06053,quantile,0.975,363.2550158780481
17063,2020-12-27,11 day ahead inc hosp,2021-01-07,06053,quantile,0.99,392.086802088924
17064,2020-12-27,12 day ahead inc hosp,2021-01-08,06053,point,NA,208.6715087890625
17065,2020-12-27,12 day ahead inc hosp,2021-01-08,06053,quantile,0.01,142.38967858873406
17066,2020-12-27,12 day ahead inc hosp,2021-01-08,06053,quantile,0.025,152.82861380689855
17067,2020-12-27,12 day ahead inc hosp,2021-01-08,06053,quantile,0.05,161.80667398831596
17068,2020-12-27,12 day ahead inc hosp,2021-01-08,06053,quantile,0.1,172.1578023876006
17069,2020-12-27,12 day ahead inc hosp,2021-01-08,06053,quantile,0.15,179.14165957650565
17070,2020-12-27,12 day ahead inc hosp,2021-01-08,06053,quantile,0.2,184.69220787746912
17071,2020-12-27,12 day ahead inc hosp,2021-01-08,06053,quantile,0.25,189.45408408950368
17072,2020-12-27,12 day ahead inc hosp,2021-01-08,06053,quantile,0.3,193.73039609988206
17073,2020-12-27,12 day ahead inc hosp,2021-01-08,06053,quantile,0.35,197.69303647538592
17074,2020-12-27,12 day ahead inc hosp,2021-01-08,06053,quantile,0.4,201.45319468429187
17075,2020-12-27,12 day ahead inc hosp,2021-01-08,06053,quantile,0.45,205.09119126736482
17076,2020-12-27,12 day ahead inc hosp,2021-01-08,06053,quantile,0.5,208.6715087890625
17077,2020-12-27,12 day ahead inc hosp,2021-01-08,06053,quantile,0.55,218.2272607807251
17078,2020-12-27,12 day ahead inc hosp,2021-01-08,06053,quantile,0.6,227.93695632691146
17079,2020-12-27,12 day ahead inc hosp,2021-01-08,06053,quantile,0.65,237.97269731244336
17080,2020-12-27,12 day ahead inc hosp,2021-01-08,06053,quantile,0.7,248.54885667009398
17081,2020-12-27,12 day ahead inc hosp,2021-01-08,06053,quantile,0.75,259.96219550456914
17082,2020-12-27,12 day ahead inc hosp,2021-01-08,06053,quantile,0.8,272.67148953266513
17083,2020-12-27,12 day ahead inc hosp,2021-01-08,06053,quantile,0.85,287.48572392956333
17084,2020-12-27,12 day ahead inc hosp,2021-01-08,06053,quantile,0.9,306.12541352075965
17085,2020-12-27,12 day ahead inc hosp,2021-01-08,06053,quantile,0.95,333.75224136996053
17086,2020-12-27,12 day ahead inc hosp,2021-01-08,06053,quantile,0.975,357.71439443038685
17087,2020-12-27,12 day ahead inc hosp,2021-01-08,06053,quantile,0.99,385.5755758471994
17088,2020-12-27,13 day ahead inc hosp,2021-01-09,06053,point,NA,206.33367919921875
17089,2020-12-27,13 day ahead inc hosp,2021-01-09,06053,quantile,0.01,83.33824081911439
17090,2020-12-27,13 day ahead inc hosp,2021-01-09,06053,quantile,0.025,102.7091816863038
17091,2020-12-27,13 day ahead inc hosp,2021-01-09,06053,quantile,0.05,119.36925948558768
17092,2020-12-27,13 day ahead inc hosp,2021-01-09,06053,quantile,0.1,138.57726221198877
17093,2020-12-27,13 day ahead inc hosp,2021-01-09,06053,quantile,0.15,151.53681046129407
17094,2020-12-27,13 day ahead inc hosp,2021-01-09,06053,quantile,0.2,161.83664858380206
17095,2020-12-27,13 day ahead inc hosp,2021-01-09,06053,quantile,0.25,170.67299257793755
17096,2020-12-27,13 day ahead inc hosp,2021-01-09,06053,quantile,0.3,178.6083025833633
17097,2020-12-27,13 day ahead inc hosp,2021-01-09,06053,quantile,0.35,185.96154990098765
17098,2020-12-27,13 day ahead inc hosp,2021-01-09,06053,quantile,0.4,192.93906252979016
17099,2020-12-27,13 day ahead inc hosp,2021-01-09,06053,quantile,0.45,199.68988674825238
17100,2020-12-27,13 day ahead inc hosp,2021-01-09,06053,quantile,0.5,206.33367919921875
17101,2020-12-27,13 day ahead inc hosp,2021-01-09,06053,quantile,0.55,215.9783630161043
17102,2020-12-27,13 day ahead inc hosp,2021-01-09,06053,quantile,0.6,225.77842308284696
17103,2020-12-27,13 day ahead inc hosp,2021-01-09,06053,quantile,0.65,235.90756297241978
17104,2020-12-27,13 day ahead inc hosp,2021-01-09,06053,quantile,0.7,246.58215070664878
17105,2020-12-27,13 day ahead inc hosp,2021-01-09,06053,quantile,0.75,258.10170923532735
17106,2020-12-27,13 day ahead inc hosp,2021-01-09,06053,quantile,0.8,270.9292839299999
17107,2020-12-27,13 day ahead inc hosp,2021-01-09,06053,quantile,0.85,285.8813888896069
17108,2020-12-27,13 day ahead inc hosp,2021-01-09,06053,quantile,0.9,304.6945511304054
17109,2020-12-27,13 day ahead inc hosp,2021-01-09,06053,quantile,0.95,332.578491578164
17110,2020-12-27,13 day ahead inc hosp,2021-01-09,06053,quantile,0.975,356.76365147361435
17111,2020-12-27,13 day ahead inc hosp,2021-01-09,06053,quantile,0.99,384.88412653036517
17112,2020-12-27,14 day ahead inc hosp,2021-01-10,06053,point,NA,214.1492919921875
17113,2020-12-27,14 day ahead inc hosp,2021-01-10,06053,quantile,0.01,89.20117643022766
17114,2020-12-27,14 day ahead inc hosp,2021-01-10,06053,quantile,0.025,108.87965060694955
17115,2020-12-27,14 day ahead inc hosp,2021-01-10,06053,quantile,0.05,125.80422401838827
17116,2020-12-27,14 day ahead inc hosp,2021-01-10,06053,quantile,0.1,145.31717324627627
17117,2020-12-27,14 day ahead inc hosp,2021-01-10,06053,quantile,0.15,158.482467452398
17118,2020-12-27,14 day ahead inc hosp,2021-01-10,06053,quantile,0.2,168.9458259391042
17119,2020-12-27,14 day ahead inc hosp,2021-01-10,06053,quantile,0.25,177.92245584559237
17120,2020-12-27,14 day ahead inc hosp,2021-01-10,06053,quantile,0.3,185.98374693602926
17121,2020-12-27,14 day ahead inc hosp,2021-01-10,06053,quantile,0.35,193.45373450385125
17122,2020-12-27,14 day ahead inc hosp,2021-01-10,06053,quantile,0.4,200.5420222140374
17123,2020-12-27,14 day ahead inc hosp,2021-01-10,06053,quantile,0.45,207.40002260572786
17124,2020-12-27,14 day ahead inc hosp,2021-01-10,06053,quantile,0.5,214.1492919921875
17125,2020-12-27,14 day ahead inc hosp,2021-01-10,06053,quantile,0.55,223.82560110546518
17126,2020-12-27,14 day ahead inc hosp,2021-01-10,06053,quantile,0.6,233.65779595341536
17127,2020-12-27,14 day ahead inc hosp,2021-01-10,06053,quantile,0.65,243.8201496898376
17128,2020-12-27,14 day ahead inc hosp,2021-01-10,06053,quantile,0.7,254.52973981578498
17129,2020-12-27,14 day ahead inc hosp,2021-01-10,06053,quantile,0.75,266.08707142854723
17130,2020-12-27,14 day ahead inc hosp,2021-01-10,06053,quantile,0.8,278.9567082435975
17131,2020-12-27,14 day ahead inc hosp,2021-01-10,06053,quantile,0.85,293.95784174162134
17132,2020-12-27,14 day ahead inc hosp,2021-01-10,06053,quantile,0.9,312.832693079049
17133,2020-12-27,14 day ahead inc hosp,2021-01-10,06053,quantile,0.95,340.8080660608319
17134,2020-12-27,14 day ahead inc hosp,2021-01-10,06053,quantile,0.975,365.07253004385075
17135,2020-12-27,14 day ahead inc hosp,2021-01-10,06053,quantile,0.99,393.28521324088297
17136,2020-12-27,15 day ahead inc hosp,2021-01-11,06053,point,NA,208.0786895751953
17137,2020-12-27,15 day ahead inc hosp,2021-01-11,06053,quantile,0.01,146.6779178161351
17138,2020-12-27,15 day ahead inc hosp,2021-01-11,06053,quantile,0.025,156.3481196919873
17139,2020-12-27,15 day ahead inc hosp,2021-01-11,06053,quantile,0.05,164.6650267896369
17140,2020-12-27,15 day ahead inc hosp,2021-01-11,06053,quantile,0.1,174.25388802615197
17141,2020-12-27,15 day ahead inc hosp,2021-01-11,06053,quantile,0.15,180.72344717920782
17142,2020-12-27,15 day ahead inc hosp,2021-01-11,06053,quantile,0.2,185.86524770485792
17143,2020-12-27,15 day ahead inc hosp,2021-01-11,06053,quantile,0.25,190.2764547212656
17144,2020-12-27,15 day ahead inc hosp,2021-01-11,06053,quantile,0.3,194.23785495608396
17145,2020-12-27,15 day ahead inc hosp,2021-01-11,06053,quantile,0.35,197.90868264029513
17146,2020-12-27,15 day ahead inc hosp,2021-01-11,06053,quantile,0.4,201.3919391415896
17147,2020-12-27,15 day ahead inc hosp,2021-01-11,06053,quantile,0.45,204.7620301179911
17148,2020-12-27,15 day ahead inc hosp,2021-01-11,06053,quantile,0.5,208.0786895751953
17149,2020-12-27,15 day ahead inc hosp,2021-01-11,06053,quantile,0.55,216.4263594630468
17150,2020-12-27,15 day ahead inc hosp,2021-01-11,06053,quantile,0.6,224.90851065343185
17151,2020-12-27,15 day ahead inc hosp,2021-01-11,06053,quantile,0.65,233.67548711957448
17152,2020-12-27,15 day ahead inc hosp,2021-01-11,06053,quantile,0.7,242.91455978240714
17153,2020-12-27,15 day ahead inc hosp,2021-01-11,06053,quantile,0.75,252.8849718432812
17154,2020-12-27,15 day ahead inc hosp,2021-01-11,06053,quantile,0.8,263.9874984834403
17155,2020-12-27,15 day ahead inc hosp,2021-01-11,06053,quantile,0.85,276.92884925253287
17156,2020-12-27,15 day ahead inc hosp,2021-01-11,06053,quantile,0.9,293.21202358094655
17157,2020-12-27,15 day ahead inc hosp,2021-01-11,06053,quantile,0.95,317.34614082622943
17158,2020-12-27,15 day ahead inc hosp,2021-01-11,06053,quantile,0.975,338.2788883195856
17159,2020-12-27,15 day ahead inc hosp,2021-01-11,06053,quantile,0.99,362.61773107691295
17160,2020-12-27,16 day ahead inc hosp,2021-01-12,06053,point,NA,219.23236083984375
17161,2020-12-27,16 day ahead inc hosp,2021-01-12,06053,quantile,0.01,154.51597274195754
17162,2020-12-27,16 day ahead inc hosp,2021-01-12,06053,quantile,0.025,164.70836152883322
17163,2020-12-27,16 day ahead inc hosp,2021-01-12,06053,quantile,0.05,173.4743781779014
17164,2020-12-27,16 day ahead inc hosp,2021-01-12,06053,quantile,0.1,183.5810339644798
17165,2020-12-27,16 day ahead inc hosp,2021-01-12,06053,quantile,0.15,190.39994664222826
17166,2020-12-27,16 day ahead inc hosp,2021-01-12,06053,quantile,0.2,195.8194022745719
17167,2020-12-27,16 day ahead inc hosp,2021-01-12,06053,quantile,0.25,200.46881264964318
17168,2020-12-27,16 day ahead inc hosp,2021-01-12,06053,quantile,0.3,204.64412686252575
17169,2020-12-27,16 day ahead inc hosp,2021-01-12,06053,quantile,0.35,208.513177726969
17170,2020-12-27,16 day ahead inc hosp,2021-01-12,06053,quantile,0.4,212.18452864201666
17171,2020-12-27,16 day ahead inc hosp,2021-01-12,06053,quantile,0.45,215.7366031405233
17172,2020-12-27,16 day ahead inc hosp,2021-01-12,06053,quantile,0.5,219.23236083984375
17173,2020-12-27,16 day ahead inc hosp,2021-01-12,06053,quantile,0.55,226.44712713145486
17174,2020-12-27,16 day ahead inc hosp,2021-01-12,06053,quantile,0.6,233.77812360243414
17175,2020-12-27,16 day ahead inc hosp,2021-01-12,06053,quantile,0.65,241.35529030129044
17176,2020-12-27,16 day ahead inc hosp,2021-01-12,06053,quantile,0.7,249.3404826854022
17177,2020-12-27,16 day ahead inc hosp,2021-01-12,06053,quantile,0.75,257.9577607781732
17178,2020-12-27,16 day ahead inc hosp,2021-01-12,06053,quantile,0.8,267.55350857741337
17179,2020-12-27,16 day ahead inc hosp,2021-01-12,06053,quantile,0.85,278.7385245820168
17180,2020-12-27,16 day ahead inc hosp,2021-01-12,06053,quantile,0.9,292.81182873076324
17181,2020-12-27,16 day ahead inc hosp,2021-01-12,06053,quantile,0.95,313.6705854758593
17182,2020-12-27,16 day ahead inc hosp,2021-01-12,06053,quantile,0.975,331.76244620284643
17183,2020-12-27,16 day ahead inc hosp,2021-01-12,06053,quantile,0.99,352.79814414748375
17184,2020-12-27,17 day ahead inc hosp,2021-01-13,06053,point,NA,223.36154174804688
17185,2020-12-27,17 day ahead inc hosp,2021-01-13,06053,quantile,0.01,158.36885635598526
17186,2020-12-27,17 day ahead inc hosp,2021-01-13,06053,quantile,0.025,168.6047600781929
17187,2020-12-27,17 day ahead inc hosp,2021-01-13,06053,quantile,0.05,177.40820197227274
17188,2020-12-27,17 day ahead inc hosp,2021-01-13,06053,quantile,0.1,187.55800666949136
17189,2020-12-27,17 day ahead inc hosp,2021-01-13,06053,quantile,0.15,194.40603171239889
17190,2020-12-27,17 day ahead inc hosp,2021-01-13,06053,quantile,0.2,199.84862492969017
17191,2020-12-27,17 day ahead inc hosp,2021-01-13,06053,quantile,0.25,204.51788529243692
17192,2020-12-27,17 day ahead inc hosp,2021-01-13,06053,quantile,0.3,208.71102540774172
17193,2020-12-27,17 day ahead inc hosp,2021-01-13,06053,quantile,0.35,212.59659462736965
17194,2020-12-27,17 day ahead inc hosp,2021-01-13,06053,quantile,0.4,216.28361984615415
17195,2020-12-27,17 day ahead inc hosp,2021-01-13,06053,quantile,0.45,219.85085941492338
17196,2020-12-27,17 day ahead inc hosp,2021-01-13,06053,quantile,0.5,223.36154174804688
17197,2020-12-27,17 day ahead inc hosp,2021-01-13,06053,quantile,0.55,231.3739884794858
17198,2020-12-27,17 day ahead inc hosp,2021-01-13,06053,quantile,0.6,239.51551605472918
17199,2020-12-27,17 day ahead inc hosp,2021-01-13,06053,quantile,0.65,247.93043098002772
17200,2020-12-27,17 day ahead inc hosp,2021-01-13,06053,quantile,0.7,256.79848380834744
17201,2020-12-27,17 day ahead inc hosp,2021-01-13,06053,quantile,0.75,266.3685071324023
17202,2020-12-27,17 day ahead inc hosp,2021-01-13,06053,quantile,0.8,277.0251819271399
17203,2020-12-27,17 day ahead inc hosp,2021-01-13,06053,quantile,0.85,289.44683791776856
17204,2020-12-27,17 day ahead inc hosp,2021-01-13,06053,quantile,0.9,305.07611754644927
17205,2020-12-27,17 day ahead inc hosp,2021-01-13,06053,quantile,0.95,328.2410643443037
17206,2020-12-27,17 day ahead inc hosp,2021-01-13,06053,quantile,0.975,348.3332010107605
17207,2020-12-27,17 day ahead inc hosp,2021-01-13,06053,quantile,0.99,371.69465201659875
17208,2020-12-27,18 day ahead inc hosp,2021-01-14,06053,point,NA,229.83505249023438
17209,2020-12-27,18 day ahead inc hosp,2021-01-14,06053,quantile,0.01,157.8294058522458
17210,2020-12-27,18 day ahead inc hosp,2021-01-14,06053,quantile,0.025,169.16980303687697
17211,2020-12-27,18 day ahead inc hosp,2021-01-14,06053,quantile,0.05,178.92317024119015
17212,2020-12-27,18 day ahead inc hosp,2021-01-14,06053,quantile,0.1,190.16817798419672
17213,2020-12-27,18 day ahead inc hosp,2021-01-14,06053,quantile,0.15,197.7551313226092
17214,2020-12-27,18 day ahead inc hosp,2021-01-14,06053,quantile,0.2,203.7850013246642
17215,2020-12-27,18 day ahead inc hosp,2021-01-14,06053,quantile,0.25,208.95809287662175
17216,2020-12-27,18 day ahead inc hosp,2021-01-14,06053,quantile,0.3,213.60368897139534
17217,2020-12-27,18 day ahead inc hosp,2021-01-14,06053,quantile,0.35,217.90852608542156
17218,2020-12-27,18 day ahead inc hosp,2021-01-14,06053,quantile,0.4,221.9933955356932
17219,2020-12-27,18 day ahead inc hosp,2021-01-14,06053,quantile,0.45,225.94555400264002
17220,2020-12-27,18 day ahead inc hosp,2021-01-14,06053,quantile,0.5,229.83505249023438
17221,2020-12-27,18 day ahead inc hosp,2021-01-14,06053,quantile,0.55,239.596596604444
17222,2020-12-27,18 day ahead inc hosp,2021-01-14,06053,quantile,0.6,249.51539959266927
17223,2020-12-27,18 day ahead inc hosp,2021-01-14,06053,quantile,0.65,259.76726971597566
17224,2020-12-27,18 day ahead inc hosp,2021-01-14,06053,quantile,0.7,270.5711966302252
17225,2020-12-27,18 day ahead inc hosp,2021-01-14,06053,quantile,0.75,282.2303324701212
17226,2020-12-27,18 day ahead inc hosp,2021-01-14,06053,quantile,0.8,295.2133331197785
17227,2020-12-27,18 day ahead inc hosp,2021-01-14,06053,quantile,0.85,310.34660601235
17228,2020-12-27,18 day ahead inc hosp,2021-01-14,06053,quantile,0.9,329.38771888116344
17229,2020-12-27,18 day ahead inc hosp,2021-01-14,06053,quantile,0.95,357.6095164980277
17230,2020-12-27,18 day ahead inc hosp,2021-01-14,06053,quantile,0.975,382.0877171016932
17231,2020-12-27,18 day ahead inc hosp,2021-01-14,06053,quantile,0.99,410.54891531105505
17232,2020-12-27,19 day ahead inc hosp,2021-01-15,06053,point,NA,229.7999725341797
17233,2020-12-27,19 day ahead inc hosp,2021-01-15,06053,quantile,0.01,166.42145365939496
17234,2020-12-27,19 day ahead inc hosp,2021-01-15,06053,quantile,0.025,176.40313718801022
17235,2020-12-27,19 day ahead inc hosp,2021-01-15,06053,quantile,0.05,184.98793569081465
17236,2020-12-27,19 day ahead inc hosp,2021-01-15,06053,quantile,0.1,194.88565856066583
17237,2020-12-27,19 day ahead inc hosp,2021-01-15,06053,quantile,0.15,201.56360519140966
17238,2020-12-27,19 day ahead inc hosp,2021-01-15,06053,quantile,0.2,206.87102547830867
17239,2020-12-27,19 day ahead inc hosp,2021-01-15,06053,quantile,0.25,211.42431950280476
17240,2020-12-27,19 day ahead inc hosp,2021-01-15,06053,quantile,0.3,215.5133182622701
17241,2020-12-27,19 day ahead inc hosp,2021-01-15,06053,quantile,0.35,219.30238499554824
17242,2020-12-27,19 day ahead inc hosp,2021-01-15,06053,quantile,0.4,222.8978387917855
17243,2020-12-27,19 day ahead inc hosp,2021-01-15,06053,quantile,0.45,226.37648194949278
17244,2020-12-27,19 day ahead inc hosp,2021-01-15,06053,quantile,0.5,229.7999725341797
17245,2020-12-27,19 day ahead inc hosp,2021-01-15,06053,quantile,0.55,239.140140037292
17246,2020-12-27,19 day ahead inc hosp,2021-01-15,06053,quantile,0.6,248.63077802002027
17247,2020-12-27,19 day ahead inc hosp,2021-01-15,06053,quantile,0.65,258.4401056275704
17248,2020-12-27,19 day ahead inc hosp,2021-01-15,06053,quantile,0.7,268.777659388515
17249,2020-12-27,19 day ahead inc hosp,2021-01-15,06053,quantile,0.75,279.93350526823076
17250,2020-12-27,19 day ahead inc hosp,2021-01-15,06053,quantile,0.8,292.35606868053924
17251,2020-12-27,19 day ahead inc hosp,2021-01-15,06053,quantile,0.85,306.8360835258516
17252,2020-12-27,19 day ahead inc hosp,2021-01-15,06053,quantile,0.9,325.0552486046119
17253,2020-12-27,19 day ahead inc hosp,2021-01-15,06053,quantile,0.95,352.0587957787458
17254,2020-12-27,19 day ahead inc hosp,2021-01-15,06053,quantile,0.975,375.4803458058784
17255,2020-12-27,19 day ahead inc hosp,2021-01-15,06053,quantile,0.99,402.7129593662428
17256,2020-12-27,20 day ahead inc hosp,2021-01-16,06053,point,NA,231.81851196289062
17257,2020-12-27,20 day ahead inc hosp,2021-01-16,06053,quantile,0.01,115.25340956559673
17258,2020-12-27,20 day ahead inc hosp,2021-01-16,06053,quantile,0.025,133.61161646704153
17259,2020-12-27,20 day ahead inc hosp,2021-01-16,06053,quantile,0.05,149.40068718541167
17260,2020-12-27,20 day ahead inc hosp,2021-01-16,06053,quantile,0.1,167.60447453020006
17261,2020-12-27,20 day ahead inc hosp,2021-01-16,06053,quantile,0.15,179.88648342905446
17262,2020-12-27,20 day ahead inc hosp,2021-01-16,06053,quantile,0.2,189.64783475425864
17263,2020-12-27,20 day ahead inc hosp,2021-01-16,06053,quantile,0.25,198.02220502408102
17264,2020-12-27,20 day ahead inc hosp,2021-01-16,06053,quantile,0.3,205.5426483471754
17265,2020-12-27,20 day ahead inc hosp,2021-01-16,06053,quantile,0.35,212.51145985612447
17266,2020-12-27,20 day ahead inc hosp,2021-01-16,06053,quantile,0.4,219.12418049655386
17267,2020-12-27,20 day ahead inc hosp,2021-01-16,06053,quantile,0.45,225.5220642445618
17268,2020-12-27,20 day ahead inc hosp,2021-01-16,06053,quantile,0.5,231.81851196289062
17269,2020-12-27,20 day ahead inc hosp,2021-01-16,06053,quantile,0.55,241.32147779048697
17270,2020-12-27,20 day ahead inc hosp,2021-01-16,06053,quantile,0.6,250.9775367853499
17271,2020-12-27,20 day ahead inc hosp,2021-01-16,06053,quantile,0.65,260.9578401380664
17272,2020-12-27,20 day ahead inc hosp,2021-01-16,06053,quantile,0.7,271.4755765810651
17273,2020-12-27,20 day ahead inc hosp,2021-01-16,06053,quantile,0.75,282.82586790480684
17274,2020-12-27,20 day ahead inc hosp,2021-01-16,06053,quantile,0.8,295.4649555399032
17275,2020-12-27,20 day ahead inc hosp,2021-01-16,06053,quantile,0.85,310.19735581133716
17276,2020-12-27,20 day ahead inc hosp,2021-01-16,06053,quantile,0.9,328.7340793864875
17277,2020-12-27,20 day ahead inc hosp,2021-01-16,06053,quantile,0.95,356.20829608915056
17278,2020-12-27,20 day ahead inc hosp,2021-01-16,06053,quantile,0.975,380.0380817394628
17279,2020-12-27,20 day ahead inc hosp,2021-01-16,06053,quantile,0.99,407.7453574359688
17280,2020-12-27,21 day ahead inc hosp,2021-01-17,06053,point,NA,261.5536804199219
17281,2020-12-27,21 day ahead inc hosp,2021-01-17,06053,quantile,0.01,142.16291693473175
17282,2020-12-27,21 day ahead inc hosp,2021-01-17,06053,quantile,0.025,160.96614614403808
17283,2020-12-27,21 day ahead inc hosp,2021-01-17,06053,quantile,0.05,177.1379605981009
17284,2020-12-27,21 day ahead inc hosp,2021-01-17,06053,quantile,0.1,195.78302695774568
17285,2020-12-27,21 day ahead inc hosp,2021-01-17,06053,quantile,0.15,208.3627647129468
17286,2020-12-27,21 day ahead inc hosp,2021-01-17,06053,quantile,0.2,218.36074149497856
17287,2020-12-27,21 day ahead inc hosp,2021-01-17,06053,quantile,0.25,226.93811533722882
17288,2020-12-27,21 day ahead inc hosp,2021-01-17,06053,quantile,0.3,234.6408621424526
17289,2020-12-27,21 day ahead inc hosp,2021-01-17,06053,quantile,0.35,241.77860499624455
17290,2020-12-27,21 day ahead inc hosp,2021-01-17,06053,quantile,0.4,248.55162496309757
17291,2020-12-27,21 day ahead inc hosp,2021-01-17,06053,quantile,0.45,255.10460016454937
17292,2020-12-27,21 day ahead inc hosp,2021-01-17,06053,quantile,0.5,261.5536804199219
17293,2020-12-27,21 day ahead inc hosp,2021-01-17,06053,quantile,0.55,270.88227233784494
17294,2020-12-27,21 day ahead inc hosp,2021-01-17,06053,quantile,0.6,280.36114825223416
17295,2020-12-27,21 day ahead inc hosp,2021-01-17,06053,quantile,0.65,290.1583188286247
17296,2020-12-27,21 day ahead inc hosp,2021-01-17,06053,quantile,0.7,300.4830609098892
17297,2020-12-27,21 day ahead inc hosp,2021-01-17,06053,quantile,0.75,311.6250809728521
17298,2020-12-27,21 day ahead inc hosp,2021-01-17,06053,quantile,0.8,324.03224868256746
17299,2020-12-27,21 day ahead inc hosp,2021-01-17,06053,quantile,0.85,338.4943179562048
17300,2020-12-27,21 day ahead inc hosp,2021-01-17,06053,quantile,0.9,356.69090340806054
17301,2020-12-27,21 day ahead inc hosp,2021-01-17,06053,quantile,0.95,383.66098417373627
17302,2020-12-27,21 day ahead inc hosp,2021-01-17,06053,quantile,0.975,407.05350708251
17303,2020-12-27,21 day ahead inc hosp,2021-01-17,06053,quantile,0.99,434.25237034470376
17304,2020-12-27,22 day ahead inc hosp,2021-01-18,06053,point,NA,224.81573486328125
17305,2020-12-27,22 day ahead inc hosp,2021-01-18,06053,quantile,0.01,155.95937331792135
17306,2020-12-27,22 day ahead inc hosp,2021-01-18,06053,quantile,0.025,166.80377962592587
17307,2020-12-27,22 day ahead inc hosp,2021-01-18,06053,quantile,0.05,176.13056731358108
17308,2020-12-27,22 day ahead inc hosp,2021-01-18,06053,quantile,0.1,186.88375619369222
17309,2020-12-27,22 day ahead inc hosp,2021-01-18,06053,quantile,0.15,194.13888168022444
17310,2020-12-27,22 day ahead inc hosp,2021-01-18,06053,quantile,0.2,199.90502542476202
17311,2020-12-27,22 day ahead inc hosp,2021-01-18,06053,quantile,0.25,204.85186333040082
17312,2020-12-27,22 day ahead inc hosp,2021-01-18,06053,quantile,0.3,209.2942766581173
17313,2020-12-27,22 day ahead inc hosp,2021-01-18,06053,quantile,0.35,213.4108346581796
17314,2020-12-27,22 day ahead inc hosp,2021-01-18,06053,quantile,0.4,217.3170456411542
17315,2020-12-27,22 day ahead inc hosp,2021-01-18,06053,quantile,0.45,221.09634997339356
17316,2020-12-27,22 day ahead inc hosp,2021-01-18,06053,quantile,0.5,224.81573486328125
17317,2020-12-27,22 day ahead inc hosp,2021-01-18,06053,quantile,0.55,234.46673856235728
17318,2020-12-27,22 day ahead inc hosp,2021-01-18,06053,quantile,0.6,244.27322032485037
17319,2020-12-27,22 day ahead inc hosp,2021-01-18,06053,quantile,0.65,254.40899754665807
17320,2020-12-27,22 day ahead inc hosp,2021-01-18,06053,quantile,0.7,265.09058002930936
17321,2020-12-27,22 day ahead inc hosp,2021-01-18,06053,quantile,0.75,276.61768699131864
17322,2020-12-27,22 day ahead inc hosp,2021-01-18,06053,quantile,0.8,289.45366722446175
17323,2020-12-27,22 day ahead inc hosp,2021-01-18,06053,quantile,0.85,304.4155698657387
17324,2020-12-27,22 day ahead inc hosp,2021-01-18,06053,quantile,0.9,323.2410598273053
17325,2020-12-27,22 day ahead inc hosp,2021-01-18,06053,quantile,0.95,351.1432718142851
17326,2020-12-27,22 day ahead inc hosp,2021-01-18,06053,quantile,0.975,375.3442795451025
17327,2020-12-27,22 day ahead inc hosp,2021-01-18,06053,quantile,0.99,403.48318113535845
17328,2020-12-27,23 day ahead inc hosp,2021-01-19,06053,point,NA,233.73519897460938
17329,2020-12-27,23 day ahead inc hosp,2021-01-19,06053,quantile,0.01,167.79744807018795
17330,2020-12-27,23 day ahead inc hosp,2021-01-19,06053,quantile,0.025,178.18219315103985
17331,2020-12-27,23 day ahead inc hosp,2021-01-19,06053,quantile,0.05,187.11364682481414
17332,2020-12-27,23 day ahead inc hosp,2021-01-19,06053,quantile,0.1,197.41104090564826
17333,2020-12-27,23 day ahead inc hosp,2021-01-19,06053,quantile,0.15,204.35864380499893
17334,2020-12-27,23 day ahead inc hosp,2021-01-19,06053,quantile,0.2,209.880378345909
17335,2020-12-27,23 day ahead inc hosp,2021-01-19,06053,quantile,0.25,214.61753491744358
17336,2020-12-27,23 day ahead inc hosp,2021-01-19,06053,quantile,0.3,218.8716479266604
17337,2020-12-27,23 day ahead inc hosp,2021-01-19,06053,quantile,0.35,222.81371761927548
17338,2020-12-27,23 day ahead inc hosp,2021-01-19,06053,quantile,0.4,226.5543562617315
17339,2020-12-27,23 day ahead inc hosp,2021-01-19,06053,quantile,0.45,230.173467438366
17340,2020-12-27,23 day ahead inc hosp,2021-01-19,06053,quantile,0.5,233.73519897460938
17341,2020-12-27,23 day ahead inc hosp,2021-01-19,06053,quantile,0.55,241.63452729285493
17342,2020-12-27,23 day ahead inc hosp,2021-01-19,06053,quantile,0.6,249.6611141126524
17343,2020-12-27,23 day ahead inc hosp,2021-01-19,06053,quantile,0.65,257.95722864458645
17344,2020-12-27,23 day ahead inc hosp,2021-01-19,06053,quantile,0.7,266.7000837526993
17345,2020-12-27,23 day ahead inc hosp,2021-01-19,06053,quantile,0.75,276.1349990518368
17346,2020-12-27,23 day ahead inc hosp,2021-01-19,06053,quantile,0.8,286.6412246538242
17347,2020-12-27,23 day ahead inc hosp,2021-01-19,06053,quantile,0.85,298.8875137356932
17348,2020-12-27,23 day ahead inc hosp,2021-01-19,06053,quantile,0.9,314.29614174942895
17349,2020-12-27,23 day ahead inc hosp,2021-01-19,06053,quantile,0.95,337.134049615068
17350,2020-12-27,23 day ahead inc hosp,2021-01-19,06053,quantile,0.975,356.9425287804452
17351,2020-12-27,23 day ahead inc hosp,2021-01-19,06053,quantile,0.99,379.9741666397814
17352,2020-12-27,24 day ahead inc hosp,2021-01-20,06053,point,NA,244.98719787597656
17353,2020-12-27,24 day ahead inc hosp,2021-01-20,06053,quantile,0.01,178.92564586980646
17354,2020-12-27,24 day ahead inc hosp,2021-01-20,06053,quantile,0.025,189.32988877799937
17355,2020-12-27,24 day ahead inc hosp,2021-01-20,06053,quantile,0.05,198.27811165894047
17356,2020-12-27,24 day ahead inc hosp,2021-01-20,06053,quantile,0.1,208.5948395616727
17357,2020-12-27,24 day ahead inc hosp,2021-01-20,06053,quantile,0.15,215.5554868988705
17358,2020-12-27,24 day ahead inc hosp,2021-01-20,06053,quantile,0.2,221.08758874546436
17359,2020-12-27,24 day ahead inc hosp,2021-01-20,06053,quantile,0.25,225.83363954215324
17360,2020-12-27,24 day ahead inc hosp,2021-01-20,06053,quantile,0.3,230.09573984044619
17361,2020-12-27,24 day ahead inc hosp,2021-01-20,06053,quantile,0.35,234.04521094673436
17362,2020-12-27,24 day ahead inc hosp,2021-01-20,06053,quantile,0.4,237.7928728069803
17363,2020-12-27,24 day ahead inc hosp,2021-01-20,06053,quantile,0.45,241.4187790281056
17364,2020-12-27,24 day ahead inc hosp,2021-01-20,06053,quantile,0.5,244.98719787597656
17365,2020-12-27,24 day ahead inc hosp,2021-01-20,06053,quantile,0.55,253.38456301463853
17366,2020-12-27,24 day ahead inc hosp,2021-01-20,06053,quantile,0.6,261.91721004835256
17367,2020-12-27,24 day ahead inc hosp,2021-01-20,06053,quantile,0.65,270.73637797632676
17368,2020-12-27,24 day ahead inc hosp,2021-01-20,06053,quantile,0.7,280.0304525785514
17369,2020-12-27,24 day ahead inc hosp,2021-01-20,06053,quantile,0.75,290.0602203799741
17370,2020-12-27,24 day ahead inc hosp,2021-01-20,06053,quantile,0.8,301.2288424519634
17371,2020-12-27,24 day ahead inc hosp,2021-01-20,06053,quantile,0.85,314.2472355191986
17372,2020-12-27,24 day ahead inc hosp,2021-01-20,06053,quantile,0.9,330.62734665070974
17373,2020-12-27,24 day ahead inc hosp,2021-01-20,06053,quantile,0.95,354.9051388407026
17374,2020-12-27,24 day ahead inc hosp,2021-01-20,06053,quantile,0.975,375.96250292177854
17375,2020-12-27,24 day ahead inc hosp,2021-01-20,06053,quantile,0.99,400.44623939334133
17376,2020-12-27,25 day ahead inc hosp,2021-01-21,06053,point,NA,260.18511962890625
17377,2020-12-27,25 day ahead inc hosp,2021-01-21,06053,quantile,0.01,184.03266188537458
17378,2020-12-27,25 day ahead inc hosp,2021-01-21,06053,quantile,0.025,196.0261534755449
17379,2020-12-27,25 day ahead inc hosp,2021-01-21,06053,quantile,0.05,206.34121789844744
17380,2020-12-27,25 day ahead inc hosp,2021-01-21,06053,quantile,0.1,218.23382656121316
17381,2020-12-27,25 day ahead inc hosp,2021-01-21,06053,quantile,0.15,226.25771316569492
17382,2020-12-27,25 day ahead inc hosp,2021-01-21,06053,quantile,0.2,232.63484387655538
17383,2020-12-27,25 day ahead inc hosp,2021-01-21,06053,quantile,0.25,238.1058541959882
17384,2020-12-27,25 day ahead inc hosp,2021-01-21,06053,quantile,0.3,243.0189905515212
17385,2020-12-27,25 day ahead inc hosp,2021-01-21,06053,quantile,0.35,247.57174358861027
17386,2020-12-27,25 day ahead inc hosp,2021-01-21,06053,quantile,0.4,251.89186100611764
17387,2020-12-27,25 day ahead inc hosp,2021-01-21,06053,quantile,0.45,256.0716246038676
17388,2020-12-27,25 day ahead inc hosp,2021-01-21,06053,quantile,0.5,260.18511962890625
17389,2020-12-27,25 day ahead inc hosp,2021-01-21,06053,quantile,0.55,270.3711322261889
17390,2020-12-27,25 day ahead inc hosp,2021-01-21,06053,quantile,0.6,280.72124190207063
17391,2020-12-27,25 day ahead inc hosp,2021-01-21,06053,quantile,0.65,291.418901718994
17392,2020-12-27,25 day ahead inc hosp,2021-01-21,06053,quantile,0.7,302.692623822905
17393,2020-12-27,25 day ahead inc hosp,2021-01-21,06053,quantile,0.75,314.85874253825597
17394,2020-12-27,25 day ahead inc hosp,2021-01-21,06053,quantile,0.8,328.40629266154366
17395,2020-12-27,25 day ahead inc hosp,2021-01-21,06053,quantile,0.85,344.1976169149945
17396,2020-12-27,25 day ahead inc hosp,2021-01-21,06053,quantile,0.9,364.06670865691297
17397,2020-12-27,25 day ahead inc hosp,2021-01-21,06053,quantile,0.95,393.5156956901101
17398,2020-12-27,25 day ahead inc hosp,2021-01-21,06053,quantile,0.975,419.05830009680426
17399,2020-12-27,25 day ahead inc hosp,2021-01-21,06053,quantile,0.99,448.7570977565218
17400,2020-12-27,26 day ahead inc hosp,2021-01-22,06053,point,NA,246.3057098388672
17401,2020-12-27,26 day ahead inc hosp,2021-01-22,06053,quantile,0.01,182.63391267222264
17402,2020-12-27,26 day ahead inc hosp,2021-01-22,06053,quantile,0.025,192.66178552723952
17403,2020-12-27,26 day ahead inc hosp,2021-01-22,06053,quantile,0.05,201.28630939891596
17404,2020-12-27,26 day ahead inc hosp,2021-01-22,06053,quantile,0.1,211.22983307490946
17405,2020-12-27,26 day ahead inc hosp,2021-01-22,06053,quantile,0.15,217.9386812921177
17406,2020-12-27,26 day ahead inc hosp,2021-01-22,06053,quantile,0.2,223.2706611803384
17407,2020-12-27,26 day ahead inc hosp,2021-01-22,06053,quantile,0.25,227.84502515594014
17408,2020-12-27,26 day ahead inc hosp,2021-01-22,06053,quantile,0.3,231.95294538269258
17409,2020-12-27,26 day ahead inc hosp,2021-01-22,06053,quantile,0.35,235.75954567527452
17410,2020-12-27,26 day ahead inc hosp,2021-01-22,06053,quantile,0.4,239.37163710468056
17411,2020-12-27,26 day ahead inc hosp,2021-01-22,06053,quantile,0.45,242.86637736502448
17412,2020-12-27,26 day ahead inc hosp,2021-01-22,06053,quantile,0.5,246.3057098388672
17413,2020-12-27,26 day ahead inc hosp,2021-01-22,06053,quantile,0.55,255.7086619968474
17414,2020-12-27,26 day ahead inc hosp,2021-01-22,06053,quantile,0.6,265.26309609779554
17415,2020-12-27,26 day ahead inc hosp,2021-01-22,06053,quantile,0.65,275.13836205689245
17416,2020-12-27,26 day ahead inc hosp,2021-01-22,06053,quantile,0.7,285.54540490835313
17417,2020-12-27,26 day ahead inc hosp,2021-01-22,06053,quantile,0.75,296.77624044249256
17418,2020-12-27,26 day ahead inc hosp,2021-01-22,06053,quantile,0.8,309.2823083911123
17419,2020-12-27,26 day ahead inc hosp,2021-01-22,06053,quantile,0.85,323.8596579720428
17420,2020-12-27,26 day ahead inc hosp,2021-01-22,06053,quantile,0.9,342.2012923738714
17421,2020-12-27,26 day ahead inc hosp,2021-01-22,06053,quantile,0.95,369.38635753352025
17422,2020-12-27,26 day ahead inc hosp,2021-01-22,06053,quantile,0.975,392.9653473425877
17423,2020-12-27,26 day ahead inc hosp,2021-01-22,06053,quantile,0.99,420.3810186739148
17424,2020-12-27,27 day ahead inc hosp,2021-01-23,06053,point,NA,251.54058837890625
17425,2020-12-27,27 day ahead inc hosp,2021-01-23,06053,quantile,0.01,130.11851242548414
17426,2020-12-27,27 day ahead inc hosp,2021-01-23,06053,quantile,0.025,149.24165946445262
17427,2020-12-27,27 day ahead inc hosp,2021-01-23,06053,quantile,0.05,165.68862090120936
17428,2020-12-27,27 day ahead inc hosp,2021-01-23,06053,quantile,0.1,184.65091411041738
17429,2020-12-27,27 day ahead inc hosp,2021-01-23,06053,quantile,0.15,197.444683314981
17430,2020-12-27,27 day ahead inc hosp,2021-01-23,06053,quantile,0.2,207.61276550803103
17431,2020-12-27,27 day ahead inc hosp,2021-01-23,06053,quantile,0.25,216.33607464646198
17432,2020-12-27,27 day ahead inc hosp,2021-01-23,06053,quantile,0.3,224.16987585797597
17433,2020-12-27,27 day ahead inc hosp,2021-01-23,06053,quantile,0.35,231.42906015020662
17434,2020-12-27,27 day ahead inc hosp,2021-01-23,06053,quantile,0.4,238.3173161663539
17435,2020-12-27,27 day ahead inc hosp,2021-01-23,06053,quantile,0.45,244.98178357911377
17436,2020-12-27,27 day ahead inc hosp,2021-01-23,06053,quantile,0.5,251.54058837890625
17437,2020-12-27,27 day ahead inc hosp,2021-01-23,06053,quantile,0.55,261.3047823951751
17438,2020-12-27,27 day ahead inc hosp,2021-01-23,06053,quantile,0.6,271.2262779754899
17439,2020-12-27,27 day ahead inc hosp,2021-01-23,06053,quantile,0.65,281.4809311064263
17440,2020-12-27,27 day ahead inc hosp,2021-01-23,06053,quantile,0.7,292.2877908915253
17441,2020-12-27,27 day ahead inc hosp,2021-01-23,06053,quantile,0.75,303.95009176020255
17442,2020-12-27,27 day ahead inc hosp,2021-01-23,06053,quantile,0.8,316.9366168194977
17443,2020-12-27,27 day ahead inc hosp,2021-01-23,06053,quantile,0.85,332.0739978419441
17444,2020-12-27,27 day ahead inc hosp,2021-01-23,06053,quantile,0.9,351.120279676201
17445,2020-12-27,27 day ahead inc hosp,2021-01-23,06053,quantile,0.95,379.34973847850324
17446,2020-12-27,27 day ahead inc hosp,2021-01-23,06053,quantile,0.975,403.8345840179932
17447,2020-12-27,27 day ahead inc hosp,2021-01-23,06053,quantile,0.99,432.3035084012944
17448,2020-12-27,28 day ahead inc hosp,2021-01-24,06053,point,NA,251.27359008789062
17449,2020-12-27,28 day ahead inc hosp,2021-01-24,06053,quantile,0.01,131.55663348439103
17450,2020-12-27,28 day ahead inc hosp,2021-01-24,06053,quantile,0.025,150.41123588029092
17451,2020-12-27,28 day ahead inc hosp,2021-01-24,06053,quantile,0.05,166.62723410897337
17452,2020-12-27,28 day ahead inc hosp,2021-01-24,06053,quantile,0.1,185.32324153105375
17453,2020-12-27,28 day ahead inc hosp,2021-01-24,06053,quantile,0.15,197.93734897923702
17454,2020-12-27,28 day ahead inc hosp,2021-01-24,06053,quantile,0.2,207.9626417037095
17455,2020-12-27,28 day ahead inc hosp,2021-01-24,06053,quantile,0.25,216.56345019231625
17456,2020-12-27,28 day ahead inc hosp,2021-01-24,06053,quantile,0.3,224.2872420342464
17457,2020-12-27,28 day ahead inc hosp,2021-01-24,06053,quantile,0.35,231.44448625088418
17458,2020-12-27,28 day ahead inc hosp,2021-01-24,06053,quantile,0.4,238.23601110403553
17459,2020-12-27,28 day ahead inc hosp,2021-01-24,06053,quantile,0.45,244.80688999713624
17460,2020-12-27,28 day ahead inc hosp,2021-01-24,06053,quantile,0.5,251.27359008789062
17461,2020-12-27,28 day ahead inc hosp,2021-01-24,06053,quantile,0.55,260.50594856912795
17462,2020-12-27,28 day ahead inc hosp,2021-01-24,06053,quantile,0.6,269.8870407222395
17463,2020-12-27,28 day ahead inc hosp,2021-01-24,06053,quantile,0.65,279.5831440204537
17464,2020-12-27,28 day ahead inc hosp,2021-01-24,06053,quantile,0.7,289.8013764138558
17465,2020-12-27,28 day ahead inc hosp,2021-01-24,06053,quantile,0.75,300.82845577711674
17466,2020-12-27,28 day ahead inc hosp,2021-01-24,06053,quantile,0.8,313.10763156707105
17467,2020-12-27,28 day ahead inc hosp,2021-01-24,06053,quantile,0.85,327.42051062636153
17468,2020-12-27,28 day ahead inc hosp,2021-01-24,06053,quantile,0.9,345.42938072209654
17469,2020-12-27,28 day ahead inc hosp,2021-01-24,06053,quantile,0.95,372.12123905263866
17470,2020-12-27,28 day ahead inc hosp,2021-01-24,06053,quantile,0.975,395.2724454913527
17471,2020-12-27,28 day ahead inc hosp,2021-01-24,06053,quantile,0.99,422.19072620596626
17472,2020-12-27,1 day ahead inc hosp,2020-12-28,06055,point,NA,25.27452850341797
17473,2020-12-27,1 day ahead inc hosp,2020-12-28,06055,quantile,0.01,17.875730436999984
17474,2020-12-27,1 day ahead inc hosp,2020-12-28,06055,quantile,0.025,19.040990561444094
17475,2020-12-27,1 day ahead inc hosp,2020-12-28,06055,quantile,0.05,20.043178553382287
17476,2020-12-27,1 day ahead inc hosp,2020-12-28,06055,quantile,0.1,21.19863712407052
17477,2020-12-27,1 day ahead inc hosp,2020-12-28,06055,quantile,0.15,21.978219536161998
17478,2020-12-27,1 day ahead inc hosp,2020-12-28,06055,quantile,0.2,22.597806924026926
17479,2020-12-27,1 day ahead inc hosp,2020-12-28,06055,quantile,0.25,23.129357733707923
17480,2020-12-27,1 day ahead inc hosp,2020-12-28,06055,quantile,0.3,23.606706789069868
17481,2020-12-27,1 day ahead inc hosp,2020-12-28,06055,quantile,0.35,24.049041828093014
17482,2020-12-27,1 day ahead inc hosp,2020-12-28,06055,quantile,0.4,24.4687745240882
17483,2020-12-27,1 day ahead inc hosp,2020-12-28,06055,quantile,0.45,24.87487076499046
17484,2020-12-27,1 day ahead inc hosp,2020-12-28,06055,quantile,0.5,25.27452850341797
17485,2020-12-27,1 day ahead inc hosp,2020-12-28,06055,quantile,0.55,26.349014414356212
17486,2020-12-27,1 day ahead inc hosp,2020-12-28,06055,quantile,0.6,27.440810337165825
17487,2020-12-27,1 day ahead inc hosp,2020-12-28,06055,quantile,0.65,28.569268076984518
17488,2020-12-27,1 day ahead inc hosp,2020-12-28,06055,quantile,0.7,29.758492559950202
17489,2020-12-27,1 day ahead inc hosp,2020-12-28,06055,quantile,0.75,31.041852758614606
17490,2020-12-27,1 day ahead inc hosp,2020-12-28,06055,quantile,0.8,32.47093519849747
17491,2020-12-27,1 day ahead inc hosp,2020-12-28,06055,quantile,0.85,34.13670531838882
17492,2020-12-27,1 day ahead inc hosp,2020-12-28,06055,quantile,0.9,36.232624495391036
17493,2020-12-27,1 day ahead inc hosp,2020-12-28,06055,quantile,0.95,39.33909244409696
17494,2020-12-27,1 day ahead inc hosp,2020-12-28,06055,quantile,0.975,42.03349010967452
17495,2020-12-27,1 day ahead inc hosp,2020-12-28,06055,quantile,0.99,45.16630968479316
17496,2020-12-27,2 day ahead inc hosp,2020-12-29,06055,point,NA,26.93834114074707
17497,2020-12-27,2 day ahead inc hosp,2020-12-29,06055,quantile,0.01,18.74017547609002
17498,2020-12-27,2 day ahead inc hosp,2020-12-29,06055,quantile,0.025,20.03133053355419
17499,2020-12-27,2 day ahead inc hosp,2020-12-29,06055,quantile,0.05,21.14179511324463
17500,2020-12-27,2 day ahead inc hosp,2020-12-29,06055,quantile,0.1,22.422089655157436
17501,2020-12-27,2 day ahead inc hosp,2020-12-29,06055,quantile,0.15,23.285898304374033
17502,2020-12-27,2 day ahead inc hosp,2020-12-29,06055,quantile,0.2,23.972426035479952
17503,2020-12-27,2 day ahead inc hosp,2020-12-29,06055,quantile,0.25,24.56140569918054
17504,2020-12-27,2 day ahead inc hosp,2020-12-29,06055,quantile,0.3,25.090327640365427
17505,2020-12-27,2 day ahead inc hosp,2020-12-29,06055,quantile,0.35,25.580452643999955
17506,2020-12-27,2 day ahead inc hosp,2020-12-29,06055,quantile,0.4,26.045533343020523
17507,2020-12-27,2 day ahead inc hosp,2020-12-29,06055,quantile,0.45,26.495504301658
17508,2020-12-27,2 day ahead inc hosp,2020-12-29,06055,quantile,0.5,26.93834114074707
17509,2020-12-27,2 day ahead inc hosp,2020-12-29,06055,quantile,0.55,27.848256892815208
17510,2020-12-27,2 day ahead inc hosp,2020-12-29,06055,quantile,0.6,28.772831424779756
17511,2020-12-27,2 day ahead inc hosp,2020-12-29,06055,quantile,0.65,29.72845258514251
17512,2020-12-27,2 day ahead inc hosp,2020-12-29,06055,quantile,0.7,30.735533347002544
17513,2020-12-27,2 day ahead inc hosp,2020-12-29,06055,quantile,0.75,31.822331832170534
17514,2020-12-27,2 day ahead inc hosp,2020-12-29,06055,quantile,0.8,33.03253348285381
17515,2020-12-27,2 day ahead inc hosp,2020-12-29,06055,quantile,0.85,34.44317131065933
17516,2020-12-27,2 day ahead inc hosp,2020-12-29,06055,quantile,0.9,36.21807580666217
17517,2020-12-27,2 day ahead inc hosp,2020-12-29,06055,quantile,0.95,38.84875164060968
17518,2020-12-27,2 day ahead inc hosp,2020-12-29,06055,quantile,0.975,41.1304706034054
17519,2020-12-27,2 day ahead inc hosp,2020-12-29,06055,quantile,0.99,43.783462002146685
17520,2020-12-27,3 day ahead inc hosp,2020-12-30,06055,point,NA,28.37704849243164
17521,2020-12-27,3 day ahead inc hosp,2020-12-30,06055,quantile,0.01,20.399801636393512
17522,2020-12-27,3 day ahead inc hosp,2020-12-30,06055,quantile,0.025,21.656163491487185
17523,2020-12-27,3 day ahead inc hosp,2020-12-30,06055,quantile,0.05,22.736703997672215
17524,2020-12-27,3 day ahead inc hosp,2020-12-30,06055,quantile,0.1,23.982497999287325
17525,2020-12-27,3 day ahead inc hosp,2020-12-30,06055,quantile,0.15,24.823029297756747
17526,2020-12-27,3 day ahead inc hosp,2020-12-30,06055,quantile,0.2,25.49105692839585
17527,2020-12-27,3 day ahead inc hosp,2020-12-30,06055,quantile,0.25,26.064165153176088
17528,2020-12-27,3 day ahead inc hosp,2020-12-30,06055,quantile,0.3,26.57883405168306
17529,2020-12-27,3 day ahead inc hosp,2020-12-30,06055,quantile,0.35,27.05575148714852
17530,2020-12-27,3 day ahead inc hosp,2020-12-30,06055,quantile,0.4,27.508299495547547
17531,2020-12-27,3 day ahead inc hosp,2020-12-30,06055,quantile,0.45,27.946144930969037
17532,2020-12-27,3 day ahead inc hosp,2020-12-30,06055,quantile,0.5,28.37704849243164
17533,2020-12-27,3 day ahead inc hosp,2020-12-30,06055,quantile,0.55,29.370239022567073
17534,2020-12-27,3 day ahead inc hosp,2020-12-30,06055,quantile,0.6,30.37942989267175
17535,2020-12-27,3 day ahead inc hosp,2020-12-30,06055,quantile,0.65,31.4225087543269
17536,2020-12-27,3 day ahead inc hosp,2020-12-30,06055,quantile,0.7,32.52175675996651
17537,2020-12-27,3 day ahead inc hosp,2020-12-30,06055,quantile,0.75,33.70801819261127
17538,2020-12-27,3 day ahead inc hosp,2020-12-30,06055,quantile,0.8,35.028976551976925
17539,2020-12-27,3 day ahead inc hosp,2020-12-30,06055,quantile,0.85,36.56871485065225
17540,2020-12-27,3 day ahead inc hosp,2020-12-30,06055,quantile,0.9,38.50605721813862
17541,2020-12-27,3 day ahead inc hosp,2020-12-30,06055,quantile,0.95,41.37749044719777
17542,2020-12-27,3 day ahead inc hosp,2020-12-30,06055,quantile,0.975,43.86803054514462
17543,2020-12-27,3 day ahead inc hosp,2020-12-30,06055,quantile,0.99,46.76382164203652
17544,2020-12-27,4 day ahead inc hosp,2020-12-31,06055,point,NA,30.834800720214844
17545,2020-12-27,4 day ahead inc hosp,2020-12-31,06055,quantile,0.01,21.79158693179983
17546,2020-12-27,4 day ahead inc hosp,2020-12-31,06055,quantile,0.025,23.215831292825463
17547,2020-12-27,4 day ahead inc hosp,2020-12-31,06055,quantile,0.05,24.440760015831838
17548,2020-12-27,4 day ahead inc hosp,2020-12-31,06055,quantile,0.1,25.85302438425903
17549,2020-12-27,4 day ahead inc hosp,2020-12-31,06055,quantile,0.15,26.805872448896725
17550,2020-12-27,4 day ahead inc hosp,2020-12-31,06055,quantile,0.2,27.563165884772424
17551,2020-12-27,4 day ahead inc hosp,2020-12-31,06055,quantile,0.25,28.21285622206765
17552,2020-12-27,4 day ahead inc hosp,2020-12-31,06055,quantile,0.3,28.796298224482772
17553,2020-12-27,4 day ahead inc hosp,2020-12-31,06055,quantile,0.35,29.336944189960484
17554,2020-12-27,4 day ahead inc hosp,2020-12-31,06055,quantile,0.4,29.8499643413146
17555,2020-12-27,4 day ahead inc hosp,2020-12-31,06055,quantile,0.45,30.346317274883546
17556,2020-12-27,4 day ahead inc hosp,2020-12-31,06055,quantile,0.5,30.834800720214844
17557,2020-12-27,4 day ahead inc hosp,2020-12-31,06055,quantile,0.55,32.0584704127038
17558,2020-12-27,4 day ahead inc hosp,2020-12-31,06055,quantile,0.6,33.30185347387258
17559,2020-12-27,4 day ahead inc hosp,2020-12-31,06055,quantile,0.65,34.586988552344614
17560,2020-12-27,4 day ahead inc hosp,2020-12-31,06055,quantile,0.7,35.94132735060792
17561,2020-12-27,4 day ahead inc hosp,2020-12-31,06055,quantile,0.75,37.40287185637156
17562,2020-12-27,4 day ahead inc hosp,2020-12-31,06055,quantile,0.8,39.03037097194938
17563,2020-12-27,4 day ahead inc hosp,2020-12-31,06055,quantile,0.85,40.92741996032079
17564,2020-12-27,4 day ahead inc hosp,2020-12-31,06055,quantile,0.9,43.314340764675016
17565,2020-12-27,4 day ahead inc hosp,2020-12-31,06055,quantile,0.95,46.852116961480114
17566,2020-12-27,4 day ahead inc hosp,2020-12-31,06055,quantile,0.975,49.92061020956862
17567,2020-12-27,4 day ahead inc hosp,2020-12-31,06055,quantile,0.99,53.48839674551431
17568,2020-12-27,5 day ahead inc hosp,2021-01-01,06055,point,NA,30.91726303100586
17569,2020-12-27,5 day ahead inc hosp,2021-01-01,06055,quantile,0.01,22.886053142314623
17570,2020-12-27,5 day ahead inc hosp,2021-01-01,06055,quantile,0.025,24.15091380621214
17571,2020-12-27,5 day ahead inc hosp,2021-01-01,06055,quantile,0.05,25.238763756829638
17572,2020-12-27,5 day ahead inc hosp,2021-01-01,06055,quantile,0.1,26.492985079750135
17573,2020-12-27,5 day ahead inc hosp,2021-01-01,06055,quantile,0.15,27.3392022518955
17574,2020-12-27,5 day ahead inc hosp,2021-01-01,06055,quantile,0.2,28.01174883468638
17575,2020-12-27,5 day ahead inc hosp,2021-01-01,06055,quantile,0.25,28.58873391803771
17576,2020-12-27,5 day ahead inc hosp,2021-01-01,06055,quantile,0.3,29.10688435536088
17577,2020-12-27,5 day ahead inc hosp,2021-01-01,06055,quantile,0.35,29.58702795539255
17578,2020-12-27,5 day ahead inc hosp,2021-01-01,06055,quantile,0.4,30.04263727847759
17579,2020-12-27,5 day ahead inc hosp,2021-01-01,06055,quantile,0.45,30.483444571286103
17580,2020-12-27,5 day ahead inc hosp,2021-01-01,06055,quantile,0.5,30.91726303100586
17581,2020-12-27,5 day ahead inc hosp,2021-01-01,06055,quantile,0.55,32.1001197737347
17582,2020-12-27,5 day ahead inc hosp,2021-01-01,06055,quantile,0.6,33.302032386857306
17583,2020-12-27,5 day ahead inc hosp,2021-01-01,06055,quantile,0.65,34.54430446584951
17584,2020-12-27,5 day ahead inc hosp,2021-01-01,06055,quantile,0.7,35.85347211893289
17585,2020-12-27,5 day ahead inc hosp,2021-01-01,06055,quantile,0.75,37.26626985679663
17586,2020-12-27,5 day ahead inc hosp,2021-01-01,06055,quantile,0.8,38.839487134680496
17587,2020-12-27,5 day ahead inc hosp,2021-01-01,06055,quantile,0.85,40.67326401168876
17588,2020-12-27,5 day ahead inc hosp,2021-01-01,06055,quantile,0.9,42.98057405223357
17589,2020-12-27,5 day ahead inc hosp,2021-01-01,06055,quantile,0.95,46.40035510454094
17590,2020-12-27,5 day ahead inc hosp,2021-01-01,06055,quantile,0.975,49.366505161863046
17591,2020-12-27,5 day ahead inc hosp,2021-01-01,06055,quantile,0.99,52.81529562105685
17592,2020-12-27,6 day ahead inc hosp,2021-01-02,06055,point,NA,33.11692428588867
17593,2020-12-27,6 day ahead inc hosp,2021-01-02,06055,quantile,0.01,17.499366047855865
17594,2020-12-27,6 day ahead inc hosp,2021-01-02,06055,quantile,0.025,19.959024723845893
17595,2020-12-27,6 day ahead inc hosp,2021-01-02,06055,quantile,0.05,22.074466879321484
17596,2020-12-27,6 day ahead inc hosp,2021-01-02,06055,quantile,0.1,24.51343620344226
17597,2020-12-27,6 day ahead inc hosp,2021-01-02,06055,quantile,0.15,26.158997227393705
17598,2020-12-27,6 day ahead inc hosp,2021-01-02,06055,quantile,0.2,27.46683696388429
17599,2020-12-27,6 day ahead inc hosp,2021-01-02,06055,quantile,0.25,28.58884700553495
17600,2020-12-27,6 day ahead inc hosp,2021-01-02,06055,quantile,0.3,29.596446700115397
17601,2020-12-27,6 day ahead inc hosp,2021-01-02,06055,quantile,0.35,30.530137979516805
17602,2020-12-27,6 day ahead inc hosp,2021-01-02,06055,quantile,0.4,31.416119697799456
17603,2020-12-27,6 day ahead inc hosp,2021-01-02,06055,quantile,0.45,32.27331726362081
17604,2020-12-27,6 day ahead inc hosp,2021-01-02,06055,quantile,0.5,33.11692428588867
17605,2020-12-27,6 day ahead inc hosp,2021-01-02,06055,quantile,0.55,34.318704243829195
17606,2020-12-27,6 day ahead inc hosp,2021-01-02,06055,quantile,0.6,35.539844925932734
17607,2020-12-27,6 day ahead inc hosp,2021-01-02,06055,quantile,0.65,36.80199074030899
17608,2020-12-27,6 day ahead inc hosp,2021-01-02,06055,quantile,0.7,38.13210231699068
17609,2020-12-27,6 day ahead inc hosp,2021-01-02,06055,quantile,0.75,39.56750184142623
17610,2020-12-27,6 day ahead inc hosp,2021-01-02,06055,quantile,0.8,41.165887280464965
17611,2020-12-27,6 day ahead inc hosp,2021-01-02,06055,quantile,0.85,43.02900072312849
17612,2020-12-27,6 day ahead inc hosp,2021-01-02,06055,quantile,0.9,45.37322286205351
17613,2020-12-27,6 day ahead inc hosp,2021-01-02,06055,quantile,0.95,48.84771320458342
17614,2020-12-27,6 day ahead inc hosp,2021-01-02,06055,quantile,0.975,51.861315412159456
17615,2020-12-27,6 day ahead inc hosp,2021-01-02,06055,quantile,0.99,55.365279250953535
17616,2020-12-27,7 day ahead inc hosp,2021-01-03,06055,point,NA,33.176849365234375
17617,2020-12-27,7 day ahead inc hosp,2021-01-03,06055,quantile,0.01,17.893464471362982
17618,2020-12-27,7 day ahead inc hosp,2021-01-03,06055,quantile,0.025,20.30049312973287
17619,2020-12-27,7 day ahead inc hosp,2021-01-03,06055,quantile,0.05,22.3706705665693
17620,2020-12-27,7 day ahead inc hosp,2021-01-03,06055,quantile,0.1,24.757452569027738
17621,2020-12-27,7 day ahead inc hosp,2021-01-03,06055,quantile,0.15,26.367803054813468
17622,2020-12-27,7 day ahead inc hosp,2021-01-03,06055,quantile,0.2,27.647658571766712
17623,2020-12-27,7 day ahead inc hosp,2021-01-03,06055,quantile,0.25,28.745660644816496
17624,2020-12-27,7 day ahead inc hosp,2021-01-03,06055,quantile,0.3,29.73170044159589
17625,2020-12-27,7 day ahead inc hosp,2021-01-03,06055,quantile,0.35,30.645413262617545
17626,2020-12-27,7 day ahead inc hosp,2021-01-03,06055,quantile,0.4,31.51243737759551
17627,2020-12-27,7 day ahead inc hosp,2021-01-03,06055,quantile,0.45,32.35129324282504
17628,2020-12-27,7 day ahead inc hosp,2021-01-03,06055,quantile,0.5,33.176849365234375
17629,2020-12-27,7 day ahead inc hosp,2021-01-03,06055,quantile,0.55,34.36891569205103
17630,2020-12-27,7 day ahead inc hosp,2021-01-03,06055,quantile,0.6,35.58018625603692
17631,2020-12-27,7 day ahead inc hosp,2021-01-03,06055,quantile,0.65,36.83213051996762
17632,2020-12-27,7 day ahead inc hosp,2021-01-03,06055,quantile,0.7,38.151491199095986
17633,2020-12-27,7 day ahead inc hosp,2021-01-03,06055,quantile,0.75,39.57528881470986
17634,2020-12-27,7 day ahead inc hosp,2021-01-03,06055,quantile,0.8,41.160754978097515
17635,2020-12-27,7 day ahead inc hosp,2021-01-03,06055,quantile,0.85,43.00880942713715
17636,2020-12-27,7 day ahead inc hosp,2021-01-03,06055,quantile,0.9,45.33408391347447
17637,2020-12-27,7 day ahead inc hosp,2021-01-03,06055,quantile,0.95,48.78049098060295
17638,2020-12-27,7 day ahead inc hosp,2021-01-03,06055,quantile,0.975,51.76973513493883
17639,2020-12-27,7 day ahead inc hosp,2021-01-03,06055,quantile,0.99,55.2453774727988
17640,2020-12-27,8 day ahead inc hosp,2021-01-04,06055,point,NA,30.984495162963867
17641,2020-12-27,8 day ahead inc hosp,2021-01-04,06055,quantile,0.01,23.197976148502775
17642,2020-12-27,8 day ahead inc hosp,2021-01-04,06055,quantile,0.025,24.424299672178837
17643,2020-12-27,8 day ahead inc hosp,2021-01-04,06055,quantile,0.05,25.47900555619404
17644,2020-12-27,8 day ahead inc hosp,2021-01-04,06055,quantile,0.1,26.695013892997004
17645,2020-12-27,8 day ahead inc hosp,2021-01-04,06055,quantile,0.15,27.515448944825437
17646,2020-12-27,8 day ahead inc hosp,2021-01-04,06055,quantile,0.2,28.16750471569826
17647,2020-12-27,8 day ahead inc hosp,2021-01-04,06055,quantile,0.25,28.726910506960394
17648,2020-12-27,8 day ahead inc hosp,2021-01-04,06055,quantile,0.3,29.229274196676595
17649,2020-12-27,8 day ahead inc hosp,2021-01-04,06055,quantile,0.35,29.694789022354705
17650,2020-12-27,8 day ahead inc hosp,2021-01-04,06055,quantile,0.4,30.136517069129177
17651,2020-12-27,8 day ahead inc hosp,2021-01-04,06055,quantile,0.45,30.563894066460513
17652,2020-12-27,8 day ahead inc hosp,2021-01-04,06055,quantile,0.5,30.984495162963867
17653,2020-12-27,8 day ahead inc hosp,2021-01-04,06055,quantile,0.55,31.991873670428095
17654,2020-12-27,8 day ahead inc hosp,2021-01-04,06055,quantile,0.6,33.0154810867553
17655,2020-12-27,8 day ahead inc hosp,2021-01-04,06055,quantile,0.65,34.073460593143025
17656,2020-12-27,8 day ahead inc hosp,2021-01-04,06055,quantile,0.7,35.18841163390985
17657,2020-12-27,8 day ahead inc hosp,2021-01-04,06055,quantile,0.75,36.39161911044218
17658,2020-12-27,8 day ahead inc hosp,2021-01-04,06055,quantile,0.8,37.73144769328088
17659,2020-12-27,8 day ahead inc hosp,2021-01-04,06055,quantile,0.85,39.29318154206571
17660,2020-12-27,8 day ahead inc hosp,2021-01-04,06055,quantile,0.9,41.258199334109605
17661,2020-12-27,8 day ahead inc hosp,2021-01-04,06055,quantile,0.95,44.170651711377396
17662,2020-12-27,8 day ahead inc hosp,2021-01-04,06055,quantile,0.975,46.696769803046465
17663,2020-12-27,8 day ahead inc hosp,2021-01-04,06055,quantile,0.99,49.63392800643506
17664,2020-12-27,9 day ahead inc hosp,2021-01-05,06055,point,NA,32.508544921875
17665,2020-12-27,9 day ahead inc hosp,2021-01-05,06055,quantile,0.01,24.27431793220991
17666,2020-12-27,9 day ahead inc hosp,2021-01-05,06055,quantile,0.025,25.571152401882557
17667,2020-12-27,9 day ahead inc hosp,2021-01-05,06055,quantile,0.05,26.68650158939335
17668,2020-12-27,9 day ahead inc hosp,2021-01-05,06055,quantile,0.1,27.972427771293745
17669,2020-12-27,9 day ahead inc hosp,2021-01-05,06055,quantile,0.15,28.840036061273693
17670,2020-12-27,9 day ahead inc hosp,2021-01-05,06055,quantile,0.2,29.529583626407266
17671,2020-12-27,9 day ahead inc hosp,2021-01-05,06055,quantile,0.25,30.121154038812453
17672,2020-12-27,9 day ahead inc hosp,2021-01-05,06055,quantile,0.3,30.652402552404528
17673,2020-12-27,9 day ahead inc hosp,2021-01-05,06055,quantile,0.35,31.144683472102923
17674,2020-12-27,9 day ahead inc hosp,2021-01-05,06055,quantile,0.4,31.6118099246406
17675,2020-12-27,9 day ahead inc hosp,2021-01-05,06055,quantile,0.45,32.06376017348119
17676,2020-12-27,9 day ahead inc hosp,2021-01-05,06055,quantile,0.5,32.508544921875
17677,2020-12-27,9 day ahead inc hosp,2021-01-05,06055,quantile,0.55,33.406411540997574
17678,2020-12-27,9 day ahead inc hosp,2021-01-05,06055,quantile,0.6,34.318742827993134
17679,2020-12-27,9 day ahead inc hosp,2021-01-05,06055,quantile,0.65,35.26170962295927
17680,2020-12-27,9 day ahead inc hosp,2021-01-05,06055,quantile,0.7,36.25545458976467
17681,2020-12-27,9 day ahead inc hosp,2021-01-05,06055,quantile,0.75,37.32786165528413
17682,2020-12-27,9 day ahead inc hosp,2021-01-05,06055,quantile,0.8,38.522037777728244
17683,2020-12-27,9 day ahead inc hosp,2021-01-05,06055,quantile,0.85,39.913995895146705
17684,2020-12-27,9 day ahead inc hosp,2021-01-05,06055,quantile,0.9,41.66539705011011
17685,2020-12-27,9 day ahead inc hosp,2021-01-05,06055,quantile,0.95,44.26123739210371
17686,2020-12-27,9 day ahead inc hosp,2021-01-05,06055,quantile,0.975,46.512741760784934
17687,2020-12-27,9 day ahead inc hosp,2021-01-05,06055,quantile,0.99,49.13060216416296
17688,2020-12-27,10 day ahead inc hosp,2021-01-06,06055,point,NA,33.02164840698242
17689,2020-12-27,10 day ahead inc hosp,2021-01-06,06055,quantile,0.01,24.88816539028571
17690,2020-12-27,10 day ahead inc hosp,2021-01-06,06055,quantile,0.025,26.16913337280405
17691,2020-12-27,10 day ahead inc hosp,2021-01-06,06055,quantile,0.05,27.27083650604188
17692,2020-12-27,10 day ahead inc hosp,2021-01-06,06055,quantile,0.1,28.541029661311928
17693,2020-12-27,10 day ahead inc hosp,2021-01-06,06055,quantile,0.15,29.398022952917096
17694,2020-12-27,10 day ahead inc hosp,2021-01-06,06055,quantile,0.2,30.079134053844683
17695,2020-12-27,10 day ahead inc hosp,2021-01-06,06055,quantile,0.25,30.66346673115816
17696,2020-12-27,10 day ahead inc hosp,2021-01-06,06055,quantile,0.3,31.18821553494627
17697,2020-12-27,10 day ahead inc hosp,2021-01-06,06055,quantile,0.35,31.674473504860888
17698,2020-12-27,10 day ahead inc hosp,2021-01-06,06055,quantile,0.4,32.13588476703931
17699,2020-12-27,10 day ahead inc hosp,2021-01-06,06055,quantile,0.45,32.58230550306597
17700,2020-12-27,10 day ahead inc hosp,2021-01-06,06055,quantile,0.5,33.02164840698242
17701,2020-12-27,10 day ahead inc hosp,2021-01-06,06055,quantile,0.55,34.01739656237781
17702,2020-12-27,10 day ahead inc hosp,2021-01-06,06055,quantile,0.6,35.02918626118974
17703,2020-12-27,10 day ahead inc hosp,2021-01-06,06055,quantile,0.65,36.07495121857753
17704,2020-12-27,10 day ahead inc hosp,2021-01-06,06055,quantile,0.7,37.17702996452413
17705,2020-12-27,10 day ahead inc hosp,2021-01-06,06055,quantile,0.75,38.36634621103691
17706,2020-12-27,10 day ahead inc hosp,2021-01-06,06055,quantile,0.8,39.69070625050799
17707,2020-12-27,10 day ahead inc hosp,2021-01-06,06055,quantile,0.85,41.23440962279902
17708,2020-12-27,10 day ahead inc hosp,2021-01-06,06055,quantile,0.9,43.17674095828893
17709,2020-12-27,10 day ahead inc hosp,2021-01-06,06055,quantile,0.95,46.05556858946538
17710,2020-12-27,10 day ahead inc hosp,2021-01-06,06055,quantile,0.975,48.55252222849238
17711,2020-12-27,10 day ahead inc hosp,2021-01-06,06055,quantile,0.99,51.45577045292651
17712,2020-12-27,11 day ahead inc hosp,2021-01-07,06055,point,NA,33.99045181274414
17713,2020-12-27,11 day ahead inc hosp,2021-01-07,06055,quantile,0.01,24.58250653843066
17714,2020-12-27,11 day ahead inc hosp,2021-01-07,06055,quantile,0.025,26.06419361553416
17715,2020-12-27,11 day ahead inc hosp,2021-01-07,06055,quantile,0.05,27.33852624335966
17716,2020-12-27,11 day ahead inc hosp,2021-01-07,06055,quantile,0.1,28.8077501500251
17717,2020-12-27,11 day ahead inc hosp,2021-01-07,06055,quantile,0.15,29.799028544696128
17718,2020-12-27,11 day ahead inc hosp,2021-01-07,06055,quantile,0.2,30.58686518861607
17719,2020-12-27,11 day ahead inc hosp,2021-01-07,06055,quantile,0.25,31.26275887879444
17720,2020-12-27,11 day ahead inc hosp,2021-01-07,06055,quantile,0.3,31.869732301947295
17721,2020-12-27,11 day ahead inc hosp,2021-01-07,06055,quantile,0.35,32.43218363562124
17722,2020-12-27,11 day ahead inc hosp,2021-01-07,06055,quantile,0.4,32.96589494904199
17723,2020-12-27,11 day ahead inc hosp,2021-01-07,06055,quantile,0.45,33.48226682136726
17724,2020-12-27,11 day ahead inc hosp,2021-01-07,06055,quantile,0.5,33.99045181274414
17725,2020-12-27,11 day ahead inc hosp,2021-01-07,06055,quantile,0.55,35.21261871164487
17726,2020-12-27,11 day ahead inc hosp,2021-01-07,06055,quantile,0.6,36.45447476915941
17727,2020-12-27,11 day ahead inc hosp,2021-01-07,06055,quantile,0.65,37.738031568159634
17728,2020-12-27,11 day ahead inc hosp,2021-01-07,06055,quantile,0.7,39.090707097589195
17729,2020-12-27,11 day ahead inc hosp,2021-01-07,06055,quantile,0.75,40.55045667476578
17730,2020-12-27,11 day ahead inc hosp,2021-01-07,06055,quantile,0.8,42.17595705224399
17731,2020-12-27,11 day ahead inc hosp,2021-01-07,06055,quantile,0.85,44.070676267251095
17732,2020-12-27,11 day ahead inc hosp,2021-01-07,06055,quantile,0.9,46.454665684726656
17733,2020-12-27,11 day ahead inc hosp,2021-01-07,06055,quantile,0.95,49.98809712459469
17734,2020-12-27,11 day ahead inc hosp,2021-01-07,06055,quantile,0.975,53.052821943991184
17735,2020-12-27,11 day ahead inc hosp,2021-01-07,06055,quantile,0.99,56.61622686718363
17736,2020-12-27,12 day ahead inc hosp,2021-01-08,06055,point,NA,34.499366760253906
17737,2020-12-27,12 day ahead inc hosp,2021-01-08,06055,quantile,0.01,26.307402021717557
17738,2020-12-27,12 day ahead inc hosp,2021-01-08,06055,quantile,0.025,27.597580475701243
17739,2020-12-27,12 day ahead inc hosp,2021-01-08,06055,quantile,0.05,28.707205122521334
17740,2020-12-27,12 day ahead inc hosp,2021-01-08,06055,quantile,0.1,29.986531275627193
17741,2020-12-27,12 day ahead inc hosp,2021-01-08,06055,quantile,0.15,30.84968655751318
17742,2020-12-27,12 day ahead inc hosp,2021-01-08,06055,quantile,0.2,31.535695012976895
17743,2020-12-27,12 day ahead inc hosp,2021-01-08,06055,quantile,0.25,32.12422918441365
17744,2020-12-27,12 day ahead inc hosp,2021-01-08,06055,quantile,0.3,32.6527510597771
17745,2020-12-27,12 day ahead inc hosp,2021-01-08,06055,quantile,0.35,33.142505342806345
17746,2020-12-27,12 day ahead inc hosp,2021-01-08,06055,quantile,0.4,33.60723426422534
17747,2020-12-27,12 day ahead inc hosp,2021-01-08,06055,quantile,0.45,34.05686487396221
17748,2020-12-27,12 day ahead inc hosp,2021-01-08,06055,quantile,0.5,34.499366760253906
17749,2020-12-27,12 day ahead inc hosp,2021-01-08,06055,quantile,0.55,35.68038072331719
17750,2020-12-27,12 day ahead inc hosp,2021-01-08,06055,quantile,0.6,36.88042086951863
17751,2020-12-27,12 day ahead inc hosp,2021-01-08,06055,quantile,0.65,38.120757605333964
17752,2020-12-27,12 day ahead inc hosp,2021-01-08,06055,quantile,0.7,39.42788569822146
17753,2020-12-27,12 day ahead inc hosp,2021-01-08,06055,quantile,0.75,40.83848242995417
17754,2020-12-27,12 day ahead inc hosp,2021-01-08,06055,quantile,0.8,42.40924878313645
17755,2020-12-27,12 day ahead inc hosp,2021-01-08,06055,quantile,0.85,44.24016880806953
17756,2020-12-27,12 day ahead inc hosp,2021-01-08,06055,quantile,0.9,46.54388427636289
17757,2020-12-27,12 day ahead inc hosp,2021-01-08,06055,quantile,0.95,49.95833763110875
17758,2020-12-27,12 day ahead inc hosp,2021-01-08,06055,quantile,0.975,52.91986670533698
17759,2020-12-27,12 day ahead inc hosp,2021-01-08,06055,quantile,0.99,56.36328427303904
17760,2020-12-27,13 day ahead inc hosp,2021-01-09,06055,point,NA,34.76940155029297
17761,2020-12-27,13 day ahead inc hosp,2021-01-09,06055,quantile,0.01,19.578814236855848
17762,2020-12-27,13 day ahead inc hosp,2021-01-09,06055,quantile,0.025,21.971227910581707
17763,2020-12-27,13 day ahead inc hosp,2021-01-09,06055,quantile,0.05,24.028835654346736
17764,2020-12-27,13 day ahead inc hosp,2021-01-09,06055,quantile,0.1,26.40112560570588
17765,2020-12-27,13 day ahead inc hosp,2021-01-09,06055,quantile,0.15,28.001698373416076
17766,2020-12-27,13 day ahead inc hosp,2021-01-09,06055,quantile,0.2,29.273782870002865
17767,2020-12-27,13 day ahead inc hosp,2021-01-09,06055,quantile,0.25,30.365118099523002
17768,2020-12-27,13 day ahead inc hosp,2021-01-09,06055,quantile,0.3,31.345170864765308
17769,2020-12-27,13 day ahead inc hosp,2021-01-09,06055,quantile,0.35,32.25333580882179
17770,2020-12-27,13 day ahead inc hosp,2021-01-09,06055,quantile,0.4,33.11509553108788
17771,2020-12-27,13 day ahead inc hosp,2021-01-09,06055,quantile,0.45,33.94885803544434
17772,2020-12-27,13 day ahead inc hosp,2021-01-09,06055,quantile,0.5,34.76940155029297
17773,2020-12-27,13 day ahead inc hosp,2021-01-09,06055,quantile,0.55,35.961414787990044
17774,2020-12-27,13 day ahead inc hosp,2021-01-09,06055,quantile,0.6,37.17263140758846
17775,2020-12-27,13 day ahead inc hosp,2021-01-09,06055,quantile,0.65,38.42451991571326
17776,2020-12-27,13 day ahead inc hosp,2021-01-09,06055,quantile,0.7,39.74382183662047
17777,2020-12-27,13 day ahead inc hosp,2021-01-09,06055,quantile,0.75,41.16755604287516
17778,2020-12-27,13 day ahead inc hosp,2021-01-09,06055,quantile,0.8,42.75295159693442
17779,2020-12-27,13 day ahead inc hosp,2021-01-09,06055,quantile,0.85,44.60092374217817
17780,2020-12-27,13 day ahead inc hosp,2021-01-09,06055,quantile,0.9,46.926094671546814
17781,2020-12-27,13 day ahead inc hosp,2021-01-09,06055,quantile,0.95,50.37234825164793
17782,2020-12-27,13 day ahead inc hosp,2021-01-09,06055,quantile,0.975,53.3614592788777
17783,2020-12-27,13 day ahead inc hosp,2021-01-09,06055,quantile,0.99,56.8369468277066
17784,2020-12-27,14 day ahead inc hosp,2021-01-10,06055,point,NA,36.292236328125
17785,2020-12-27,14 day ahead inc hosp,2021-01-10,06055,quantile,0.01,20.868008323919526
17786,2020-12-27,14 day ahead inc hosp,2021-01-10,06055,quantile,0.025,23.297218809499956
17787,2020-12-27,14 day ahead inc hosp,2021-01-10,06055,quantile,0.05,25.38647384146156
17788,2020-12-27,14 day ahead inc hosp,2021-01-10,06055,quantile,0.1,27.795251089295938
17789,2020-12-27,14 day ahead inc hosp,2021-01-10,06055,quantile,0.15,29.420441662714154
17790,2020-12-27,14 day ahead inc hosp,2021-01-10,06055,quantile,0.2,30.71209161087735
17791,2020-12-27,14 day ahead inc hosp,2021-01-10,06055,quantile,0.25,31.8202122557092
17792,2020-12-27,14 day ahead inc hosp,2021-01-10,06055,quantile,0.3,32.815338842676496
17793,2020-12-27,14 day ahead inc hosp,2021-01-10,06055,quantile,0.35,33.73747192900969
17794,2020-12-27,14 day ahead inc hosp,2021-01-10,06055,quantile,0.4,34.61248605234878
17795,2020-12-27,14 day ahead inc hosp,2021-01-10,06055,quantile,0.45,35.45907234313529
17796,2020-12-27,14 day ahead inc hosp,2021-01-10,06055,quantile,0.5,36.292236328125
17797,2020-12-27,14 day ahead inc hosp,2021-01-10,06055,quantile,0.55,37.488158866431434
17798,2020-12-27,14 day ahead inc hosp,2021-01-10,06055,quantile,0.6,38.703347765631555
17799,2020-12-27,14 day ahead inc hosp,2021-01-10,06055,quantile,0.65,39.95934193999637
17800,2020-12-27,14 day ahead inc hosp,2021-01-10,06055,quantile,0.7,41.282970614701455
17801,2020-12-27,14 day ahead inc hosp,2021-01-10,06055,quantile,0.75,42.71137406859876
17802,2020-12-27,14 day ahead inc hosp,2021-01-10,06055,quantile,0.8,44.301969051330076
17803,2020-12-27,14 day ahead inc hosp,2021-01-10,06055,quantile,0.85,46.15600176570596
17804,2020-12-27,14 day ahead inc hosp,2021-01-10,06055,quantile,0.9,48.48879827492857
17805,2020-12-27,14 day ahead inc hosp,2021-01-10,06055,quantile,0.95,51.94635411308742
17806,2020-12-27,14 day ahead inc hosp,2021-01-10,06055,quantile,0.975,54.94526816363158
17807,2020-12-27,14 day ahead inc hosp,2021-01-10,06055,quantile,0.99,58.43215384560429
17808,2020-12-27,15 day ahead inc hosp,2021-01-11,06055,point,NA,36.255836486816406
17809,2020-12-27,15 day ahead inc hosp,2021-01-11,06055,quantile,0.01,28.67805795048834
17810,2020-12-27,15 day ahead inc hosp,2021-01-11,06055,quantile,0.025,29.871506275606166
17811,2020-12-27,15 day ahead inc hosp,2021-01-11,06055,quantile,0.05,30.897937675206677
17812,2020-12-27,15 day ahead inc hosp,2021-01-11,06055,quantile,0.1,32.08134734228745
17813,2020-12-27,15 day ahead inc hosp,2021-01-11,06055,quantile,0.15,32.87978822641685
17814,2020-12-27,15 day ahead inc hosp,2021-01-11,06055,quantile,0.2,33.51436373003179
17815,2020-12-27,15 day ahead inc hosp,2021-01-11,06055,quantile,0.25,34.05877300845916
17816,2020-12-27,15 day ahead inc hosp,2021-01-11,06055,quantile,0.3,34.54766936616304
17817,2020-12-27,15 day ahead inc hosp,2021-01-11,06055,quantile,0.35,35.00070470169805
17818,2020-12-27,15 day ahead inc hosp,2021-01-11,06055,quantile,0.4,35.43059093269871
17819,2020-12-27,15 day ahead inc hosp,2021-01-11,06055,quantile,0.45,35.846510836224674
17820,2020-12-27,15 day ahead inc hosp,2021-01-11,06055,quantile,0.5,36.255836486816406
17821,2020-12-27,15 day ahead inc hosp,2021-01-11,06055,quantile,0.55,37.28558924194527
17822,2020-12-27,15 day ahead inc hosp,2021-01-11,06055,quantile,0.6,38.33193135598
17823,2020-12-27,15 day ahead inc hosp,2021-01-11,06055,quantile,0.65,39.41340897685461
17824,2020-12-27,15 day ahead inc hosp,2021-01-11,06055,quantile,0.7,40.5531234908693
17825,2020-12-27,15 day ahead inc hosp,2021-01-11,06055,quantile,0.75,41.783054648592355
17826,2020-12-27,15 day ahead inc hosp,2021-01-11,06055,quantile,0.8,43.15264131770991
17827,2020-12-27,15 day ahead inc hosp,2021-01-11,06055,quantile,0.85,44.74906185045717
17828,2020-12-27,15 day ahead inc hosp,2021-01-11,06055,quantile,0.9,46.75772341137128
17829,2020-12-27,15 day ahead inc hosp,2021-01-11,06055,quantile,0.95,49.73486242858384
17830,2020-12-27,15 day ahead inc hosp,2021-01-11,06055,quantile,0.975,52.31708653342902
17831,2020-12-27,15 day ahead inc hosp,2021-01-11,06055,quantile,0.99,55.31948010225959
17832,2020-12-27,16 day ahead inc hosp,2021-01-12,06055,point,NA,38.11438751220703
17833,2020-12-27,16 day ahead inc hosp,2021-01-12,06055,quantile,0.01,30.125088784641463
17834,2020-12-27,16 day ahead inc hosp,2021-01-12,06055,quantile,0.025,31.383348727125785
17835,2020-12-27,16 day ahead inc hosp,2021-01-12,06055,quantile,0.05,32.465521693180214
17836,2020-12-27,16 day ahead inc hosp,2021-01-12,06055,quantile,0.1,33.713197816475656
17837,2020-12-27,16 day ahead inc hosp,2021-01-12,06055,quantile,0.15,34.55499897350741
17838,2020-12-27,16 day ahead inc hosp,2021-01-12,06055,quantile,0.2,35.224035847476515
17839,2020-12-27,16 day ahead inc hosp,2021-01-12,06055,quantile,0.25,35.79800991316916
17840,2020-12-27,16 day ahead inc hosp,2021-01-12,06055,quantile,0.3,36.31345636357542
17841,2020-12-27,16 day ahead inc hosp,2021-01-12,06055,quantile,0.35,36.79109431675396
17842,2020-12-27,16 day ahead inc hosp,2021-01-12,06055,quantile,0.4,37.24432602600313
17843,2020-12-27,16 day ahead inc hosp,2021-01-12,06055,quantile,0.45,37.68283294990953
17844,2020-12-27,16 day ahead inc hosp,2021-01-12,06055,quantile,0.5,38.11438751220703
17845,2020-12-27,16 day ahead inc hosp,2021-01-12,06055,quantile,0.55,39.00488247338738
17846,2020-12-27,16 day ahead inc hosp,2021-01-12,06055,quantile,0.6,39.90972334473046
17847,2020-12-27,16 day ahead inc hosp,2021-01-12,06055,quantile,0.65,40.844948200620884
17848,2020-12-27,16 day ahead inc hosp,2021-01-12,06055,quantile,0.7,41.83053432977593
17849,2020-12-27,16 day ahead inc hosp,2021-01-12,06055,quantile,0.75,42.89413672665813
17850,2020-12-27,16 day ahead inc hosp,2021-01-12,06055,quantile,0.8,44.07850843304541
17851,2020-12-27,16 day ahead inc hosp,2021-01-12,06055,quantile,0.85,45.45903830612003
17852,2020-12-27,16 day ahead inc hosp,2021-01-12,06055,quantile,0.9,47.19606012014455
17853,2020-12-27,16 day ahead inc hosp,2021-01-12,06055,quantile,0.95,49.77058811276882
17854,2020-12-27,16 day ahead inc hosp,2021-01-12,06055,quantile,0.975,52.00360719676762
17855,2020-12-27,16 day ahead inc hosp,2021-01-12,06055,quantile,0.99,54.59997446182957
17856,2020-12-27,17 day ahead inc hosp,2021-01-13,06055,point,NA,39.2655029296875
17857,2020-12-27,17 day ahead inc hosp,2021-01-13,06055,quantile,0.01,31.23977903028606
17858,2020-12-27,17 day ahead inc hosp,2021-01-13,06055,quantile,0.025,32.50377568836734
17859,2020-12-27,17 day ahead inc hosp,2021-01-13,06055,quantile,0.05,33.590882546317516
17860,2020-12-27,17 day ahead inc hosp,2021-01-13,06055,quantile,0.1,34.844247130983135
17861,2020-12-27,17 day ahead inc hosp,2021-01-13,06055,quantile,0.15,35.68988626589532
17862,2020-12-27,17 day ahead inc hosp,2021-01-13,06055,quantile,0.2,36.36197344301741
17863,2020-12-27,17 day ahead inc hosp,2021-01-13,06055,quantile,0.25,36.93856439721118
17864,2020-12-27,17 day ahead inc hosp,2021-01-13,06055,quantile,0.3,37.45636089436978
17865,2020-12-27,17 day ahead inc hosp,2021-01-13,06055,quantile,0.35,37.93617651609136
17866,2020-12-27,17 day ahead inc hosp,2021-01-13,06055,quantile,0.4,38.391474619833176
17867,2020-12-27,17 day ahead inc hosp,2021-01-13,06055,quantile,0.45,38.83198080432542
17868,2020-12-27,17 day ahead inc hosp,2021-01-13,06055,quantile,0.5,39.2655029296875
17869,2020-12-27,17 day ahead inc hosp,2021-01-13,06055,quantile,0.55,40.254781342973594
17870,2020-12-27,17 day ahead inc hosp,2021-01-13,06055,quantile,0.6,41.25999707186685
17871,2020-12-27,17 day ahead inc hosp,2021-01-13,06055,quantile,0.65,42.29896730958122
17872,2020-12-27,17 day ahead inc hosp,2021-01-13,06055,quantile,0.7,43.393885444451854
17873,2020-12-27,17 day ahead inc hosp,2021-01-13,06055,quantile,0.75,44.575474265752106
17874,2020-12-27,17 day ahead inc hosp,2021-01-13,06055,quantile,0.8,45.891229450804126
17875,2020-12-27,17 day ahead inc hosp,2021-01-13,06055,quantile,0.85,47.4249028143446
17876,2020-12-27,17 day ahead inc hosp,2021-01-13,06055,quantile,0.9,49.354614108548645
17877,2020-12-27,17 day ahead inc hosp,2021-01-13,06055,quantile,0.95,52.214736937461694
17878,2020-12-27,17 day ahead inc hosp,2021-01-13,06055,quantile,0.975,54.69546695004678
17879,2020-12-27,17 day ahead inc hosp,2021-01-13,06055,quantile,0.99,57.57985170263859
17880,2020-12-27,18 day ahead inc hosp,2021-01-14,06055,point,NA,40.629066467285156
17881,2020-12-27,18 day ahead inc hosp,2021-01-14,06055,quantile,0.01,31.74587373396949
17882,2020-12-27,18 day ahead inc hosp,2021-01-14,06055,quantile,0.025,33.1449158725659
17883,2020-12-27,18 day ahead inc hosp,2021-01-14,06055,quantile,0.05,34.348169293930276
17884,2020-12-27,18 day ahead inc hosp,2021-01-14,06055,quantile,0.1,35.73544342773486
17885,2020-12-27,18 day ahead inc hosp,2021-01-14,06055,quantile,0.15,36.67143069971408
17886,2020-12-27,18 day ahead inc hosp,2021-01-14,06055,quantile,0.2,37.41532371208283
17887,2020-12-27,18 day ahead inc hosp,2021-01-14,06055,quantile,0.25,38.05351767920543
17888,2020-12-27,18 day ahead inc hosp,2021-01-14,06055,quantile,0.3,38.62663558589527
17889,2020-12-27,18 day ahead inc hosp,2021-01-14,06055,quantile,0.35,39.15771473808568
17890,2020-12-27,18 day ahead inc hosp,2021-01-14,06055,quantile,0.4,39.66165691917086
17891,2020-12-27,18 day ahead inc hosp,2021-01-14,06055,quantile,0.45,40.14922681144611
17892,2020-12-27,18 day ahead inc hosp,2021-01-14,06055,quantile,0.5,40.629066467285156
17893,2020-12-27,18 day ahead inc hosp,2021-01-14,06055,quantile,0.55,41.834267497678866
17894,2020-12-27,18 day ahead inc hosp,2021-01-14,06055,quantile,0.6,43.05888436585241
17895,2020-12-27,18 day ahead inc hosp,2021-01-14,06055,quantile,0.65,44.324623094429754
17896,2020-12-27,18 day ahead inc hosp,2021-01-14,06055,quantile,0.7,45.65852106149397
17897,2020-12-27,18 day ahead inc hosp,2021-01-14,06055,quantile,0.75,47.098006696485704
17898,2020-12-27,18 day ahead inc hosp,2021-01-14,06055,quantile,0.8,48.70094221339764
17899,2020-12-27,18 day ahead inc hosp,2021-01-14,06055,quantile,0.85,50.56935932753092
17900,2020-12-27,18 day ahead inc hosp,2021-01-14,06055,quantile,0.9,52.920254696218706
17901,2020-12-27,18 day ahead inc hosp,2021-01-14,06055,quantile,0.95,56.40463577050958
17902,2020-12-27,18 day ahead inc hosp,2021-01-14,06055,quantile,0.975,59.426816712844065
17903,2020-12-27,18 day ahead inc hosp,2021-01-14,06055,quantile,0.99,62.94075518475351
17904,2020-12-27,19 day ahead inc hosp,2021-01-15,06055,point,NA,41.176368713378906
17905,2020-12-27,19 day ahead inc hosp,2021-01-15,06055,quantile,0.01,33.351986888396354
17906,2020-12-27,19 day ahead inc hosp,2021-01-15,06055,quantile,0.025,34.58427354593605
17907,2020-12-27,19 day ahead inc hosp,2021-01-15,06055,quantile,0.05,35.64410805404735
17908,2020-12-27,19 day ahead inc hosp,2021-01-15,06055,quantile,0.1,36.8660293659761
17909,2020-12-27,19 day ahead inc hosp,2021-01-15,06055,quantile,0.15,37.69045387404998
17910,2020-12-27,19 day ahead inc hosp,2021-01-15,06055,quantile,0.2,38.34568033827835
17911,2020-12-27,19 day ahead inc hosp,2021-01-15,06055,quantile,0.25,38.907806302115645
17912,2020-12-27,19 day ahead inc hosp,2021-01-15,06055,quantile,0.3,39.41261279087482
17913,2020-12-27,19 day ahead inc hosp,2021-01-15,06055,quantile,0.35,39.88039123391607
17914,2020-12-27,19 day ahead inc hosp,2021-01-15,06055,quantile,0.4,40.32426723220854
17915,2020-12-27,19 day ahead inc hosp,2021-01-15,06055,quantile,0.45,40.75372239749158
17916,2020-12-27,19 day ahead inc hosp,2021-01-15,06055,quantile,0.5,41.176368713378906
17917,2020-12-27,19 day ahead inc hosp,2021-01-15,06055,quantile,0.55,42.329175935863276
17918,2020-12-27,19 day ahead inc hosp,2021-01-15,06055,quantile,0.6,43.50055492974405
17919,2020-12-27,19 day ahead inc hosp,2021-01-15,06055,quantile,0.65,44.71126808985931
17920,2020-12-27,19 day ahead inc hosp,2021-01-15,06055,quantile,0.7,45.98717739603249
17921,2020-12-27,19 day ahead inc hosp,2021-01-15,06055,quantile,0.75,47.364084148376435
17922,2020-12-27,19 day ahead inc hosp,2021-01-15,06055,quantile,0.8,48.8973351118851
17923,2020-12-27,19 day ahead inc hosp,2021-01-15,06055,quantile,0.85,50.684526368336826
17924,2020-12-27,19 day ahead inc hosp,2021-01-15,06055,quantile,0.9,52.933221060742625
17925,2020-12-27,19 day ahead inc hosp,2021-01-15,06055,quantile,0.95,56.26612533731644
17926,2020-12-27,19 day ahead inc hosp,2021-01-15,06055,quantile,0.975,59.1569227479689
17927,2020-12-27,19 day ahead inc hosp,2021-01-15,06055,quantile,0.99,62.518099470875924
17928,2020-12-27,20 day ahead inc hosp,2021-01-16,06055,point,NA,42.00996398925781
17929,2020-12-27,20 day ahead inc hosp,2021-01-16,06055,quantile,0.01,27.597326674582924
17930,2020-12-27,20 day ahead inc hosp,2021-01-16,06055,quantile,0.025,29.86721854081636
17931,2020-12-27,20 day ahead inc hosp,2021-01-16,06055,quantile,0.05,31.81945077087105
17932,2020-12-27,20 day ahead inc hosp,2021-01-16,06055,quantile,0.1,34.07024950357988
17933,2020-12-27,20 day ahead inc hosp,2021-01-16,06055,quantile,0.15,35.58885272284756
17934,2020-12-27,20 day ahead inc hosp,2021-01-16,06055,quantile,0.2,36.795790420819806
17935,2020-12-27,20 day ahead inc hosp,2021-01-16,06055,quantile,0.25,37.8312354979096
17936,2020-12-27,20 day ahead inc hosp,2021-01-16,06055,quantile,0.3,38.76109717891169
17937,2020-12-27,20 day ahead inc hosp,2021-01-16,06055,quantile,0.35,39.622752603452774
17938,2020-12-27,20 day ahead inc hosp,2021-01-16,06055,quantile,0.4,40.44037933987458
17939,2020-12-27,20 day ahead inc hosp,2021-01-16,06055,quantile,0.45,41.231442669679815
17940,2020-12-27,20 day ahead inc hosp,2021-01-16,06055,quantile,0.5,42.00996398925781
17941,2020-12-27,20 day ahead inc hosp,2021-01-16,06055,quantile,0.55,43.183054131583205
17942,2020-12-27,20 day ahead inc hosp,2021-01-16,06055,quantile,0.6,44.37504280397131
17943,2020-12-27,20 day ahead inc hosp,2021-01-16,06055,quantile,0.65,45.60705770257167
17944,2020-12-27,20 day ahead inc hosp,2021-01-16,06055,quantile,0.7,46.90541583251763
17945,2020-12-27,20 day ahead inc hosp,2021-01-16,06055,quantile,0.75,48.306548395336776
17946,2020-12-27,20 day ahead inc hosp,2021-01-16,06055,quantile,0.8,49.86677594763016
17947,2020-12-27,20 day ahead inc hosp,2021-01-16,06055,quantile,0.85,51.685411713006
17948,2020-12-27,20 day ahead inc hosp,2021-01-16,06055,quantile,0.9,53.97367077775734
17949,2020-12-27,20 day ahead inc hosp,2021-01-16,06055,quantile,0.95,57.36521541410776
17950,2020-12-27,20 day ahead inc hosp,2021-01-16,06055,quantile,0.975,60.306874591596255
17951,2020-12-27,20 day ahead inc hosp,2021-01-16,06055,quantile,0.99,63.72718911023579
17952,2020-12-27,21 day ahead inc hosp,2021-01-17,06055,point,NA,46.31390380859375
17953,2020-12-27,21 day ahead inc hosp,2021-01-17,06055,quantile,0.01,31.53097025920384
17954,2020-12-27,21 day ahead inc hosp,2021-01-17,06055,quantile,0.025,33.85918125141852
17955,2020-12-27,21 day ahead inc hosp,2021-01-17,06055,quantile,0.05,35.8615711471589
17956,2020-12-27,21 day ahead inc hosp,2021-01-17,06055,quantile,0.1,38.17019845611136
17957,2020-12-27,21 day ahead inc hosp,2021-01-17,06055,quantile,0.15,39.72781834122884
17958,2020-12-27,21 day ahead inc hosp,2021-01-17,06055,quantile,0.2,40.96576524836502
17959,2020-12-27,21 day ahead inc hosp,2021-01-17,06055,quantile,0.25,42.02781346580513
17960,2020-12-27,21 day ahead inc hosp,2021-01-17,06055,quantile,0.3,42.981565589046426
17961,2020-12-27,21 day ahead inc hosp,2021-01-17,06055,quantile,0.35,43.865359068709765
17962,2020-12-27,21 day ahead inc hosp,2021-01-17,06055,quantile,0.4,44.70399265455746
17963,2020-12-27,21 day ahead inc hosp,2021-01-17,06055,quantile,0.45,45.51538035429253
17964,2020-12-27,21 day ahead inc hosp,2021-01-17,06055,quantile,0.5,46.31390380859375
17965,2020-12-27,21 day ahead inc hosp,2021-01-17,06055,quantile,0.55,47.46550723828755
17966,2020-12-27,21 day ahead inc hosp,2021-01-17,06055,quantile,0.6,48.63566304622678
17967,2020-12-27,21 day ahead inc hosp,2021-01-17,06055,quantile,0.65,49.84511194658971
17968,2020-12-27,21 day ahead inc hosp,2021-01-17,06055,quantile,0.7,51.119688913414016
17969,2020-12-27,21 day ahead inc hosp,2021-01-17,06055,quantile,0.75,52.495157862117054
17970,2020-12-27,21 day ahead inc hosp,2021-01-17,06055,quantile,0.8,54.026807763088975
17971,2020-12-27,21 day ahead inc hosp,2021-01-17,06055,quantile,0.85,55.81213278561372
17972,2020-12-27,21 day ahead inc hosp,2021-01-17,06055,quantile,0.9,58.05847932959877
17973,2020-12-27,21 day ahead inc hosp,2021-01-17,06055,quantile,0.95,61.38790329648894
17974,2020-12-27,21 day ahead inc hosp,2021-01-17,06055,quantile,0.975,64.27568205752328
17975,2020-12-27,21 day ahead inc hosp,2021-01-17,06055,quantile,0.99,67.63334894788595
17976,2020-12-27,22 day ahead inc hosp,2021-01-18,06055,point,NA,42.33589553833008
17977,2020-12-27,22 day ahead inc hosp,2021-01-18,06055,quantile,0.01,33.825666880037176
17978,2020-12-27,22 day ahead inc hosp,2021-01-18,06055,quantile,0.025,35.16596972603865
17979,2020-12-27,22 day ahead inc hosp,2021-01-18,06055,quantile,0.05,36.31870411524986
17980,2020-12-27,22 day ahead inc hosp,2021-01-18,06055,quantile,0.1,37.64773304041712
17981,2020-12-27,22 day ahead inc hosp,2021-01-18,06055,quantile,0.15,38.5444225466485
17982,2020-12-27,22 day ahead inc hosp,2021-01-18,06055,quantile,0.2,39.25708294056539
17983,2020-12-27,22 day ahead inc hosp,2021-01-18,06055,quantile,0.25,39.86848210206137
17984,2020-12-27,22 day ahead inc hosp,2021-01-18,06055,quantile,0.3,40.417537445170225
17985,2020-12-27,22 day ahead inc hosp,2021-01-18,06055,quantile,0.35,40.92631904616401
17986,2020-12-27,22 day ahead inc hosp,2021-01-18,06055,quantile,0.4,41.40910303164588
17987,2020-12-27,22 day ahead inc hosp,2021-01-18,06055,quantile,0.45,41.876202124813126
17988,2020-12-27,22 day ahead inc hosp,2021-01-18,06055,quantile,0.5,42.33589553833008
17989,2020-12-27,22 day ahead inc hosp,2021-01-18,06055,quantile,0.55,43.52983065009209
17990,2020-12-27,22 day ahead inc hosp,2021-01-18,06055,quantile,0.6,44.74300010522506
17991,2020-12-27,22 day ahead inc hosp,2021-01-18,06055,quantile,0.65,45.99690702386735
17992,2020-12-27,22 day ahead inc hosp,2021-01-18,06055,quantile,0.7,47.31833604543537
17993,2020-12-27,22 day ahead inc hosp,2021-01-18,06055,quantile,0.75,48.74436572774674
17994,2020-12-27,22 day ahead inc hosp,2021-01-18,06055,quantile,0.8,50.33231740324966
17995,2020-12-27,22 day ahead inc hosp,2021-01-18,06055,quantile,0.85,52.183269020219356
17996,2020-12-27,22 day ahead inc hosp,2021-01-18,06055,quantile,0.9,54.51218880535937
17997,2020-12-27,22 day ahead inc hosp,2021-01-18,06055,quantile,0.95,57.963998754439736
17998,2020-12-27,22 day ahead inc hosp,2021-01-18,06055,quantile,0.975,60.95792910311559
17999,2020-12-27,22 day ahead inc hosp,2021-01-18,06055,quantile,0.99,64.43902015463378
18000,2020-12-27,23 day ahead inc hosp,2021-01-19,06055,point,NA,43.99296569824219
18001,2020-12-27,23 day ahead inc hosp,2021-01-19,06055,quantile,0.01,35.85120683014592
18002,2020-12-27,23 day ahead inc hosp,2021-01-19,06055,quantile,0.025,37.133478202693986
18003,2020-12-27,23 day ahead inc hosp,2021-01-19,06055,quantile,0.05,38.23630232326263
18004,2020-12-27,23 day ahead inc hosp,2021-01-19,06055,quantile,0.1,39.507787905132716
18005,2020-12-27,23 day ahead inc hosp,2021-01-19,06055,quantile,0.15,40.36565319082912
18006,2020-12-27,23 day ahead inc hosp,2021-01-19,06055,quantile,0.2,41.04745732501765
18007,2020-12-27,23 day ahead inc hosp,2021-01-19,06055,quantile,0.25,41.63238456316016
18008,2020-12-27,23 day ahead inc hosp,2021-01-19,06055,quantile,0.3,42.15766730094842
18009,2020-12-27,23 day ahead inc hosp,2021-01-19,06055,quantile,0.35,42.64442004028625
18010,2020-12-27,23 day ahead inc hosp,2021-01-19,06055,quantile,0.4,43.10630079026369
18011,2020-12-27,23 day ahead inc hosp,2021-01-19,06055,quantile,0.45,43.553175761169236
18012,2020-12-27,23 day ahead inc hosp,2021-01-19,06055,quantile,0.5,43.99296569824219
18013,2020-12-27,23 day ahead inc hosp,2021-01-19,06055,quantile,0.55,44.96953855498787
18014,2020-12-27,23 day ahead inc hosp,2021-01-19,06055,quantile,0.6,45.961844040306374
18015,2020-12-27,23 day ahead inc hosp,2021-01-19,06055,quantile,0.65,46.98747051662678
18016,2020-12-27,23 day ahead inc hosp,2021-01-19,06055,quantile,0.7,48.06832633690235
18017,2020-12-27,23 day ahead inc hosp,2021-01-19,06055,quantile,0.75,49.234739709739436
18018,2020-12-27,23 day ahead inc hosp,2021-01-19,06055,quantile,0.8,50.533596313287504
18019,2020-12-27,23 day ahead inc hosp,2021-01-19,06055,quantile,0.85,52.04757231623333
18020,2020-12-27,23 day ahead inc hosp,2021-01-19,06055,quantile,0.9,53.95249983306398
18021,2020-12-27,23 day ahead inc hosp,2021-01-19,06055,quantile,0.95,56.775889370491804
18022,2020-12-27,23 day ahead inc hosp,2021-01-19,06055,quantile,0.975,59.22475873089536
18023,2020-12-27,23 day ahead inc hosp,2021-01-19,06055,quantile,0.99,62.07209858988979
18024,2020-12-27,24 day ahead inc hosp,2021-01-20,06055,point,NA,45.95397186279297
18025,2020-12-27,24 day ahead inc hosp,2021-01-20,06055,quantile,0.01,37.79521424838656
18026,2020-12-27,24 day ahead inc hosp,2021-01-20,06055,quantile,0.025,39.080162807291515
18027,2020-12-27,24 day ahead inc hosp,2021-01-20,06055,quantile,0.05,40.18528945582174
18028,2020-12-27,24 day ahead inc hosp,2021-01-20,06055,quantile,0.1,41.459429704968684
18029,2020-12-27,24 day ahead inc hosp,2021-01-20,06055,quantile,0.15,42.319086082073724
18030,2020-12-27,24 day ahead inc hosp,2021-01-20,06055,quantile,0.2,43.002313718935085
18031,2020-12-27,24 day ahead inc hosp,2021-01-20,06055,quantile,0.25,43.5884621956198
18032,2020-12-27,24 day ahead inc hosp,2021-01-20,06055,quantile,0.3,44.11484164336292
18033,2020-12-27,24 day ahead inc hosp,2021-01-20,06055,quantile,0.35,44.60261064791639
18034,2020-12-27,24 day ahead inc hosp,2021-01-20,06055,quantile,0.4,45.06545573420268
18035,2020-12-27,24 day ahead inc hosp,2021-01-20,06055,quantile,0.45,45.51326371164721
18036,2020-12-27,24 day ahead inc hosp,2021-01-20,06055,quantile,0.5,45.95397186279297
18037,2020-12-27,24 day ahead inc hosp,2021-01-20,06055,quantile,0.55,46.99156766650036
18038,2020-12-27,24 day ahead inc hosp,2021-01-20,06055,quantile,0.6,48.04587918094626
18039,2020-12-27,24 day ahead inc hosp,2021-01-20,06055,quantile,0.65,49.135593809660726
18040,2020-12-27,24 day ahead inc hosp,2021-01-20,06055,quantile,0.7,50.283988889233065
18041,2020-12-27,24 day ahead inc hosp,2021-01-20,06055,quantile,0.75,51.523287742036544
18042,2020-12-27,24 day ahead inc hosp,2021-01-20,06055,quantile,0.8,52.90330578385487
18043,2020-12-27,24 day ahead inc hosp,2021-01-20,06055,quantile,0.85,54.51188535548571
18044,2020-12-27,24 day ahead inc hosp,2021-01-20,06055,quantile,0.9,56.53584576374119
18045,2020-12-27,24 day ahead inc hosp,2021-01-20,06055,quantile,0.95,59.53565997732562
18046,2020-12-27,24 day ahead inc hosp,2021-01-20,06055,quantile,0.975,62.13755143338115
18047,2020-12-27,24 day ahead inc hosp,2021-01-20,06055,quantile,0.99,65.16281254832404
18048,2020-12-27,25 day ahead inc hosp,2021-01-21,06055,point,NA,48.41267776489258
18049,2020-12-27,25 day ahead inc hosp,2021-01-21,06055,quantile,0.01,39.02842912453089
18050,2020-12-27,25 day ahead inc hosp,2021-01-21,06055,quantile,0.025,40.50638414375422
18051,2020-12-27,25 day ahead inc hosp,2021-01-21,06055,quantile,0.05,41.77750699591309
18052,2020-12-27,25 day ahead inc hosp,2021-01-21,06055,quantile,0.1,43.24303023680144
18053,2020-12-27,25 day ahead inc hosp,2021-01-21,06055,quantile,0.15,44.23181180984161
18054,2020-12-27,25 day ahead inc hosp,2021-01-21,06055,quantile,0.2,45.0176640590802
18055,2020-12-27,25 day ahead inc hosp,2021-01-21,06055,quantile,0.25,45.69185531531582
18056,2020-12-27,25 day ahead inc hosp,2021-01-21,06055,quantile,0.3,46.297299900172156
18057,2020-12-27,25 day ahead inc hosp,2021-01-21,06055,quantile,0.35,46.85833453732193
18058,2020-12-27,25 day ahead inc hosp,2021-01-21,06055,quantile,0.4,47.39070154428028
18059,2020-12-27,25 day ahead inc hosp,2021-01-21,06055,quantile,0.45,47.90577278454567
18060,2020-12-27,25 day ahead inc hosp,2021-01-21,06055,quantile,0.5,48.41267776489258
18061,2020-12-27,25 day ahead inc hosp,2021-01-21,06055,quantile,0.55,49.67109626350917
18062,2020-12-27,25 day ahead inc hosp,2021-01-21,06055,quantile,0.6,50.9497879354903
18063,2020-12-27,25 day ahead inc hosp,2021-01-21,06055,quantile,0.65,52.27141726560864
18064,2020-12-27,25 day ahead inc hosp,2021-01-21,06055,quantile,0.7,53.66421550813281
18065,2020-12-27,25 day ahead inc hosp,2021-01-21,06055,quantile,0.75,55.167263801225204
18066,2020-12-27,25 day ahead inc hosp,2021-01-21,06055,quantile,0.8,56.84097935215912
18067,2020-12-27,25 day ahead inc hosp,2021-01-21,06055,quantile,0.85,58.79189924042793
18068,2020-12-27,25 day ahead inc hosp,2021-01-21,06055,quantile,0.9,61.246601937871155
18069,2020-12-27,25 day ahead inc hosp,2021-01-21,06055,quantile,0.95,64.88484111087018
18070,2020-12-27,25 day ahead inc hosp,2021-01-21,06055,quantile,0.975,68.0404710083636
18071,2020-12-27,25 day ahead inc hosp,2021-01-21,06055,quantile,0.99,71.70957273042802
18072,2020-12-27,26 day ahead inc hosp,2021-01-22,06055,point,NA,47.24827194213867
18073,2020-12-27,26 day ahead inc hosp,2021-01-22,06055,quantile,0.01,39.38947719576443
18074,2020-12-27,26 day ahead inc hosp,2021-01-22,06055,quantile,0.025,40.62718365320992
18075,2020-12-27,26 day ahead inc hosp,2021-01-22,06055,quantile,0.05,41.69167948823901
18076,2020-12-27,26 day ahead inc hosp,2021-01-22,06055,quantile,0.1,42.91897501157446
18077,2020-12-27,26 day ahead inc hosp,2021-01-22,06055,quantile,0.15,43.747025474570314
18078,2020-12-27,26 day ahead inc hosp,2021-01-22,06055,quantile,0.2,44.40513373282556
18079,2020-12-27,26 day ahead inc hosp,2021-01-22,06055,quantile,0.25,44.96973201933812
18080,2020-12-27,26 day ahead inc hosp,2021-01-22,06055,quantile,0.3,45.476758730270014
18081,2020-12-27,26 day ahead inc hosp,2021-01-22,06055,quantile,0.35,45.946594540033544
18082,2020-12-27,26 day ahead inc hosp,2021-01-22,06055,quantile,0.4,46.39242277815512
18083,2020-12-27,26 day ahead inc hosp,2021-01-22,06055,quantile,0.45,46.823766758065915
18084,2020-12-27,26 day ahead inc hosp,2021-01-22,06055,quantile,0.5,47.24827194213867
18085,2020-12-27,26 day ahead inc hosp,2021-01-22,06055,quantile,0.55,48.409123664239985
18086,2020-12-27,26 day ahead inc hosp,2021-01-22,06055,quantile,0.6,49.588676754954804
18087,2020-12-27,26 day ahead inc hosp,2021-01-22,06055,quantile,0.65,50.8078384929093
18088,2020-12-27,26 day ahead inc hosp,2021-01-22,06055,quantile,0.7,52.09265132755158
18089,2020-12-27,26 day ahead inc hosp,2021-01-22,06055,quantile,0.75,53.4791663870138
18090,2020-12-27,26 day ahead inc hosp,2021-01-22,06055,quantile,0.8,55.02311665613754
18091,2020-12-27,26 day ahead inc hosp,2021-01-22,06055,quantile,0.85,56.82277926000758
18092,2020-12-27,26 day ahead inc hosp,2021-01-22,06055,quantile,0.9,59.087165755204744
18093,2020-12-27,26 day ahead inc hosp,2021-01-22,06055,quantile,0.95,62.44332764732198
18094,2020-12-27,26 day ahead inc hosp,2021-01-22,06055,quantile,0.975,65.35429757095761
18095,2020-12-27,26 day ahead inc hosp,2021-01-22,06055,quantile,0.99,68.73892919970888
18096,2020-12-27,27 day ahead inc hosp,2021-01-23,06055,point,NA,48.471763610839844
18097,2020-12-27,27 day ahead inc hosp,2021-01-23,06055,quantile,0.01,33.50536140780383
18098,2020-12-27,27 day ahead inc hosp,2021-01-23,06055,quantile,0.025,35.86246745895377
18099,2020-12-27,27 day ahead inc hosp,2021-01-23,06055,quantile,0.05,37.889708699457266
18100,2020-12-27,27 day ahead inc hosp,2021-01-23,06055,quantile,0.1,40.22698801734482
18101,2020-12-27,27 day ahead inc hosp,2021-01-23,06055,quantile,0.15,41.803939276865094
18102,2020-12-27,27 day ahead inc hosp,2021-01-23,06055,quantile,0.2,43.05725014755958
18103,2020-12-27,27 day ahead inc hosp,2021-01-23,06055,quantile,0.25,44.13247927769947
18104,2020-12-27,27 day ahead inc hosp,2021-01-23,06055,quantile,0.3,45.09806826791838
18105,2020-12-27,27 day ahead inc hosp,2021-01-23,06055,quantile,0.35,45.99283036888231
18106,2020-12-27,27 day ahead inc hosp,2021-01-23,06055,quantile,0.4,46.84187210372045
18107,2020-12-27,27 day ahead inc hosp,2021-01-23,06055,quantile,0.45,47.6633298080563
18108,2020-12-27,27 day ahead inc hosp,2021-01-23,06055,quantile,0.5,48.471763610839844
18109,2020-12-27,27 day ahead inc hosp,2021-01-23,06055,quantile,0.55,49.67771268250769
18110,2020-12-27,27 day ahead inc hosp,2021-01-23,06055,quantile,0.6,50.90308964293082
18111,2020-12-27,27 day ahead inc hosp,2021-01-23,06055,quantile,0.65,52.16961398717507
18112,2020-12-27,27 day ahead inc hosp,2021-01-23,06055,quantile,0.7,53.50433987481826
18113,2020-12-27,27 day ahead inc hosp,2021-01-23,06055,quantile,0.75,54.94471896628849
18114,2020-12-27,27 day ahead inc hosp,2021-01-23,06055,quantile,0.8,56.54864938935814
18115,2020-12-27,27 day ahead inc hosp,2021-01-23,06055,quantile,0.85,58.41822618812779
18116,2020-12-27,27 day ahead inc hosp,2021-01-23,06055,quantile,0.9,60.77058070489345
18117,2020-12-27,27 day ahead inc hosp,2021-01-23,06055,quantile,0.95,64.25712445644119
18118,2020-12-27,27 day ahead inc hosp,2021-01-23,06055,quantile,0.975,67.28118119876736
18119,2020-12-27,27 day ahead inc hosp,2021-01-23,06055,quantile,0.99,70.79730069354807
18120,2020-12-27,28 day ahead inc hosp,2021-01-24,06055,point,NA,49.01640319824219
18121,2020-12-27,28 day ahead inc hosp,2021-01-24,06055,quantile,0.01,34.24913059249666
18122,2020-12-27,28 day ahead inc hosp,2021-01-24,06055,quantile,0.025,36.574875093130395
18123,2020-12-27,28 day ahead inc hosp,2021-01-24,06055,quantile,0.05,38.57514367004008
18124,2020-12-27,28 day ahead inc hosp,2021-01-24,06055,quantile,0.1,40.88132523423825
18125,2020-12-27,28 day ahead inc hosp,2021-01-24,06055,quantile,0.15,42.43729498698121
18126,2020-12-27,28 day ahead inc hosp,2021-01-24,06055,quantile,0.2,43.67393042121638
18127,2020-12-27,28 day ahead inc hosp,2021-01-24,06055,quantile,0.25,44.7348535116832
18128,2020-12-27,28 day ahead inc hosp,2021-01-24,06055,quantile,0.3,45.68759523612895
18129,2020-12-27,28 day ahead inc hosp,2021-01-24,06055,quantile,0.35,46.5704524307287
18130,2020-12-27,28 day ahead inc hosp,2021-01-24,06055,quantile,0.4,47.40819757361057
18131,2020-12-27,28 day ahead inc hosp,2021-01-24,06055,quantile,0.45,48.21872569449434
18132,2020-12-27,28 day ahead inc hosp,2021-01-24,06055,quantile,0.5,49.01640319824219
18133,2020-12-27,28 day ahead inc hosp,2021-01-24,06055,quantile,0.55,50.1557061305924
18134,2020-12-27,28 day ahead inc hosp,2021-01-24,06055,quantile,0.6,51.313363279673894
18135,2020-12-27,28 day ahead inc hosp,2021-01-24,06055,quantile,0.65,52.50989382411453
18136,2020-12-27,28 day ahead inc hosp,2021-01-24,06055,quantile,0.7,53.770856789633896
18137,2020-12-27,28 day ahead inc hosp,2021-01-24,06055,quantile,0.75,55.131634090402
18138,2020-12-27,28 day ahead inc hosp,2021-01-24,06055,quantile,0.8,56.64692414470065
18139,2020-12-27,28 day ahead inc hosp,2021-01-24,06055,quantile,0.85,58.413179767872485
18140,2020-12-27,28 day ahead inc hosp,2021-01-24,06055,quantile,0.9,60.63553265311651
18141,2020-12-27,28 day ahead inc hosp,2021-01-24,06055,quantile,0.95,63.92939440335776
18142,2020-12-27,28 day ahead inc hosp,2021-01-24,06055,quantile,0.975,66.786328244984
18143,2020-12-27,28 day ahead inc hosp,2021-01-24,06055,quantile,0.99,70.10813125060942
18144,2020-12-27,1 day ahead inc hosp,2020-12-28,06057,point,NA,21.333833694458008
18145,2020-12-27,1 day ahead inc hosp,2020-12-28,06057,quantile,0.01,14.508661783257704
18146,2020-12-27,1 day ahead inc hosp,2020-12-28,06057,quantile,0.025,15.583579709007783
18147,2020-12-27,1 day ahead inc hosp,2020-12-28,06057,quantile,0.05,16.50806842608265
18148,2020-12-27,1 day ahead inc hosp,2020-12-28,06057,quantile,0.1,17.573944709017205
18149,2020-12-27,1 day ahead inc hosp,2020-12-28,06057,quantile,0.15,18.293086376854145
18150,2020-12-27,1 day ahead inc hosp,2020-12-28,06057,quantile,0.2,18.864637377196146
18151,2020-12-27,1 day ahead inc hosp,2020-12-28,06057,quantile,0.25,19.354977243623523
18152,2020-12-27,1 day ahead inc hosp,2020-12-28,06057,quantile,0.3,19.79531759826597
18153,2020-12-27,1 day ahead inc hosp,2020-12-28,06057,quantile,0.35,20.20335856067354
18154,2020-12-27,1 day ahead inc hosp,2020-12-28,06057,quantile,0.4,20.590549531585612
18155,2020-12-27,1 day ahead inc hosp,2020-12-28,06057,quantile,0.45,20.96516127686764
18156,2020-12-27,1 day ahead inc hosp,2020-12-28,06057,quantile,0.5,21.333833694458008
18157,2020-12-27,1 day ahead inc hosp,2020-12-28,06057,quantile,0.55,22.3244267525338
18158,2020-12-27,1 day ahead inc hosp,2020-12-28,06057,quantile,0.6,23.33097830519796
18159,2020-12-27,1 day ahead inc hosp,2020-12-28,06057,quantile,0.65,24.37132922280114
18160,2020-12-27,1 day ahead inc hosp,2020-12-28,06057,quantile,0.7,25.467702386308623
18161,2020-12-27,1 day ahead inc hosp,2020-12-28,06057,quantile,0.75,26.650861412281923
18162,2020-12-27,1 day ahead inc hosp,2020-12-28,06057,quantile,0.8,27.968365094698605
18163,2020-12-27,1 day ahead inc hosp,2020-12-28,06057,quantile,0.85,29.504076545464468
18164,2020-12-27,1 day ahead inc hosp,2020-12-28,06057,quantile,0.9,31.436352218780065
18165,2020-12-27,1 day ahead inc hosp,2020-12-28,06057,quantile,0.95,34.30027584383344
18166,2020-12-27,1 day ahead inc hosp,2020-12-28,06057,quantile,0.975,36.7843024802424
18167,2020-12-27,1 day ahead inc hosp,2020-12-28,06057,quantile,0.99,39.67252027046603
18168,2020-12-27,2 day ahead inc hosp,2020-12-29,06057,point,NA,22.190977096557617
18169,2020-12-27,2 day ahead inc hosp,2020-12-29,06057,quantile,0.01,14.63188342598575
18170,2020-12-27,2 day ahead inc hosp,2020-12-29,06057,quantile,0.025,15.822389012458615
18171,2020-12-27,2 day ahead inc hosp,2020-12-29,06057,quantile,0.05,16.846289494479848
18172,2020-12-27,2 day ahead inc hosp,2020-12-29,06057,quantile,0.1,18.026781175681517
18173,2020-12-27,2 day ahead inc hosp,2020-12-29,06057,quantile,0.15,18.823253308591454
18174,2020-12-27,2 day ahead inc hosp,2020-12-29,06057,quantile,0.2,19.456264111147846
18175,2020-12-27,2 day ahead inc hosp,2020-12-29,06057,quantile,0.25,19.999331015390613
18176,2020-12-27,2 day ahead inc hosp,2020-12-29,06057,quantile,0.3,20.48702187958889
18177,2020-12-27,2 day ahead inc hosp,2020-12-29,06057,quantile,0.35,20.938940145736517
18178,2020-12-27,2 day ahead inc hosp,2020-12-29,06057,quantile,0.4,21.367766387127013
18179,2020-12-27,2 day ahead inc hosp,2020-12-29,06057,quantile,0.45,21.782660738437976
18180,2020-12-27,2 day ahead inc hosp,2020-12-29,06057,quantile,0.5,22.190977096557617
18181,2020-12-27,2 day ahead inc hosp,2020-12-29,06057,quantile,0.55,23.029958055181737
18182,2020-12-27,2 day ahead inc hosp,2020-12-29,06057,quantile,0.6,23.882455031285275
18183,2020-12-27,2 day ahead inc hosp,2020-12-29,06057,quantile,0.65,24.763578317018435
18184,2020-12-27,2 day ahead inc hosp,2020-12-29,06057,quantile,0.7,25.692149540317764
18185,2020-12-27,2 day ahead inc hosp,2020-12-29,06057,quantile,0.75,26.694223889338602
18186,2020-12-27,2 day ahead inc hosp,2020-12-29,06057,quantile,0.8,27.810081196689303
18187,2020-12-27,2 day ahead inc hosp,2020-12-29,06057,quantile,0.85,29.110749169909646
18188,2020-12-27,2 day ahead inc hosp,2020-12-29,06057,quantile,0.9,30.74728647804849
18189,2020-12-27,2 day ahead inc hosp,2020-12-29,06057,quantile,0.95,33.17288129600622
18190,2020-12-27,2 day ahead inc hosp,2020-12-29,06057,quantile,0.975,35.27672306197868
18191,2020-12-27,2 day ahead inc hosp,2020-12-29,06057,quantile,0.99,37.722893778199925
18192,2020-12-27,3 day ahead inc hosp,2020-12-30,06057,point,NA,22.840986251831055
18193,2020-12-27,3 day ahead inc hosp,2020-12-30,06057,quantile,0.01,15.48509271493607
18194,2020-12-27,3 day ahead inc hosp,2020-12-30,06057,quantile,0.025,16.64359566923411
18195,2020-12-27,3 day ahead inc hosp,2020-12-30,06057,quantile,0.05,17.639972122068016
18196,2020-12-27,3 day ahead inc hosp,2020-12-30,06057,quantile,0.1,18.78873036036257
18197,2020-12-27,3 day ahead inc hosp,2020-12-30,06057,quantile,0.15,19.563792089997936
18198,2020-12-27,3 day ahead inc hosp,2020-12-30,06057,quantile,0.2,20.179786582755295
18199,2020-12-27,3 day ahead inc hosp,2020-12-30,06057,quantile,0.25,20.708255008351443
18200,2020-12-27,3 day ahead inc hosp,2020-12-30,06057,quantile,0.3,21.182835987540113
18201,2020-12-27,3 day ahead inc hosp,2020-12-30,06057,quantile,0.35,21.622605991462898
18202,2020-12-27,3 day ahead inc hosp,2020-12-30,06057,quantile,0.4,22.039904719983173
18203,2020-12-27,3 day ahead inc hosp,2020-12-30,06057,quantile,0.45,22.443646069185384
18204,2020-12-27,3 day ahead inc hosp,2020-12-30,06057,quantile,0.5,22.840986251831055
18205,2020-12-27,3 day ahead inc hosp,2020-12-30,06057,quantile,0.55,23.756772965453173
18206,2020-12-27,3 day ahead inc hosp,2020-12-30,06057,quantile,0.6,24.687313040401918
18207,2020-12-27,3 day ahead inc hosp,2020-12-30,06057,quantile,0.65,25.6491000629117
18208,2020-12-27,3 day ahead inc hosp,2020-12-30,06057,quantile,0.7,26.66267871473704
18209,2020-12-27,3 day ahead inc hosp,2020-12-30,06057,quantile,0.75,27.756489444839627
18210,2020-12-27,3 day ahead inc hosp,2020-12-30,06057,quantile,0.8,28.974499562787674
18211,2020-12-27,3 day ahead inc hosp,2020-12-30,06057,quantile,0.85,30.394239112851352
18212,2020-12-27,3 day ahead inc hosp,2020-12-30,06057,quantile,0.9,32.180595653765316
18213,2020-12-27,3 day ahead inc hosp,2020-12-30,06057,quantile,0.95,34.82824514340237
18214,2020-12-27,3 day ahead inc hosp,2020-12-30,06057,quantile,0.975,37.124686221159976
18215,2020-12-27,3 day ahead inc hosp,2020-12-30,06057,quantile,0.99,39.79479526015494
18216,2020-12-27,4 day ahead inc hosp,2020-12-31,06057,point,NA,24.427419662475586
18217,2020-12-27,4 day ahead inc hosp,2020-12-31,06057,quantile,0.01,16.086159030592675
18218,2020-12-27,4 day ahead inc hosp,2020-12-31,06057,quantile,0.025,17.39985056733633
18219,2020-12-27,4 day ahead inc hosp,2020-12-31,06057,quantile,0.05,18.529697762496635
18220,2020-12-27,4 day ahead inc hosp,2020-12-31,06057,quantile,0.1,19.83233921870812
18221,2020-12-27,4 day ahead inc hosp,2020-12-31,06057,quantile,0.15,20.71122522490982
18222,2020-12-27,4 day ahead inc hosp,2020-12-31,06057,quantile,0.2,21.409735961385557
18223,2020-12-27,4 day ahead inc hosp,2020-12-31,06057,quantile,0.25,22.00899597670642
18224,2020-12-27,4 day ahead inc hosp,2020-12-31,06057,quantile,0.3,22.547149991373935
18225,2020-12-27,4 day ahead inc hosp,2020-12-31,06057,quantile,0.35,23.045829886944112
18226,2020-12-27,4 day ahead inc hosp,2020-12-31,06057,quantile,0.4,23.5190283418269
18227,2020-12-27,4 day ahead inc hosp,2020-12-31,06057,quantile,0.45,23.9768533232071
18228,2020-12-27,4 day ahead inc hosp,2020-12-31,06057,quantile,0.5,24.427419662475586
18229,2020-12-27,4 day ahead inc hosp,2020-12-31,06057,quantile,0.55,25.555711096512105
18230,2020-12-27,4 day ahead inc hosp,2020-12-31,06057,quantile,0.6,26.70217935159273
18231,2020-12-27,4 day ahead inc hosp,2020-12-31,06057,quantile,0.65,27.88714528604398
18232,2020-12-27,4 day ahead inc hosp,2020-12-31,06057,quantile,0.7,29.135920894562695
18233,2020-12-27,4 day ahead inc hosp,2020-12-31,06057,quantile,0.75,30.48354612091122
18234,2020-12-27,4 day ahead inc hosp,2020-12-31,06057,quantile,0.8,31.98419071665457
18235,2020-12-27,4 day ahead inc hosp,2020-12-31,06057,quantile,0.85,33.733375269206064
18236,2020-12-27,4 day ahead inc hosp,2020-12-31,06057,quantile,0.9,35.9342488495581
18237,2020-12-27,4 day ahead inc hosp,2020-12-31,06057,quantile,0.95,39.1962750343159
18238,2020-12-27,4 day ahead inc hosp,2020-12-31,06057,quantile,0.975,42.02559627064981
18239,2020-12-27,4 day ahead inc hosp,2020-12-31,06057,quantile,0.99,45.31529365523603
18240,2020-12-27,5 day ahead inc hosp,2021-01-01,06057,point,NA,23.832481384277344
18241,2020-12-27,5 day ahead inc hosp,2021-01-01,06057,quantile,0.01,16.4264085998809
18242,2020-12-27,5 day ahead inc hosp,2021-01-01,06057,quantile,0.025,17.59281444268369
18243,2020-12-27,5 day ahead inc hosp,2021-01-01,06057,quantile,0.05,18.595987815617192
18244,2020-12-27,5 day ahead inc hosp,2021-01-01,06057,quantile,0.1,19.75258246748538
18245,2020-12-27,5 day ahead inc hosp,2021-01-01,06057,quantile,0.15,20.532931388155415
18246,2020-12-27,5 day ahead inc hosp,2021-01-01,06057,quantile,0.2,21.153127972739764
18247,2020-12-27,5 day ahead inc hosp,2021-01-01,06057,quantile,0.25,21.685201418962123
18248,2020-12-27,5 day ahead inc hosp,2021-01-01,06057,quantile,0.3,22.16301981809097
18249,2020-12-27,5 day ahead inc hosp,2021-01-01,06057,quantile,0.35,22.605789774060355
18250,2020-12-27,5 day ahead inc hosp,2021-01-01,06057,quantile,0.4,23.0259351637069
18251,2020-12-27,5 day ahead inc hosp,2021-01-01,06057,quantile,0.45,23.432430690492918
18252,2020-12-27,5 day ahead inc hosp,2021-01-01,06057,quantile,0.5,23.832481384277344
18253,2020-12-27,5 day ahead inc hosp,2021-01-01,06057,quantile,0.55,24.923178651088524
18254,2020-12-27,5 day ahead inc hosp,2021-01-01,06057,quantile,0.6,26.031447095375718
18255,2020-12-27,5 day ahead inc hosp,2021-01-01,06057,quantile,0.65,27.176930493531607
18256,2020-12-27,5 day ahead inc hosp,2021-01-01,06057,quantile,0.7,28.384097455882
18257,2020-12-27,5 day ahead inc hosp,2021-01-01,06057,quantile,0.75,29.686820410895198
18258,2020-12-27,5 day ahead inc hosp,2021-01-01,06057,quantile,0.8,31.137464198180446
18259,2020-12-27,5 day ahead inc hosp,2021-01-01,06057,quantile,0.85,32.82836670179238
18260,2020-12-27,5 day ahead inc hosp,2021-01-01,06057,quantile,0.9,34.95590815630741
18261,2020-12-27,5 day ahead inc hosp,2021-01-01,06057,quantile,0.95,38.109245083853985
18262,2020-12-27,5 day ahead inc hosp,2021-01-01,06057,quantile,0.975,40.844294598818514
18263,2020-12-27,5 day ahead inc hosp,2021-01-01,06057,quantile,0.99,44.02438073415999
18264,2020-12-27,6 day ahead inc hosp,2021-01-02,06057,point,NA,25.17898941040039
18265,2020-12-27,6 day ahead inc hosp,2021-01-02,06057,quantile,0.01,10.776375632116679
18266,2020-12-27,6 day ahead inc hosp,2021-01-02,06057,quantile,0.025,13.04468885987969
18267,2020-12-27,6 day ahead inc hosp,2021-01-02,06057,quantile,0.05,14.995563373759698
18268,2020-12-27,6 day ahead inc hosp,2021-01-02,06057,quantile,0.1,17.244796746672538
18269,2020-12-27,6 day ahead inc hosp,2021-01-02,06057,quantile,0.15,18.762343825117437
18270,2020-12-27,6 day ahead inc hosp,2021-01-02,06057,quantile,0.2,19.96844213584407
18271,2020-12-27,6 day ahead inc hosp,2021-01-02,06057,quantile,0.25,21.003167093417595
18272,2020-12-27,6 day ahead inc hosp,2021-01-02,06057,quantile,0.3,21.932382084837837
18273,2020-12-27,6 day ahead inc hosp,2021-01-02,06057,quantile,0.35,22.79343825510533
18274,2020-12-27,6 day ahead inc hosp,2021-01-02,06057,quantile,0.4,23.6104963578227
18275,2020-12-27,6 day ahead inc hosp,2021-01-02,06057,quantile,0.45,24.40100952793815
18276,2020-12-27,6 day ahead inc hosp,2021-01-02,06057,quantile,0.5,25.17898941040039
18277,2020-12-27,6 day ahead inc hosp,2021-01-02,06057,quantile,0.55,26.287091160115157
18278,2020-12-27,6 day ahead inc hosp,2021-01-02,06057,quantile,0.6,27.41304447423573
18279,2020-12-27,6 day ahead inc hosp,2021-01-02,06057,quantile,0.65,28.576806588976133
18280,2020-12-27,6 day ahead inc hosp,2021-01-02,06057,quantile,0.7,29.803236565361047
18281,2020-12-27,6 day ahead inc hosp,2021-01-02,06057,quantile,0.75,31.126747341237614
18282,2020-12-27,6 day ahead inc hosp,2021-01-02,06057,quantile,0.8,32.6005393528407
18283,2020-12-27,6 day ahead inc hosp,2021-01-02,06057,quantile,0.85,34.31842393902609
18284,2020-12-27,6 day ahead inc hosp,2021-01-02,06057,quantile,0.9,36.47991501457577
18285,2020-12-27,6 day ahead inc hosp,2021-01-02,06057,quantile,0.95,39.68357039465243
18286,2020-12-27,6 day ahead inc hosp,2021-01-02,06057,quantile,0.975,42.46226366299578
18287,2020-12-27,6 day ahead inc hosp,2021-01-02,06057,quantile,0.99,45.69309509353387
18288,2020-12-27,7 day ahead inc hosp,2021-01-03,06057,point,NA,24.565109252929688
18289,2020-12-27,7 day ahead inc hosp,2021-01-03,06057,quantile,0.01,10.468419662351243
18290,2020-12-27,7 day ahead inc hosp,2021-01-03,06057,quantile,0.025,12.68855192155209
18291,2020-12-27,7 day ahead inc hosp,2021-01-03,06057,quantile,0.05,14.597988144427338
18292,2020-12-27,7 day ahead inc hosp,2021-01-03,06057,quantile,0.1,16.799445821681005
18293,2020-12-27,7 day ahead inc hosp,2021-01-03,06057,quantile,0.15,18.284758865080278
18294,2020-12-27,7 day ahead inc hosp,2021-01-03,06057,quantile,0.2,19.46523858659236
18295,2020-12-27,7 day ahead inc hosp,2021-01-03,06057,quantile,0.25,20.477985075742232
18296,2020-12-27,7 day ahead inc hosp,2021-01-03,06057,quantile,0.3,21.387462723244912
18297,2020-12-27,7 day ahead inc hosp,2021-01-03,06057,quantile,0.35,22.23022930292053
18298,2020-12-27,7 day ahead inc hosp,2021-01-03,06057,quantile,0.4,23.02993237270918
18299,2020-12-27,7 day ahead inc hosp,2021-01-03,06057,quantile,0.45,23.803654347617925
18300,2020-12-27,7 day ahead inc hosp,2021-01-03,06057,quantile,0.5,24.565109252929688
18301,2020-12-27,7 day ahead inc hosp,2021-01-03,06057,quantile,0.55,25.66431384143419
18302,2020-12-27,7 day ahead inc hosp,2021-01-03,06057,quantile,0.6,26.781226660714335
18303,2020-12-27,7 day ahead inc hosp,2021-01-03,06057,quantile,0.65,27.935644706511695
18304,2020-12-27,7 day ahead inc hosp,2021-01-03,06057,quantile,0.7,29.15222744168811
18305,2020-12-27,7 day ahead inc hosp,2021-01-03,06057,quantile,0.75,30.465111496020807
18306,2020-12-27,7 day ahead inc hosp,2021-01-03,06057,quantile,0.8,31.927070149251335
18307,2020-12-27,7 day ahead inc hosp,2021-01-03,06057,quantile,0.85,33.63116151102584
18308,2020-12-27,7 day ahead inc hosp,2021-01-03,06057,quantile,0.9,35.775297560686724
18309,2020-12-27,7 day ahead inc hosp,2021-01-03,06057,quantile,0.95,38.95323017804235
18310,2020-12-27,7 day ahead inc hosp,2021-01-03,06057,quantile,0.975,41.70961278586314
18311,2020-12-27,7 day ahead inc hosp,2021-01-03,06057,quantile,0.99,44.914503251965364
18312,2020-12-27,8 day ahead inc hosp,2021-01-04,06057,point,NA,21.848861694335938
18313,2020-12-27,8 day ahead inc hosp,2021-01-04,06057,quantile,0.01,14.668806011304529
18314,2020-12-27,8 day ahead inc hosp,2021-01-04,06057,quantile,0.025,15.799615705476299
18315,2020-12-27,8 day ahead inc hosp,2021-01-04,06057,quantile,0.05,16.772174426823508
18316,2020-12-27,8 day ahead inc hosp,2021-01-04,06057,quantile,0.1,17.893472346094047
18317,2020-12-27,8 day ahead inc hosp,2021-01-04,06057,quantile,0.15,18.650006728852066
18318,2020-12-27,8 day ahead inc hosp,2021-01-04,06057,quantile,0.2,19.25127627364016
18319,2020-12-27,8 day ahead inc hosp,2021-01-04,06057,quantile,0.25,19.76711200501291
18320,2020-12-27,8 day ahead inc hosp,2021-01-04,06057,quantile,0.3,20.230348434359133
18321,2020-12-27,8 day ahead inc hosp,2021-01-04,06057,quantile,0.35,20.659606022176995
18322,2020-12-27,8 day ahead inc hosp,2021-01-04,06057,quantile,0.4,21.06692949582511
18323,2020-12-27,8 day ahead inc hosp,2021-01-04,06057,quantile,0.45,21.46101967049582
18324,2020-12-27,8 day ahead inc hosp,2021-01-04,06057,quantile,0.5,21.848861694335938
18325,2020-12-27,8 day ahead inc hosp,2021-01-04,06057,quantile,0.55,22.777766933135236
18326,2020-12-27,8 day ahead inc hosp,2021-01-04,06057,quantile,0.6,23.721636873237085
18327,2020-12-27,8 day ahead inc hosp,2021-01-04,06057,quantile,0.65,24.69720136934656
18328,2020-12-27,8 day ahead inc hosp,2021-01-04,06057,quantile,0.7,25.72529940310356
18329,2020-12-27,8 day ahead inc hosp,2021-01-04,06057,quantile,0.75,26.83477882919013
18330,2020-12-27,8 day ahead inc hosp,2021-01-04,06057,quantile,0.8,28.070236783147024
18331,2020-12-27,8 day ahead inc hosp,2021-01-04,06057,quantile,0.85,29.510313917012155
18332,2020-12-27,8 day ahead inc hosp,2021-01-04,06057,quantile,0.9,31.322259782283872
18333,2020-12-27,8 day ahead inc hosp,2021-01-04,06057,quantile,0.95,34.00783650538423
18334,2020-12-27,8 day ahead inc hosp,2021-01-04,06057,quantile,0.975,36.33717380193203
18335,2020-12-27,8 day ahead inc hosp,2021-01-04,06057,quantile,0.99,39.04553180450425
18336,2020-12-27,9 day ahead inc hosp,2021-01-05,06057,point,NA,22.576812744140625
18337,2020-12-27,9 day ahead inc hosp,2021-01-05,06057,quantile,0.01,14.984050485169371
18338,2020-12-27,9 day ahead inc hosp,2021-01-05,06057,quantile,0.025,16.179858644189284
18339,2020-12-27,9 day ahead inc hosp,2021-01-05,06057,quantile,0.05,17.208319631132596
18340,2020-12-27,9 day ahead inc hosp,2021-01-05,06057,quantile,0.1,18.394069282436952
18341,2020-12-27,9 day ahead inc hosp,2021-01-05,06057,quantile,0.15,19.1940889428129
18342,2020-12-27,9 day ahead inc hosp,2021-01-05,06057,quantile,0.2,19.829919207740375
18343,2020-12-27,9 day ahead inc hosp,2021-01-05,06057,quantile,0.25,20.375404959647835
18344,2020-12-27,9 day ahead inc hosp,2021-01-05,06057,quantile,0.3,20.865268023806642
18345,2020-12-27,9 day ahead inc hosp,2021-01-05,06057,quantile,0.35,21.3191991569402
18346,2020-12-27,9 day ahead inc hosp,2021-01-05,06057,quantile,0.4,21.749935412261657
18347,2020-12-27,9 day ahead inc hosp,2021-01-05,06057,quantile,0.45,22.16667772415524
18348,2020-12-27,9 day ahead inc hosp,2021-01-05,06057,quantile,0.5,22.576812744140625
18349,2020-12-27,9 day ahead inc hosp,2021-01-05,06057,quantile,0.55,23.404730433571455
18350,2020-12-27,9 day ahead inc hosp,2021-01-05,06057,quantile,0.6,24.24598591076355
18351,2020-12-27,9 day ahead inc hosp,2021-01-05,06057,quantile,0.65,25.115490215157102
18352,2020-12-27,9 day ahead inc hosp,2021-01-05,06057,quantile,0.7,26.031816782242366
18353,2020-12-27,9 day ahead inc hosp,2021-01-05,06057,quantile,0.75,27.020677221983206
18354,2020-12-27,9 day ahead inc hosp,2021-01-05,06057,quantile,0.8,28.121820214729247
18355,2020-12-27,9 day ahead inc hosp,2021-01-05,06057,quantile,0.85,29.405336857194214
18356,2020-12-27,9 day ahead inc hosp,2021-01-05,06057,quantile,0.9,31.02029387486438
18357,2020-12-27,9 day ahead inc hosp,2021-01-05,06057,quantile,0.95,33.4139034515016
18358,2020-12-27,9 day ahead inc hosp,2021-01-05,06057,quantile,0.975,35.49000279071481
18359,2020-12-27,9 day ahead inc hosp,2021-01-05,06057,quantile,0.99,37.903916940385756
18360,2020-12-27,10 day ahead inc hosp,2021-01-06,06057,point,NA,22.374515533447266
18361,2020-12-27,10 day ahead inc hosp,2021-01-06,06057,quantile,0.01,14.874642371261793
18362,2020-12-27,10 day ahead inc hosp,2021-01-06,06057,quantile,0.025,16.055821132437835
18363,2020-12-27,10 day ahead inc hosp,2021-01-06,06057,quantile,0.05,17.07170003016273
18364,2020-12-27,10 day ahead inc hosp,2021-01-06,06057,quantile,0.1,18.24294333840418
18365,2020-12-27,10 day ahead inc hosp,2021-01-06,06057,quantile,0.15,19.03317563798461
18366,2020-12-27,10 day ahead inc hosp,2021-01-06,06057,quantile,0.2,19.661227218817448
18367,2020-12-27,10 day ahead inc hosp,2021-01-06,06057,quantile,0.25,20.200039552398884
18368,2020-12-27,10 day ahead inc hosp,2021-01-06,06057,quantile,0.3,20.683909680650252
18369,2020-12-27,10 day ahead inc hosp,2021-01-06,06057,quantile,0.35,21.13228746553958
18370,2020-12-27,10 day ahead inc hosp,2021-01-06,06057,quantile,0.4,21.55775413644037
18371,2020-12-27,10 day ahead inc hosp,2021-01-06,06057,quantile,0.45,21.969398064422553
18372,2020-12-27,10 day ahead inc hosp,2021-01-06,06057,quantile,0.5,22.374515533447266
18373,2020-12-27,10 day ahead inc hosp,2021-01-06,06057,quantile,0.55,23.292691856650656
18374,2020-12-27,10 day ahead inc hosp,2021-01-06,06057,quantile,0.6,24.225660037888535
18375,2020-12-27,10 day ahead inc hosp,2021-01-06,06057,quantile,0.65,25.189956700961936
18376,2020-12-27,10 day ahead inc hosp,2021-01-06,06057,quantile,0.7,26.20618013592482
18377,2020-12-27,10 day ahead inc hosp,2021-01-06,06057,quantile,0.75,27.302845002871578
18378,2020-12-27,10 day ahead inc hosp,2021-01-06,06057,quantile,0.8,28.524033337542622
18379,2020-12-27,10 day ahead inc hosp,2021-01-06,06057,quantile,0.85,29.947477487357833
18380,2020-12-27,10 day ahead inc hosp,2021-01-06,06057,quantile,0.9,31.738495260676938
18381,2020-12-27,10 day ahead inc hosp,2021-01-06,06057,quantile,0.95,34.39305339890451
18382,2020-12-27,10 day ahead inc hosp,2021-01-06,06057,quantile,0.975,36.695486699000135
18383,2020-12-27,10 day ahead inc hosp,2021-01-06,06057,quantile,0.99,39.37256299144802
18384,2020-12-27,11 day ahead inc hosp,2021-01-07,06057,point,NA,22.590364456176758
18385,2020-12-27,11 day ahead inc hosp,2021-01-07,06057,quantile,0.01,13.91374076756276
18386,2020-12-27,11 day ahead inc hosp,2021-01-07,06057,quantile,0.025,15.280249693524556
18387,2020-12-27,11 day ahead inc hosp,2021-01-07,06057,quantile,0.05,16.455522757235197
18388,2020-12-27,11 day ahead inc hosp,2021-01-07,06057,quantile,0.1,17.810537330635935
18389,2020-12-27,11 day ahead inc hosp,2021-01-07,06057,quantile,0.15,18.724759230363293
18390,2020-12-27,11 day ahead inc hosp,2021-01-07,06057,quantile,0.2,19.451353814842605
18391,2020-12-27,11 day ahead inc hosp,2021-01-07,06057,quantile,0.25,20.07470727111729
18392,2020-12-27,11 day ahead inc hosp,2021-01-07,06057,quantile,0.3,20.634497940400436
18393,2020-12-27,11 day ahead inc hosp,2021-01-07,06057,quantile,0.35,21.153227420978126
18394,2020-12-27,11 day ahead inc hosp,2021-01-07,06057,quantile,0.4,21.645450971379848
18395,2020-12-27,11 day ahead inc hosp,2021-01-07,06057,quantile,0.45,22.121682952850254
18396,2020-12-27,11 day ahead inc hosp,2021-01-07,06057,quantile,0.5,22.590364456176758
18397,2020-12-27,11 day ahead inc hosp,2021-01-07,06057,quantile,0.55,23.71732135198374
18398,2020-12-27,11 day ahead inc hosp,2021-01-07,06057,quantile,0.6,24.862433569369486
18399,2020-12-27,11 day ahead inc hosp,2021-01-07,06057,quantile,0.65,26.045997931237164
18400,2020-12-27,11 day ahead inc hosp,2021-01-07,06057,quantile,0.7,27.293296493365723
18401,2020-12-27,11 day ahead inc hosp,2021-01-07,06057,quantile,0.75,28.639327754423544
18402,2020-12-27,11 day ahead inc hosp,2021-01-07,06057,quantile,0.8,30.13819739422771
18403,2020-12-27,11 day ahead inc hosp,2021-01-07,06057,quantile,0.85,31.88531301885378
18404,2020-12-27,11 day ahead inc hosp,2021-01-07,06057,quantile,0.9,34.083583415451365
18405,2020-12-27,11 day ahead inc hosp,2021-01-07,06057,quantile,0.95,37.34175128974256
18406,2020-12-27,11 day ahead inc hosp,2021-01-07,06057,quantile,0.975,40.16772601715188
18407,2020-12-27,11 day ahead inc hosp,2021-01-07,06057,quantile,0.99,43.45353236189601
18408,2020-12-27,12 day ahead inc hosp,2021-01-08,06057,point,NA,22.38446807861328
18409,2020-12-27,12 day ahead inc hosp,2021-01-08,06057,quantile,0.01,14.830677364628182
18410,2020-12-27,12 day ahead inc hosp,2021-01-08,06057,quantile,0.025,16.020347771684506
18411,2020-12-27,12 day ahead inc hosp,2021-01-08,06057,quantile,0.05,17.043529953332445
18412,2020-12-27,12 day ahead inc hosp,2021-01-08,06057,quantile,0.1,18.223193480206458
18413,2020-12-27,12 day ahead inc hosp,2021-01-08,06057,quantile,0.15,19.019106861323195
18414,2020-12-27,12 day ahead inc hosp,2021-01-08,06057,quantile,0.2,19.651673585667144
18415,2020-12-27,12 day ahead inc hosp,2021-01-08,06057,quantile,0.25,20.19435951034511
18416,2020-12-27,12 day ahead inc hosp,2021-01-08,06057,quantile,0.3,20.68170824311953
18417,2020-12-27,12 day ahead inc hosp,2021-01-08,06057,quantile,0.35,21.133309473515173
18418,2020-12-27,12 day ahead inc hosp,2021-01-08,06057,quantile,0.4,21.56183487898003
18419,2020-12-27,12 day ahead inc hosp,2021-01-08,06057,quantile,0.45,21.976438168051395
18420,2020-12-27,12 day ahead inc hosp,2021-01-08,06057,quantile,0.5,22.38446807861328
18421,2020-12-27,12 day ahead inc hosp,2021-01-08,06057,quantile,0.55,23.47347380383772
18422,2020-12-27,12 day ahead inc hosp,2021-01-08,06057,quantile,0.6,24.58002345573418
18423,2020-12-27,12 day ahead inc hosp,2021-01-08,06057,quantile,0.65,25.72373034553724
18424,2020-12-27,12 day ahead inc hosp,2021-01-08,06057,quantile,0.7,26.92902513567166
18425,2020-12-27,12 day ahead inc hosp,2021-01-08,06057,quantile,0.75,28.229727722502542
18426,2020-12-27,12 day ahead inc hosp,2021-01-08,06057,quantile,0.8,29.678121734008194
18427,2020-12-27,12 day ahead inc hosp,2021-01-08,06057,quantile,0.85,31.36640184918017
18428,2020-12-27,12 day ahead inc hosp,2021-01-08,06057,quantile,0.9,33.49064374023489
18429,2020-12-27,12 day ahead inc hosp,2021-01-08,06057,quantile,0.95,36.63909021768842
18430,2020-12-27,12 day ahead inc hosp,2021-01-08,06057,quantile,0.975,39.36989799652952
18431,2020-12-27,12 day ahead inc hosp,2021-01-08,06057,quantile,0.99,42.54505219694182
18432,2020-12-27,13 day ahead inc hosp,2021-01-09,06057,point,NA,21.955379486083984
18433,2020-12-27,13 day ahead inc hosp,2021-01-09,06057,quantile,0.01,7.944853927066497
18434,2020-12-27,13 day ahead inc hosp,2021-01-09,06057,quantile,0.025,10.151415940230349
18435,2020-12-27,13 day ahead inc hosp,2021-01-09,06057,quantile,0.05,12.049181002872247
18436,2020-12-27,13 day ahead inc hosp,2021-01-09,06057,quantile,0.1,14.23718257984335
18437,2020-12-27,13 day ahead inc hosp,2021-01-09,06057,quantile,0.15,15.713416856264956
18438,2020-12-27,13 day ahead inc hosp,2021-01-09,06057,quantile,0.2,16.88668106158596
18439,2020-12-27,13 day ahead inc hosp,2021-01-09,06057,quantile,0.25,17.89323728032563
18440,2020-12-27,13 day ahead inc hosp,2021-01-09,06057,quantile,0.3,18.797155873681596
18441,2020-12-27,13 day ahead inc hosp,2021-01-09,06057,quantile,0.35,19.634771161225608
18442,2020-12-27,13 day ahead inc hosp,2021-01-09,06057,quantile,0.4,20.429586158527314
18443,2020-12-27,13 day ahead inc hosp,2021-01-09,06057,quantile,0.45,21.19857886673574
18444,2020-12-27,13 day ahead inc hosp,2021-01-09,06057,quantile,0.5,21.955379486083984
18445,2020-12-27,13 day ahead inc hosp,2021-01-09,06057,quantile,0.55,23.054530745788902
18446,2020-12-27,13 day ahead inc hosp,2021-01-09,06057,quantile,0.6,24.171389377140333
18447,2020-12-27,13 day ahead inc hosp,2021-01-09,06057,quantile,0.65,25.325751415412576
18448,2020-12-27,13 day ahead inc hosp,2021-01-09,06057,quantile,0.7,26.542275127093696
18449,2020-12-27,13 day ahead inc hosp,2021-01-09,06057,quantile,0.75,27.855095485794713
18450,2020-12-27,13 day ahead inc hosp,2021-01-09,06057,quantile,0.8,29.316983210918835
18451,2020-12-27,13 day ahead inc hosp,2021-01-09,06057,quantile,0.85,31.02099189732275
18452,2020-12-27,13 day ahead inc hosp,2021-01-09,06057,quantile,0.9,33.16502392248914
18453,2020-12-27,13 day ahead inc hosp,2021-01-09,06057,quantile,0.95,36.342802359873716
18454,2020-12-27,13 day ahead inc hosp,2021-01-09,06057,quantile,0.975,39.099051239563096
18455,2020-12-27,13 day ahead inc hosp,2021-01-09,06057,quantile,0.99,42.30378621781243
18456,2020-12-27,14 day ahead inc hosp,2021-01-10,06057,point,NA,22.681251525878906
18457,2020-12-27,14 day ahead inc hosp,2021-01-10,06057,quantile,0.01,8.454748486579646
18458,2020-12-27,14 day ahead inc hosp,2021-01-10,06057,quantile,0.025,10.69532547667503
18459,2020-12-27,14 day ahead inc hosp,2021-01-10,06057,quantile,0.05,12.622345296011789
18460,2020-12-27,14 day ahead inc hosp,2021-01-10,06057,quantile,0.1,14.844075733863672
18461,2020-12-27,14 day ahead inc hosp,2021-01-10,06057,quantile,0.15,16.34306671259342
18462,2020-12-27,14 day ahead inc hosp,2021-01-10,06057,quantile,0.2,17.534417223506786
18463,2020-12-27,14 day ahead inc hosp,2021-01-10,06057,quantile,0.25,18.55648988200952
18464,2020-12-27,14 day ahead inc hosp,2021-01-10,06057,quantile,0.3,19.47434271782845
18465,2020-12-27,14 day ahead inc hosp,2021-01-10,06057,quantile,0.35,20.324870157631644
18466,2020-12-27,14 day ahead inc hosp,2021-01-10,06057,quantile,0.4,21.131937524745194
18467,2020-12-27,14 day ahead inc hosp,2021-01-10,06057,quantile,0.45,21.912784542542102
18468,2020-12-27,14 day ahead inc hosp,2021-01-10,06057,quantile,0.5,22.681251525878906
18469,2020-12-27,14 day ahead inc hosp,2021-01-10,06057,quantile,0.55,23.784009490195558
18470,2020-12-27,14 day ahead inc hosp,2021-01-10,06057,quantile,0.6,24.90453293031719
18471,2020-12-27,14 day ahead inc hosp,2021-01-10,06057,quantile,0.65,26.062682839321763
18472,2020-12-27,14 day ahead inc hosp,2021-01-10,06057,quantile,0.7,27.28319839620386
18473,2020-12-27,14 day ahead inc hosp,2021-01-10,06057,quantile,0.75,28.600326583513812
18474,2020-12-27,14 day ahead inc hosp,2021-01-10,06057,quantile,0.8,30.067011280077015
18475,2020-12-27,14 day ahead inc hosp,2021-01-10,06057,quantile,0.85,31.776611422555263
18476,2020-12-27,14 day ahead inc hosp,2021-01-10,06057,quantile,0.9,33.92767877623044
18477,2020-12-27,14 day ahead inc hosp,2021-01-10,06057,quantile,0.95,37.11588463026397
18478,2020-12-27,14 day ahead inc hosp,2021-01-10,06057,quantile,0.975,39.881177738814195
18479,2020-12-27,14 day ahead inc hosp,2021-01-10,06057,quantile,0.99,43.0964285876713
18480,2020-12-27,15 day ahead inc hosp,2021-01-11,06057,point,NA,21.834218978881836
18481,2020-12-27,15 day ahead inc hosp,2021-01-11,06057,quantile,0.01,14.843814572346934
18482,2020-12-27,15 day ahead inc hosp,2021-01-11,06057,quantile,0.025,15.944755486742926
18483,2020-12-27,15 day ahead inc hosp,2021-01-11,06057,quantile,0.05,16.891625409686075
18484,2020-12-27,15 day ahead inc hosp,2021-01-11,06057,quantile,0.1,17.98330578960729
18485,2020-12-27,15 day ahead inc hosp,2021-01-11,06057,quantile,0.15,18.7198573591759
18486,2020-12-27,15 day ahead inc hosp,2021-01-11,06057,quantile,0.2,19.305245197509123
18487,2020-12-27,15 day ahead inc hosp,2021-01-11,06057,quantile,0.25,19.807455838877548
18488,2020-12-27,15 day ahead inc hosp,2021-01-11,06057,quantile,0.3,20.258456516298782
18489,2020-12-27,15 day ahead inc hosp,2021-01-11,06057,quantile,0.35,20.676375856466578
18490,2020-12-27,15 day ahead inc hosp,2021-01-11,06057,quantile,0.4,21.07294044186444
18491,2020-12-27,15 day ahead inc hosp,2021-01-11,06057,quantile,0.45,21.456621267641424
18492,2020-12-27,15 day ahead inc hosp,2021-01-11,06057,quantile,0.5,21.834218978881836
18493,2020-12-27,15 day ahead inc hosp,2021-01-11,06057,quantile,0.55,22.78400903391744
18494,2020-12-27,15 day ahead inc hosp,2021-01-11,06057,quantile,0.6,23.7491002454974
18495,2020-12-27,15 day ahead inc hosp,2021-01-11,06057,quantile,0.65,24.746598609968135
18496,2020-12-27,15 day ahead inc hosp,2021-01-11,06057,quantile,0.7,25.797811637172344
18497,2020-12-27,15 day ahead inc hosp,2021-01-11,06057,quantile,0.75,26.932235775554577
18498,2020-12-27,15 day ahead inc hosp,2021-01-11,06057,quantile,0.8,28.195470849564565
18499,2020-12-27,15 day ahead inc hosp,2021-01-11,06057,quantile,0.85,29.667925609317297
18500,2020-12-27,15 day ahead inc hosp,2021-01-11,06057,quantile,0.9,31.520609921144928
18501,2020-12-27,15 day ahead inc hosp,2021-01-11,06057,quantile,0.95,34.266567158863715
18502,2020-12-27,15 day ahead inc hosp,2021-01-11,06057,quantile,0.975,36.64827554705662
18503,2020-12-27,15 day ahead inc hosp,2021-01-11,06057,quantile,0.99,39.417526261633526
18504,2020-12-27,16 day ahead inc hosp,2021-01-12,06057,point,NA,22.863994598388672
18505,2020-12-27,16 day ahead inc hosp,2021-01-12,06057,quantile,0.01,15.49418003781716
18506,2020-12-27,16 day ahead inc hosp,2021-01-12,06057,quantile,0.025,16.65487545819362
18507,2020-12-27,16 day ahead inc hosp,2021-01-12,06057,quantile,0.05,17.653137552808644
18508,2020-12-27,16 day ahead inc hosp,2021-01-12,06057,quantile,0.1,18.804069815313
18509,2020-12-27,16 day ahead inc hosp,2021-01-12,06057,quantile,0.15,19.58059834876151
18510,2020-12-27,16 day ahead inc hosp,2021-01-12,06057,quantile,0.2,20.19775861069093
18511,2020-12-27,16 day ahead inc hosp,2021-01-12,06057,quantile,0.25,20.727227162434655
18512,2020-12-27,16 day ahead inc hosp,2021-01-12,06057,quantile,0.3,21.202706285814042
18513,2020-12-27,16 day ahead inc hosp,2021-01-12,06057,quantile,0.35,21.64330855417977
18514,2020-12-27,16 day ahead inc hosp,2021-01-12,06057,quantile,0.4,22.061397020269084
18515,2020-12-27,16 day ahead inc hosp,2021-01-12,06057,quantile,0.45,22.465902449708892
18516,2020-12-27,16 day ahead inc hosp,2021-01-12,06057,quantile,0.5,22.863994598388672
18517,2020-12-27,16 day ahead inc hosp,2021-01-12,06057,quantile,0.55,23.685383943950672
18518,2020-12-27,16 day ahead inc hosp,2021-01-12,06057,quantile,0.6,24.52000590538781
18519,2020-12-27,16 day ahead inc hosp,2021-01-12,06057,quantile,0.65,25.382653944760122
18520,2020-12-27,16 day ahead inc hosp,2021-01-12,06057,quantile,0.7,26.29175504124312
18521,2020-12-27,16 day ahead inc hosp,2021-01-12,06057,quantile,0.75,27.27281806214471
18522,2020-12-27,16 day ahead inc hosp,2021-01-12,06057,quantile,0.8,28.365278259249145
18523,2020-12-27,16 day ahead inc hosp,2021-01-12,06057,quantile,0.85,29.63867404294959
18524,2020-12-27,16 day ahead inc hosp,2021-01-12,06057,quantile,0.9,31.2408967092714
18525,2020-12-27,16 day ahead inc hosp,2021-01-12,06057,quantile,0.95,33.615632058912986
18526,2020-12-27,16 day ahead inc hosp,2021-01-12,06057,quantile,0.975,35.675360820996055
18527,2020-12-27,16 day ahead inc hosp,2021-01-12,06057,quantile,0.99,38.07024063689196
18528,2020-12-27,17 day ahead inc hosp,2021-01-13,06057,point,NA,23.2406005859375
18529,2020-12-27,17 day ahead inc hosp,2021-01-13,06057,quantile,0.01,15.837999321808454
18530,2020-12-27,17 day ahead inc hosp,2021-01-13,06057,quantile,0.025,17.00385842389708
18531,2020-12-27,17 day ahead inc hosp,2021-01-13,06057,quantile,0.05,18.006561569653876
18532,2020-12-27,17 day ahead inc hosp,2021-01-13,06057,quantile,0.1,19.162614079702504
18533,2020-12-27,17 day ahead inc hosp,2021-01-13,06057,quantile,0.15,19.94259721986071
18534,2020-12-27,17 day ahead inc hosp,2021-01-13,06057,quantile,0.2,20.56250309368973
18535,2020-12-27,17 day ahead inc hosp,2021-01-13,06057,quantile,0.25,21.094327135969397
18536,2020-12-27,17 day ahead inc hosp,2021-01-13,06057,quantile,0.3,21.571921562649553
18537,2020-12-27,17 day ahead inc hosp,2021-01-13,06057,quantile,0.35,22.014483974766655
18538,2020-12-27,17 day ahead inc hosp,2021-01-13,06057,quantile,0.4,22.434432425593148
18539,2020-12-27,17 day ahead inc hosp,2021-01-13,06057,quantile,0.45,22.840737411791604
18540,2020-12-27,17 day ahead inc hosp,2021-01-13,06057,quantile,0.5,23.2406005859375
18541,2020-12-27,17 day ahead inc hosp,2021-01-13,06057,quantile,0.55,24.153060720945692
18542,2020-12-27,17 day ahead inc hosp,2021-01-13,06057,quantile,0.6,25.080220625963292
18543,2020-12-27,17 day ahead inc hosp,2021-01-13,06057,quantile,0.65,26.03851397457211
18544,2020-12-27,17 day ahead inc hosp,2021-01-13,06057,quantile,0.7,27.048410820343115
18545,2020-12-27,17 day ahead inc hosp,2021-01-13,06057,quantile,0.75,28.13824830282339
18546,2020-12-27,17 day ahead inc hosp,2021-01-13,06057,quantile,0.8,29.35183402112724
18547,2020-12-27,17 day ahead inc hosp,2021-01-13,06057,quantile,0.85,30.766416393046338
18548,2020-12-27,17 day ahead inc hosp,2021-01-13,06057,quantile,0.9,32.54628402625127
18549,2020-12-27,17 day ahead inc hosp,2021-01-13,06057,quantile,0.95,35.18431597717719
18550,2020-12-27,17 day ahead inc hosp,2021-01-13,06057,quantile,0.975,37.4724152744047
18551,2020-12-27,17 day ahead inc hosp,2021-01-13,06057,quantile,0.99,40.13282519078318
18552,2020-12-27,18 day ahead inc hosp,2021-01-14,06057,point,NA,23.81330108642578
18553,2020-12-27,18 day ahead inc hosp,2021-01-14,06057,quantile,0.01,15.616276325617592
18554,2020-12-27,18 day ahead inc hosp,2021-01-14,06057,quantile,0.025,16.90725169852368
18555,2020-12-27,18 day ahead inc hosp,2021-01-14,06057,quantile,0.05,18.017561739581357
18556,2020-12-27,18 day ahead inc hosp,2021-01-14,06057,quantile,0.1,19.29767810834784
18557,2020-12-27,18 day ahead inc hosp,2021-01-14,06057,quantile,0.15,20.161366544988493
18558,2020-12-27,18 day ahead inc hosp,2021-01-14,06057,quantile,0.2,20.847798734949865
18559,2020-12-27,18 day ahead inc hosp,2021-01-14,06057,quantile,0.25,21.436696432855577
18560,2020-12-27,18 day ahead inc hosp,2021-01-14,06057,quantile,0.3,21.96554476622341
18561,2020-12-27,18 day ahead inc hosp,2021-01-14,06057,quantile,0.35,22.45560156124568
18562,2020-12-27,18 day ahead inc hosp,2021-01-14,06057,quantile,0.4,22.92061753696334
18563,2020-12-27,18 day ahead inc hosp,2021-01-14,06057,quantile,0.45,23.370525875056227
18564,2020-12-27,18 day ahead inc hosp,2021-01-14,06057,quantile,0.5,23.81330108642578
18565,2020-12-27,18 day ahead inc hosp,2021-01-14,06057,quantile,0.55,24.92495824923268
18566,2020-12-27,18 day ahead inc hosp,2021-01-14,06057,quantile,0.6,26.054524254295384
18567,2020-12-27,18 day ahead inc hosp,2021-01-14,06057,quantile,0.65,27.222020371856324
18568,2020-12-27,18 day ahead inc hosp,2021-01-14,06057,quantile,0.7,28.452385424777077
18569,2020-12-27,18 day ahead inc hosp,2021-01-14,06057,quantile,0.75,29.780142766947165
18570,2020-12-27,18 day ahead inc hosp,2021-01-14,06057,quantile,0.8,31.25866353149598
18571,2020-12-27,18 day ahead inc hosp,2021-01-14,06057,quantile,0.85,32.98206005677006
18572,2020-12-27,18 day ahead inc hosp,2021-01-14,06057,quantile,0.9,35.15048641030348
18573,2020-12-27,18 day ahead inc hosp,2021-01-14,06057,quantile,0.95,38.364420917079414
18574,2020-12-27,18 day ahead inc hosp,2021-01-14,06057,quantile,0.975,41.15202979486732
18575,2020-12-27,18 day ahead inc hosp,2021-01-14,06057,quantile,0.99,44.39322754814569
18576,2020-12-27,19 day ahead inc hosp,2021-01-15,06057,point,NA,23.632034301757812
18577,2020-12-27,19 day ahead inc hosp,2021-01-15,06057,quantile,0.01,16.41395939844054
18578,2020-12-27,19 day ahead inc hosp,2021-01-15,06057,quantile,0.025,17.550756859944773
18579,2020-12-27,19 day ahead inc hosp,2021-01-15,06057,quantile,0.05,18.52846539153025
18580,2020-12-27,19 day ahead inc hosp,2021-01-15,06057,quantile,0.1,19.655700712191646
18581,2020-12-27,19 day ahead inc hosp,2021-01-15,06057,quantile,0.15,20.416241031480194
18582,2020-12-27,19 day ahead inc hosp,2021-01-15,06057,quantile,0.2,21.020694367631982
18583,2020-12-27,19 day ahead inc hosp,2021-01-15,06057,quantile,0.25,21.539261508504623
18584,2020-12-27,19 day ahead inc hosp,2021-01-15,06057,quantile,0.3,22.004950827999508
18585,2020-12-27,19 day ahead inc hosp,2021-01-15,06057,quantile,0.35,22.436481384093813
18586,2020-12-27,19 day ahead inc hosp,2021-01-15,06057,quantile,0.4,22.845961682362223
18587,2020-12-27,19 day ahead inc hosp,2021-01-15,06057,quantile,0.45,23.242138609813793
18588,2020-12-27,19 day ahead inc hosp,2021-01-15,06057,quantile,0.5,23.632034301757812
18589,2020-12-27,19 day ahead inc hosp,2021-01-15,06057,quantile,0.55,24.69544160398289
18590,2020-12-27,19 day ahead inc hosp,2021-01-15,06057,quantile,0.6,25.775980441240886
18591,2020-12-27,19 day ahead inc hosp,2021-01-15,06057,quantile,0.65,26.892803089690275
18592,2020-12-27,19 day ahead inc hosp,2021-01-15,06057,quantile,0.7,28.069765938897177
18593,2020-12-27,19 day ahead inc hosp,2021-01-15,06057,quantile,0.75,29.33989390684146
18594,2020-12-27,19 day ahead inc hosp,2021-01-15,06057,quantile,0.8,30.754241630327257
18595,2020-12-27,19 day ahead inc hosp,2021-01-15,06057,quantile,0.85,32.40283663868249
18596,2020-12-27,19 day ahead inc hosp,2021-01-15,06057,quantile,0.9,34.47714560356367
18597,2020-12-27,19 day ahead inc hosp,2021-01-15,06057,quantile,0.95,37.55158396255291
18598,2020-12-27,19 day ahead inc hosp,2021-01-15,06057,quantile,0.975,40.2182007357514
18599,2020-12-27,19 day ahead inc hosp,2021-01-15,06057,quantile,0.99,43.31871901972386
18600,2020-12-27,20 day ahead inc hosp,2021-01-16,06057,point,NA,23.71355438232422
18601,2020-12-27,20 day ahead inc hosp,2021-01-16,06057,quantile,0.01,10.412218427343022
18602,2020-12-27,20 day ahead inc hosp,2021-01-16,06057,quantile,0.025,12.507087925204335
18603,2020-12-27,20 day ahead inc hosp,2021-01-16,06057,quantile,0.05,14.308791262848152
18604,2020-12-27,20 day ahead inc hosp,2021-01-16,06057,quantile,0.1,16.38603982306292
18605,2020-12-27,20 day ahead inc hosp,2021-01-16,06057,quantile,0.15,17.787549564880155
18606,2020-12-27,20 day ahead inc hosp,2021-01-16,06057,quantile,0.2,18.901425078913555
18607,2020-12-27,20 day ahead inc hosp,2021-01-16,06057,quantile,0.25,19.857031088597804
18608,2020-12-27,20 day ahead inc hosp,2021-01-16,06057,quantile,0.3,20.715194819539594
18609,2020-12-27,20 day ahead inc hosp,2021-01-16,06057,quantile,0.35,21.51041140821925
18610,2020-12-27,20 day ahead inc hosp,2021-01-16,06057,quantile,0.4,22.264994186476493
18611,2020-12-27,20 day ahead inc hosp,2021-01-16,06057,quantile,0.45,22.99506175715572
18612,2020-12-27,20 day ahead inc hosp,2021-01-16,06057,quantile,0.5,23.71355438232422
18613,2020-12-27,20 day ahead inc hosp,2021-01-16,06057,quantile,0.55,24.79562292952303
18614,2020-12-27,20 day ahead inc hosp,2021-01-16,06057,quantile,0.6,25.89512364517279
18615,2020-12-27,20 day ahead inc hosp,2021-01-16,06057,quantile,0.65,27.03154489990532
18616,2020-12-27,20 day ahead inc hosp,2021-01-16,06057,quantile,0.7,28.229161728079717
18617,2020-12-27,20 day ahead inc hosp,2021-01-16,06057,quantile,0.75,29.5215785867512
18618,2020-12-27,20 day ahead inc hosp,2021-01-16,06057,quantile,0.8,30.960746047030966
18619,2020-12-27,20 day ahead inc hosp,2021-01-16,06057,quantile,0.85,32.638271489895175
18620,2020-12-27,20 day ahead inc hosp,2021-01-16,06057,quantile,0.9,34.74898154743752
18621,2020-12-27,20 day ahead inc hosp,2021-01-16,06057,quantile,0.95,37.877371809196006
18622,2020-12-27,20 day ahead inc hosp,2021-01-16,06057,quantile,0.975,40.59078381198489
18623,2020-12-27,20 day ahead inc hosp,2021-01-16,06057,quantile,0.99,43.7457116633185
18624,2020-12-27,21 day ahead inc hosp,2021-01-17,06057,point,NA,26.97615623474121
18625,2020-12-27,21 day ahead inc hosp,2021-01-17,06057,quantile,0.01,13.336177609777431
18626,2020-12-27,21 day ahead inc hosp,2021-01-17,06057,quantile,0.025,15.484381013527734
18627,2020-12-27,21 day ahead inc hosp,2021-01-17,06057,quantile,0.05,17.331954452553944
18628,2020-12-27,21 day ahead inc hosp,2021-01-17,06057,quantile,0.1,19.462088301962925
18629,2020-12-27,21 day ahead inc hosp,2021-01-17,06057,quantile,0.15,20.899279497326027
18630,2020-12-27,21 day ahead inc hosp,2021-01-17,06057,quantile,0.2,22.041513499512583
18631,2020-12-27,21 day ahead inc hosp,2021-01-17,06057,quantile,0.25,23.021448566944574
18632,2020-12-27,21 day ahead inc hosp,2021-01-17,06057,quantile,0.3,23.90146054366498
18633,2020-12-27,21 day ahead inc hosp,2021-01-17,06057,quantile,0.35,24.716922788098042
18634,2020-12-27,21 day ahead inc hosp,2021-01-17,06057,quantile,0.4,25.49071671383827
18635,2020-12-27,21 day ahead inc hosp,2021-01-17,06057,quantile,0.45,26.239371292036086
18636,2020-12-27,21 day ahead inc hosp,2021-01-17,06057,quantile,0.5,26.97615623474121
18637,2020-12-27,21 day ahead inc hosp,2021-01-17,06057,quantile,0.55,28.038440875855088
18638,2020-12-27,21 day ahead inc hosp,2021-01-17,06057,quantile,0.6,29.11783896588557
18639,2020-12-27,21 day ahead inc hosp,2021-01-17,06057,quantile,0.65,30.23348256153656
18640,2020-12-27,21 day ahead inc hosp,2021-01-17,06057,quantile,0.7,31.409202866689682
18641,2020-12-27,21 day ahead inc hosp,2021-01-17,06057,quantile,0.75,32.67798993423496
18642,2020-12-27,21 day ahead inc hosp,2021-01-17,06057,quantile,0.8,34.09084450153916
18643,2020-12-27,21 day ahead inc hosp,2021-01-17,06057,quantile,0.85,35.737699054003095
18644,2020-12-27,21 day ahead inc hosp,2021-01-17,06057,quantile,0.9,37.809818127952916
18645,2020-12-27,21 day ahead inc hosp,2021-01-17,06057,quantile,0.95,40.881010738697626
18646,2020-12-27,21 day ahead inc hosp,2021-01-17,06057,quantile,0.975,43.54481230934533
18647,2020-12-27,21 day ahead inc hosp,2021-01-17,06057,quantile,0.99,46.642057311956364
18648,2020-12-27,22 day ahead inc hosp,2021-01-18,06057,point,NA,22.549455642700195
18649,2020-12-27,22 day ahead inc hosp,2021-01-18,06057,quantile,0.01,14.703049991742603
18650,2020-12-27,22 day ahead inc hosp,2021-01-18,06057,quantile,0.025,15.938805251339828
18651,2020-12-27,22 day ahead inc hosp,2021-01-18,06057,quantile,0.05,17.001622948575985
18652,2020-12-27,22 day ahead inc hosp,2021-01-18,06057,quantile,0.1,18.22698368651065
18653,2020-12-27,22 day ahead inc hosp,2021-01-18,06057,quantile,0.15,19.053728758982015
18654,2020-12-27,22 day ahead inc hosp,2021-01-18,06057,quantile,0.2,19.710799534230116
18655,2020-12-27,22 day ahead inc hosp,2021-01-18,06057,quantile,0.25,20.27450775270178
18656,2020-12-27,22 day ahead inc hosp,2021-01-18,06057,quantile,0.3,20.780735155024242
18657,2020-12-27,22 day ahead inc hosp,2021-01-18,06057,quantile,0.35,21.24983028624034
18658,2020-12-27,22 day ahead inc hosp,2021-01-18,06057,quantile,0.4,21.69495569285152
18659,2020-12-27,22 day ahead inc hosp,2021-01-18,06057,quantile,0.45,22.125619675142197
18660,2020-12-27,22 day ahead inc hosp,2021-01-18,06057,quantile,0.5,22.549455642700195
18661,2020-12-27,22 day ahead inc hosp,2021-01-18,06057,quantile,0.55,23.649898777594988
18662,2020-12-27,22 day ahead inc hosp,2021-01-18,06057,quantile,0.6,24.768070096298317
18663,2020-12-27,22 day ahead inc hosp,2021-01-18,06057,quantile,0.65,25.923788901134042
18664,2020-12-27,22 day ahead inc hosp,2021-01-18,06057,quantile,0.7,27.141742440409082
18665,2020-12-27,22 day ahead inc hosp,2021-01-18,06057,quantile,0.75,28.45610580789546
18666,2020-12-27,22 day ahead inc hosp,2021-01-18,06057,quantile,0.8,29.919711746473638
18667,2020-12-27,22 day ahead inc hosp,2021-01-18,06057,quantile,0.85,31.62572322050652
18668,2020-12-27,22 day ahead inc hosp,2021-01-18,06057,quantile,0.9,33.772275209831754
18669,2020-12-27,22 day ahead inc hosp,2021-01-18,06057,quantile,0.95,36.95378861370609
18670,2020-12-27,22 day ahead inc hosp,2021-01-18,06057,quantile,0.975,39.713277019814925
18671,2020-12-27,22 day ahead inc hosp,2021-01-18,06057,quantile,0.99,42.92177864762406
18672,2020-12-27,23 day ahead inc hosp,2021-01-19,06057,point,NA,23.39002227783203
18673,2020-12-27,23 day ahead inc hosp,2021-01-19,06057,quantile,0.01,15.87985324877906
18674,2020-12-27,23 day ahead inc hosp,2021-01-19,06057,quantile,0.025,17.062653538614157
18675,2020-12-27,23 day ahead inc hosp,2021-01-19,06057,quantile,0.05,18.079927040442126
18676,2020-12-27,23 day ahead inc hosp,2021-01-19,06057,quantile,0.1,19.252778237898543
18677,2020-12-27,23 day ahead inc hosp,2021-01-19,06057,quantile,0.15,20.044095372698838
18678,2020-12-27,23 day ahead inc hosp,2021-01-19,06057,quantile,0.2,20.67300914617445
18679,2020-12-27,23 day ahead inc hosp,2021-01-19,06057,quantile,0.25,21.212561164272298
18680,2020-12-27,23 day ahead inc hosp,2021-01-19,06057,quantile,0.3,21.697095552080317
18681,2020-12-27,23 day ahead inc hosp,2021-01-19,06057,quantile,0.35,22.146088872443343
18682,2020-12-27,23 day ahead inc hosp,2021-01-19,06057,quantile,0.4,22.572139626315327
18683,2020-12-27,23 day ahead inc hosp,2021-01-19,06057,quantile,0.45,22.984348661331676
18684,2020-12-27,23 day ahead inc hosp,2021-01-19,06057,quantile,0.5,23.39002227783203
18685,2020-12-27,23 day ahead inc hosp,2021-01-19,06057,quantile,0.55,24.290408952374854
18686,2020-12-27,23 day ahead inc hosp,2021-01-19,06057,quantile,0.6,25.205300892986312
18687,2020-12-27,23 day ahead inc hosp,2021-01-19,06057,quantile,0.65,26.1509143266983
18688,2020-12-27,23 day ahead inc hosp,2021-01-19,06057,quantile,0.7,27.147448452089844
18689,2020-12-27,23 day ahead inc hosp,2021-01-19,06057,quantile,0.75,28.222865458262643
18690,2020-12-27,23 day ahead inc hosp,2021-01-19,06057,quantile,0.8,29.420393292359698
18691,2020-12-27,23 day ahead inc hosp,2021-01-19,06057,quantile,0.85,30.816258239059756
18692,2020-12-27,23 day ahead inc hosp,2021-01-19,06057,quantile,0.9,32.57257507735473
18693,2020-12-27,23 day ahead inc hosp,2021-01-19,06057,quantile,0.95,35.17570120254219
18694,2020-12-27,23 day ahead inc hosp,2021-01-19,06057,quantile,0.975,37.43352490158627
18695,2020-12-27,23 day ahead inc hosp,2021-01-19,06057,quantile,0.99,40.05873289218769
18696,2020-12-27,24 day ahead inc hosp,2021-01-20,06057,point,NA,24.50636863708496
18697,2020-12-27,24 day ahead inc hosp,2021-01-20,06057,quantile,0.01,16.981126587615506
18698,2020-12-27,24 day ahead inc hosp,2021-01-20,06057,quantile,0.025,18.166300775141636
18699,2020-12-27,24 day ahead inc hosp,2021-01-20,06057,quantile,0.05,19.18561595994676
18700,2020-12-27,24 day ahead inc hosp,2021-01-20,06057,quantile,0.1,20.360821087118524
18701,2020-12-27,24 day ahead inc hosp,2021-01-20,06057,quantile,0.15,21.153726407122456
18702,2020-12-27,24 day ahead inc hosp,2021-01-20,06057,quantile,0.2,21.783902419851426
18703,2020-12-27,24 day ahead inc hosp,2021-01-20,06057,quantile,0.25,22.324537326836737
18704,2020-12-27,24 day ahead inc hosp,2021-01-20,06057,quantile,0.3,22.810044182333783
18705,2020-12-27,24 day ahead inc hosp,2021-01-20,06057,quantile,0.35,23.259938638937356
18706,2020-12-27,24 day ahead inc hosp,2021-01-20,06057,quantile,0.4,23.68684448297931
18707,2020-12-27,24 day ahead inc hosp,2021-01-20,06057,quantile,0.45,24.099880827630987
18708,2020-12-27,24 day ahead inc hosp,2021-01-20,06057,quantile,0.5,24.50636863708496
18709,2020-12-27,24 day ahead inc hosp,2021-01-20,06057,quantile,0.55,25.46321475142526
18710,2020-12-27,24 day ahead inc hosp,2021-01-20,06057,quantile,0.6,26.435475695713247
18711,2020-12-27,24 day ahead inc hosp,2021-01-20,06057,quantile,0.65,27.440384547984657
18712,2020-12-27,24 day ahead inc hosp,2021-01-20,06057,quantile,0.7,28.499407113120427
18713,2020-12-27,24 day ahead inc hosp,2021-01-20,06057,quantile,0.75,29.642258970823015
18714,2020-12-27,24 day ahead inc hosp,2021-01-20,06057,quantile,0.8,30.914878709950017
18715,2020-12-27,24 day ahead inc hosp,2021-01-20,06057,quantile,0.85,32.39827244306135
18716,2020-12-27,24 day ahead inc hosp,2021-01-20,06057,quantile,0.9,34.26472048120705
18717,2020-12-27,24 day ahead inc hosp,2021-01-20,06057,quantile,0.95,37.0310776346912
18718,2020-12-27,24 day ahead inc hosp,2021-01-20,06057,quantile,0.975,39.430479907489946
18719,2020-12-27,24 day ahead inc hosp,2021-01-20,06057,quantile,0.99,42.220303586763656
18720,2020-12-27,25 day ahead inc hosp,2021-01-21,06057,point,NA,26.078227996826172
18721,2020-12-27,25 day ahead inc hosp,2021-01-21,06057,quantile,0.01,17.420914813025988
18722,2020-12-27,25 day ahead inc hosp,2021-01-21,06057,quantile,0.025,18.784382466467516
18723,2020-12-27,25 day ahead inc hosp,2021-01-21,06057,quantile,0.05,19.957039868030204
18724,2020-12-27,25 day ahead inc hosp,2021-01-21,06057,quantile,0.1,21.30903875049153
18725,2020-12-27,25 day ahead inc hosp,2021-01-21,06057,quantile,0.15,22.221225977859092
18726,2020-12-27,25 day ahead inc hosp,2021-01-21,06057,quantile,0.2,22.946203469247262
18727,2020-12-27,25 day ahead inc hosp,2021-01-21,06057,quantile,0.25,23.56816960363845
18728,2020-12-27,25 day ahead inc hosp,2021-01-21,06057,quantile,0.3,24.126714414993227
18729,2020-12-27,25 day ahead inc hosp,2021-01-21,06057,quantile,0.35,24.644289422530335
18730,2020-12-27,25 day ahead inc hosp,2021-01-21,06057,quantile,0.4,25.135417490912715
18731,2020-12-27,25 day ahead inc hosp,2021-01-21,06057,quantile,0.45,25.610589580851492
18732,2020-12-27,25 day ahead inc hosp,2021-01-21,06057,quantile,0.5,26.078227996826172
18733,2020-12-27,25 day ahead inc hosp,2021-01-21,06057,quantile,0.55,27.238778920529846
18734,2020-12-27,25 day ahead inc hosp,2021-01-21,06057,quantile,0.6,28.41802636697256
18735,2020-12-27,25 day ahead inc hosp,2021-01-21,06057,quantile,0.65,29.636872197313476
18736,2020-12-27,25 day ahead inc hosp,2021-01-21,06057,quantile,0.7,30.921352112914875
18737,2020-12-27,25 day ahead inc hosp,2021-01-21,06057,quantile,0.75,32.30750790038718
18738,2020-12-27,25 day ahead inc hosp,2021-01-21,06057,quantile,0.8,33.85105810311299
18739,2020-12-27,25 day ahead inc hosp,2021-01-21,06057,quantile,0.85,35.65025438073547
18740,2020-12-27,25 day ahead inc hosp,2021-01-21,06057,quantile,0.9,37.91405413103109
18741,2020-12-27,25 day ahead inc hosp,2021-01-21,06057,quantile,0.95,41.26934637881722
18742,2020-12-27,25 day ahead inc hosp,2021-01-21,06057,quantile,0.975,44.17956201568914
18743,2020-12-27,25 day ahead inc hosp,2021-01-21,06057,quantile,0.99,47.56331662306794
18744,2020-12-27,26 day ahead inc hosp,2021-01-22,06057,point,NA,24.32413101196289
18745,2020-12-27,26 day ahead inc hosp,2021-01-22,06057,quantile,0.01,17.073765811964474
18746,2020-12-27,26 day ahead inc hosp,2021-01-22,06057,quantile,0.025,18.215648774490795
18747,2020-12-27,26 day ahead inc hosp,2021-01-22,06057,quantile,0.05,19.19773111751152
18748,2020-12-27,26 day ahead inc hosp,2021-01-22,06057,quantile,0.1,20.330009162641858
18749,2020-12-27,26 day ahead inc hosp,2021-01-22,06057,quantile,0.15,21.093951784189215
18750,2020-12-27,26 day ahead inc hosp,2021-01-22,06057,quantile,0.2,21.701109162321124
18751,2020-12-27,26 day ahead inc hosp,2021-01-22,06057,quantile,0.25,22.221996130440246
18752,2020-12-27,26 day ahead inc hosp,2021-01-22,06057,quantile,0.3,22.68976872649975
18753,2020-12-27,26 day ahead inc hosp,2021-01-22,06057,quantile,0.35,23.123229748801446
18754,2020-12-27,26 day ahead inc hosp,2021-01-22,06057,quantile,0.4,23.534541870719966
18755,2020-12-27,26 day ahead inc hosp,2021-01-22,06057,quantile,0.45,23.93249110875254
18756,2020-12-27,26 day ahead inc hosp,2021-01-22,06057,quantile,0.5,24.32413101196289
18757,2020-12-27,26 day ahead inc hosp,2021-01-22,06057,quantile,0.55,25.395024119729296
18758,2020-12-27,26 day ahead inc hosp,2021-01-22,06057,quantile,0.6,26.48316935916136
18759,2020-12-27,26 day ahead inc hosp,2021-01-22,06057,quantile,0.65,27.60785382796213
18760,2020-12-27,26 day ahead inc hosp,2021-01-22,06057,quantile,0.7,28.793101851626737
18761,2020-12-27,26 day ahead inc hosp,2021-01-22,06057,quantile,0.75,30.07217082548732
18762,2020-12-27,26 day ahead inc hosp,2021-01-22,06057,quantile,0.8,31.496474783055465
18763,2020-12-27,26 day ahead inc hosp,2021-01-22,06057,quantile,0.85,33.15667499820505
18764,2020-12-27,26 day ahead inc hosp,2021-01-22,06057,quantile,0.9,35.24558596319592
18765,2020-12-27,26 day ahead inc hosp,2021-01-22,06057,quantile,0.95,38.34166668598691
18766,2020-12-27,26 day ahead inc hosp,2021-01-22,06057,quantile,0.975,41.02705498217159
18767,2020-12-27,26 day ahead inc hosp,2021-01-22,06057,quantile,0.99,44.14939921834748
18768,2020-12-27,27 day ahead inc hosp,2021-01-23,06057,point,NA,24.75904655456543
18769,2020-12-27,27 day ahead inc hosp,2021-01-23,06057,quantile,0.01,10.947952319476148
18770,2020-12-27,27 day ahead inc hosp,2021-01-23,06057,quantile,0.025,13.123105262240658
18771,2020-12-27,27 day ahead inc hosp,2021-01-23,06057,quantile,0.05,14.993856791567685
18772,2020-12-27,27 day ahead inc hosp,2021-01-23,06057,quantile,0.1,17.15071349467847
18773,2020-12-27,27 day ahead inc hosp,2021-01-23,06057,quantile,0.15,18.605934472567142
18774,2020-12-27,27 day ahead inc hosp,2021-01-23,06057,quantile,0.2,19.762497974349287
18775,2020-12-27,27 day ahead inc hosp,2021-01-23,06057,quantile,0.25,20.754726476511458
18776,2020-12-27,27 day ahead inc hosp,2021-01-23,06057,quantile,0.3,21.645778337564135
18777,2020-12-27,27 day ahead inc hosp,2021-01-23,06057,quantile,0.35,22.47147068010271
18778,2020-12-27,27 day ahead inc hosp,2021-01-23,06057,quantile,0.4,23.254971968541593
18779,2020-12-27,27 day ahead inc hosp,2021-01-23,06057,quantile,0.45,24.01301853249275
18780,2020-12-27,27 day ahead inc hosp,2021-01-23,06057,quantile,0.5,24.75904655456543
18781,2020-12-27,27 day ahead inc hosp,2021-01-23,06057,quantile,0.55,25.871348097047278
18782,2020-12-27,27 day ahead inc hosp,2021-01-23,06057,quantile,0.6,27.00156886276779
18783,2020-12-27,27 day ahead inc hosp,2021-01-23,06057,quantile,0.65,28.16974172743558
18784,2020-12-27,27 day ahead inc hosp,2021-01-23,06057,quantile,0.7,29.400819969871407
18785,2020-12-27,27 day ahead inc hosp,2021-01-23,06057,quantile,0.75,30.729346955662912
18786,2020-12-27,27 day ahead inc hosp,2021-01-23,06057,quantile,0.8,32.208724754881715
18787,2020-12-27,27 day ahead inc hosp,2021-01-23,06057,quantile,0.85,33.93312025873473
18788,2020-12-27,27 day ahead inc hosp,2021-01-23,06057,quantile,0.9,36.10280355542976
18789,2020-12-27,27 day ahead inc hosp,2021-01-23,06057,quantile,0.95,39.31860104131658
18790,2020-12-27,27 day ahead inc hosp,2021-01-23,06057,quantile,0.975,42.1078257756497
18791,2020-12-27,27 day ahead inc hosp,2021-01-23,06057,quantile,0.99,45.35090231136621
18792,2020-12-27,28 day ahead inc hosp,2021-01-24,06057,point,NA,24.57187843322754
18793,2020-12-27,28 day ahead inc hosp,2021-01-24,06057,quantile,0.01,10.943835759079285
18794,2020-12-27,28 day ahead inc hosp,2021-01-24,06057,quantile,0.025,13.090159332158741
18795,2020-12-27,28 day ahead inc hosp,2021-01-24,06057,quantile,0.05,14.936116013101772
18796,2020-12-27,28 day ahead inc hosp,2021-01-24,06057,quantile,0.1,17.064385843984326
18797,2020-12-27,28 day ahead inc hosp,2021-01-24,06057,quantile,0.15,18.50031939489709
18798,2020-12-27,28 day ahead inc hosp,2021-01-24,06057,quantile,0.2,19.64155386114266
18799,2020-12-27,28 day ahead inc hosp,2021-01-24,06057,quantile,0.25,20.62063141573766
18800,2020-12-27,28 day ahead inc hosp,2021-01-24,06057,quantile,0.3,21.49987331942789
18801,2020-12-27,28 day ahead inc hosp,2021-01-24,06057,quantile,0.35,22.314621976434676
18802,2020-12-27,28 day ahead inc hosp,2021-01-24,06057,quantile,0.4,23.087738777489232
18803,2020-12-27,28 day ahead inc hosp,2021-01-24,06057,quantile,0.45,23.83573822971736
18804,2020-12-27,28 day ahead inc hosp,2021-01-24,06057,quantile,0.5,24.57187843322754
18805,2020-12-27,28 day ahead inc hosp,2021-01-24,06057,quantile,0.55,25.623059658748446
18806,2020-12-27,28 day ahead inc hosp,2021-01-24,06057,quantile,0.6,26.691175456707658
18807,2020-12-27,28 day ahead inc hosp,2021-01-24,06057,quantile,0.65,27.795157908050697
18808,2020-12-27,28 day ahead inc hosp,2021-01-24,06057,quantile,0.7,28.958589123571944
18809,2020-12-27,28 day ahead inc hosp,2021-01-24,06057,quantile,0.75,30.21411433119315
18810,2020-12-27,28 day ahead inc hosp,2021-01-24,06057,quantile,0.8,31.612201188576627
18811,2020-12-27,28 day ahead inc hosp,2021-01-24,06057,quantile,0.85,33.24184217152306
18812,2020-12-27,28 day ahead inc hosp,2021-01-24,06057,quantile,0.9,35.292302644429704
18813,2020-12-27,28 day ahead inc hosp,2021-01-24,06057,quantile,0.95,38.331393945785805
18814,2020-12-27,28 day ahead inc hosp,2021-01-24,06057,quantile,0.975,40.967352417934876
18815,2020-12-27,28 day ahead inc hosp,2021-01-24,06057,quantile,0.99,44.03222380134232
18816,2020-12-27,1 day ahead inc hosp,2020-12-28,06059,point,NA,2078.477294921875
18817,2020-12-27,1 day ahead inc hosp,2020-12-28,06059,quantile,0.01,1352.857388686588
18818,2020-12-27,1 day ahead inc hosp,2020-12-28,06059,quantile,0.025,1467.1375642838398
18819,2020-12-27,1 day ahead inc hosp,2020-12-28,06059,quantile,0.05,1565.4248198910723
18820,2020-12-27,1 day ahead inc hosp,2020-12-28,06059,quantile,0.1,1678.7437309081238
18821,2020-12-27,1 day ahead inc hosp,2020-12-28,06059,quantile,0.15,1755.1994621885915
18822,2020-12-27,1 day ahead inc hosp,2020-12-28,06059,quantile,0.2,1815.9640537143034
18823,2020-12-27,1 day ahead inc hosp,2020-12-28,06059,quantile,0.25,1868.0946626615414
18824,2020-12-27,1 day ahead inc hosp,2020-12-28,06059,quantile,0.3,1914.9095606603632
18825,2020-12-27,1 day ahead inc hosp,2020-12-28,06059,quantile,0.35,1958.29054047077
18826,2020-12-27,1 day ahead inc hosp,2020-12-28,06059,quantile,0.4,1999.4548480755814
18827,2020-12-27,1 day ahead inc hosp,2020-12-28,06059,quantile,0.45,2039.281792073887
18828,2020-12-27,1 day ahead inc hosp,2020-12-28,06059,quantile,0.5,2078.477294921875
18829,2020-12-27,1 day ahead inc hosp,2020-12-28,06059,quantile,0.55,2183.5016263764605
18830,2020-12-27,1 day ahead inc hosp,2020-12-28,06059,quantile,0.6,2290.2179040964693
18831,2020-12-27,1 day ahead inc hosp,2020-12-28,06059,quantile,0.65,2400.5176469713874
18832,2020-12-27,1 day ahead inc hosp,2020-12-28,06059,quantile,0.7,2516.756961979097
18833,2020-12-27,1 day ahead inc hosp,2020-12-28,06059,quantile,0.75,2642.1974591583103
18834,2020-12-27,1 day ahead inc hosp,2020-12-28,06059,quantile,0.8,2781.8814013247816
18835,2020-12-27,1 day ahead inc hosp,2020-12-28,06059,quantile,0.85,2944.7000957512637
18836,2020-12-27,1 day ahead inc hosp,2020-12-28,06059,quantile,0.9,3149.563191773892
18837,2020-12-27,1 day ahead inc hosp,2020-12-28,06059,quantile,0.95,3453.2011605705707
18838,2020-12-27,1 day ahead inc hosp,2020-12-28,06059,quantile,0.975,3716.561815763325
18839,2020-12-27,1 day ahead inc hosp,2020-12-28,06059,quantile,0.99,4022.7754925507397
18840,2020-12-27,2 day ahead inc hosp,2020-12-29,06059,point,NA,2180.1796875
18841,2020-12-27,2 day ahead inc hosp,2020-12-29,06059,quantile,0.01,1378.3899209936353
18842,2020-12-27,2 day ahead inc hosp,2020-12-29,06059,quantile,0.025,1504.666328960199
18843,2020-12-27,2 day ahead inc hosp,2020-12-29,06059,quantile,0.05,1613.271006211599
18844,2020-12-27,2 day ahead inc hosp,2020-12-29,06059,quantile,0.1,1738.485243616569
18845,2020-12-27,2 day ahead inc hosp,2020-12-29,06059,quantile,0.15,1822.9666951377765
18846,2020-12-27,2 day ahead inc hosp,2020-12-29,06059,quantile,0.2,1890.1098746903192
18847,2020-12-27,2 day ahead inc hosp,2020-12-29,06059,quantile,0.25,1947.7127442043309
18848,2020-12-27,2 day ahead inc hosp,2020-12-29,06059,quantile,0.3,1999.4419013194383
18849,2020-12-27,2 day ahead inc hosp,2020-12-29,06059,quantile,0.35,2047.3766745720964
18850,2020-12-27,2 day ahead inc hosp,2020-12-29,06059,quantile,0.4,2092.8620868371722
18851,2020-12-27,2 day ahead inc hosp,2020-12-29,06059,quantile,0.45,2136.869749602021
18852,2020-12-27,2 day ahead inc hosp,2020-12-29,06059,quantile,0.5,2180.1796875
18853,2020-12-27,2 day ahead inc hosp,2020-12-29,06059,quantile,0.55,2269.1737988434297
18854,2020-12-27,2 day ahead inc hosp,2020-12-29,06059,quantile,0.6,2359.6016089521518
18855,2020-12-27,2 day ahead inc hosp,2020-12-29,06059,quantile,0.65,2453.065927768661
18856,2020-12-27,2 day ahead inc hosp,2020-12-29,06059,quantile,0.7,2551.5632416673293
18857,2020-12-27,2 day ahead inc hosp,2020-12-29,06059,quantile,0.75,2657.85733007835
18858,2020-12-27,2 day ahead inc hosp,2020-12-29,06059,quantile,0.8,2776.2208381329337
18859,2020-12-27,2 day ahead inc hosp,2020-12-29,06059,quantile,0.85,2914.187962702042
18860,2020-12-27,2 day ahead inc hosp,2020-12-29,06059,quantile,0.9,3087.7821091735304
18861,2020-12-27,2 day ahead inc hosp,2020-12-29,06059,quantile,0.95,3345.074784393931
18862,2020-12-27,2 day ahead inc hosp,2020-12-29,06059,quantile,0.975,3568.2378090672883
18863,2020-12-27,2 day ahead inc hosp,2020-12-29,06059,quantile,0.99,3827.713053227105
18864,2020-12-27,3 day ahead inc hosp,2020-12-30,06059,point,NA,2259.37841796875
18865,2020-12-27,3 day ahead inc hosp,2020-12-30,06059,quantile,0.01,1478.888209266527
18866,2020-12-27,3 day ahead inc hosp,2020-12-30,06059,quantile,0.025,1601.8100824620835
18867,2020-12-27,3 day ahead inc hosp,2020-12-30,06059,quantile,0.05,1707.5296747478874
18868,2020-12-27,3 day ahead inc hosp,2020-12-30,06059,quantile,0.1,1829.4175939595864
18869,2020-12-27,3 day ahead inc hosp,2020-12-30,06059,quantile,0.15,1911.654794387525
18870,2020-12-27,3 day ahead inc hosp,2020-12-30,06059,quantile,0.2,1977.014314315345
18871,2020-12-27,3 day ahead inc hosp,2020-12-30,06059,quantile,0.25,2033.086962691409
18872,2020-12-27,3 day ahead inc hosp,2020-12-30,06059,quantile,0.3,2083.441933931167
18873,2020-12-27,3 day ahead inc hosp,2020-12-30,06059,quantile,0.35,2130.103319175679
18874,2020-12-27,3 day ahead inc hosp,2020-12-30,06059,quantile,0.4,2174.380410745909
18875,2020-12-27,3 day ahead inc hosp,2020-12-30,06059,quantile,0.45,2217.219009254713
18876,2020-12-27,3 day ahead inc hosp,2020-12-30,06059,quantile,0.5,2259.37841796875
18877,2020-12-27,3 day ahead inc hosp,2020-12-30,06059,quantile,0.55,2356.528812804091
18878,2020-12-27,3 day ahead inc hosp,2020-12-30,06059,quantile,0.6,2455.24430446461
18879,2020-12-27,3 day ahead inc hosp,2020-12-30,06059,quantile,0.65,2557.274599941126
18880,2020-12-27,3 day ahead inc hosp,2020-12-30,06059,quantile,0.7,2664.799162982708
18881,2020-12-27,3 day ahead inc hosp,2020-12-30,06059,quantile,0.75,2780.8350725716373
18882,2020-12-27,3 day ahead inc hosp,2020-12-30,06059,quantile,0.8,2910.04656047811
18883,2020-12-27,3 day ahead inc hosp,2020-12-30,06059,quantile,0.85,3060.658330446362
18884,2020-12-27,3 day ahead inc hosp,2020-12-30,06059,quantile,0.9,3250.16232814041
18885,2020-12-27,3 day ahead inc hosp,2020-12-30,06059,quantile,0.95,3531.0357995259815
18886,2020-12-27,3 day ahead inc hosp,2020-12-30,06059,quantile,0.975,3774.651648174671
18887,2020-12-27,3 day ahead inc hosp,2020-12-30,06059,quantile,0.99,4057.907720285378
18888,2020-12-27,4 day ahead inc hosp,2020-12-31,06059,point,NA,2435.43408203125
18889,2020-12-27,4 day ahead inc hosp,2020-12-31,06059,quantile,0.01,1549.2006848806209
18890,2020-12-27,4 day ahead inc hosp,2020-12-31,06059,quantile,0.025,1688.7763874987934
18891,2020-12-27,4 day ahead inc hosp,2020-12-31,06059,quantile,0.05,1808.8191918443035
18892,2020-12-27,4 day ahead inc hosp,2020-12-31,06059,quantile,0.1,1947.220857246641
18893,2020-12-27,4 day ahead inc hosp,2020-12-31,06059,quantile,0.15,2040.5998038302173
18894,2020-12-27,4 day ahead inc hosp,2020-12-31,06059,quantile,0.2,2114.8144304019975
18895,2020-12-27,4 day ahead inc hosp,2020-12-31,06059,quantile,0.25,2178.483971804933
18896,2020-12-27,4 day ahead inc hosp,2020-12-31,06059,quantile,0.3,2235.661187774671
18897,2020-12-27,4 day ahead inc hosp,2020-12-31,06059,quantile,0.35,2288.6443994792207
18898,2020-12-27,4 day ahead inc hosp,2020-12-31,06059,quantile,0.4,2338.920286147269
18899,2020-12-27,4 day ahead inc hosp,2020-12-31,06059,quantile,0.45,2387.5627883367024
18900,2020-12-27,4 day ahead inc hosp,2020-12-31,06059,quantile,0.5,2435.43408203125
18901,2020-12-27,4 day ahead inc hosp,2020-12-31,06059,quantile,0.55,2555.116130055749
18902,2020-12-27,4 day ahead inc hosp,2020-12-31,06059,quantile,0.6,2676.726260757745
18903,2020-12-27,4 day ahead inc hosp,2020-12-31,06059,quantile,0.65,2802.4199827839993
18904,2020-12-27,4 day ahead inc hosp,2020-12-31,06059,quantile,0.7,2934.882233087428
18905,2020-12-27,4 day ahead inc hosp,2020-12-31,06059,quantile,0.75,3077.8298281798243
18906,2020-12-27,4 day ahead inc hosp,2020-12-31,06059,quantile,0.8,3237.0087540827994
18907,2020-12-27,4 day ahead inc hosp,2020-12-31,06059,quantile,0.85,3422.551233008864
18908,2020-12-27,4 day ahead inc hosp,2020-12-31,06059,quantile,0.9,3656.00603873862
18909,2020-12-27,4 day ahead inc hosp,2020-12-31,06059,quantile,0.95,4002.0212283644605
18910,2020-12-27,4 day ahead inc hosp,2020-12-31,06059,quantile,0.975,4302.137802742965
18911,2020-12-27,4 day ahead inc hosp,2020-12-31,06059,quantile,0.99,4651.088178941049
18912,2020-12-27,5 day ahead inc hosp,2021-01-01,06059,point,NA,2384.54052734375
18913,2020-12-27,5 day ahead inc hosp,2021-01-01,06059,quantile,0.01,1598.6195231406532
18914,2020-12-27,5 day ahead inc hosp,2021-01-01,06059,quantile,0.025,1722.3967095079402
18915,2020-12-27,5 day ahead inc hosp,2021-01-01,06059,quantile,0.05,1828.8519183072356
18916,2020-12-27,5 day ahead inc hosp,2021-01-01,06059,quantile,0.1,1951.5879562472483
18917,2020-12-27,5 day ahead inc hosp,2021-01-01,06059,quantile,0.15,2034.3973783547272
18918,2020-12-27,5 day ahead inc hosp,2021-01-01,06059,quantile,0.2,2100.2116819336497
18919,2020-12-27,5 day ahead inc hosp,2021-01-01,06059,quantile,0.25,2156.6744941876555
18920,2020-12-27,5 day ahead inc hosp,2021-01-01,06059,quantile,0.3,2207.3798446483265
18921,2020-12-27,5 day ahead inc hosp,2021-01-01,06059,quantile,0.35,2254.365908457957
18922,2020-12-27,5 day ahead inc hosp,2021-01-01,06059,quantile,0.4,2298.9510882360983
18923,2020-12-27,5 day ahead inc hosp,2021-01-01,06059,quantile,0.45,2342.087765651532
18924,2020-12-27,5 day ahead inc hosp,2021-01-01,06059,quantile,0.5,2384.54052734375
18925,2020-12-27,5 day ahead inc hosp,2021-01-01,06059,quantile,0.55,2500.2522397680086
18926,2020-12-27,5 day ahead inc hosp,2021-01-01,06059,quantile,0.6,2617.8280726012276
18927,2020-12-27,5 day ahead inc hosp,2021-01-01,06059,quantile,0.65,2739.352027586184
18928,2020-12-27,5 day ahead inc hosp,2021-01-01,06059,quantile,0.7,2867.4199715024088
18929,2020-12-27,5 day ahead inc hosp,2021-01-01,06059,quantile,0.75,3005.625419087035
18930,2020-12-27,5 day ahead inc hosp,2021-01-01,06059,quantile,0.8,3159.5237388610835
18931,2020-12-27,5 day ahead inc hosp,2021-01-01,06059,quantile,0.85,3338.9110264147025
18932,2020-12-27,5 day ahead inc hosp,2021-01-01,06059,quantile,0.9,3564.621195905894
18933,2020-12-27,5 day ahead inc hosp,2021-01-01,06059,quantile,0.95,3899.157667977417
18934,2020-12-27,5 day ahead inc hosp,2021-01-01,06059,quantile,0.975,4189.31816674437
18935,2020-12-27,5 day ahead inc hosp,2021-01-01,06059,quantile,0.99,4526.692453426897
18936,2020-12-27,6 day ahead inc hosp,2021-01-02,06059,point,NA,2533.546142578125
18937,2020-12-27,6 day ahead inc hosp,2021-01-02,06059,quantile,0.01,1004.7343284023821
18938,2020-12-27,6 day ahead inc hosp,2021-01-02,06059,quantile,0.025,1245.511739658386
18939,2020-12-27,6 day ahead inc hosp,2021-01-02,06059,quantile,0.05,1452.5935965148938
18940,2020-12-27,6 day ahead inc hosp,2021-01-02,06059,quantile,0.1,1691.345715142994
18941,2020-12-27,6 day ahead inc hosp,2021-01-02,06059,quantile,0.15,1852.4306361031472
18942,2020-12-27,6 day ahead inc hosp,2021-01-02,06059,quantile,0.2,1980.4558247863652
18943,2020-12-27,6 day ahead inc hosp,2021-01-02,06059,quantile,0.25,2090.2900370976113
18944,2020-12-27,6 day ahead inc hosp,2021-01-02,06059,quantile,0.3,2188.924554322148
18945,2020-12-27,6 day ahead inc hosp,2021-01-02,06059,quantile,0.35,2280.3241340122404
18946,2020-12-27,6 day ahead inc hosp,2021-01-02,06059,quantile,0.4,2367.053397153753
18947,2020-12-27,6 day ahead inc hosp,2021-01-02,06059,quantile,0.45,2450.964962952751
18948,2020-12-27,6 day ahead inc hosp,2021-01-02,06059,quantile,0.5,2533.546142578125
18949,2020-12-27,6 day ahead inc hosp,2021-01-02,06059,quantile,0.55,2651.0837564024723
18950,2020-12-27,6 day ahead inc hosp,2021-01-02,06059,quantile,0.6,2770.514905981844
18951,2020-12-27,6 day ahead inc hosp,2021-01-02,06059,quantile,0.65,2893.956478076621
18952,2020-12-27,6 day ahead inc hosp,2021-01-02,06059,quantile,0.7,3024.0453015840644
18953,2020-12-27,6 day ahead inc hosp,2021-01-02,06059,quantile,0.75,3164.431595990138
18954,2020-12-27,6 day ahead inc hosp,2021-01-02,06059,quantile,0.8,3320.758392118563
18955,2020-12-27,6 day ahead inc hosp,2021-01-02,06059,quantile,0.85,3502.976365457051
18956,2020-12-27,6 day ahead inc hosp,2021-01-02,06059,quantile,0.9,3732.2481840315886
18957,2020-12-27,6 day ahead inc hosp,2021-01-02,06059,quantile,0.95,4072.0635565699586
18958,2020-12-27,6 day ahead inc hosp,2021-01-02,06059,quantile,0.975,4366.802714228471
18959,2020-12-27,6 day ahead inc hosp,2021-01-02,06059,quantile,0.99,4709.500681370839
18960,2020-12-27,7 day ahead inc hosp,2021-01-03,06059,point,NA,2481.219970703125
18961,2020-12-27,7 day ahead inc hosp,2021-01-03,06059,quantile,0.01,984.2205093400714
18962,2020-12-27,7 day ahead inc hosp,2021-01-03,06059,quantile,0.025,1219.9876924665055
18963,2020-12-27,7 day ahead inc hosp,2021-01-03,06059,quantile,0.05,1422.760476727981
18964,2020-12-27,7 day ahead inc hosp,2021-01-03,06059,quantile,0.1,1656.5445106237764
18965,2020-12-27,7 day ahead inc hosp,2021-01-03,06059,quantile,0.15,1814.2774884010782
18966,2020-12-27,7 day ahead inc hosp,2021-01-03,06059,quantile,0.2,1939.6386589013275
18967,2020-12-27,7 day ahead inc hosp,2021-01-03,06059,quantile,0.25,2047.1873808202636
18968,2020-12-27,7 day ahead inc hosp,2021-01-03,06059,quantile,0.3,2143.7694570364556
18969,2020-12-27,7 day ahead inc hosp,2021-01-03,06059,quantile,0.35,2233.2671442574606
18970,2020-12-27,7 day ahead inc hosp,2021-01-03,06059,quantile,0.4,2318.191697432279
18971,2020-12-27,7 day ahead inc hosp,2021-01-03,06059,quantile,0.45,2400.3571854527627
18972,2020-12-27,7 day ahead inc hosp,2021-01-03,06059,quantile,0.5,2481.219970703125
18973,2020-12-27,7 day ahead inc hosp,2021-01-03,06059,quantile,0.55,2597.8391921327507
18974,2020-12-27,7 day ahead inc hosp,2021-01-03,06059,quantile,0.6,2716.3371539784453
18975,2020-12-27,7 day ahead inc hosp,2021-01-03,06059,quantile,0.65,2838.8142024852773
18976,2020-12-27,7 day ahead inc hosp,2021-01-03,06059,quantile,0.7,2967.886563413124
18977,2020-12-27,7 day ahead inc hosp,2021-01-03,06059,quantile,0.75,3107.17593487759
18978,2020-12-27,7 day ahead inc hosp,2021-01-03,06059,quantile,0.8,3262.2812552929713
18979,2020-12-27,7 day ahead inc hosp,2021-01-03,06059,quantile,0.85,3443.0754495070532
18980,2020-12-27,7 day ahead inc hosp,2021-01-03,06059,quantile,0.9,3670.555828833747
18981,2020-12-27,7 day ahead inc hosp,2021-01-03,06059,quantile,0.95,4007.716018545152
18982,2020-12-27,7 day ahead inc hosp,2021-01-03,06059,quantile,0.975,4300.152201079252
18983,2020-12-27,7 day ahead inc hosp,2021-01-03,06059,quantile,0.99,4640.17246194131
18984,2020-12-27,8 day ahead inc hosp,2021-01-04,06059,point,NA,2207.3017578125
18985,2020-12-27,8 day ahead inc hosp,2021-01-04,06059,quantile,0.01,1445.4427785194653
18986,2020-12-27,8 day ahead inc hosp,2021-01-04,06059,quantile,0.025,1565.4303604281117
18987,2020-12-27,8 day ahead inc hosp,2021-01-04,06059,quantile,0.05,1668.6263003285799
18988,2020-12-27,8 day ahead inc hosp,2021-01-04,06059,quantile,0.1,1787.6046099644998
18989,2020-12-27,8 day ahead inc hosp,2021-01-04,06059,quantile,0.15,1867.8787106250627
18990,2020-12-27,8 day ahead inc hosp,2021-01-04,06059,quantile,0.2,1931.6780210893016
18991,2020-12-27,8 day ahead inc hosp,2021-01-04,06059,quantile,0.25,1986.4121486692977
18992,2020-12-27,8 day ahead inc hosp,2021-01-04,06059,quantile,0.3,2035.5650868654625
18993,2020-12-27,8 day ahead inc hosp,2021-01-04,06059,quantile,0.35,2081.112609356351
18994,2020-12-27,8 day ahead inc hosp,2021-01-04,06059,quantile,0.4,2124.332754098269
18995,2020-12-27,8 day ahead inc hosp,2021-01-04,06059,quantile,0.45,2166.1487443187348
18996,2020-12-27,8 day ahead inc hosp,2021-01-04,06059,quantile,0.5,2207.3017578125
18997,2020-12-27,8 day ahead inc hosp,2021-01-04,06059,quantile,0.55,2305.8633271187005
18998,2020-12-27,8 day ahead inc hosp,2021-01-04,06059,quantile,0.6,2406.0127273283897
18999,2020-12-27,8 day ahead inc hosp,2021-01-04,06059,quantile,0.65,2509.5250810968428
19000,2020-12-27,8 day ahead inc hosp,2021-01-04,06059,quantile,0.7,2618.6115103419716
19001,2020-12-27,8 day ahead inc hosp,2021-01-04,06059,quantile,0.75,2736.3329191364614
19002,2020-12-27,8 day ahead inc hosp,2021-01-04,06059,quantile,0.8,2867.4212903369694
19003,2020-12-27,8 day ahead inc hosp,2021-01-04,06059,quantile,0.85,3020.2207970112877
19004,2020-12-27,8 day ahead inc hosp,2021-01-04,06059,quantile,0.9,3212.477467034922
19005,2020-12-27,8 day ahead inc hosp,2021-01-04,06059,quantile,0.95,3497.430813474349
19006,2020-12-27,8 day ahead inc hosp,2021-01-04,06059,quantile,0.975,3744.58534528426
19007,2020-12-27,8 day ahead inc hosp,2021-01-04,06059,quantile,0.99,4031.955901318125
19008,2020-12-27,9 day ahead inc hosp,2021-01-05,06059,point,NA,2294.733154296875
19009,2020-12-27,9 day ahead inc hosp,2021-01-05,06059,quantile,0.01,1489.1151512056745
19010,2020-12-27,9 day ahead inc hosp,2021-01-05,06059,quantile,0.025,1615.9944802682326
19011,2020-12-27,9 day ahead inc hosp,2021-01-05,06059,quantile,0.05,1725.1177029240591
19012,2020-12-27,9 day ahead inc hosp,2021-01-05,06059,quantile,0.1,1850.9297899706687
19013,2020-12-27,9 day ahead inc hosp,2021-01-05,06059,quantile,0.15,1935.8146078067928
19014,2020-12-27,9 day ahead inc hosp,2021-01-05,06059,quantile,0.2,2003.278370119459
19015,2020-12-27,9 day ahead inc hosp,2021-01-05,06059,quantile,0.25,2061.1562710964263
19016,2020-12-27,9 day ahead inc hosp,2021-01-05,06059,quantile,0.3,2113.1324149654724
19017,2020-12-27,9 day ahead inc hosp,2021-01-05,06059,quantile,0.35,2161.296058254039
19018,2020-12-27,9 day ahead inc hosp,2021-01-05,06059,quantile,0.4,2206.998645801943
19019,2020-12-27,9 day ahead inc hosp,2021-01-05,06059,quantile,0.45,2251.2164281662763
19020,2020-12-27,9 day ahead inc hosp,2021-01-05,06059,quantile,0.5,2294.733154296875
19021,2020-12-27,9 day ahead inc hosp,2021-01-05,06059,quantile,0.55,2382.5772234861183
19022,2020-12-27,9 day ahead inc hosp,2021-01-05,06059,quantile,0.6,2471.8364642146216
19023,2020-12-27,9 day ahead inc hosp,2021-01-05,06059,quantile,0.65,2564.0929738297277
19024,2020-12-27,9 day ahead inc hosp,2021-01-05,06059,quantile,0.7,2661.3174387572944
19025,2020-12-27,9 day ahead inc hosp,2021-01-05,06059,quantile,0.75,2766.2379229986896
19026,2020-12-27,9 day ahead inc hosp,2021-01-05,06059,quantile,0.8,2883.0718576722347
19027,2020-12-27,9 day ahead inc hosp,2021-01-05,06059,quantile,0.85,3019.2560776564096
19028,2020-12-27,9 day ahead inc hosp,2021-01-05,06059,quantile,0.9,3190.6069230470907
19029,2020-12-27,9 day ahead inc hosp,2021-01-05,06059,quantile,0.95,3444.574688135799
19030,2020-12-27,9 day ahead inc hosp,2021-01-05,06059,quantile,0.975,3664.853849126989
19031,2020-12-27,9 day ahead inc hosp,2021-01-05,06059,quantile,0.99,3920.9759785217184
19032,2020-12-27,10 day ahead inc hosp,2021-01-06,06059,point,NA,2284.34375
19033,2020-12-27,10 day ahead inc hosp,2021-01-06,06059,quantile,0.01,1488.5827656932104
19034,2020-12-27,10 day ahead inc hosp,2021-01-06,06059,quantile,0.025,1613.9096816702563
19035,2020-12-27,10 day ahead inc hosp,2021-01-06,06059,quantile,0.05,1721.6977434292226
19036,2020-12-27,10 day ahead inc hosp,2021-01-06,06059,quantile,0.1,1845.9704754706486
19037,2020-12-27,10 day ahead inc hosp,2021-01-06,06059,quantile,0.15,1929.8166977928797
19038,2020-12-27,10 day ahead inc hosp,2021-01-06,06059,quantile,0.2,1996.4550173152516
19039,2020-12-27,10 day ahead inc hosp,2021-01-06,06059,quantile,0.25,2053.6247618769657
19040,2020-12-27,10 day ahead inc hosp,2021-01-06,06059,quantile,0.3,2104.964959398621
19041,2020-12-27,10 day ahead inc hosp,2021-01-06,06059,quantile,0.35,2152.539303621378
19042,2020-12-27,10 day ahead inc hosp,2021-01-06,06059,quantile,0.4,2197.68270398351
19043,2020-12-27,10 day ahead inc hosp,2021-01-06,06059,quantile,0.45,2241.359466274188
19044,2020-12-27,10 day ahead inc hosp,2021-01-06,06059,quantile,0.5,2284.34375
19045,2020-12-27,10 day ahead inc hosp,2021-01-06,06059,quantile,0.55,2381.765010077378
19046,2020-12-27,10 day ahead inc hosp,2021-01-06,06059,quantile,0.6,2480.7557306300364
19047,2020-12-27,10 day ahead inc hosp,2021-01-06,06059,quantile,0.65,2583.070497010929
19048,2020-12-27,10 day ahead inc hosp,2021-01-06,06059,quantile,0.7,2690.894849537078
19049,2020-12-27,10 day ahead inc hosp,2021-01-06,06059,quantile,0.75,2807.2542791157002
19050,2020-12-27,10 day ahead inc hosp,2021-01-06,06059,quantile,0.8,2936.82602187245
19051,2020-12-27,10 day ahead inc hosp,2021-01-06,06059,quantile,0.85,3087.857712867222
19052,2020-12-27,10 day ahead inc hosp,2021-01-06,06059,quantile,0.9,3277.890067098465
19053,2020-12-27,10 day ahead inc hosp,2021-01-06,06059,quantile,0.95,3559.546642463568
19054,2020-12-27,10 day ahead inc hosp,2021-01-06,06059,quantile,0.975,3803.8417170270895
19055,2020-12-27,10 day ahead inc hosp,2021-01-06,06059,quantile,0.99,4087.887536051957
19056,2020-12-27,11 day ahead inc hosp,2021-01-07,06059,point,NA,2317.994384765625
19057,2020-12-27,11 day ahead inc hosp,2021-01-07,06059,quantile,0.01,1396.5827144209543
19058,2020-12-27,11 day ahead inc hosp,2021-01-07,06059,quantile,0.025,1541.6987546225882
19059,2020-12-27,11 day ahead inc hosp,2021-01-07,06059,quantile,0.05,1666.5065549384858
19060,2020-12-27,11 day ahead inc hosp,2021-01-07,06059,quantile,0.1,1810.4019555258064
19061,2020-12-27,11 day ahead inc hosp,2021-01-07,06059,quantile,0.15,1907.4874991571246
19062,2020-12-27,11 day ahead inc hosp,2021-01-07,06059,quantile,0.2,1984.6480115609324
19063,2020-12-27,11 day ahead inc hosp,2021-01-07,06059,quantile,0.25,2050.8448607010996
19064,2020-12-27,11 day ahead inc hosp,2021-01-07,06059,quantile,0.3,2110.291677128601
19065,2020-12-27,11 day ahead inc hosp,2021-01-07,06059,quantile,0.35,2165.378011895352
19066,2020-12-27,11 day ahead inc hosp,2021-01-07,06059,quantile,0.4,2217.6495566845765
19067,2020-12-27,11 day ahead inc hosp,2021-01-07,06059,quantile,0.45,2268.222881201811
19068,2020-12-27,11 day ahead inc hosp,2021-01-07,06059,quantile,0.5,2317.994384765625
19069,2020-12-27,11 day ahead inc hosp,2021-01-07,06059,quantile,0.55,2437.568020733374
19070,2020-12-27,11 day ahead inc hosp,2021-01-07,06059,quantile,0.6,2559.067992855961
19071,2020-12-27,11 day ahead inc hosp,2021-01-07,06059,quantile,0.65,2684.6478572473375
19072,2020-12-27,11 day ahead inc hosp,2021-01-07,06059,quantile,0.7,2816.990118753497
19073,2020-12-27,11 day ahead inc hosp,2021-01-07,06059,quantile,0.75,2959.8082270678233
19074,2020-12-27,11 day ahead inc hosp,2021-01-07,06059,quantile,0.8,3118.8429633029805
19075,2020-12-27,11 day ahead inc hosp,2021-01-07,06059,quantile,0.85,3304.21737156108
19076,2020-12-27,11 day ahead inc hosp,2021-01-07,06059,quantile,0.9,3537.460706012853
19077,2020-12-27,11 day ahead inc hosp,2021-01-07,06059,quantile,0.95,3883.1624633487772
19078,2020-12-27,11 day ahead inc hosp,2021-01-07,06059,quantile,0.975,4183.007181959183
19079,2020-12-27,11 day ahead inc hosp,2021-01-07,06059,quantile,0.99,4531.64146707584
19080,2020-12-27,12 day ahead inc hosp,2021-01-08,06059,point,NA,2307.94140625
19081,2020-12-27,12 day ahead inc hosp,2021-01-08,06059,quantile,0.01,1506.4587619635786
19082,2020-12-27,12 day ahead inc hosp,2021-01-08,06059,quantile,0.025,1632.6868002796912
19083,2020-12-27,12 day ahead inc hosp,2021-01-08,06059,quantile,0.05,1741.2498769632527
19084,2020-12-27,12 day ahead inc hosp,2021-01-08,06059,quantile,0.1,1866.4161515777673
19085,2020-12-27,12 day ahead inc hosp,2021-01-08,06059,quantile,0.15,1950.8652428319583
19086,2020-12-27,12 day ahead inc hosp,2021-01-08,06059,quantile,0.2,2017.9827034701177
19087,2020-12-27,12 day ahead inc hosp,2021-01-08,06059,quantile,0.25,2075.563508445644
19088,2020-12-27,12 day ahead inc hosp,2021-01-08,06059,quantile,0.3,2127.2728509232584
19089,2020-12-27,12 day ahead inc hosp,2021-01-08,06059,quantile,0.35,2175.1892629613076
19090,2020-12-27,12 day ahead inc hosp,2021-01-08,06059,quantile,0.4,2220.657252229267
19091,2020-12-27,12 day ahead inc hosp,2021-01-08,06059,quantile,0.45,2264.6480580427706
19092,2020-12-27,12 day ahead inc hosp,2021-01-08,06059,quantile,0.5,2307.94140625
19093,2020-12-27,12 day ahead inc hosp,2021-01-08,06059,quantile,0.55,2423.488011752033
19094,2020-12-27,12 day ahead inc hosp,2021-01-08,06059,quantile,0.6,2540.896077783771
19095,2020-12-27,12 day ahead inc hosp,2021-01-08,06059,quantile,0.65,2662.246632464092
19096,2020-12-27,12 day ahead inc hosp,2021-01-08,06059,quantile,0.7,2790.1318385777836
19097,2020-12-27,12 day ahead inc hosp,2021-01-08,06059,quantile,0.75,2928.140083341645
19098,2020-12-27,12 day ahead inc hosp,2021-01-08,06059,quantile,0.8,3081.8188084231488
19099,2020-12-27,12 day ahead inc hosp,2021-01-08,06059,quantile,0.85,3260.950131543143
19100,2020-12-27,12 day ahead inc hosp,2021-01-08,06059,quantile,0.9,3486.338239329266
19101,2020-12-27,12 day ahead inc hosp,2021-01-08,06059,quantile,0.95,3820.397367438636
19102,2020-12-27,12 day ahead inc hosp,2021-01-08,06059,quantile,0.975,4110.143841506626
19103,2020-12-27,12 day ahead inc hosp,2021-01-08,06059,quantile,0.99,4447.036735001331
19104,2020-12-27,13 day ahead inc hosp,2021-01-09,06059,point,NA,2272.7412109375
19105,2020-12-27,13 day ahead inc hosp,2021-01-09,06059,quantile,0.01,784.3724093141741
19106,2020-12-27,13 day ahead inc hosp,2021-01-09,06059,quantile,0.025,1018.7803225224309
19107,2020-12-27,13 day ahead inc hosp,2021-01-09,06059,quantile,0.05,1220.3840596662512
19108,2020-12-27,13 day ahead inc hosp,2021-01-09,06059,quantile,0.1,1452.8202571057138
19109,2020-12-27,13 day ahead inc hosp,2021-01-09,06059,quantile,0.15,1609.6438560247962
19110,2020-12-27,13 day ahead inc hosp,2021-01-09,06059,quantile,0.2,1734.2822810364287
19111,2020-12-27,13 day ahead inc hosp,2021-01-09,06059,quantile,0.25,1841.2109516806102
19112,2020-12-27,13 day ahead inc hosp,2021-01-09,06059,quantile,0.3,1937.2362026885824
19113,2020-12-27,13 day ahead inc hosp,2021-01-09,06059,quantile,0.35,2026.217908370627
19114,2020-12-27,13 day ahead inc hosp,2021-01-09,06059,quantile,0.4,2110.6528455229163
19115,2020-12-27,13 day ahead inc hosp,2021-01-09,06059,quantile,0.45,2192.3446243753237
19116,2020-12-27,13 day ahead inc hosp,2021-01-09,06059,quantile,0.5,2272.7412109375
19117,2020-12-27,13 day ahead inc hosp,2021-01-09,06059,quantile,0.55,2389.3644053027747
19118,2020-12-27,13 day ahead inc hosp,2021-01-09,06059,quantile,0.6,2507.8664040882736
19119,2020-12-27,13 day ahead inc hosp,2021-01-09,06059,quantile,0.65,2630.3476250927965
19120,2020-12-27,13 day ahead inc hosp,2021-01-09,06059,quantile,0.7,2759.4243832047246
19121,2020-12-27,13 day ahead inc hosp,2021-01-09,06059,quantile,0.75,2898.7184999221827
19122,2020-12-27,13 day ahead inc hosp,2021-01-09,06059,quantile,0.8,3053.8291044017965
19123,2020-12-27,13 day ahead inc hosp,2021-01-09,06059,quantile,0.85,3234.629457838093
19124,2020-12-27,13 day ahead inc hosp,2021-01-09,06059,quantile,0.9,3462.117586872745
19125,2020-12-27,13 day ahead inc hosp,2021-01-09,06059,quantile,0.95,3799.2892628187583
19126,2020-12-27,13 day ahead inc hosp,2021-01-09,06059,quantile,0.975,4091.735407948393
19127,2020-12-27,13 day ahead inc hosp,2021-01-09,06059,quantile,0.99,4431.767252480784
19128,2020-12-27,14 day ahead inc hosp,2021-01-10,06059,point,NA,2360.32666015625
19129,2020-12-27,14 day ahead inc hosp,2021-01-10,06059,quantile,0.01,848.1507038886032
19130,2020-12-27,14 day ahead inc hosp,2021-01-10,06059,quantile,0.025,1086.3080812306923
19131,2020-12-27,14 day ahead inc hosp,2021-01-10,06059,quantile,0.05,1291.1365643795493
19132,2020-12-27,14 day ahead inc hosp,2021-01-10,06059,quantile,0.1,1527.290687437544
19133,2020-12-27,14 day ahead inc hosp,2021-01-10,06059,quantile,0.15,1686.6227531205582
19134,2020-12-27,14 day ahead inc hosp,2021-01-10,06059,quantile,0.2,1813.2548279961493
19135,2020-12-27,14 day ahead inc hosp,2021-01-10,06059,quantile,0.25,1921.8938727056573
19136,2020-12-27,14 day ahead inc hosp,2021-01-10,06059,quantile,0.3,2019.4550924856255
19137,2020-12-27,14 day ahead inc hosp,2021-01-10,06059,quantile,0.35,2109.8601021400304
19138,2020-12-27,14 day ahead inc hosp,2021-01-10,06059,quantile,0.4,2195.645615576891
19139,2020-12-27,14 day ahead inc hosp,2021-01-10,06059,quantile,0.45,2278.644092614713
19140,2020-12-27,14 day ahead inc hosp,2021-01-10,06059,quantile,0.5,2360.32666015625
19141,2020-12-27,14 day ahead inc hosp,2021-01-10,06059,quantile,0.55,2477.3329590305216
19142,2020-12-27,14 day ahead inc hosp,2021-01-10,06059,quantile,0.6,2596.224234154291
19143,2020-12-27,14 day ahead inc hosp,2021-01-10,06059,quantile,0.65,2719.1078031504785
19144,2020-12-27,14 day ahead inc hosp,2021-01-10,06059,quantile,0.7,2848.6085754416486
19145,2020-12-27,14 day ahead inc hosp,2021-01-10,06059,quantile,0.75,2988.36027012618
19146,2020-12-27,14 day ahead inc hosp,2021-01-10,06059,quantile,0.8,3143.9804093710936
19147,2020-12-27,14 day ahead inc hosp,2021-01-10,06059,quantile,0.85,3325.374687806673
19148,2020-12-27,14 day ahead inc hosp,2021-01-10,06059,quantile,0.9,3553.610110108765
19149,2020-12-27,14 day ahead inc hosp,2021-01-10,06059,quantile,0.95,3891.88938724907
19150,2020-12-27,14 day ahead inc hosp,2021-01-10,06059,quantile,0.975,4185.296211233779
19151,2020-12-27,14 day ahead inc hosp,2021-01-10,06059,quantile,0.99,4526.445052548432
19152,2020-12-27,15 day ahead inc hosp,2021-01-11,06059,point,NA,2279.513916015625
19153,2020-12-27,15 day ahead inc hosp,2021-01-11,06059,quantile,0.01,1535.684345729916
19154,2020-12-27,15 day ahead inc hosp,2021-01-11,06059,quantile,0.025,1652.8324189514842
19155,2020-12-27,15 day ahead inc hosp,2021-01-11,06059,quantile,0.05,1753.5862247314258
19156,2020-12-27,15 day ahead inc hosp,2021-01-11,06059,quantile,0.1,1869.7489101301455
19157,2020-12-27,15 day ahead inc hosp,2021-01-11,06059,quantile,0.15,1948.1233224850753
19158,2020-12-27,15 day ahead inc hosp,2021-01-11,06059,quantile,0.2,2010.412820905342
19159,2020-12-27,15 day ahead inc hosp,2021-01-11,06059,quantile,0.25,2063.851664187823
19160,2020-12-27,15 day ahead inc hosp,2021-01-11,06059,quantile,0.3,2111.8413970523757
19161,2020-12-27,15 day ahead inc hosp,2021-01-11,06059,quantile,0.35,2156.3110364512772
19162,2020-12-27,15 day ahead inc hosp,2021-01-11,06059,quantile,0.4,2198.5083755453165
19163,2020-12-27,15 day ahead inc hosp,2021-01-11,06059,quantile,0.45,2239.3347894646267
19164,2020-12-27,15 day ahead inc hosp,2021-01-11,06059,quantile,0.5,2279.513916015625
19165,2020-12-27,15 day ahead inc hosp,2021-01-11,06059,quantile,0.55,2380.5829445994523
19166,2020-12-27,15 day ahead inc hosp,2021-01-11,06059,quantile,0.6,2483.2801993580515
19167,2020-12-27,15 day ahead inc hosp,2021-01-11,06059,quantile,0.65,2589.4259630207744
19168,2020-12-27,15 day ahead inc hosp,2021-01-11,06059,quantile,0.7,2701.2876096351
19169,2020-12-27,15 day ahead inc hosp,2021-01-11,06059,quantile,0.75,2822.003914317864
19170,2020-12-27,15 day ahead inc hosp,2021-01-11,06059,quantile,0.8,2956.4272441119647
19171,2020-12-27,15 day ahead inc hosp,2021-01-11,06059,quantile,0.85,3113.114052331138
19172,2020-12-27,15 day ahead inc hosp,2021-01-11,06059,quantile,0.9,3310.2618353345047
19173,2020-12-27,15 day ahead inc hosp,2021-01-11,06059,quantile,0.95,3602.4645480051104
19174,2020-12-27,15 day ahead inc hosp,2021-01-11,06059,quantile,0.975,3855.906823893739
19175,2020-12-27,15 day ahead inc hosp,2021-01-11,06059,quantile,0.99,4150.588241269566
19176,2020-12-27,16 day ahead inc hosp,2021-01-12,06059,point,NA,2408.24072265625
19177,2020-12-27,16 day ahead inc hosp,2021-01-12,06059,quantile,0.01,1624.3451916235142
19178,2020-12-27,16 day ahead inc hosp,2021-01-12,06059,quantile,0.025,1747.8033798106417
19179,2020-12-27,16 day ahead inc hosp,2021-01-12,06059,quantile,0.05,1853.9842325765508
19180,2020-12-27,16 day ahead inc hosp,2021-01-12,06059,quantile,0.1,1976.4039555808965
19181,2020-12-27,16 day ahead inc hosp,2021-01-12,06059,quantile,0.15,2058.9999615029897
19182,2020-12-27,16 day ahead inc hosp,2021-01-12,06059,quantile,0.2,2124.644648663198
19183,2020-12-27,16 day ahead inc hosp,2021-01-12,06059,quantile,0.25,2180.961945132879
19184,2020-12-27,16 day ahead inc hosp,2021-01-12,06059,quantile,0.3,2231.5366179218727
19185,2020-12-27,16 day ahead inc hosp,2021-01-12,06059,quantile,0.35,2278.4015893938276
19186,2020-12-27,16 day ahead inc hosp,2021-01-12,06059,quantile,0.4,2322.8718643851603
19187,2020-12-27,16 day ahead inc hosp,2021-01-12,06059,quantile,0.45,2365.8973700895745
19188,2020-12-27,16 day ahead inc hosp,2021-01-12,06059,quantile,0.5,2408.24072265625
19189,2020-12-27,16 day ahead inc hosp,2021-01-12,06059,quantile,0.55,2495.6091440130617
19190,2020-12-27,16 day ahead inc hosp,2021-01-12,06059,quantile,0.6,2584.3850742031427
19191,2020-12-27,16 day ahead inc hosp,2021-01-12,06059,quantile,0.65,2676.1420440174275
19192,2020-12-27,16 day ahead inc hosp,2021-01-12,06059,quantile,0.7,2772.8400692384894
19193,2020-12-27,16 day ahead inc hosp,2021-01-12,06059,quantile,0.75,2877.1924422645493
19194,2020-12-27,16 day ahead inc hosp,2021-01-12,06059,quantile,0.8,2993.393758159218
19195,2020-12-27,16 day ahead inc hosp,2021-01-12,06059,quantile,0.85,3128.840583693833
19196,2020-12-27,16 day ahead inc hosp,2021-01-12,06059,quantile,0.9,3299.2636184884477
19197,2020-12-27,16 day ahead inc hosp,2021-01-12,06059,quantile,0.95,3551.8562285087837
19198,2020-12-27,16 day ahead inc hosp,2021-01-12,06059,quantile,0.975,3770.942647560508
19199,2020-12-27,16 day ahead inc hosp,2021-01-12,06059,quantile,0.99,4025.6779566859936
19200,2020-12-27,17 day ahead inc hosp,2021-01-13,06059,point,NA,2451.809814453125
19201,2020-12-27,17 day ahead inc hosp,2021-01-13,06059,quantile,0.01,1664.8504446492677
19202,2020-12-27,17 day ahead inc hosp,2021-01-13,06059,quantile,0.025,1788.7911665014128
19203,2020-12-27,17 day ahead inc hosp,2021-01-13,06059,quantile,0.05,1895.3870248395906
19204,2020-12-27,17 day ahead inc hosp,2021-01-13,06059,quantile,0.1,2018.285222690191
19205,2020-12-27,17 day ahead inc hosp,2021-01-13,06059,quantile,0.15,2101.2040533194877
19206,2020-12-27,17 day ahead inc hosp,2021-01-13,06059,quantile,0.2,2167.1053113232297
19207,2020-12-27,17 day ahead inc hosp,2021-01-13,06059,quantile,0.25,2223.6427227311624
19208,2020-12-27,17 day ahead inc hosp,2021-01-13,06059,quantile,0.3,2274.4150655376434
19209,2020-12-27,17 day ahead inc hosp,2021-01-13,06059,quantile,0.35,2321.463207739522
19210,2020-12-27,17 day ahead inc hosp,2021-01-13,06059,quantile,0.4,2366.107293841248
19211,2020-12-27,17 day ahead inc hosp,2021-01-13,06059,quantile,0.45,2409.300963806467
19212,2020-12-27,17 day ahead inc hosp,2021-01-13,06059,quantile,0.5,2451.809814453125
19213,2020-12-27,17 day ahead inc hosp,2021-01-13,06059,quantile,0.55,2548.82322737594
19214,2020-12-27,17 day ahead inc hosp,2021-01-13,06059,quantile,0.6,2647.399530339732
19215,2020-12-27,17 day ahead inc hosp,2021-01-13,06059,quantile,0.65,2749.28596325106
19216,2020-12-27,17 day ahead inc hosp,2021-01-13,06059,quantile,0.7,2856.6589168183423
19217,2020-12-27,17 day ahead inc hosp,2021-01-13,06059,quantile,0.75,2972.5312159469727
19218,2020-12-27,17 day ahead inc hosp,2021-01-13,06059,quantile,0.8,3101.5605158472745
19219,2020-12-27,17 day ahead inc hosp,2021-01-13,06059,quantile,0.85,3251.959923443411
19220,2020-12-27,17 day ahead inc hosp,2021-01-13,06059,quantile,0.9,3441.1967207819735
19221,2020-12-27,17 day ahead inc hosp,2021-01-13,06059,quantile,0.95,3721.6741609897663
19222,2020-12-27,17 day ahead inc hosp,2021-01-13,06059,quantile,0.975,3964.9465116534384
19223,2020-12-27,17 day ahead inc hosp,2021-01-13,06059,quantile,0.99,4247.80319312288
19224,2020-12-27,18 day ahead inc hosp,2021-01-14,06059,point,NA,2523.803466796875
19225,2020-12-27,18 day ahead inc hosp,2021-01-14,06059,quantile,0.01,1650.6903507606826
19226,2020-12-27,18 day ahead inc hosp,2021-01-14,06059,quantile,0.025,1788.1996987808643
19227,2020-12-27,18 day ahead inc hosp,2021-01-14,06059,quantile,0.05,1906.465324175725
19228,2020-12-27,18 day ahead inc hosp,2021-01-14,06059,quantile,0.1,2042.8180160654153
19229,2020-12-27,18 day ahead inc hosp,2021-01-14,06059,quantile,0.15,2134.8145299475323
19230,2020-12-27,18 day ahead inc hosp,2021-01-14,06059,quantile,0.2,2207.9304428322007
19231,2020-12-27,18 day ahead inc hosp,2021-01-14,06059,quantile,0.25,2270.6573857229164
19232,2020-12-27,18 day ahead inc hosp,2021-01-14,06059,quantile,0.3,2326.9881190964493
19233,2020-12-27,18 day ahead inc hosp,2021-01-14,06059,quantile,0.35,2379.18693852449
19234,2020-12-27,18 day ahead inc hosp,2021-01-14,06059,quantile,0.4,2428.718513628019
19235,2020-12-27,18 day ahead inc hosp,2021-01-14,06059,quantile,0.45,2476.6408857649326
19236,2020-12-27,18 day ahead inc hosp,2021-01-14,06059,quantile,0.5,2523.803466796875
19237,2020-12-27,18 day ahead inc hosp,2021-01-14,06059,quantile,0.55,2642.0093621443043
19238,2020-12-27,18 day ahead inc hosp,2021-01-14,06059,quantile,0.6,2762.1195592893655
19239,2020-12-27,18 day ahead inc hosp,2021-01-14,06059,quantile,0.65,2886.2629809378896
19240,2020-12-27,18 day ahead inc hosp,2021-01-14,06059,quantile,0.7,3017.091448158361
19241,2020-12-27,18 day ahead inc hosp,2021-01-14,06059,quantile,0.75,3158.275934424835
19242,2020-12-27,18 day ahead inc hosp,2021-01-14,06059,quantile,0.8,3315.49155504115
19243,2020-12-27,18 day ahead inc hosp,2021-01-14,06059,quantile,0.85,3498.745561873883
19244,2020-12-27,18 day ahead inc hosp,2021-01-14,06059,quantile,0.9,3729.3209471546984
19245,2020-12-27,18 day ahead inc hosp,2021-01-14,06059,quantile,0.95,4071.0684019205164
19246,2020-12-27,18 day ahead inc hosp,2021-01-14,06059,quantile,0.975,4367.48335277223
19247,2020-12-27,18 day ahead inc hosp,2021-01-14,06059,quantile,0.99,4712.129791658981
19248,2020-12-27,19 day ahead inc hosp,2021-01-15,06059,point,NA,2516.5419921875
19249,2020-12-27,19 day ahead inc hosp,2021-01-15,06059,quantile,0.01,1748.6968273966854
19250,2020-12-27,19 day ahead inc hosp,2021-01-15,06059,quantile,0.025,1869.627192605467
19251,2020-12-27,19 day ahead inc hosp,2021-01-15,06059,quantile,0.05,1973.633978155395
19252,2020-12-27,19 day ahead inc hosp,2021-01-15,06059,quantile,0.1,2093.5471408954336
19253,2020-12-27,19 day ahead inc hosp,2021-01-15,06059,quantile,0.15,2174.4519825071206
19254,2020-12-27,19 day ahead inc hosp,2021-01-15,06059,quantile,0.2,2238.752585884418
19255,2020-12-27,19 day ahead inc hosp,2021-01-15,06059,quantile,0.25,2293.9167781478504
19256,2020-12-27,19 day ahead inc hosp,2021-01-15,06059,quantile,0.3,2343.4559277214494
19257,2020-12-27,19 day ahead inc hosp,2021-01-15,06059,quantile,0.35,2389.3613326105315
19258,2020-12-27,19 day ahead inc hosp,2021-01-15,06059,quantile,0.4,2432.9210727509394
19259,2020-12-27,19 day ahead inc hosp,2021-01-15,06059,quantile,0.45,2475.0656254495493
19260,2020-12-27,19 day ahead inc hosp,2021-01-15,06059,quantile,0.5,2516.5419921875
19261,2020-12-27,19 day ahead inc hosp,2021-01-15,06059,quantile,0.55,2629.671879341755
19262,2020-12-27,19 day ahead inc hosp,2021-01-15,06059,quantile,0.6,2744.6242935945147
19263,2020-12-27,19 day ahead inc hosp,2021-01-15,06059,quantile,0.65,2863.436737261234
19264,2020-12-27,19 day ahead inc hosp,2021-01-15,06059,quantile,0.7,2988.6471566714868
19265,2020-12-27,19 day ahead inc hosp,2021-01-15,06059,quantile,0.75,3123.768886026122
19266,2020-12-27,19 day ahead inc hosp,2021-01-15,06059,quantile,0.8,3274.233339317001
19267,2020-12-27,19 day ahead inc hosp,2021-01-15,06059,quantile,0.85,3449.618036100679
19268,2020-12-27,19 day ahead inc hosp,2021-01-15,06059,quantile,0.9,3670.292032441546
19269,2020-12-27,19 day ahead inc hosp,2021-01-15,06059,quantile,0.95,3997.3641372572683
19270,2020-12-27,19 day ahead inc hosp,2021-01-15,06059,quantile,0.975,4281.050410620602
19271,2020-12-27,19 day ahead inc hosp,2021-01-15,06059,quantile,0.99,4610.897011120311
19272,2020-12-27,20 day ahead inc hosp,2021-01-16,06059,point,NA,2533.80126953125
19273,2020-12-27,20 day ahead inc hosp,2021-01-16,06059,quantile,0.01,1119.6565108409977
19274,2020-12-27,20 day ahead inc hosp,2021-01-16,06059,quantile,0.025,1342.3746446109558
19275,2020-12-27,20 day ahead inc hosp,2021-01-16,06059,quantile,0.05,1533.9245265376348
19276,2020-12-27,20 day ahead inc hosp,2021-01-16,06059,quantile,0.1,1754.769272799721
19277,2020-12-27,20 day ahead inc hosp,2021-01-16,06059,quantile,0.15,1903.7721746399652
19278,2020-12-27,20 day ahead inc hosp,2021-01-16,06059,quantile,0.2,2022.19495753448
19279,2020-12-27,20 day ahead inc hosp,2021-01-16,06059,quantile,0.25,2123.7911606934426
19280,2020-12-27,20 day ahead inc hosp,2021-01-16,06059,quantile,0.3,2215.027691092853
19281,2020-12-27,20 day ahead inc hosp,2021-01-16,06059,quantile,0.35,2299.5719334690293
19282,2020-12-27,20 day ahead inc hosp,2021-01-16,06059,quantile,0.4,2379.7961518845327
19283,2020-12-27,20 day ahead inc hosp,2021-01-16,06059,quantile,0.45,2457.4140116288486
19284,2020-12-27,20 day ahead inc hosp,2021-01-16,06059,quantile,0.5,2533.80126953125
19285,2020-12-27,20 day ahead inc hosp,2021-01-16,06059,quantile,0.55,2648.8856416109857
19286,2020-12-27,20 day ahead inc hosp,2021-01-16,06059,quantile,0.6,2765.824027621132
19287,2020-12-27,20 day ahead inc hosp,2021-01-16,06059,quantile,0.65,2886.6891307216
19288,2020-12-27,20 day ahead inc hosp,2021-01-16,06059,quantile,0.7,3014.0627439916398
19289,2020-12-27,20 day ahead inc hosp,2021-01-16,06059,quantile,0.75,3151.5188996395536
19290,2020-12-27,20 day ahead inc hosp,2021-01-16,06059,quantile,0.8,3304.5828473096394
19291,2020-12-27,20 day ahead inc hosp,2021-01-16,06059,quantile,0.85,3482.9975722728414
19292,2020-12-27,20 day ahead inc hosp,2021-01-16,06059,quantile,0.9,3707.4840359478767
19293,2020-12-27,20 day ahead inc hosp,2021-01-16,06059,quantile,0.95,4040.206791661324
19294,2020-12-27,20 day ahead inc hosp,2021-01-16,06059,quantile,0.975,4328.7941619743815
19295,2020-12-27,20 day ahead inc hosp,2021-01-16,06059,quantile,0.99,4664.3393468589475
19296,2020-12-27,21 day ahead inc hosp,2021-01-17,06059,point,NA,2879.631103515625
19297,2020-12-27,21 day ahead inc hosp,2021-01-17,06059,quantile,0.01,1432.2712826225682
19298,2020-12-27,21 day ahead inc hosp,2021-01-17,06059,quantile,0.025,1660.2205616634765
19299,2020-12-27,21 day ahead inc hosp,2021-01-17,06059,quantile,0.05,1856.2695171143025
19300,2020-12-27,21 day ahead inc hosp,2021-01-17,06059,quantile,0.1,2082.3014070115646
19301,2020-12-27,21 day ahead inc hosp,2021-01-17,06059,quantile,0.15,2234.8040500364427
19302,2020-12-27,21 day ahead inc hosp,2021-01-17,06059,quantile,0.2,2356.008316280451
19303,2020-12-27,21 day ahead inc hosp,2021-01-17,06059,quantile,0.25,2459.9907844853055
19304,2020-12-27,21 day ahead inc hosp,2021-01-17,06059,quantile,0.3,2553.3702546465483
19305,2020-12-27,21 day ahead inc hosp,2021-01-17,06059,quantile,0.35,2639.900250073929
19306,2020-12-27,21 day ahead inc hosp,2021-01-17,06059,quantile,0.4,2722.0087539478113
19307,2020-12-27,21 day ahead inc hosp,2021-01-17,06059,quantile,0.45,2801.4496816797664
19308,2020-12-27,21 day ahead inc hosp,2021-01-17,06059,quantile,0.5,2879.631103515625
19309,2020-12-27,21 day ahead inc hosp,2021-01-17,06059,quantile,0.55,2992.6196983522673
19310,2020-12-27,21 day ahead inc hosp,2021-01-17,06059,quantile,0.6,3107.428544062412
19311,2020-12-27,21 day ahead inc hosp,2021-01-17,06059,quantile,0.65,3226.092598245599
19312,2020-12-27,21 day ahead inc hosp,2021-01-17,06059,quantile,0.7,3351.1466374914876
19313,2020-12-27,21 day ahead inc hosp,2021-01-17,06059,quantile,0.75,3486.099608061149
19314,2020-12-27,21 day ahead inc hosp,2021-01-17,06059,quantile,0.8,3636.3761404421916
19315,2020-12-27,21 day ahead inc hosp,2021-01-17,06059,quantile,0.85,3811.5417924543626
19316,2020-12-27,21 day ahead inc hosp,2021-01-17,06059,quantile,0.9,4031.9401804554336
19317,2020-12-27,21 day ahead inc hosp,2021-01-17,06059,quantile,0.95,4358.603792194054
19318,2020-12-27,21 day ahead inc hosp,2021-01-17,06059,quantile,0.975,4641.9357587332
19319,2020-12-27,21 day ahead inc hosp,2021-01-17,06059,quantile,0.99,4971.370400980199
19320,2020-12-27,22 day ahead inc hosp,2021-01-18,06059,point,NA,2434.058349609375
19321,2020-12-27,22 day ahead inc hosp,2021-01-18,06059,quantile,0.01,1601.2299283839275
19322,2020-12-27,22 day ahead inc hosp,2021-01-18,06059,quantile,0.025,1732.3947123185685
19323,2020-12-27,22 day ahead inc hosp,2021-01-18,06059,quantile,0.05,1845.2036625837936
19324,2020-12-27,22 day ahead inc hosp,2021-01-18,06059,quantile,0.1,1975.2651575157095
19325,2020-12-27,22 day ahead inc hosp,2021-01-18,06059,quantile,0.15,2063.0170306779405
19326,2020-12-27,22 day ahead inc hosp,2021-01-18,06059,quantile,0.2,2132.759437676293
19327,2020-12-27,22 day ahead inc hosp,2021-01-18,06059,quantile,0.25,2192.5922128992092
19328,2020-12-27,22 day ahead inc hosp,2021-01-18,06059,quantile,0.3,2246.323894259046
19329,2020-12-27,22 day ahead inc hosp,2021-01-18,06059,quantile,0.35,2296.114304660217
19330,2020-12-27,22 day ahead inc hosp,2021-01-18,06059,quantile,0.4,2343.3605351160795
19331,2020-12-27,22 day ahead inc hosp,2021-01-18,06059,quantile,0.45,2389.0718098582965
19332,2020-12-27,22 day ahead inc hosp,2021-01-18,06059,quantile,0.5,2434.058349609375
19333,2020-12-27,22 day ahead inc hosp,2021-01-18,06059,quantile,0.55,2550.655190679496
19334,2020-12-27,22 day ahead inc hosp,2021-01-18,06059,quantile,0.6,2669.1304116171814
19335,2020-12-27,22 day ahead inc hosp,2021-01-18,06059,quantile,0.65,2791.5839555906864
19336,2020-12-27,22 day ahead inc hosp,2021-01-18,06059,quantile,0.7,2920.6315462807947
19337,2020-12-27,22 day ahead inc hosp,2021-01-18,06059,quantile,0.75,3059.8941867641215
19338,2020-12-27,22 day ahead inc hosp,2021-01-18,06059,quantile,0.8,3214.9697409643845
19339,2020-12-27,22 day ahead inc hosp,2021-01-18,06059,quantile,0.85,3395.7292390193493
19340,2020-12-27,22 day ahead inc hosp,2021-01-18,06059,quantile,0.9,3623.165962655264
19341,2020-12-27,22 day ahead inc hosp,2021-01-18,06059,quantile,0.95,3960.261448056661
19342,2020-12-27,22 day ahead inc hosp,2021-01-18,06059,quantile,0.975,4252.64150925144
19343,2020-12-27,22 day ahead inc hosp,2021-01-18,06059,quantile,0.99,4592.596516928099
19344,2020-12-27,23 day ahead inc hosp,2021-01-19,06059,point,NA,2535.951171875
19345,2020-12-27,23 day ahead inc hosp,2021-01-19,06059,quantile,0.01,1737.1878300366802
19346,2020-12-27,23 day ahead inc hosp,2021-01-19,06059,quantile,0.025,1862.987596803734
19347,2020-12-27,23 day ahead inc hosp,2021-01-19,06059,quantile,0.05,1971.1823363282772
19348,2020-12-27,23 day ahead inc hosp,2021-01-19,06059,quantile,0.1,2095.9239417881877
19349,2020-12-27,23 day ahead inc hosp,2021-01-19,06059,quantile,0.15,2180.0865107798886
19350,2020-12-27,23 day ahead inc hosp,2021-01-19,06059,quantile,0.2,2246.9762526067616
19351,2020-12-27,23 day ahead inc hosp,2021-01-19,06059,quantile,0.25,2304.3616951186714
19352,2020-12-27,23 day ahead inc hosp,2021-01-19,06059,quantile,0.3,2355.8955960660273
19353,2020-12-27,23 day ahead inc hosp,2021-01-19,06059,quantile,0.35,2403.6494353802777
19354,2020-12-27,23 day ahead inc hosp,2021-01-19,06059,quantile,0.4,2448.963159031373
19355,2020-12-27,23 day ahead inc hosp,2021-01-19,06059,quantile,0.45,2492.8047110752595
19356,2020-12-27,23 day ahead inc hosp,2021-01-19,06059,quantile,0.5,2535.951171875
19357,2020-12-27,23 day ahead inc hosp,2021-01-19,06059,quantile,0.55,2631.4883707626655
19358,2020-12-27,23 day ahead inc hosp,2021-01-19,06059,quantile,0.6,2728.564677822962
19359,2020-12-27,23 day ahead inc hosp,2021-01-19,06059,quantile,0.65,2828.9007459164413
19360,2020-12-27,23 day ahead inc hosp,2021-01-19,06059,quantile,0.7,2934.639848490587
19361,2020-12-27,23 day ahead inc hosp,2021-01-19,06059,quantile,0.75,3048.7489655075356
19362,2020-12-27,23 day ahead inc hosp,2021-01-19,06059,quantile,0.8,3175.814878514008
19363,2020-12-27,23 day ahead inc hosp,2021-01-19,06059,quantile,0.85,3323.925718893688
19364,2020-12-27,23 day ahead inc hosp,2021-01-19,06059,quantile,0.9,3510.282976096701
19365,2020-12-27,23 day ahead inc hosp,2021-01-19,06059,quantile,0.95,3786.4925040508865
19366,2020-12-27,23 day ahead inc hosp,2021-01-19,06059,quantile,0.975,4026.063077325289
19367,2020-12-27,23 day ahead inc hosp,2021-01-19,06059,quantile,0.99,4304.615642585015
19368,2020-12-27,24 day ahead inc hosp,2021-01-20,06059,point,NA,2664.364501953125
19369,2020-12-27,24 day ahead inc hosp,2021-01-20,06059,quantile,0.01,1864.328512654171
19370,2020-12-27,24 day ahead inc hosp,2021-01-20,06059,quantile,0.025,1990.3287126976898
19371,2020-12-27,24 day ahead inc hosp,2021-01-20,06059,quantile,0.05,2098.695835897469
19372,2020-12-27,24 day ahead inc hosp,2021-01-20,06059,quantile,0.1,2223.6361886948052
19373,2020-12-27,24 day ahead inc hosp,2021-01-20,06059,quantile,0.15,2307.9328515715124
19374,2020-12-27,24 day ahead inc hosp,2021-01-20,06059,quantile,0.2,2374.9291669673257
19375,2020-12-27,24 day ahead inc hosp,2021-01-20,06059,quantile,0.25,2432.406040111896
19376,2020-12-27,24 day ahead inc hosp,2021-01-20,06059,quantile,0.3,2484.0220485931636
19377,2020-12-27,24 day ahead inc hosp,2021-01-20,06059,quantile,0.35,2531.8519727740513
19378,2020-12-27,24 day ahead inc hosp,2021-01-20,06059,quantile,0.4,2577.2378935232305
19379,2020-12-27,24 day ahead inc hosp,2021-01-20,06059,quantile,0.45,2621.149297095043
19380,2020-12-27,24 day ahead inc hosp,2021-01-20,06059,quantile,0.5,2664.364501953125
19381,2020-12-27,24 day ahead inc hosp,2021-01-20,06059,quantile,0.55,2765.9955091872675
19382,2020-12-27,24 day ahead inc hosp,2021-01-20,06059,quantile,0.6,2869.263796095171
19383,2020-12-27,24 day ahead inc hosp,2021-01-20,06059,quantile,0.65,2975.999766805846
19384,2020-12-27,24 day ahead inc hosp,2021-01-20,06059,quantile,0.7,3088.483402748329
19385,2020-12-27,24 day ahead inc hosp,2021-01-20,06059,quantile,0.75,3209.8709317114412
19386,2020-12-27,24 day ahead inc hosp,2021-01-20,06059,quantile,0.8,3345.0417015720695
19387,2020-12-27,24 day ahead inc hosp,2021-01-20,06059,quantile,0.85,3502.5997424748753
19388,2020-12-27,24 day ahead inc hosp,2021-01-20,06059,quantile,0.9,3700.8437351337348
19389,2020-12-27,24 day ahead inc hosp,2021-01-20,06059,quantile,0.95,3994.671195646345
19390,2020-12-27,24 day ahead inc hosp,2021-01-20,06059,quantile,0.975,4249.522697982803
19391,2020-12-27,24 day ahead inc hosp,2021-01-20,06059,quantile,0.99,4545.842645653522
19392,2020-12-27,25 day ahead inc hosp,2021-01-21,06059,point,NA,2839.42333984375
19393,2020-12-27,25 day ahead inc hosp,2021-01-21,06059,quantile,0.01,1916.6193963009036
19394,2020-12-27,25 day ahead inc hosp,2021-01-21,06059,quantile,0.025,2061.9547100150194
19395,2020-12-27,25 day ahead inc hosp,2021-01-21,06059,quantile,0.05,2186.951097648503
19396,2020-12-27,25 day ahead inc hosp,2021-01-21,06059,quantile,0.1,2331.0639273351358
19397,2020-12-27,25 day ahead inc hosp,2021-01-21,06059,quantile,0.15,2428.2961693475127
19398,2020-12-27,25 day ahead inc hosp,2021-01-21,06059,quantile,0.2,2505.5732729741526
19399,2020-12-27,25 day ahead inc hosp,2021-01-21,06059,quantile,0.25,2571.8701470020305
19400,2020-12-27,25 day ahead inc hosp,2021-01-21,06059,quantile,0.3,2631.406788870095
19401,2020-12-27,25 day ahead inc hosp,2021-01-21,06059,quantile,0.35,2686.5763602941947
19402,2020-12-27,25 day ahead inc hosp,2021-01-21,06059,quantile,0.4,2738.9268885315128
19403,2020-12-27,25 day ahead inc hosp,2021-01-21,06059,quantile,0.45,2789.5766304488457
19404,2020-12-27,25 day ahead inc hosp,2021-01-21,06059,quantile,0.5,2839.42333984375
19405,2020-12-27,25 day ahead inc hosp,2021-01-21,06059,quantile,0.55,2962.7259977547515
19406,2020-12-27,25 day ahead inc hosp,2021-01-21,06059,quantile,0.6,3088.015066516265
19407,2020-12-27,25 day ahead inc hosp,2021-01-21,06059,quantile,0.65,3217.511263016773
19408,2020-12-27,25 day ahead inc hosp,2021-01-21,06059,quantile,0.7,3353.9807486654618
19409,2020-12-27,25 day ahead inc hosp,2021-01-21,06059,quantile,0.75,3501.2527807522615
19410,2020-12-27,25 day ahead inc hosp,2021-01-21,06059,quantile,0.8,3665.2471723191356
19411,2020-12-27,25 day ahead inc hosp,2021-01-21,06059,quantile,0.85,3856.40266459728
19412,2020-12-27,25 day ahead inc hosp,2021-01-21,06059,quantile,0.9,4096.919922813674
19413,2020-12-27,25 day ahead inc hosp,2021-01-21,06059,quantile,0.95,4453.402730909602
19414,2020-12-27,25 day ahead inc hosp,2021-01-21,06059,quantile,0.975,4762.598403233317
19415,2020-12-27,25 day ahead inc hosp,2021-01-21,06059,quantile,0.99,5122.105192885345
19416,2020-12-27,26 day ahead inc hosp,2021-01-22,06059,point,NA,2668.01025390625
19417,2020-12-27,26 day ahead inc hosp,2021-01-22,06059,quantile,0.01,1896.2833226753437
19418,2020-12-27,26 day ahead inc hosp,2021-01-22,06059,quantile,0.025,2017.825039566444
19419,2020-12-27,26 day ahead inc hosp,2021-01-22,06059,quantile,0.05,2122.3576212901353
19420,2020-12-27,26 day ahead inc hosp,2021-01-22,06059,quantile,0.1,2242.8769933444914
19421,2020-12-27,26 day ahead inc hosp,2021-01-22,06059,quantile,0.15,2324.1908415025628
19422,2020-12-27,26 day ahead inc hosp,2021-01-22,06059,quantile,0.2,2388.816510317155
19423,2020-12-27,26 day ahead inc hosp,2021-01-22,06059,quantile,0.25,2444.2595797814115
19424,2020-12-27,26 day ahead inc hosp,2021-01-22,06059,quantile,0.3,2494.049169700412
19425,2020-12-27,26 day ahead inc hosp,2021-01-22,06059,quantile,0.35,2540.186644892582
19426,2020-12-27,26 day ahead inc hosp,2021-01-22,06059,quantile,0.4,2583.9665970564156
19427,2020-12-27,26 day ahead inc hosp,2021-01-22,06059,quantile,0.45,2626.324207436183
19428,2020-12-27,26 day ahead inc hosp,2021-01-22,06059,quantile,0.5,2668.01025390625
19429,2020-12-27,26 day ahead inc hosp,2021-01-22,06059,quantile,0.55,2781.9457573050704
19430,2020-12-27,26 day ahead inc hosp,2021-01-22,06059,quantile,0.6,2897.7167663129703
19431,2020-12-27,26 day ahead inc hosp,2021-01-22,06059,quantile,0.65,3017.3752926293078
19432,2020-12-27,26 day ahead inc hosp,2021-01-22,06059,quantile,0.7,3143.4773557104163
19433,2020-12-27,26 day ahead inc hosp,2021-01-22,06059,quantile,0.75,3279.5613087788743
19434,2020-12-27,26 day ahead inc hosp,2021-01-22,06059,quantile,0.8,3431.0972438050403
19435,2020-12-27,26 day ahead inc hosp,2021-01-22,06059,quantile,0.85,3607.730883413036
19436,2020-12-27,26 day ahead inc hosp,2021-01-22,06059,quantile,0.9,3829.9763350136695
19437,2020-12-27,26 day ahead inc hosp,2021-01-22,06059,quantile,0.95,4159.377573247731
19438,2020-12-27,26 day ahead inc hosp,2021-01-22,06059,quantile,0.975,4445.084022498539
19439,2020-12-27,26 day ahead inc hosp,2021-01-22,06059,quantile,0.99,4777.279514049601
19440,2020-12-27,27 day ahead inc hosp,2021-01-23,06059,point,NA,2723.263671875
19441,2020-12-27,27 day ahead inc hosp,2021-01-23,06059,quantile,0.01,1250.4700702850703
19442,2020-12-27,27 day ahead inc hosp,2021-01-23,06059,quantile,0.025,1482.4249959450476
19443,2020-12-27,27 day ahead inc hosp,2021-01-23,06059,quantile,0.05,1681.9190284712554
19444,2020-12-27,27 day ahead inc hosp,2021-01-23,06059,quantile,0.1,1911.922871600299
19445,2020-12-27,27 day ahead inc hosp,2021-01-23,06059,quantile,0.15,2067.1053726137698
19446,2020-12-27,27 day ahead inc hosp,2021-01-23,06059,quantile,0.2,2190.4395050338844
19447,2020-12-27,27 day ahead inc hosp,2021-01-23,06059,quantile,0.25,2296.249208770958
19448,2020-12-27,27 day ahead inc hosp,2021-01-23,06059,quantile,0.3,2391.2695929132215
19449,2020-12-27,27 day ahead inc hosp,2021-01-23,06059,quantile,0.35,2479.320139689087
19450,2020-12-27,27 day ahead inc hosp,2021-01-23,06059,quantile,0.4,2562.87149809764
19451,2020-12-27,27 day ahead inc hosp,2021-01-23,06059,quantile,0.45,2643.708404289909
19452,2020-12-27,27 day ahead inc hosp,2021-01-23,06059,quantile,0.5,2723.263671875
19453,2020-12-27,27 day ahead inc hosp,2021-01-23,06059,quantile,0.55,2841.5082304822863
19454,2020-12-27,27 day ahead inc hosp,2021-01-23,06059,quantile,0.6,2961.6577137538984
19455,2020-12-27,27 day ahead inc hosp,2021-01-23,06059,quantile,0.65,3085.841740732272
19456,2020-12-27,27 day ahead inc hosp,2021-01-23,06059,quantile,0.7,3216.712999854196
19457,2020-12-27,27 day ahead inc hosp,2021-01-23,06059,quantile,0.75,3357.9436653105004
19458,2020-12-27,27 day ahead inc hosp,2021-01-23,06059,quantile,0.8,3515.210708644571
19459,2020-12-27,27 day ahead inc hosp,2021-01-23,06059,quantile,0.85,3698.524654935189
19460,2020-12-27,27 day ahead inc hosp,2021-01-23,06059,quantile,0.9,3929.175457740753
19461,2020-12-27,27 day ahead inc hosp,2021-01-23,06059,quantile,0.95,4271.034692639111
19462,2020-12-27,27 day ahead inc hosp,2021-01-23,06059,quantile,0.975,4567.546596085589
19463,2020-12-27,27 day ahead inc hosp,2021-01-23,06059,quantile,0.99,4912.305763316272
19464,2020-12-27,28 day ahead inc hosp,2021-01-24,06059,point,NA,2713.345947265625
19465,2020-12-27,28 day ahead inc hosp,2021-01-24,06059,quantile,0.01,1260.8973823871097
19466,2020-12-27,28 day ahead inc hosp,2021-01-24,06059,quantile,0.025,1489.648103824003
19467,2020-12-27,28 day ahead inc hosp,2021-01-24,06059,quantile,0.05,1686.3863439492443
19468,2020-12-27,28 day ahead inc hosp,2021-01-24,06059,quantile,0.1,1913.212934931636
19469,2020-12-27,28 day ahead inc hosp,2021-01-24,06059,quantile,0.15,2066.2517590057987
19470,2020-12-27,28 day ahead inc hosp,2021-01-24,06059,quantile,0.2,2187.8821649504935
19471,2020-12-27,28 day ahead inc hosp,2021-01-24,06059,quantile,0.25,2292.230223074339
19472,2020-12-27,28 day ahead inc hosp,2021-01-24,06059,quantile,0.3,2385.9380042818666
19473,2020-12-27,28 day ahead inc hosp,2021-01-24,06059,quantile,0.35,2472.7722288217574
19474,2020-12-27,28 day ahead inc hosp,2021-01-24,06059,quantile,0.4,2555.1694163727816
19475,2020-12-27,28 day ahead inc hosp,2021-01-24,06059,quantile,0.45,2634.889648903281
19476,2020-12-27,28 day ahead inc hosp,2021-01-24,06059,quantile,0.5,2713.345947265625
19477,2020-12-27,28 day ahead inc hosp,2021-01-24,06059,quantile,0.55,2825.2757854308857
19478,2020-12-27,28 day ahead inc hosp,2021-01-24,06059,quantile,0.6,2939.008817856469
19479,2020-12-27,28 day ahead inc hosp,2021-01-24,06059,quantile,0.65,3056.5609336249754
19480,2020-12-27,28 day ahead inc hosp,2021-01-24,06059,quantile,0.7,3180.443157268358
19481,2020-12-27,28 day ahead inc hosp,2021-01-24,06059,quantile,0.75,3314.131554558566
19482,2020-12-27,28 day ahead inc hosp,2021-01-24,06059,quantile,0.8,3462.999924625168
19483,2020-12-27,28 day ahead inc hosp,2021-01-24,06059,quantile,0.85,3636.524191478661
19484,2020-12-27,28 day ahead inc hosp,2021-01-24,06059,quantile,0.9,3854.85734215206
19485,2020-12-27,28 day ahead inc hosp,2021-01-24,06059,quantile,0.95,4178.459961064583
19486,2020-12-27,28 day ahead inc hosp,2021-01-24,06059,quantile,0.975,4459.136972825127
19487,2020-12-27,28 day ahead inc hosp,2021-01-24,06059,quantile,0.99,4785.484656377158
19488,2020-12-27,1 day ahead inc hosp,2020-12-28,06061,point,NA,217.3771514892578
19489,2020-12-27,1 day ahead inc hosp,2020-12-28,06061,quantile,0.01,148.80936484993452
19490,2020-12-27,1 day ahead inc hosp,2020-12-28,06061,quantile,0.025,159.6083225826568
19491,2020-12-27,1 day ahead inc hosp,2020-12-28,06061,quantile,0.05,168.8960219882683
19492,2020-12-27,1 day ahead inc hosp,2020-12-28,06061,quantile,0.1,179.60414458254863
19493,2020-12-27,1 day ahead inc hosp,2020-12-28,06061,quantile,0.15,186.82886405998352
19494,2020-12-27,1 day ahead inc hosp,2020-12-28,06061,quantile,0.2,192.57084207238057
19495,2020-12-27,1 day ahead inc hosp,2020-12-28,06061,quantile,0.25,197.49694793160043
19496,2020-12-27,1 day ahead inc hosp,2020-12-28,06061,quantile,0.3,201.92074324088188
19497,2020-12-27,1 day ahead inc hosp,2020-12-28,06061,quantile,0.35,206.02004887222472
19498,2020-12-27,1 day ahead inc hosp,2020-12-28,06061,quantile,0.4,209.90988904439735
19499,2020-12-27,1 day ahead inc hosp,2020-12-28,06061,quantile,0.45,213.67335442772796
19500,2020-12-27,1 day ahead inc hosp,2020-12-28,06061,quantile,0.5,217.3771514892578
19501,2020-12-27,1 day ahead inc hosp,2020-12-28,06061,quantile,0.55,227.33030250500562
19502,2020-12-27,1 day ahead inc hosp,2020-12-28,06061,quantile,0.6,237.4437991897717
19503,2020-12-27,1 day ahead inc hosp,2020-12-28,06061,quantile,0.65,247.89690070089094
19504,2020-12-27,1 day ahead inc hosp,2020-12-28,06061,quantile,0.7,258.9128951872648
19505,2020-12-27,1 day ahead inc hosp,2020-12-28,06061,quantile,0.75,270.8008852808278
19506,2020-12-27,1 day ahead inc hosp,2020-12-28,06061,quantile,0.8,284.0387259945205
19507,2020-12-27,1 day ahead inc hosp,2020-12-28,06061,quantile,0.85,299.46904610576473
19508,2020-12-27,1 day ahead inc hosp,2020-12-28,06061,quantile,0.9,318.88391220418475
19509,2020-12-27,1 day ahead inc hosp,2020-12-28,06061,quantile,0.95,347.6596684093561
19510,2020-12-27,1 day ahead inc hosp,2020-12-28,06061,quantile,0.975,372.61834547432983
19511,2020-12-27,1 day ahead inc hosp,2020-12-28,06061,quantile,0.99,401.638201406195
19512,2020-12-27,2 day ahead inc hosp,2020-12-29,06061,point,NA,227.05860900878906
19513,2020-12-27,2 day ahead inc hosp,2020-12-29,06061,quantile,0.01,151.10808625470517
19514,2020-12-27,2 day ahead inc hosp,2020-12-29,06061,quantile,0.025,163.06977446426944
19515,2020-12-27,2 day ahead inc hosp,2020-12-29,06061,quantile,0.05,173.35748622532608
19516,2020-12-27,2 day ahead inc hosp,2020-12-29,06061,quantile,0.1,185.21855902075438
19517,2020-12-27,2 day ahead inc hosp,2020-12-29,06061,quantile,0.15,193.2211685252604
19518,2020-12-27,2 day ahead inc hosp,2020-12-29,06061,quantile,0.2,199.58138887155795
19519,2020-12-27,2 day ahead inc hosp,2020-12-29,06061,quantile,0.25,205.03789160392319
19520,2020-12-27,2 day ahead inc hosp,2020-12-29,06061,quantile,0.3,209.93799969789367
19521,2020-12-27,2 day ahead inc hosp,2020-12-29,06061,quantile,0.35,214.47868010904602
19522,2020-12-27,2 day ahead inc hosp,2020-12-29,06061,quantile,0.4,218.78734178512406
19523,2020-12-27,2 day ahead inc hosp,2020-12-29,06061,quantile,0.45,222.95602182046488
19524,2020-12-27,2 day ahead inc hosp,2020-12-29,06061,quantile,0.5,227.05860900878906
19525,2020-12-27,2 day ahead inc hosp,2020-12-29,06061,quantile,0.55,235.48815933631877
19526,2020-12-27,2 day ahead inc hosp,2020-12-29,06061,quantile,0.6,244.05351006360652
19527,2020-12-27,2 day ahead inc hosp,2020-12-29,06061,quantile,0.65,252.9064798545141
19528,2020-12-27,2 day ahead inc hosp,2020-12-29,06061,quantile,0.7,262.2361765288392
19529,2020-12-27,2 day ahead inc hosp,2020-12-29,06061,quantile,0.75,272.3043861469101
19530,2020-12-27,2 day ahead inc hosp,2020-12-29,06061,quantile,0.8,283.51581500469985
19531,2020-12-27,2 day ahead inc hosp,2020-12-29,06061,quantile,0.85,296.5841046088493
19532,2020-12-27,2 day ahead inc hosp,2020-12-29,06061,quantile,0.9,313.0269969773005
19533,2020-12-27,2 day ahead inc hosp,2020-12-29,06061,quantile,0.95,337.39784041777773
19534,2020-12-27,2 day ahead inc hosp,2020-12-29,06061,quantile,0.975,358.53591258154563
19535,2020-12-27,2 day ahead inc hosp,2020-12-29,06061,quantile,0.99,383.1134896411397
19536,2020-12-27,3 day ahead inc hosp,2020-12-30,06061,point,NA,234.6520538330078
19537,2020-12-27,3 day ahead inc hosp,2020-12-30,06061,quantile,0.01,160.74472625209415
19538,2020-12-27,3 day ahead inc hosp,2020-12-30,06061,quantile,0.025,172.38462518718717
19539,2020-12-27,3 day ahead inc hosp,2020-12-30,06061,quantile,0.05,182.39558041977045
19540,2020-12-27,3 day ahead inc hosp,2020-12-30,06061,quantile,0.1,193.93757066243336
19541,2020-12-27,3 day ahead inc hosp,2020-12-30,06061,quantile,0.15,201.72489668343638
19542,2020-12-27,3 day ahead inc hosp,2020-12-30,06061,quantile,0.2,207.91401654167106
19543,2020-12-27,3 day ahead inc hosp,2020-12-30,06061,quantile,0.25,213.22373029035467
19544,2020-12-27,3 day ahead inc hosp,2020-12-30,06061,quantile,0.3,217.99201734027483
19545,2020-12-27,3 day ahead inc hosp,2020-12-30,06061,quantile,0.35,222.41054590885176
19546,2020-12-27,3 day ahead inc hosp,2020-12-30,06061,quantile,0.4,226.6032974315805
19547,2020-12-27,3 day ahead inc hosp,2020-12-30,06061,quantile,0.45,230.6598330521386
19548,2020-12-27,3 day ahead inc hosp,2020-12-30,06061,quantile,0.5,234.6520538330078
19549,2020-12-27,3 day ahead inc hosp,2020-12-30,06061,quantile,0.55,243.85334019928868
19550,2020-12-27,3 day ahead inc hosp,2020-12-30,06061,quantile,0.6,253.20285966440386
19551,2020-12-27,3 day ahead inc hosp,2020-12-30,06061,quantile,0.65,262.86633008371456
19552,2020-12-27,3 day ahead inc hosp,2020-12-30,06061,quantile,0.7,273.0501723381045
19553,2020-12-27,3 day ahead inc hosp,2020-12-30,06061,quantile,0.75,284.04013933421624
19554,2020-12-27,3 day ahead inc hosp,2020-12-30,06061,quantile,0.8,296.27798874343137
19555,2020-12-27,3 day ahead inc hosp,2020-12-30,06061,quantile,0.85,310.54269685871094
19556,2020-12-27,3 day ahead inc hosp,2020-12-30,06061,quantile,0.9,328.4909569074046
19557,2020-12-27,3 day ahead inc hosp,2020-12-30,06061,quantile,0.95,355.09298201795923
19558,2020-12-27,3 day ahead inc hosp,2020-12-30,06061,quantile,0.975,378.1662715355197
19559,2020-12-27,3 day ahead inc hosp,2020-12-30,06061,quantile,0.99,404.9939569905911
19560,2020-12-27,4 day ahead inc hosp,2020-12-31,06061,point,NA,251.66604614257812
19561,2020-12-27,4 day ahead inc hosp,2020-12-31,06061,quantile,0.01,167.86173874638192
19562,2020-12-27,4 day ahead inc hosp,2020-12-31,06061,quantile,0.025,181.06034435621464
19563,2020-12-27,4 day ahead inc hosp,2020-12-31,06061,quantile,0.05,192.41187331959753
19564,2020-12-27,4 day ahead inc hosp,2020-12-31,06061,quantile,0.1,205.49945921831716
19565,2020-12-27,4 day ahead inc hosp,2020-12-31,06061,quantile,0.15,214.32959129072984
19566,2020-12-27,4 day ahead inc hosp,2020-12-31,06061,quantile,0.2,221.34750034100034
19567,2020-12-27,4 day ahead inc hosp,2020-12-31,06061,quantile,0.25,227.36824141966173
19568,2020-12-27,4 day ahead inc hosp,2020-12-31,06061,quantile,0.3,232.7750529871254
19569,2020-12-27,4 day ahead inc hosp,2020-12-31,06061,quantile,0.35,237.78526968038227
19570,2020-12-27,4 day ahead inc hosp,2020-12-31,06061,quantile,0.4,242.53947537212437
19571,2020-12-27,4 day ahead inc hosp,2020-12-31,06061,quantile,0.45,247.13922439885908
19572,2020-12-27,4 day ahead inc hosp,2020-12-31,06061,quantile,0.5,251.66604614257812
19573,2020-12-27,4 day ahead inc hosp,2020-12-31,06061,quantile,0.55,263.0025246482835
19574,2020-12-27,4 day ahead inc hosp,2020-12-31,06061,quantile,0.6,274.5216342853193
19575,2020-12-27,4 day ahead inc hosp,2020-12-31,06061,quantile,0.65,286.4275483432159
19576,2020-12-27,4 day ahead inc hosp,2020-12-31,06061,quantile,0.7,298.9745884229009
19577,2020-12-27,4 day ahead inc hosp,2020-12-31,06061,quantile,0.75,312.5148174376609
19578,2020-12-27,4 day ahead inc hosp,2020-12-31,06061,quantile,0.8,327.5925045415025
19579,2020-12-27,4 day ahead inc hosp,2020-12-31,06061,quantile,0.85,345.16739032395543
19580,2020-12-27,4 day ahead inc hosp,2020-12-31,06061,quantile,0.9,367.28060973232687
19581,2020-12-27,4 day ahead inc hosp,2020-12-31,06061,quantile,0.95,400.05573202166084
19582,2020-12-27,4 day ahead inc hosp,2020-12-31,06061,quantile,0.975,428.4832627232694
19583,2020-12-27,4 day ahead inc hosp,2020-12-31,06061,quantile,0.99,461.5364106650359
19584,2020-12-27,5 day ahead inc hosp,2021-01-01,06061,point,NA,246.7416534423828
19585,2020-12-27,5 day ahead inc hosp,2021-01-01,06061,quantile,0.01,172.33073966596496
19586,2020-12-27,5 day ahead inc hosp,2021-01-01,06061,quantile,0.025,184.04994998482243
19587,2020-12-27,5 day ahead inc hosp,2021-01-01,06061,quantile,0.05,194.1291173828831
19588,2020-12-27,5 day ahead inc hosp,2021-01-01,06061,quantile,0.1,205.74975188376902
19589,2020-12-27,5 day ahead inc hosp,2021-01-01,06061,quantile,0.15,213.59013881243072
19590,2020-12-27,5 day ahead inc hosp,2021-01-01,06061,quantile,0.2,219.82142979800747
19591,2020-12-27,5 day ahead inc hosp,2021-01-01,06061,quantile,0.25,225.16732261896223
19592,2020-12-27,5 day ahead inc hosp,2021-01-01,06061,quantile,0.3,229.96809959394307
19593,2020-12-27,5 day ahead inc hosp,2021-01-01,06061,quantile,0.35,234.41673492005555
19594,2020-12-27,5 day ahead inc hosp,2021-01-01,06061,quantile,0.4,238.63805481153923
19595,2020-12-27,5 day ahead inc hosp,2021-01-01,06061,quantile,0.45,242.7222306594868
19596,2020-12-27,5 day ahead inc hosp,2021-01-01,06061,quantile,0.5,246.7416534423828
19597,2020-12-27,5 day ahead inc hosp,2021-01-01,06061,quantile,0.55,257.70024766945
19598,2020-12-27,5 day ahead inc hosp,2021-01-01,06061,quantile,0.6,268.83538529669863
19599,2020-12-27,5 day ahead inc hosp,2021-01-01,06061,quantile,0.65,280.3444338074121
19600,2020-12-27,5 day ahead inc hosp,2021-01-01,06061,quantile,0.7,292.4732373785403
19601,2020-12-27,5 day ahead inc hosp,2021-01-01,06061,quantile,0.75,305.5621234413189
19602,2020-12-27,5 day ahead inc hosp,2021-01-01,06061,quantile,0.8,320.1372187648383
19603,2020-12-27,5 day ahead inc hosp,2021-01-01,06061,quantile,0.85,337.1262724449582
19604,2020-12-27,5 day ahead inc hosp,2021-01-01,06061,quantile,0.9,358.5023812982049
19605,2020-12-27,5 day ahead inc hosp,2021-01-01,06061,quantile,0.95,390.1849947068182
19606,2020-12-27,5 day ahead inc hosp,2021-01-01,06061,quantile,0.975,417.6649368845976
19607,2020-12-27,5 day ahead inc hosp,2021-01-01,06061,quantile,0.99,449.6163083831407
19608,2020-12-27,6 day ahead inc hosp,2021-01-02,06061,point,NA,261.355712890625
19609,2020-12-27,6 day ahead inc hosp,2021-01-02,06061,quantile,0.01,116.64189351029083
19610,2020-12-27,6 day ahead inc hosp,2021-01-02,06061,quantile,0.025,139.43333093920145
19611,2020-12-27,6 day ahead inc hosp,2021-01-02,06061,quantile,0.05,159.035224483067
19612,2020-12-27,6 day ahead inc hosp,2021-01-02,06061,quantile,0.1,181.6349523576498
19613,2020-12-27,6 day ahead inc hosp,2021-01-02,06061,quantile,0.15,196.882881462182
19614,2020-12-27,6 day ahead inc hosp,2021-01-02,06061,quantile,0.2,209.00145214527504
19615,2020-12-27,6 day ahead inc hosp,2021-01-02,06061,quantile,0.25,219.39810673337456
19616,2020-12-27,6 day ahead inc hosp,2021-01-02,06061,quantile,0.3,228.7346238756062
19617,2020-12-27,6 day ahead inc hosp,2021-01-02,06061,quantile,0.35,237.38629842708895
19618,2020-12-27,6 day ahead inc hosp,2021-01-02,06061,quantile,0.4,245.59589152734708
19619,2020-12-27,6 day ahead inc hosp,2021-01-02,06061,quantile,0.45,253.53876786069372
19620,2020-12-27,6 day ahead inc hosp,2021-01-02,06061,quantile,0.5,261.355712890625
19621,2020-12-27,6 day ahead inc hosp,2021-01-02,06061,quantile,0.55,272.4892926907207
19622,2020-12-27,6 day ahead inc hosp,2021-01-02,06061,quantile,0.6,283.8022349157198
19623,2020-12-27,6 day ahead inc hosp,2021-01-02,06061,quantile,0.65,295.49505859019337
19624,2020-12-27,6 day ahead inc hosp,2021-01-02,06061,quantile,0.7,307.81753350265126
19625,2020-12-27,6 day ahead inc hosp,2021-01-02,06061,quantile,0.75,321.1154213936336
19626,2020-12-27,6 day ahead inc hosp,2021-01-02,06061,quantile,0.8,335.9232501640061
19627,2020-12-27,6 day ahead inc hosp,2021-01-02,06061,quantile,0.85,353.1835831005552
19628,2020-12-27,6 day ahead inc hosp,2021-01-02,06061,quantile,0.9,374.901023202984
19629,2020-12-27,6 day ahead inc hosp,2021-01-02,06061,quantile,0.95,407.08954094088176
19630,2020-12-27,6 day ahead inc hosp,2021-01-02,06061,quantile,0.975,435.00827967679004
19631,2020-12-27,6 day ahead inc hosp,2021-01-02,06061,quantile,0.99,467.46984700290636
19632,2020-12-27,7 day ahead inc hosp,2021-01-03,06061,point,NA,256.2315979003906
19633,2020-12-27,7 day ahead inc hosp,2021-01-03,06061,quantile,0.01,114.60098991618179
19634,2020-12-27,7 day ahead inc hosp,2021-01-03,06061,quantile,0.025,136.90684262404923
19635,2020-12-27,7 day ahead inc hosp,2021-01-03,06061,quantile,0.05,156.09110651914403
19636,2020-12-27,7 day ahead inc hosp,2021-01-03,06061,quantile,0.1,178.20933415532105
19637,2020-12-27,7 day ahead inc hosp,2021-01-03,06061,quantile,0.15,193.13239733492836
19638,2020-12-27,7 day ahead inc hosp,2021-01-03,06061,quantile,0.2,204.99277487935046
19639,2020-12-27,7 day ahead inc hosp,2021-01-03,06061,quantile,0.25,215.16792274442332
19640,2020-12-27,7 day ahead inc hosp,2021-01-03,06061,quantile,0.3,224.305520003424
19641,2020-12-27,7 day ahead inc hosp,2021-01-03,06061,quantile,0.35,232.77286563810446
19642,2020-12-27,7 day ahead inc hosp,2021-01-03,06061,quantile,0.4,240.8075486218813
19643,2020-12-27,7 day ahead inc hosp,2021-01-03,06061,quantile,0.45,248.581197393314
19644,2020-12-27,7 day ahead inc hosp,2021-01-03,06061,quantile,0.5,256.2315979003906
19645,2020-12-27,7 day ahead inc hosp,2021-01-03,06061,quantile,0.55,267.27568598278776
19646,2020-12-27,7 day ahead inc hosp,2021-01-03,06061,quantile,0.6,278.4976947748643
19647,2020-12-27,7 day ahead inc hosp,2021-01-03,06061,quantile,0.65,290.09653152921305
19648,2020-12-27,7 day ahead inc hosp,2021-01-03,06061,quantile,0.7,302.3199583847105
19649,2020-12-27,7 day ahead inc hosp,2021-01-03,06061,quantile,0.75,315.51095784892493
19650,2020-12-27,7 day ahead inc hosp,2021-01-03,06061,quantile,0.8,330.1997612872982
19651,2020-12-27,7 day ahead inc hosp,2021-01-03,06061,quantile,0.85,347.32135566264094
19652,2020-12-27,7 day ahead inc hosp,2021-01-03,06061,quantile,0.9,368.86423097515683
19653,2020-12-27,7 day ahead inc hosp,2021-01-03,06061,quantile,0.95,400.7940173980368
19654,2020-12-27,7 day ahead inc hosp,2021-01-03,06061,quantile,0.975,428.4883453037974
19655,2020-12-27,7 day ahead inc hosp,2021-01-03,06061,quantile,0.99,460.6889865422256
19656,2020-12-27,8 day ahead inc hosp,2021-01-04,06061,point,NA,230.00253295898438
19657,2020-12-27,8 day ahead inc hosp,2021-01-04,06061,quantile,0.01,157.86689538601752
19658,2020-12-27,8 day ahead inc hosp,2021-01-04,06061,quantile,0.025,169.22776525441566
19659,2020-12-27,8 day ahead inc hosp,2021-01-04,06061,quantile,0.05,178.9987400962027
19660,2020-12-27,8 day ahead inc hosp,2021-01-04,06061,quantile,0.1,190.2640483175551
19661,2020-12-27,8 day ahead inc hosp,2021-01-04,06061,quantile,0.15,197.8646982923308
19662,2020-12-27,8 day ahead inc hosp,2021-01-04,06061,quantile,0.2,203.90545394677503
19663,2020-12-27,8 day ahead inc hosp,2021-01-04,06061,quantile,0.25,209.0878844192057
19664,2020-12-27,8 day ahead inc hosp,2021-01-04,06061,quantile,0.3,213.74186715319564
19665,2020-12-27,8 day ahead inc hosp,2021-01-04,06061,quantile,0.35,218.05447573831486
19666,2020-12-27,8 day ahead inc hosp,2021-01-04,06061,quantile,0.4,222.14671955467998
19667,2020-12-27,8 day ahead inc hosp,2021-01-04,06061,quantile,0.45,226.10601280616507
19668,2020-12-27,8 day ahead inc hosp,2021-01-04,06061,quantile,0.5,230.00253295898438
19669,2020-12-27,8 day ahead inc hosp,2021-01-04,06061,quantile,0.55,239.335008651597
19670,2020-12-27,8 day ahead inc hosp,2021-01-04,06061,quantile,0.6,248.81783090844453
19671,2020-12-27,8 day ahead inc hosp,2021-01-04,06061,quantile,0.65,258.6190803429788
19672,2020-12-27,8 day ahead inc hosp,2021-01-04,06061,quantile,0.7,268.94812092634567
19673,2020-12-27,8 day ahead inc hosp,2021-01-04,06061,quantile,0.75,280.09477974892974
19674,2020-12-27,8 day ahead inc hosp,2021-01-04,06061,quantile,0.8,292.50711293745945
19675,2020-12-27,8 day ahead inc hosp,2021-01-04,06061,quantile,0.85,306.97520320752346
19676,2020-12-27,8 day ahead inc hosp,2021-01-04,06061,quantile,0.9,325.1793644477335
19677,2020-12-27,8 day ahead inc hosp,2021-01-04,06061,quantile,0.95,352.160673672964
19678,2020-12-27,8 day ahead inc hosp,2021-01-04,06061,quantile,0.975,375.5629355958567
19679,2020-12-27,8 day ahead inc hosp,2021-01-04,06061,quantile,0.99,402.77312256667136
19680,2020-12-27,9 day ahead inc hosp,2021-01-05,06061,point,NA,238.37435913085938
19681,2020-12-27,9 day ahead inc hosp,2021-01-05,06061,quantile,0.01,162.09186608078505
19682,2020-12-27,9 day ahead inc hosp,2021-01-05,06061,quantile,0.025,174.10583734294042
19683,2020-12-27,9 day ahead inc hosp,2021-01-05,06061,quantile,0.05,184.43851541356995
19684,2020-12-27,9 day ahead inc hosp,2021-01-05,06061,quantile,0.1,196.35143148411845
19685,2020-12-27,9 day ahead inc hosp,2021-01-05,06061,quantile,0.15,204.38901940022157
19686,2020-12-27,9 day ahead inc hosp,2021-01-05,06061,quantile,0.2,210.77703947921827
19687,2020-12-27,9 day ahead inc hosp,2021-01-05,06061,quantile,0.25,216.25739190690425
19688,2020-12-27,9 day ahead inc hosp,2021-01-05,06061,quantile,0.3,221.17891776437858
19689,2020-12-27,9 day ahead inc hosp,2021-01-05,06061,quantile,0.35,225.73944492530205
19690,2020-12-27,9 day ahead inc hosp,2021-01-05,06061,quantile,0.4,230.06693922609503
19691,2020-12-27,9 day ahead inc hosp,2021-01-05,06061,quantile,0.45,234.25384004379575
19692,2020-12-27,9 day ahead inc hosp,2021-01-05,06061,quantile,0.5,238.37435913085938
19693,2020-12-27,9 day ahead inc hosp,2021-01-05,06061,quantile,0.55,246.69225309318423
19694,2020-12-27,9 day ahead inc hosp,2021-01-05,06061,quantile,0.6,255.14414866666738
19695,2020-12-27,9 day ahead inc hosp,2021-01-05,06061,quantile,0.65,263.87985355141586
19696,2020-12-27,9 day ahead inc hosp,2021-01-05,06061,quantile,0.7,273.08597067776475
19697,2020-12-27,9 day ahead inc hosp,2021-01-05,06061,quantile,0.75,283.02081853318
19698,2020-12-27,9 day ahead inc hosp,2021-01-05,06061,quantile,0.8,294.0837427440581
19699,2020-12-27,9 day ahead inc hosp,2021-01-05,06061,quantile,0.85,306.9789320451133
19700,2020-12-27,9 day ahead inc hosp,2021-01-05,06061,quantile,0.9,323.2040247061092
19701,2020-12-27,9 day ahead inc hosp,2021-01-05,06061,quantile,0.95,347.2520561708808
19702,2020-12-27,9 day ahead inc hosp,2021-01-05,06061,quantile,0.975,368.1101370879584
19703,2020-12-27,9 day ahead inc hosp,2021-01-05,06061,quantile,0.99,392.3621638140959
19704,2020-12-27,10 day ahead inc hosp,2021-01-06,06061,point,NA,237.3995819091797
19705,2020-12-27,10 day ahead inc hosp,2021-01-06,06061,quantile,0.01,162.0503293495605
19706,2020-12-27,10 day ahead inc hosp,2021-01-06,06061,quantile,0.025,173.91732161319723
19707,2020-12-27,10 day ahead inc hosp,2021-01-06,06061,quantile,0.05,184.12358963658278
19708,2020-12-27,10 day ahead inc hosp,2021-01-06,06061,quantile,0.1,195.89076301844995
19709,2020-12-27,10 day ahead inc hosp,2021-01-06,06061,quantile,0.15,203.83001903441476
19710,2020-12-27,10 day ahead inc hosp,2021-01-06,06061,quantile,0.2,210.13988803636622
19711,2020-12-27,10 day ahead inc hosp,2021-01-06,06061,quantile,0.25,215.55319379865122
19712,2020-12-27,10 day ahead inc hosp,2021-01-06,06061,quantile,0.3,220.41450967843116
19713,2020-12-27,10 day ahead inc hosp,2021-01-06,06061,quantile,0.35,224.91924332194037
19714,2020-12-27,10 day ahead inc hosp,2021-01-06,06061,quantile,0.4,229.19379503076715
19715,2020-12-27,10 day ahead inc hosp,2021-01-06,06061,quantile,0.45,233.32947327804095
19716,2020-12-27,10 day ahead inc hosp,2021-01-06,06061,quantile,0.5,237.3995819091797
19717,2020-12-27,10 day ahead inc hosp,2021-01-06,06061,quantile,0.55,246.6242620019972
19718,2020-12-27,10 day ahead inc hosp,2021-01-06,06061,quantile,0.6,255.99755206753815
19719,2020-12-27,10 day ahead inc hosp,2021-01-06,06061,quantile,0.65,265.6855912890125
19720,2020-12-27,10 day ahead inc hosp,2021-01-06,06061,quantile,0.7,275.8953253601885
19721,2020-12-27,10 day ahead inc hosp,2021-01-06,06061,quantile,0.75,286.9132336975778
19722,2020-12-27,10 day ahead inc hosp,2021-01-06,06061,quantile,0.8,299.18219711532174
19723,2020-12-27,10 day ahead inc hosp,2021-01-06,06061,quantile,0.85,313.483172407547
19724,2020-12-27,10 day ahead inc hosp,2021-01-06,06061,quantile,0.9,331.4770648461776
19725,2020-12-27,10 day ahead inc hosp,2021-01-06,06061,quantile,0.95,358.1467240326629
19726,2020-12-27,10 day ahead inc hosp,2021-01-06,06061,quantile,0.975,381.27867602455444
19727,2020-12-27,10 day ahead inc hosp,2021-01-06,06061,quantile,0.99,408.1745692836397
19728,2020-12-27,11 day ahead inc hosp,2021-01-07,06061,point,NA,240.63172912597656
19729,2020-12-27,11 day ahead inc hosp,2021-01-07,06061,quantile,0.01,153.46368442939513
19730,2020-12-27,11 day ahead inc hosp,2021-01-07,06061,quantile,0.025,167.19205567278863
19731,2020-12-27,11 day ahead inc hosp,2021-01-07,06061,quantile,0.05,178.99921230707412
19732,2020-12-27,11 day ahead inc hosp,2021-01-07,06061,quantile,0.1,192.61210773017646
19733,2020-12-27,11 day ahead inc hosp,2021-01-07,06061,quantile,0.15,201.7966636447776
19734,2020-12-27,11 day ahead inc hosp,2021-01-07,06061,quantile,0.2,209.09625752935503
19735,2020-12-27,11 day ahead inc hosp,2021-01-07,06061,quantile,0.25,215.35865911415857
19736,2020-12-27,11 day ahead inc hosp,2021-01-07,06061,quantile,0.3,220.98248928496977
19737,2020-12-27,11 day ahead inc hosp,2021-01-07,06061,quantile,0.35,226.1938060564654
19738,2020-12-27,11 day ahead inc hosp,2021-01-07,06061,quantile,0.4,231.1388360568366
19739,2020-12-27,11 day ahead inc hosp,2021-01-07,06061,quantile,0.45,235.92320981056164
19740,2020-12-27,11 day ahead inc hosp,2021-01-07,06061,quantile,0.5,240.63172912597656
19741,2020-12-27,11 day ahead inc hosp,2021-01-07,06061,quantile,0.55,251.9539744746735
19742,2020-12-27,11 day ahead inc hosp,2021-01-07,06061,quantile,0.6,263.45862165796063
19743,2020-12-27,11 day ahead inc hosp,2021-01-07,06061,quantile,0.65,275.3495876220528
19744,2020-12-27,11 day ahead inc hosp,2021-01-07,06061,quantile,0.7,287.880874662436
19745,2020-12-27,11 day ahead inc hosp,2021-01-07,06061,quantile,0.75,301.40410367094177
19746,2020-12-27,11 day ahead inc hosp,2021-01-07,06061,quantile,0.8,316.46286046165613
19747,2020-12-27,11 day ahead inc hosp,2021-01-07,06061,quantile,0.85,334.0156806521687
19748,2020-12-27,11 day ahead inc hosp,2021-01-07,06061,quantile,0.9,356.101136507366
19749,2020-12-27,11 day ahead inc hosp,2021-01-07,06061,quantile,0.95,388.83510902860576
19750,2020-12-27,11 day ahead inc hosp,2021-01-07,06061,quantile,0.975,417.2269484432211
19751,2020-12-27,11 day ahead inc hosp,2021-01-07,06061,quantile,0.99,450.2385975505796
19752,2020-12-27,12 day ahead inc hosp,2021-01-08,06061,point,NA,239.623291015625
19753,2020-12-27,12 day ahead inc hosp,2021-01-08,06061,quantile,0.01,163.73234152386425
19754,2020-12-27,12 day ahead inc hosp,2021-01-08,06061,quantile,0.025,175.68464735179774
19755,2020-12-27,12 day ahead inc hosp,2021-01-08,06061,quantile,0.05,185.96428974704594
19756,2020-12-27,12 day ahead inc hosp,2021-01-08,06061,quantile,0.1,197.81605908049062
19757,2020-12-27,12 day ahead inc hosp,2021-01-08,06061,quantile,0.15,205.81239158336462
19758,2020-12-27,12 day ahead inc hosp,2021-01-08,06061,quantile,0.2,212.16762316775004
19759,2020-12-27,12 day ahead inc hosp,2021-01-08,06061,quantile,0.25,217.61984598660243
19760,2020-12-27,12 day ahead inc hosp,2021-01-08,06061,quantile,0.3,222.5161105859621
19761,2020-12-27,12 day ahead inc hosp,2021-01-08,06061,quantile,0.35,227.05322942656232
19762,2020-12-27,12 day ahead inc hosp,2021-01-08,06061,quantile,0.4,231.35851152047314
19763,2020-12-27,12 day ahead inc hosp,2021-01-08,06061,quantile,0.45,235.5239217709556
19764,2020-12-27,12 day ahead inc hosp,2021-01-08,06061,quantile,0.5,239.623291015625
19765,2020-12-27,12 day ahead inc hosp,2021-01-08,06061,quantile,0.55,250.5642783500302
19766,2020-12-27,12 day ahead inc hosp,2021-01-08,06061,quantile,0.6,261.68152543685756
19767,2020-12-27,12 day ahead inc hosp,2021-01-08,06061,quantile,0.65,273.1720826541103
19768,2020-12-27,12 day ahead inc hosp,2021-01-08,06061,quantile,0.7,285.281399187196
19769,2020-12-27,12 day ahead inc hosp,2021-01-08,06061,quantile,0.75,298.3492556719833
19770,2020-12-27,12 day ahead inc hosp,2021-01-08,06061,quantile,0.8,312.90093356315856
19771,2020-12-27,12 day ahead inc hosp,2021-01-08,06061,quantile,0.85,329.8626913658715
19772,2020-12-27,12 day ahead inc hosp,2021-01-08,06061,quantile,0.9,351.2044557725303
19773,2020-12-27,12 day ahead inc hosp,2021-01-08,06061,quantile,0.95,382.83616553766717
19774,2020-12-27,12 day ahead inc hosp,2021-01-08,06061,quantile,0.975,410.2719563961937
19775,2020-12-27,12 day ahead inc hosp,2021-01-08,06061,quantile,0.99,442.1719924445209
19776,2020-12-27,13 day ahead inc hosp,2021-01-09,06061,point,NA,236.380615234375
19777,2020-12-27,13 day ahead inc hosp,2021-01-09,06061,quantile,0.01,95.62518311148679
19778,2020-12-27,13 day ahead inc hosp,2021-01-09,06061,quantile,0.025,117.79320160305069
19779,2020-12-27,13 day ahead inc hosp,2021-01-09,06061,quantile,0.05,136.85892046810466
19780,2020-12-27,13 day ahead inc hosp,2021-01-09,06061,quantile,0.1,158.84047327672928
19781,2020-12-27,13 day ahead inc hosp,2021-01-09,06061,quantile,0.15,173.67132259905222
19782,2020-12-27,13 day ahead inc hosp,2021-01-09,06061,quantile,0.2,185.45841149294347
19783,2020-12-27,13 day ahead inc hosp,2021-01-09,06061,quantile,0.25,195.57068422160606
19784,2020-12-27,13 day ahead inc hosp,2021-01-09,06061,quantile,0.3,204.65181766487248
19785,2020-12-27,13 day ahead inc hosp,2021-01-09,06061,quantile,0.35,213.06684115948448
19786,2020-12-27,13 day ahead inc hosp,2021-01-09,06061,quantile,0.4,221.0518755489296
19787,2020-12-27,13 day ahead inc hosp,2021-01-09,06061,quantile,0.45,228.77748873076786
19788,2020-12-27,13 day ahead inc hosp,2021-01-09,06061,quantile,0.5,236.380615234375
19789,2020-12-27,13 day ahead inc hosp,2021-01-09,06061,quantile,0.55,247.42351258654145
19790,2020-12-27,13 day ahead inc hosp,2021-01-09,06061,quantile,0.6,258.6443114656747
19791,2020-12-27,13 day ahead inc hosp,2021-01-09,06061,quantile,0.65,270.2418976789683
19792,2020-12-27,13 day ahead inc hosp,2021-01-09,06061,quantile,0.7,282.4640066525573
19793,2020-12-27,13 day ahead inc hosp,2021-01-09,06061,quantile,0.75,295.65358391498216
19794,2020-12-27,13 day ahead inc hosp,2021-01-09,06061,quantile,0.8,310.34080366422006
19795,2020-12-27,13 day ahead inc hosp,2021-01-09,06061,quantile,0.85,327.4605520564569
19796,2020-12-27,13 day ahead inc hosp,2021-01-09,06061,quantile,0.9,349.00110470070916
19797,2020-12-27,13 day ahead inc hosp,2021-01-09,06061,quantile,0.95,380.92744857933656
19798,2020-12-27,13 day ahead inc hosp,2021-01-09,06061,quantile,0.975,408.61879059135845
19799,2020-12-27,13 day ahead inc hosp,2021-01-09,06061,quantile,0.99,440.81596008303103
19800,2020-12-27,14 day ahead inc hosp,2021-01-10,06061,point,NA,244.7408905029297
19801,2020-12-27,14 day ahead inc hosp,2021-01-10,06061,quantile,0.01,101.81678042283292
19802,2020-12-27,14 day ahead inc hosp,2021-01-10,06061,quantile,0.025,124.32635086967534
19803,2020-12-27,14 day ahead inc hosp,2021-01-10,06061,quantile,0.05,143.68582325896188
19804,2020-12-27,14 day ahead inc hosp,2021-01-10,06061,quantile,0.1,166.0060550679086
19805,2020-12-27,14 day ahead inc hosp,2021-01-10,06061,quantile,0.15,181.06540950386668
19806,2020-12-27,14 day ahead inc hosp,2021-01-10,06061,quantile,0.2,193.0341070183156
19807,2020-12-27,14 day ahead inc hosp,2021-01-10,06061,quantile,0.25,203.3021837726785
19808,2020-12-27,14 day ahead inc hosp,2021-01-10,06061,quantile,0.3,212.52323404634961
19809,2020-12-27,14 day ahead inc hosp,2021-01-10,06061,quantile,0.35,221.06791133610773
19810,2020-12-27,14 day ahead inc hosp,2021-01-10,06061,quantile,0.4,229.17597449827414
19811,2020-12-27,14 day ahead inc hosp,2021-01-10,06061,quantile,0.45,237.0206194415207
19812,2020-12-27,14 day ahead inc hosp,2021-01-10,06061,quantile,0.5,244.7408905029297
19813,2020-12-27,14 day ahead inc hosp,2021-01-10,06061,quantile,0.55,255.8200140487322
19814,2020-12-27,14 day ahead inc hosp,2021-01-10,06061,quantile,0.6,267.0776227269593
19815,2020-12-27,14 day ahead inc hosp,2021-01-10,06061,quantile,0.65,278.7132547891343
19816,2020-12-27,14 day ahead inc hosp,2021-01-10,06061,quantile,0.7,290.9754583567595
19817,2020-12-27,14 day ahead inc hosp,2021-01-10,06061,quantile,0.75,304.2083039902149
19818,2020-12-27,14 day ahead inc hosp,2021-01-10,06061,quantile,0.8,318.94370512243984
19819,2020-12-27,14 day ahead inc hosp,2021-01-10,06061,quantile,0.85,336.1196148010203
19820,2020-12-27,14 day ahead inc hosp,2021-01-10,06061,quantile,0.9,357.73083116750354
19821,2020-12-27,14 day ahead inc hosp,2021-01-10,06061,quantile,0.95,389.76190932723074
19822,2020-12-27,14 day ahead inc hosp,2021-01-10,06061,quantile,0.975,417.54409270866677
19823,2020-12-27,14 day ahead inc hosp,2021-01-10,06061,quantile,0.99,449.84688492409936
19824,2020-12-27,15 day ahead inc hosp,2021-01-11,06061,point,NA,237.14053344726562
19825,2020-12-27,15 day ahead inc hosp,2021-01-11,06061,quantile,0.01,166.90955414919307
19826,2020-12-27,15 day ahead inc hosp,2021-01-11,06061,quantile,0.025,177.97045335769434
19827,2020-12-27,15 day ahead inc hosp,2021-01-11,06061,quantile,0.05,187.4834368832285
19828,2020-12-27,15 day ahead inc hosp,2021-01-11,06061,quantile,0.1,198.45129763970849
19829,2020-12-27,15 day ahead inc hosp,2021-01-11,06061,quantile,0.15,205.85126122206975
19830,2020-12-27,15 day ahead inc hosp,2021-01-11,06061,quantile,0.2,211.73251769371115
19831,2020-12-27,15 day ahead inc hosp,2021-01-11,06061,quantile,0.25,216.7781120693735
19832,2020-12-27,15 day ahead inc hosp,2021-01-11,06061,quantile,0.3,221.3092117593681
19833,2020-12-27,15 day ahead inc hosp,2021-01-11,06061,quantile,0.35,225.5079508909912
19834,2020-12-27,15 day ahead inc hosp,2021-01-11,06061,quantile,0.4,229.49214373130664
19835,2020-12-27,15 day ahead inc hosp,2021-01-11,06061,quantile,0.45,233.3468964129999
19836,2020-12-27,15 day ahead inc hosp,2021-01-11,06061,quantile,0.5,237.14053344726562
19837,2020-12-27,15 day ahead inc hosp,2021-01-11,06061,quantile,0.55,246.69124065432777
19838,2020-12-27,15 day ahead inc hosp,2021-01-11,06061,quantile,0.6,256.3958101442279
19839,2020-12-27,15 day ahead inc hosp,2021-01-11,06061,quantile,0.65,266.4262529437434
19840,2020-12-27,15 day ahead inc hosp,2021-01-11,06061,quantile,0.7,276.9968288113761
19841,2020-12-27,15 day ahead inc hosp,2021-01-11,06061,quantile,0.75,288.40414218223077
19842,2020-12-27,15 day ahead inc hosp,2021-01-11,06061,quantile,0.8,301.1067265708498
19843,2020-12-27,15 day ahead inc hosp,2021-01-11,06061,quantile,0.85,315.9131400634781
19844,2020-12-27,15 day ahead inc hosp,2021-01-11,06061,quantile,0.9,334.5429891712579
19845,2020-12-27,15 day ahead inc hosp,2021-01-11,06061,quantile,0.95,362.15523194166906
19846,2020-12-27,15 day ahead inc hosp,2021-01-11,06061,quantile,0.975,386.1047346213761
19847,2020-12-27,15 day ahead inc hosp,2021-01-11,06061,quantile,0.99,413.9512072367166
19848,2020-12-27,16 day ahead inc hosp,2021-01-12,06061,point,NA,249.31285095214844
19849,2020-12-27,16 day ahead inc hosp,2021-01-12,06061,quantile,0.01,175.2862792291469
19850,2020-12-27,16 day ahead inc hosp,2021-01-12,06061,quantile,0.025,186.94495830158132
19851,2020-12-27,16 day ahead inc hosp,2021-01-12,06061,quantile,0.05,196.97206548833833
19852,2020-12-27,16 day ahead inc hosp,2021-01-12,06061,quantile,0.1,208.53267789972955
19853,2020-12-27,16 day ahead inc hosp,2021-01-12,06061,quantile,0.15,216.33256820956467
19854,2020-12-27,16 day ahead inc hosp,2021-01-12,06061,quantile,0.2,222.531673766267
19855,2020-12-27,16 day ahead inc hosp,2021-01-12,06061,quantile,0.25,227.84995435509245
19856,2020-12-27,16 day ahead inc hosp,2021-01-12,06061,quantile,0.3,232.62593469222924
19857,2020-12-27,16 day ahead inc hosp,2021-01-12,06061,quantile,0.35,237.05159223794143
19858,2020-12-27,16 day ahead inc hosp,2021-01-12,06061,quantile,0.4,241.2511084628273
19859,2020-12-27,16 day ahead inc hosp,2021-01-12,06061,quantile,0.45,245.31418901100972
19860,2020-12-27,16 day ahead inc hosp,2021-01-12,06061,quantile,0.5,249.31285095214844
19861,2020-12-27,16 day ahead inc hosp,2021-01-12,06061,quantile,0.55,257.5665557348164
19862,2020-12-27,16 day ahead inc hosp,2021-01-12,06061,quantile,0.6,265.95322803833903
19863,2020-12-27,16 day ahead inc hosp,2021-01-12,06061,quantile,0.65,274.6215194969467
19864,2020-12-27,16 day ahead inc hosp,2021-01-12,06061,quantile,0.7,283.75659302634153
19865,2020-12-27,16 day ahead inc hosp,2021-01-12,06061,quantile,0.75,293.61477367047183
19866,2020-12-27,16 day ahead inc hosp,2021-01-12,06061,quantile,0.8,304.59232530592175
19867,2020-12-27,16 day ahead inc hosp,2021-01-12,06061,quantile,0.85,317.3880024436212
19868,2020-12-27,16 day ahead inc hosp,2021-01-12,06061,quantile,0.9,333.4878860802554
19869,2020-12-27,16 day ahead inc hosp,2021-01-12,06061,quantile,0.95,357.35033890948796
19870,2020-12-27,16 day ahead inc hosp,2021-01-12,06061,quantile,0.975,378.0474580363157
19871,2020-12-27,16 day ahead inc hosp,2021-01-12,06061,quantile,0.99,402.1123318956796
19872,2020-12-27,17 day ahead inc hosp,2021-01-13,06061,point,NA,253.44638061523438
19873,2020-12-27,17 day ahead inc hosp,2021-01-13,06061,quantile,0.01,179.08979981938757
19874,2020-12-27,17 day ahead inc hosp,2021-01-13,06061,quantile,0.025,190.80045306517275
19875,2020-12-27,17 day ahead inc hosp,2021-01-13,06061,quantile,0.05,200.87226090831572
19876,2020-12-27,17 day ahead inc hosp,2021-01-13,06061,quantile,0.1,212.48441031371613
19877,2020-12-27,17 day ahead inc hosp,2021-01-13,06061,quantile,0.15,220.31907238873677
19878,2020-12-27,17 day ahead inc hosp,2021-01-13,06061,quantile,0.2,226.5458134421212
19879,2020-12-27,17 day ahead inc hosp,2021-01-13,06061,quantile,0.25,231.8878028263886
19880,2020-12-27,17 day ahead inc hosp,2021-01-13,06061,quantile,0.3,236.6850743945834
19881,2020-12-27,17 day ahead inc hosp,2021-01-13,06061,quantile,0.35,241.13046143889855
19882,2020-12-27,17 day ahead inc hosp,2021-01-13,06061,quantile,0.4,245.34869902860675
19883,2020-12-27,17 day ahead inc hosp,2021-01-13,06061,quantile,0.45,249.42989271391536
19884,2020-12-27,17 day ahead inc hosp,2021-01-13,06061,quantile,0.5,253.44638061523438
19885,2020-12-27,17 day ahead inc hosp,2021-01-13,06061,quantile,0.55,262.6134061638638
19886,2020-12-27,17 day ahead inc hosp,2021-01-13,06061,quantile,0.6,271.9281128681571
19887,2020-12-27,17 day ahead inc hosp,2021-01-13,06061,quantile,0.65,281.5556015361412
19888,2020-12-27,17 day ahead inc hosp,2021-01-13,06061,quantile,0.7,291.7015244444115
19889,2020-12-27,17 day ahead inc hosp,2021-01-13,06061,quantile,0.75,302.65057050400833
19890,2020-12-27,17 day ahead inc hosp,2021-01-13,06061,quantile,0.8,314.84285250988825
19891,2020-12-27,17 day ahead inc hosp,2021-01-13,06061,quantile,0.85,329.0544462513581
19892,2020-12-27,17 day ahead inc hosp,2021-01-13,06061,quantile,0.9,346.93587628952815
19893,2020-12-27,17 day ahead inc hosp,2021-01-13,06061,quantile,0.95,373.43884925724194
19894,2020-12-27,17 day ahead inc hosp,2021-01-13,06061,quantile,0.975,396.4262258129281
19895,2020-12-27,17 day ahead inc hosp,2021-01-13,06061,quantile,0.99,423.15401888308736
19896,2020-12-27,18 day ahead inc hosp,2021-01-14,06061,point,NA,260.27496337890625
19897,2020-12-27,18 day ahead inc hosp,2021-01-14,06061,quantile,0.01,177.95608284312388
19898,2020-12-27,18 day ahead inc hosp,2021-01-14,06061,quantile,0.025,190.9207438753806
19899,2020-12-27,18 day ahead inc hosp,2021-01-14,06061,quantile,0.05,202.07106759582462
19900,2020-12-27,18 day ahead inc hosp,2021-01-14,06061,quantile,0.1,214.92667673540197
19901,2020-12-27,18 day ahead inc hosp,2021-01-14,06061,quantile,0.15,223.60029518973352
19902,2020-12-27,18 day ahead inc hosp,2021-01-14,06061,quantile,0.2,230.49381217793578
19903,2020-12-27,18 day ahead inc hosp,2021-01-14,06061,quantile,0.25,236.40783594342184
19904,2020-12-27,18 day ahead inc hosp,2021-01-14,06061,quantile,0.3,241.71881206541684
19905,2020-12-27,18 day ahead inc hosp,2021-01-14,06061,quantile,0.35,246.64022293611052
19906,2020-12-27,18 day ahead inc hosp,2021-01-14,06061,quantile,0.4,251.31016058658048
19907,2020-12-27,18 day ahead inc hosp,2021-01-14,06061,quantile,0.45,255.8283793081583
19908,2020-12-27,18 day ahead inc hosp,2021-01-14,06061,quantile,0.5,260.27496337890625
19909,2020-12-27,18 day ahead inc hosp,2021-01-14,06061,quantile,0.55,271.44242530225637
19910,2020-12-27,18 day ahead inc hosp,2021-01-14,06061,quantile,0.6,282.7897954928982
19911,2020-12-27,18 day ahead inc hosp,2021-01-14,06061,quantile,0.65,294.5182032023402
19912,2020-12-27,18 day ahead inc hosp,2021-01-14,06061,quantile,0.7,306.8781783277826
19913,2020-12-27,18 day ahead inc hosp,2021-01-14,06061,quantile,0.75,320.2165348447267
19914,2020-12-27,18 day ahead inc hosp,2021-01-14,06061,quantile,0.8,335.0694273491845
19915,2020-12-27,18 day ahead inc hosp,2021-01-14,06061,quantile,0.85,352.3822875715185
19916,2020-12-27,18 day ahead inc hosp,2021-01-14,06061,quantile,0.9,374.1658189936785
19917,2020-12-27,18 day ahead inc hosp,2021-01-14,06061,quantile,0.95,406.4522940233868
19918,2020-12-27,18 day ahead inc hosp,2021-01-14,06061,quantile,0.975,434.45599610117995
19919,2020-12-27,18 day ahead inc hosp,2021-01-14,06061,quantile,0.99,467.0163516737474
19920,2020-12-27,19 day ahead inc hosp,2021-01-15,06061,point,NA,259.6686096191406
19921,2020-12-27,19 day ahead inc hosp,2021-01-15,06061,quantile,0.01,187.17890471112707
19922,2020-12-27,19 day ahead inc hosp,2021-01-15,06061,quantile,0.025,198.5955377647337
19923,2020-12-27,19 day ahead inc hosp,2021-01-15,06061,quantile,0.05,208.41447202213615
19924,2020-12-27,19 day ahead inc hosp,2021-01-15,06061,quantile,0.1,219.73507437818552
19925,2020-12-27,19 day ahead inc hosp,2021-01-15,06061,quantile,0.15,227.3730310431318
19926,2020-12-27,19 day ahead inc hosp,2021-01-15,06061,quantile,0.2,233.44343687227746
19927,2020-12-27,19 day ahead inc hosp,2021-01-15,06061,quantile,0.25,238.6513045545003
19928,2020-12-27,19 day ahead inc hosp,2021-01-15,06061,quantile,0.3,243.3281306890537
19929,2020-12-27,19 day ahead inc hosp,2021-01-15,06061,quantile,0.35,247.66190708914215
19930,2020-12-27,19 day ahead inc hosp,2021-01-15,06061,quantile,0.4,251.77423709190793
19931,2020-12-27,19 day ahead inc hosp,2021-01-15,06061,quantile,0.45,255.75296396119123
19932,2020-12-27,19 day ahead inc hosp,2021-01-15,06061,quantile,0.5,259.6686096191406
19933,2020-12-27,19 day ahead inc hosp,2021-01-15,06061,quantile,0.55,270.3526830048395
19934,2020-12-27,19 day ahead inc hosp,2021-01-15,06061,quantile,0.6,281.2088772487631
19935,2020-12-27,19 day ahead inc hosp,2021-01-15,06061,quantile,0.65,292.429615633648
19936,2020-12-27,19 day ahead inc hosp,2021-01-15,06061,quantile,0.7,304.2545837590843
19937,2020-12-27,19 day ahead inc hosp,2021-01-15,06061,quantile,0.75,317.01558360397075
19938,2020-12-27,19 day ahead inc hosp,2021-01-15,06061,quantile,0.8,331.2255620750609
19939,2020-12-27,19 day ahead inc hosp,2021-01-15,06061,quantile,0.85,347.789027471348
19940,2020-12-27,19 day ahead inc hosp,2021-01-15,06061,quantile,0.9,368.6296490836236
19941,2020-12-27,19 day ahead inc hosp,2021-01-15,06061,quantile,0.95,399.5185897355435
19942,2020-12-27,19 day ahead inc hosp,2021-01-15,06061,quantile,0.975,426.31013916046743
19943,2020-12-27,19 day ahead inc hosp,2021-01-15,06061,quantile,0.99,457.4611053145926
19944,2020-12-27,20 day ahead inc hosp,2021-01-16,06061,point,NA,261.4400939941406
19945,2020-12-27,20 day ahead inc hosp,2021-01-16,06061,quantile,0.01,128.2173295020192
19946,2020-12-27,20 day ahead inc hosp,2021-01-16,06061,quantile,0.025,149.1990043277567
19947,2020-12-27,20 day ahead inc hosp,2021-01-16,06061,quantile,0.05,167.24440219214972
19948,2020-12-27,20 day ahead inc hosp,2021-01-16,06061,quantile,0.1,188.04959023233715
19949,2020-12-27,20 day ahead inc hosp,2021-01-16,06061,quantile,0.15,202.0867518301998
19950,2020-12-27,20 day ahead inc hosp,2021-01-16,06061,quantile,0.2,213.2430428811029
19951,2020-12-27,20 day ahead inc hosp,2021-01-16,06061,quantile,0.25,222.81414722778658
19952,2020-12-27,20 day ahead inc hosp,2021-01-16,06061,quantile,0.3,231.40929473852398
19953,2020-12-27,20 day ahead inc hosp,2021-01-16,06061,quantile,0.35,239.37397984026555
19954,2020-12-27,20 day ahead inc hosp,2021-01-16,06061,quantile,0.4,246.93168713356405
19955,2020-12-27,20 day ahead inc hosp,2021-01-16,06061,quantile,0.45,254.2438564044643
19956,2020-12-27,20 day ahead inc hosp,2021-01-16,06061,quantile,0.5,261.4400939941406
19957,2020-12-27,20 day ahead inc hosp,2021-01-16,06061,quantile,0.55,272.3112184439734
19958,2020-12-27,20 day ahead inc hosp,2021-01-16,06061,quantile,0.6,283.357477152307
19959,2020-12-27,20 day ahead inc hosp,2021-01-16,06061,quantile,0.65,294.77466224618496
19960,2020-12-27,20 day ahead inc hosp,2021-01-16,06061,quantile,0.7,306.8066556129654
19961,2020-12-27,20 day ahead inc hosp,2021-01-16,06061,quantile,0.75,319.79106824380233
19962,2020-12-27,20 day ahead inc hosp,2021-01-16,06061,quantile,0.8,334.2498274465837
19963,2020-12-27,20 day ahead inc hosp,2021-01-16,06061,quantile,0.85,351.10327716966026
19964,2020-12-27,20 day ahead inc hosp,2021-01-16,06061,quantile,0.9,372.30876528079443
19965,2020-12-27,20 day ahead inc hosp,2021-01-16,06061,quantile,0.95,403.7384930473597
19966,2020-12-27,20 day ahead inc hosp,2021-01-16,06061,quantile,0.975,430.99909464450434
19967,2020-12-27,20 day ahead inc hosp,2021-01-16,06061,quantile,0.99,462.69543531615466
19968,2020-12-27,21 day ahead inc hosp,2021-01-17,06061,point,NA,295.2567443847656
19969,2020-12-27,21 day ahead inc hosp,2021-01-17,06061,quantile,0.01,158.75133606330152
19970,2020-12-27,21 day ahead inc hosp,2021-01-17,06061,quantile,0.025,180.25000485518703
19971,2020-12-27,21 day ahead inc hosp,2021-01-17,06061,quantile,0.05,198.74004605192198
19972,2020-12-27,21 day ahead inc hosp,2021-01-17,06061,quantile,0.1,220.05787937761147
19973,2020-12-27,21 day ahead inc hosp,2021-01-17,06061,quantile,0.15,234.4409203158134
19974,2020-12-27,21 day ahead inc hosp,2021-01-17,06061,quantile,0.2,245.87210530181991
19975,2020-12-27,21 day ahead inc hosp,2021-01-17,06061,quantile,0.25,255.67904416780226
19976,2020-12-27,21 day ahead inc hosp,2021-01-17,06061,quantile,0.3,264.4859783656421
19977,2020-12-27,21 day ahead inc hosp,2021-01-17,06061,quantile,0.35,272.6469153955099
19978,2020-12-27,21 day ahead inc hosp,2021-01-17,06061,quantile,0.4,280.39084657708236
19979,2020-12-27,21 day ahead inc hosp,2021-01-17,06061,quantile,0.45,287.8831896150391
19980,2020-12-27,21 day ahead inc hosp,2021-01-17,06061,quantile,0.5,295.2567443847656
19981,2020-12-27,21 day ahead inc hosp,2021-01-17,06061,quantile,0.55,305.9276602972876
19982,2020-12-27,21 day ahead inc hosp,2021-01-17,06061,quantile,0.6,316.7704851006045
19983,2020-12-27,21 day ahead inc hosp,2021-01-17,06061,quantile,0.65,327.9774051075175
19984,2020-12-27,21 day ahead inc hosp,2021-01-17,06061,quantile,0.7,339.78781074397506
19985,2020-12-27,21 day ahead inc hosp,2021-01-17,06061,quantile,0.75,352.5330953735959
19986,2020-12-27,21 day ahead inc hosp,2021-01-17,06061,quantile,0.8,366.72557420725116
19987,2020-12-27,21 day ahead inc hosp,2021-01-17,06061,quantile,0.85,383.2686416388482
19988,2020-12-27,21 day ahead inc hosp,2021-01-17,06061,quantile,0.9,404.08359795382063
19989,2020-12-27,21 day ahead inc hosp,2021-01-17,06061,quantile,0.95,434.9344987689276
19990,2020-12-27,21 day ahead inc hosp,2021-01-17,06061,quantile,0.975,461.6930543084485
19991,2020-12-27,21 day ahead inc hosp,2021-01-17,06061,quantile,0.99,492.8056579404522
19992,2020-12-27,22 day ahead inc hosp,2021-01-18,06061,point,NA,252.22222900390625
19993,2020-12-27,22 day ahead inc hosp,2021-01-18,06061,quantile,0.01,173.3999874781101
19994,2020-12-27,22 day ahead inc hosp,2021-01-18,06061,quantile,0.025,185.81395176593122
19995,2020-12-27,22 day ahead inc hosp,2021-01-18,06061,quantile,0.05,196.49064590539555
19996,2020-12-27,22 day ahead inc hosp,2021-01-18,06061,quantile,0.1,208.80019047118367
19997,2020-12-27,22 day ahead inc hosp,2021-01-18,06061,quantile,0.15,217.10538175002694
19998,2020-12-27,22 day ahead inc hosp,2021-01-18,06061,quantile,0.2,223.7060844985303
19999,2020-12-27,22 day ahead inc hosp,2021-01-18,06061,quantile,0.25,229.368899719029
20000,2020-12-27,22 day ahead inc hosp,2021-01-18,06061,quantile,0.3,234.45428280369885
20001,2020-12-27,22 day ahead inc hosp,2021-01-18,06061,quantile,0.35,239.1666481052274
20002,2020-12-27,22 day ahead inc hosp,2021-01-18,06061,quantile,0.4,243.63822195317047
20003,2020-12-27,22 day ahead inc hosp,2021-01-18,06061,quantile,0.45,247.9645214001579
20004,2020-12-27,22 day ahead inc hosp,2021-01-18,06061,quantile,0.5,252.22222900390625
20005,2020-12-27,22 day ahead inc hosp,2021-01-18,06061,quantile,0.55,263.27642103630416
20006,2020-12-27,22 day ahead inc hosp,2021-01-18,06061,quantile,0.6,274.50869655342836
20007,2020-12-27,22 day ahead inc hosp,2021-01-18,06061,quantile,0.65,286.11814478296264
20008,2020-12-27,22 day ahead inc hosp,2021-01-18,06061,quantile,0.7,298.3527545349442
20009,2020-12-27,22 day ahead inc hosp,2021-01-18,06061,quantile,0.75,311.55582210274963
20010,2020-12-27,22 day ahead inc hosp,2021-01-18,06061,quantile,0.8,326.25806394675726
20011,2020-12-27,22 day ahead inc hosp,2021-01-18,06061,quantile,0.85,343.39532242512166
20012,2020-12-27,22 day ahead inc hosp,2021-01-18,06061,quantile,0.9,364.95790675601984
20013,2020-12-27,22 day ahead inc hosp,2021-01-18,06061,quantile,0.95,396.91690491310055
20014,2020-12-27,22 day ahead inc hosp,2021-01-18,06061,quantile,0.975,424.63656964181826
20015,2020-12-27,22 day ahead inc hosp,2021-01-18,06061,quantile,0.99,456.8666704124994
20016,2020-12-27,23 day ahead inc hosp,2021-01-19,06061,point,NA,261.82159423828125
20017,2020-12-27,23 day ahead inc hosp,2021-01-19,06061,quantile,0.01,186.40290018042307
20018,2020-12-27,23 day ahead inc hosp,2021-01-19,06061,quantile,0.025,198.2808290053976
20019,2020-12-27,23 day ahead inc hosp,2021-01-19,06061,quantile,0.05,208.49650307488042
20020,2020-12-27,23 day ahead inc hosp,2021-01-19,06061,quantile,0.1,220.27452102549805
20021,2020-12-27,23 day ahead inc hosp,2021-01-19,06061,quantile,0.15,228.22109382051406
20022,2020-12-27,23 day ahead inc hosp,2021-01-19,06061,quantile,0.2,234.5367779665088
20023,2020-12-27,23 day ahead inc hosp,2021-01-19,06061,quantile,0.25,239.9550726045927
20024,2020-12-27,23 day ahead inc hosp,2021-01-19,06061,quantile,0.3,244.82086864902772
20025,2020-12-27,23 day ahead inc hosp,2021-01-19,06061,quantile,0.35,249.32975383276786
20026,2020-12-27,23 day ahead inc hosp,2021-01-19,06061,quantile,0.4,253.6082449472938
20027,2020-12-27,23 day ahead inc hosp,2021-01-19,06061,quantile,0.45,257.7477346151719
20028,2020-12-27,23 day ahead inc hosp,2021-01-19,06061,quantile,0.5,261.82159423828125
20029,2020-12-27,23 day ahead inc hosp,2021-01-19,06061,quantile,0.55,270.8643600886846
20030,2020-12-27,23 day ahead inc hosp,2021-01-19,06061,quantile,0.6,280.05280526594277
20031,2020-12-27,23 day ahead inc hosp,2021-01-19,06061,quantile,0.65,289.54979262461865
20032,2020-12-27,23 day ahead inc hosp,2021-01-19,06061,quantile,0.7,299.55818680973675
20033,2020-12-27,23 day ahead inc hosp,2021-01-19,06061,quantile,0.75,310.35881775343677
20034,2020-12-27,23 day ahead inc hosp,2021-01-19,06061,quantile,0.8,322.3858324897208
20035,2020-12-27,23 day ahead inc hosp,2021-01-19,06061,quantile,0.85,336.40478704411106
20036,2020-12-27,23 day ahead inc hosp,2021-01-19,06061,quantile,0.9,354.0438329972137
20037,2020-12-27,23 day ahead inc hosp,2021-01-19,06061,quantile,0.95,380.1875562382205
20038,2020-12-27,23 day ahead inc hosp,2021-01-19,06061,quantile,0.975,402.8633372323294
20039,2020-12-27,23 day ahead inc hosp,2021-01-19,06061,quantile,0.99,429.228833122937
20040,2020-12-27,24 day ahead inc hosp,2021-01-20,06061,point,NA,274.17022705078125
20041,2020-12-27,24 day ahead inc hosp,2021-01-20,06061,quantile,0.01,198.5983268554664
20042,2020-12-27,24 day ahead inc hosp,2021-01-20,06061,quantile,0.025,210.5003845999216
20043,2020-12-27,24 day ahead inc hosp,2021-01-20,06061,quantile,0.05,220.73681087129884
20044,2020-12-27,24 day ahead inc hosp,2021-01-20,06061,quantile,0.1,232.538754781649
20045,2020-12-27,24 day ahead inc hosp,2021-01-20,06061,quantile,0.15,240.50147030810783
20046,2020-12-27,24 day ahead inc hosp,2021-01-20,06061,quantile,0.2,246.8299841853183
20047,2020-12-27,24 day ahead inc hosp,2021-01-20,06061,quantile,0.25,252.25928559040435
20048,2020-12-27,24 day ahead inc hosp,2021-01-20,06061,quantile,0.3,257.1349660517858
20049,2020-12-27,24 day ahead inc hosp,2021-01-20,06061,quantile,0.35,261.65301062089935
20050,2020-12-27,24 day ahead inc hosp,2021-01-20,06061,quantile,0.4,265.9401930964464
20051,2020-12-27,24 day ahead inc hosp,2021-01-20,06061,quantile,0.45,270.08809175669677
20052,2020-12-27,24 day ahead inc hosp,2021-01-20,06061,quantile,0.5,274.17022705078125
20053,2020-12-27,24 day ahead inc hosp,2021-01-20,06061,quantile,0.55,283.779669279463
20054,2020-12-27,24 day ahead inc hosp,2021-01-20,06061,quantile,0.6,293.54392001457785
20055,2020-12-27,24 day ahead inc hosp,2021-01-20,06061,quantile,0.65,303.6360481178004
20056,2020-12-27,24 day ahead inc hosp,2021-01-20,06061,quantile,0.7,314.2716310041445
20057,2020-12-27,24 day ahead inc hosp,2021-01-20,06061,quantile,0.75,325.74909716923037
20058,2020-12-27,24 day ahead inc hosp,2021-01-20,06061,quantile,0.8,338.5298000209658
20059,2020-12-27,24 day ahead inc hosp,2021-01-20,06061,quantile,0.85,353.4272701230938
20060,2020-12-27,24 day ahead inc hosp,2021-01-20,06061,quantile,0.9,372.1716892377216
20061,2020-12-27,24 day ahead inc hosp,2021-01-20,06061,quantile,0.95,399.9537420170593
20062,2020-12-27,24 day ahead inc hosp,2021-01-20,06061,quantile,0.975,424.050529555068
20063,2020-12-27,24 day ahead inc hosp,2021-01-20,06061,quantile,0.99,452.0682526480572
20064,2020-12-27,25 day ahead inc hosp,2021-01-21,06061,point,NA,291.0950012207031
20065,2020-12-27,25 day ahead inc hosp,2021-01-21,06061,quantile,0.01,204.00844046493071
20066,2020-12-27,25 day ahead inc hosp,2021-01-21,06061,quantile,0.025,217.7239785445921
20067,2020-12-27,25 day ahead inc hosp,2021-01-21,06061,quantile,0.05,229.52009795008965
20068,2020-12-27,25 day ahead inc hosp,2021-01-21,06061,quantile,0.1,243.12026815526661
20069,2020-12-27,25 day ahead inc hosp,2021-01-21,06061,quantile,0.15,252.29623842574657
20070,2020-12-27,25 day ahead inc hosp,2021-01-21,06061,quantile,0.2,259.58900871254696
20071,2020-12-27,25 day ahead inc hosp,2021-01-21,06061,quantile,0.25,265.84555625804245
20072,2020-12-27,25 day ahead inc hosp,2021-01-21,06061,quantile,0.3,271.4641293206284
20073,2020-12-27,25 day ahead inc hosp,2021-01-21,06061,quantile,0.35,276.67057459788754
20074,2020-12-27,25 day ahead inc hosp,2021-01-21,06061,quantile,0.4,281.6109820266127
20075,2020-12-27,25 day ahead inc hosp,2021-01-21,06061,quantile,0.45,286.3908833887737
20076,2020-12-27,25 day ahead inc hosp,2021-01-21,06061,quantile,0.5,291.0950012207031
20077,2020-12-27,25 day ahead inc hosp,2021-01-21,06061,quantile,0.55,302.7500825130313
20078,2020-12-27,25 day ahead inc hosp,2021-01-21,06061,quantile,0.6,314.5929276405835
20079,2020-12-27,25 day ahead inc hosp,2021-01-21,06061,quantile,0.65,326.8334480221483
20080,2020-12-27,25 day ahead inc hosp,2021-01-21,06061,quantile,0.7,339.7331127666483
20081,2020-12-27,25 day ahead inc hosp,2021-01-21,06061,quantile,0.75,353.65387923785397
20082,2020-12-27,25 day ahead inc hosp,2021-01-21,06061,quantile,0.8,369.155312845047
20083,2020-12-27,25 day ahead inc hosp,2021-01-21,06061,quantile,0.85,387.224126930019
20084,2020-12-27,25 day ahead inc hosp,2021-01-21,06061,quantile,0.9,409.95882092780226
20085,2020-12-27,25 day ahead inc hosp,2021-01-21,06061,quantile,0.95,443.65506217731684
20086,2020-12-27,25 day ahead inc hosp,2021-01-21,06061,quantile,0.975,472.8815262067466
20087,2020-12-27,25 day ahead inc hosp,2021-01-21,06061,quantile,0.99,506.8636068003594
20088,2020-12-27,26 day ahead inc hosp,2021-01-22,06061,point,NA,274.4740295410156
20089,2020-12-27,26 day ahead inc hosp,2021-01-22,06061,quantile,0.01,201.66692152159428
20090,2020-12-27,26 day ahead inc hosp,2021-01-22,06061,quantile,0.025,213.13354339578746
20091,2020-12-27,26 day ahead inc hosp,2021-01-22,06061,quantile,0.05,222.9954707966709
20092,2020-12-27,26 day ahead inc hosp,2021-01-22,06061,quantile,0.1,234.36564149370582
20093,2020-12-27,26 day ahead inc hosp,2021-01-22,06061,quantile,0.15,242.03704168298876
20094,2020-12-27,26 day ahead inc hosp,2021-01-22,06061,quantile,0.2,248.13402736509596
20095,2020-12-27,26 day ahead inc hosp,2021-01-22,06061,quantile,0.25,253.36469819444483
20096,2020-12-27,26 day ahead inc hosp,2021-01-22,06061,quantile,0.3,258.0620022598782
20097,2020-12-27,26 day ahead inc hosp,2021-01-22,06061,quantile,0.35,262.41475451474884
20098,2020-12-27,26 day ahead inc hosp,2021-01-22,06061,quantile,0.4,266.54509074805
20099,2020-12-27,26 day ahead inc hosp,2021-01-22,06061,quantile,0.45,270.5412388537606
20100,2020-12-27,26 day ahead inc hosp,2021-01-22,06061,quantile,0.5,274.4740295410156
20101,2020-12-27,26 day ahead inc hosp,2021-01-22,06061,quantile,0.55,285.2275880756099
20102,2020-12-27,26 day ahead inc hosp,2021-01-22,06061,quantile,0.6,296.154386877013
20103,2020-12-27,26 day ahead inc hosp,2021-01-22,06061,quantile,0.65,307.4481006757914
20104,2020-12-27,26 day ahead inc hosp,2021-01-22,06061,quantile,0.7,319.3499738954944
20105,2020-12-27,26 day ahead inc hosp,2021-01-22,06061,quantile,0.75,332.19396642886824
20106,2020-12-27,26 day ahead inc hosp,2021-01-22,06061,quantile,0.8,346.4963611942142
20107,2020-12-27,26 day ahead inc hosp,2021-01-22,06061,quantile,0.85,363.16754906841174
20108,2020-12-27,26 day ahead inc hosp,2021-01-22,06061,quantile,0.9,384.14371015552285
20109,2020-12-27,26 day ahead inc hosp,2021-01-22,06061,quantile,0.95,415.23354072675875
20110,2020-12-27,26 day ahead inc hosp,2021-01-22,06061,quantile,0.975,442.1993321971763
20111,2020-12-27,26 day ahead inc hosp,2021-01-22,06061,quantile,0.99,473.55289238480486
20112,2020-12-27,27 day ahead inc hosp,2021-01-23,06061,point,NA,279.95654296875
20113,2020-12-27,27 day ahead inc hosp,2021-01-23,06061,quantile,0.01,141.17338251054306
20114,2020-12-27,27 day ahead inc hosp,2021-01-23,06061,quantile,0.025,163.0307816954583
20115,2020-12-27,27 day ahead inc hosp,2021-01-23,06061,quantile,0.05,181.82935082058964
20116,2020-12-27,27 day ahead inc hosp,2021-01-23,06061,quantile,0.1,203.50289708839182
20117,2020-12-27,27 day ahead inc hosp,2021-01-23,06061,quantile,0.15,218.12593585988614
20118,2020-12-27,27 day ahead inc hosp,2021-01-23,06061,quantile,0.2,229.74786351570737
20119,2020-12-27,27 day ahead inc hosp,2021-01-23,06061,quantile,0.25,239.71844260834132
20120,2020-12-27,27 day ahead inc hosp,2021-01-23,06061,quantile,0.3,248.67233078722813
20121,2020-12-27,27 day ahead inc hosp,2021-01-23,06061,quantile,0.35,256.9694425810572
20122,2020-12-27,27 day ahead inc hosp,2021-01-23,06061,quantile,0.4,264.8425902970696
20123,2020-12-27,27 day ahead inc hosp,2021-01-23,06061,quantile,0.45,272.45995182750784
20124,2020-12-27,27 day ahead inc hosp,2021-01-23,06061,quantile,0.5,279.95654296875
20125,2020-12-27,27 day ahead inc hosp,2021-01-23,06061,quantile,0.55,291.12658768375985
20126,2020-12-27,27 day ahead inc hosp,2021-01-23,06061,quantile,0.6,302.4765822749405
20127,2020-12-27,27 day ahead inc hosp,2021-01-23,06061,quantile,0.65,314.2077025106326
20128,2020-12-27,27 day ahead inc hosp,2021-01-23,06061,quantile,0.7,326.5705362301663
20129,2020-12-27,27 day ahead inc hosp,2021-01-23,06061,quantile,0.75,339.91197761959114
20130,2020-12-27,27 day ahead inc hosp,2021-01-23,06061,quantile,0.8,354.768305275845
20131,2020-12-27,27 day ahead inc hosp,2021-01-23,06061,quantile,0.85,372.0851695871381
20132,2020-12-27,27 day ahead inc hosp,2021-01-23,06061,quantile,0.9,393.8737390675126
20133,2020-12-27,27 day ahead inc hosp,2021-01-23,06061,quantile,0.95,426.16768125842555
20134,2020-12-27,27 day ahead inc hosp,2021-01-23,06061,quantile,0.975,454.1778599849564
20135,2020-12-27,27 day ahead inc hosp,2021-01-23,06061,quantile,0.99,486.7457460613563
20136,2020-12-27,28 day ahead inc hosp,2021-01-24,06061,point,NA,279.072021484375
20137,2020-12-27,28 day ahead inc hosp,2021-01-24,06061,quantile,0.01,142.2525778532388
20138,2020-12-27,28 day ahead inc hosp,2021-01-24,06061,quantile,0.025,163.80070505995647
20139,2020-12-27,28 day ahead inc hosp,2021-01-24,06061,quantile,0.05,182.33328322196235
20140,2020-12-27,28 day ahead inc hosp,2021-01-24,06061,quantile,0.1,203.7001589443766
20141,2020-12-27,28 day ahead inc hosp,2021-01-24,06061,quantile,0.15,218.11628855481936
20142,2020-12-27,28 day ahead inc hosp,2021-01-24,06061,quantile,0.2,229.57377136859068
20143,2020-12-27,28 day ahead inc hosp,2021-01-24,06061,quantile,0.25,239.40327142919222
20144,2020-12-27,28 day ahead inc hosp,2021-01-24,06061,quantile,0.3,248.2304662770831
20145,2020-12-27,28 day ahead inc hosp,2021-01-24,06061,quantile,0.35,256.4101778186637
20146,2020-12-27,28 day ahead inc hosp,2021-01-24,06061,quantile,0.4,264.1719241758881
20147,2020-12-27,28 day ahead inc hosp,2021-01-24,06061,quantile,0.45,271.6815036024614
20148,2020-12-27,28 day ahead inc hosp,2021-01-24,06061,quantile,0.5,279.072021484375
20149,2020-12-27,28 day ahead inc hosp,2021-01-24,06061,quantile,0.55,289.62746436740207
20150,2020-12-27,28 day ahead inc hosp,2021-01-24,06061,quantile,0.6,300.3529558660068
20151,2020-12-27,28 day ahead inc hosp,2021-01-24,06061,quantile,0.65,311.4386025899969
20152,2020-12-27,28 day ahead inc hosp,2021-01-24,06061,quantile,0.7,323.121204453134
20153,2020-12-27,28 day ahead inc hosp,2021-01-24,06061,quantile,0.75,335.72856871677857
20154,2020-12-27,28 day ahead inc hosp,2021-01-24,06061,quantile,0.8,349.7674666825495
20155,2020-12-27,28 day ahead inc hosp,2021-01-24,06061,quantile,0.85,366.13151685554146
20156,2020-12-27,28 day ahead inc hosp,2021-01-24,06061,quantile,0.9,386.72122858193325
20157,2020-12-27,28 day ahead inc hosp,2021-01-24,06061,quantile,0.95,417.23828298601313
20158,2020-12-27,28 day ahead inc hosp,2021-01-24,06061,quantile,0.975,443.7072765518115
20159,2020-12-27,28 day ahead inc hosp,2021-01-24,06061,quantile,0.99,474.4832018118446
20160,2020-12-27,1 day ahead inc hosp,2020-12-28,06063,point,NA,2.894869089126587
20161,2020-12-27,1 day ahead inc hosp,2020-12-28,06063,quantile,0.01,1.5443804544571547
20162,2020-12-27,1 day ahead inc hosp,2020-12-28,06063,quantile,0.025,1.7570731837854368
20163,2020-12-27,1 day ahead inc hosp,2020-12-28,06063,quantile,0.05,1.9400006648120895
20164,2020-12-27,1 day ahead inc hosp,2020-12-28,06063,quantile,0.1,2.1509043350485317
20165,2020-12-27,1 day ahead inc hosp,2020-12-28,06063,quantile,0.15,2.293200040089638
20166,2020-12-27,1 day ahead inc hosp,2020-12-28,06063,quantile,0.2,2.4062921555906636
20167,2020-12-27,1 day ahead inc hosp,2020-12-28,06063,quantile,0.25,2.5033151207776374
20168,2020-12-27,1 day ahead inc hosp,2020-12-28,06063,quantile,0.3,2.59044474213634
20169,2020-12-27,1 day ahead inc hosp,2020-12-28,06063,quantile,0.35,2.6711833212345018
20170,2020-12-27,1 day ahead inc hosp,2020-12-28,06063,quantile,0.4,2.747796337355793
20171,2020-12-27,1 day ahead inc hosp,2020-12-28,06063,quantile,0.45,2.821920317088355
20172,2020-12-27,1 day ahead inc hosp,2020-12-28,06063,quantile,0.5,2.894869089126587
20173,2020-12-27,1 day ahead inc hosp,2020-12-28,06063,quantile,0.55,3.090821748550722
20174,2020-12-27,1 day ahead inc hosp,2020-12-28,06063,quantile,0.6,3.289931213314348
20175,2020-12-27,1 day ahead inc hosp,2020-12-28,06063,quantile,0.65,3.4957266480559115
20176,2020-12-27,1 day ahead inc hosp,2020-12-28,06063,quantile,0.7,3.712604038180026
20177,2020-12-27,1 day ahead inc hosp,2020-12-28,06063,quantile,0.75,3.9466488417156858
20178,2020-12-27,1 day ahead inc hosp,2020-12-28,06063,quantile,0.8,4.20726882917262
20179,2020-12-27,1 day ahead inc hosp,2020-12-28,06063,quantile,0.85,4.511053254504867
20180,2020-12-27,1 day ahead inc hosp,2020-12-28,06063,quantile,0.9,4.893283428479883
20181,2020-12-27,1 day ahead inc hosp,2020-12-28,06063,quantile,0.95,5.459806125304475
20182,2020-12-27,1 day ahead inc hosp,2020-12-28,06063,quantile,0.975,5.951180077016019
20183,2020-12-27,1 day ahead inc hosp,2020-12-28,06063,quantile,0.99,6.522508487180506
20184,2020-12-27,2 day ahead inc hosp,2020-12-29,06063,point,NA,2.604322910308838
20185,2020-12-27,2 day ahead inc hosp,2020-12-29,06063,quantile,0.01,1.1093568568611436
20186,2020-12-27,2 day ahead inc hosp,2020-12-29,06063,quantile,0.025,1.3448037921393154
20187,2020-12-27,2 day ahead inc hosp,2020-12-29,06063,quantile,0.05,1.5473011455838948
20188,2020-12-27,2 day ahead inc hosp,2020-12-29,06063,quantile,0.1,1.780767625387469
20189,2020-12-27,2 day ahead inc hosp,2020-12-29,06063,quantile,0.15,1.938286350926341
20190,2020-12-27,2 day ahead inc hosp,2020-12-29,06063,quantile,0.2,2.06347724053942
20191,2020-12-27,2 day ahead inc hosp,2020-12-29,06063,quantile,0.25,2.170879876619262
20192,2020-12-27,2 day ahead inc hosp,2020-12-29,06063,quantile,0.3,2.267330763236975
20193,2020-12-27,2 day ahead inc hosp,2020-12-29,06063,quantile,0.35,2.35670688374383
20194,2020-12-27,2 day ahead inc hosp,2020-12-29,06063,quantile,0.4,2.4415160819949553
20195,2020-12-27,2 day ahead inc hosp,2020-12-29,06063,quantile,0.45,2.5235699627917745
20196,2020-12-27,2 day ahead inc hosp,2020-12-29,06063,quantile,0.5,2.604322910308838
20197,2020-12-27,2 day ahead inc hosp,2020-12-29,06063,quantile,0.55,2.770247366028332
20198,2020-12-27,2 day ahead inc hosp,2020-12-29,06063,quantile,0.6,2.9388448715002857
20199,2020-12-27,2 day ahead inc hosp,2020-12-29,06063,quantile,0.65,3.113103774642505
20200,2020-12-27,2 day ahead inc hosp,2020-12-29,06063,quantile,0.7,3.2967464106749094
20201,2020-12-27,2 day ahead inc hosp,2020-12-29,06063,quantile,0.75,3.494925689051405
20202,2020-12-27,2 day ahead inc hosp,2020-12-29,06063,quantile,0.8,3.7156077134520764
20203,2020-12-27,2 day ahead inc hosp,2020-12-29,06063,quantile,0.85,3.9728395651526003
20204,2020-12-27,2 day ahead inc hosp,2020-12-29,06063,quantile,0.9,4.2964959715660385
20205,2020-12-27,2 day ahead inc hosp,2020-12-29,06063,quantile,0.95,4.776203521336516
20206,2020-12-27,2 day ahead inc hosp,2020-12-29,06063,quantile,0.975,5.192278280066905
20207,2020-12-27,2 day ahead inc hosp,2020-12-29,06063,quantile,0.99,5.676055105409395
20208,2020-12-27,3 day ahead inc hosp,2020-12-30,06063,point,NA,2.4829041957855225
20209,2020-12-27,3 day ahead inc hosp,2020-12-30,06063,quantile,0.01,1.0281541710434214
20210,2020-12-27,3 day ahead inc hosp,2020-12-30,06063,quantile,0.025,1.2572673566782793
20211,2020-12-27,3 day ahead inc hosp,2020-12-30,06063,quantile,0.05,1.4543173360101467
20212,2020-12-27,3 day ahead inc hosp,2020-12-30,06063,quantile,0.1,1.6815033423327874
20213,2020-12-27,3 day ahead inc hosp,2020-12-30,06063,quantile,0.15,1.834784662230688
20214,2020-12-27,3 day ahead inc hosp,2020-12-30,06063,quantile,0.2,1.9566077961688157
20215,2020-12-27,3 day ahead inc hosp,2020-12-30,06063,quantile,0.25,2.0611211977502006
20216,2020-12-27,3 day ahead inc hosp,2020-12-30,06063,quantile,0.3,2.1549774624927527
20217,2020-12-27,3 day ahead inc hosp,2020-12-30,06063,quantile,0.35,2.241949279156314
20218,2020-12-27,3 day ahead inc hosp,2020-12-30,06063,quantile,0.4,2.324477028177539
20219,2020-12-27,3 day ahead inc hosp,2020-12-30,06063,quantile,0.45,2.4043235804414325
20220,2020-12-27,3 day ahead inc hosp,2020-12-30,06063,quantile,0.5,2.4829041957855225
20221,2020-12-27,3 day ahead inc hosp,2020-12-30,06063,quantile,0.55,2.664017817125965
20222,2020-12-27,3 day ahead inc hosp,2020-12-30,06063,quantile,0.6,2.848049186296839
20223,2020-12-27,3 day ahead inc hosp,2020-12-30,06063,quantile,0.65,3.038260212525884
20224,2020-12-27,3 day ahead inc hosp,2020-12-30,06063,quantile,0.7,3.23871398349116
20225,2020-12-27,3 day ahead inc hosp,2020-12-30,06063,quantile,0.75,3.4550351196718454
20226,2020-12-27,3 day ahead inc hosp,2020-12-30,06063,quantile,0.8,3.6959189630488263
20227,2020-12-27,3 day ahead inc hosp,2020-12-30,06063,quantile,0.85,3.9766985020478867
20228,2020-12-27,3 day ahead inc hosp,2020-12-30,06063,quantile,0.9,4.3299832760215935
20229,2020-12-27,3 day ahead inc hosp,2020-12-30,06063,quantile,0.95,4.8536045297212915
20230,2020-12-27,3 day ahead inc hosp,2020-12-30,06063,quantile,0.975,5.307767877584894
20231,2020-12-27,3 day ahead inc hosp,2020-12-30,06063,quantile,0.99,5.835830919156571
20232,2020-12-27,4 day ahead inc hosp,2020-12-31,06063,point,NA,2.7998430728912354
20233,2020-12-27,4 day ahead inc hosp,2020-12-31,06063,quantile,0.01,1.1496530850971471
20234,2020-12-27,4 day ahead inc hosp,2020-12-31,06063,quantile,0.025,1.4095467290744188
20235,2020-12-27,4 day ahead inc hosp,2020-12-31,06063,quantile,0.05,1.6330696006730123
20236,2020-12-27,4 day ahead inc hosp,2020-12-31,06063,quantile,0.1,1.8907771563522147
20237,2020-12-27,4 day ahead inc hosp,2020-12-31,06063,quantile,0.15,2.064651220699607
20238,2020-12-27,4 day ahead inc hosp,2020-12-31,06063,quantile,0.2,2.202840815122907
20239,2020-12-27,4 day ahead inc hosp,2020-12-31,06063,quantile,0.25,2.321395182503295
20240,2020-12-27,4 day ahead inc hosp,2020-12-31,06063,quantile,0.3,2.427860668487644
20241,2020-12-27,4 day ahead inc hosp,2020-12-31,06063,quantile,0.35,2.526516807781345
20242,2020-12-27,4 day ahead inc hosp,2020-12-31,06063,quantile,0.4,2.6201318363661716
20243,2020-12-27,4 day ahead inc hosp,2020-12-31,06063,quantile,0.45,2.7107054599198905
20244,2020-12-27,4 day ahead inc hosp,2020-12-31,06063,quantile,0.5,2.7998430728912354
20245,2020-12-27,4 day ahead inc hosp,2020-12-31,06063,quantile,0.55,3.0229874730422432
20246,2020-12-27,4 day ahead inc hosp,2020-12-31,06063,quantile,0.6,3.2497267385854554
20247,2020-12-27,4 day ahead inc hosp,2020-12-31,06063,quantile,0.65,3.4840797653531337
20248,2020-12-27,4 day ahead inc hosp,2020-12-31,06063,quantile,0.7,3.7310525559638075
20249,2020-12-27,4 day ahead inc hosp,2020-12-31,06063,quantile,0.75,3.99757502851869
20250,2020-12-27,4 day ahead inc hosp,2020-12-31,06063,quantile,0.8,4.294360440563361
20251,2020-12-27,4 day ahead inc hosp,2020-12-31,06063,quantile,0.85,4.640300085195883
20252,2020-12-27,4 day ahead inc hosp,2020-12-31,06063,quantile,0.9,5.075571150880459
20253,2020-12-27,4 day ahead inc hosp,2020-12-31,06063,quantile,0.95,5.720708439276375
20254,2020-12-27,4 day ahead inc hosp,2020-12-31,06063,quantile,0.975,6.28026882506922
20255,2020-12-27,4 day ahead inc hosp,2020-12-31,06063,quantile,0.99,6.930878700689416
20256,2020-12-27,5 day ahead inc hosp,2021-01-01,06063,point,NA,2.6704838275909424
20257,2020-12-27,5 day ahead inc hosp,2021-01-01,06063,quantile,0.01,1.2057942951076883
20258,2020-12-27,5 day ahead inc hosp,2021-01-01,06063,quantile,0.025,1.4364728852749309
20259,2020-12-27,5 day ahead inc hosp,2021-01-01,06063,quantile,0.05,1.634869198864679
20260,2020-12-27,5 day ahead inc hosp,2021-01-01,06063,quantile,0.1,1.8636074423621745
20261,2020-12-27,5 day ahead inc hosp,2021-01-01,06063,quantile,0.15,2.017936049312687
20262,2020-12-27,5 day ahead inc hosp,2021-01-01,06063,quantile,0.2,2.1405915338005554
20263,2020-12-27,5 day ahead inc hosp,2021-01-01,06063,quantile,0.25,2.2458190180397195
20264,2020-12-27,5 day ahead inc hosp,2021-01-01,06063,quantile,0.3,2.34031655107861
20265,2020-12-27,5 day ahead inc hosp,2021-01-01,06063,quantile,0.35,2.4278825983868093
20266,2020-12-27,5 day ahead inc hosp,2021-01-01,06063,quantile,0.4,2.5109742141798543
20267,2020-12-27,5 day ahead inc hosp,2021-01-01,06063,quantile,0.45,2.5913663140710606
20268,2020-12-27,5 day ahead inc hosp,2021-01-01,06063,quantile,0.5,2.6704838275909424
20269,2020-12-27,5 day ahead inc hosp,2021-01-01,06063,quantile,0.55,2.886166120560438
20270,2020-12-27,5 day ahead inc hosp,2021-01-01,06063,quantile,0.6,3.10532306407094
20271,2020-12-27,5 day ahead inc hosp,2021-01-01,06063,quantile,0.65,3.3318391592245207
20272,2020-12-27,5 day ahead inc hosp,2021-01-01,06063,quantile,0.7,3.5705530043577056
20273,2020-12-27,5 day ahead inc hosp,2021-01-01,06063,quantile,0.75,3.8281627761899157
20274,2020-12-27,5 day ahead inc hosp,2021-01-01,06063,quantile,0.8,4.115023473327612
20275,2020-12-27,5 day ahead inc hosp,2021-01-01,06063,quantile,0.85,4.449394650614167
20276,2020-12-27,5 day ahead inc hosp,2021-01-01,06063,quantile,0.9,4.870109942804309
20277,2020-12-27,5 day ahead inc hosp,2021-01-01,06063,quantile,0.95,5.49367338220584
20278,2020-12-27,5 day ahead inc hosp,2021-01-01,06063,quantile,0.975,6.0345216713899905
20279,2020-12-27,5 day ahead inc hosp,2021-01-01,06063,quantile,0.99,6.663374690813289
20280,2020-12-27,6 day ahead inc hosp,2021-01-02,06063,point,NA,2.9334194660186768
20281,2020-12-27,6 day ahead inc hosp,2021-01-02,06063,quantile,0.01,0.08368430855123377
20282,2020-12-27,6 day ahead inc hosp,2021-01-02,06063,quantile,0.025,0.5324981178232204
20283,2020-12-27,6 day ahead inc hosp,2021-01-02,06063,quantile,0.05,0.918502753897934
20284,2020-12-27,6 day ahead inc hosp,2021-01-02,06063,quantile,0.1,1.3635413780540153
20285,2020-12-27,6 day ahead inc hosp,2021-01-02,06063,quantile,0.15,1.6638068249465148
20286,2020-12-27,6 day ahead inc hosp,2021-01-02,06063,quantile,0.2,1.9024482835283032
20287,2020-12-27,6 day ahead inc hosp,2021-01-02,06063,quantile,0.25,2.1071814059530896
20288,2020-12-27,6 day ahead inc hosp,2021-01-02,06063,quantile,0.3,2.2910380774337034
20289,2020-12-27,6 day ahead inc hosp,2021-01-02,06063,quantile,0.35,2.4614086836819498
20290,2020-12-27,6 day ahead inc hosp,2021-01-02,06063,quantile,0.4,2.623073728433626
20291,2020-12-27,6 day ahead inc hosp,2021-01-02,06063,quantile,0.45,2.779486530165194
20292,2020-12-27,6 day ahead inc hosp,2021-01-02,06063,quantile,0.5,2.9334194660186768
20293,2020-12-27,6 day ahead inc hosp,2021-01-02,06063,quantile,0.55,3.1525718460009737
20294,2020-12-27,6 day ahead inc hosp,2021-01-02,06063,quantile,0.6,3.375254779767656
20295,2020-12-27,6 day ahead inc hosp,2021-01-02,06063,quantile,0.65,3.605415265701588
20296,2020-12-27,6 day ahead inc hosp,2021-01-02,06063,quantile,0.7,3.847969749778137
20297,2020-12-27,6 day ahead inc hosp,2021-01-02,06063,quantile,0.75,4.109724174893183
20298,2020-12-27,6 day ahead inc hosp,2021-01-02,06063,quantile,0.8,4.401200140006361
20299,2020-12-27,6 day ahead inc hosp,2021-01-02,06063,quantile,0.85,4.740950975788673
20300,2020-12-27,6 day ahead inc hosp,2021-01-02,06063,quantile,0.9,5.168435106771355
20301,2020-12-27,6 day ahead inc hosp,2021-01-02,06063,quantile,0.95,5.802030984918478
20302,2020-12-27,6 day ahead inc hosp,2021-01-02,06063,quantile,0.975,6.351580918536922
20303,2020-12-27,6 day ahead inc hosp,2021-01-02,06063,quantile,0.99,6.990551480135881
20304,2020-12-27,7 day ahead inc hosp,2021-01-03,06063,point,NA,2.8023762702941895
20305,2020-12-27,7 day ahead inc hosp,2021-01-03,06063,quantile,0.01,0.018697060704336632
20306,2020-12-27,7 day ahead inc hosp,2021-01-03,06063,quantile,0.025,0.45710750968007696
20307,2020-12-27,7 day ahead inc hosp,2021-01-03,06063,quantile,0.05,0.834164681968816
20308,2020-12-27,7 day ahead inc hosp,2021-01-03,06063,quantile,0.1,1.2688874534100458
20309,2020-12-27,7 day ahead inc hosp,2021-01-03,06063,quantile,0.15,1.5621928434504555
20310,2020-12-27,7 day ahead inc hosp,2021-01-03,06063,quantile,0.2,1.7953026694844951
20311,2020-12-27,7 day ahead inc hosp,2021-01-03,06063,quantile,0.25,1.9952901437292145
20312,2020-12-27,7 day ahead inc hosp,2021-01-03,06063,quantile,0.3,2.1748850764737053
20313,2020-12-27,7 day ahead inc hosp,2021-01-03,06063,quantile,0.35,2.341306546656898
20314,2020-12-27,7 day ahead inc hosp,2021-01-03,06063,quantile,0.4,2.4992242474696953
20315,2020-12-27,7 day ahead inc hosp,2021-01-03,06063,quantile,0.45,2.65201145057274
20316,2020-12-27,7 day ahead inc hosp,2021-01-03,06063,quantile,0.5,2.8023762702941895
20317,2020-12-27,7 day ahead inc hosp,2021-01-03,06063,quantile,0.55,3.0197731291102463
20318,2020-12-27,7 day ahead inc hosp,2021-01-03,06063,quantile,0.6,3.240672260193063
20319,2020-12-27,7 day ahead inc hosp,2021-01-03,06063,quantile,0.65,3.4689890444764733
20320,2020-12-27,7 day ahead inc hosp,2021-01-03,06063,quantile,0.7,3.7096005447223317
20321,2020-12-27,7 day ahead inc hosp,2021-01-03,06063,quantile,0.75,3.9692581847890773
20322,2020-12-27,7 day ahead inc hosp,2021-01-03,06063,quantile,0.8,4.258399280318599
20323,2020-12-27,7 day ahead inc hosp,2021-01-03,06063,quantile,0.85,4.595428540439665
20324,2020-12-27,7 day ahead inc hosp,2021-01-03,06063,quantile,0.9,5.019488307789005
20325,2020-12-27,7 day ahead inc hosp,2021-01-03,06063,quantile,0.95,5.648008763186806
20326,2020-12-27,7 day ahead inc hosp,2021-01-03,06063,quantile,0.975,6.193156524488204
20327,2020-12-27,7 day ahead inc hosp,2021-01-03,06063,quantile,0.99,6.827008609410879
20328,2020-12-27,8 day ahead inc hosp,2021-01-04,06063,point,NA,2.2594165802001953
20329,2020-12-27,8 day ahead inc hosp,2021-01-04,06063,quantile,0.01,0.840055235282511
20330,2020-12-27,8 day ahead inc hosp,2021-01-04,06063,quantile,0.025,1.0635949457277591
20331,2020-12-27,8 day ahead inc hosp,2021-01-04,06063,quantile,0.05,1.255851428919821
20332,2020-12-27,8 day ahead inc hosp,2021-01-04,06063,quantile,0.1,1.4775108411874003
20333,2020-12-27,8 day ahead inc hosp,2021-01-04,06063,quantile,0.15,1.6270633943139154
20334,2020-12-27,8 day ahead inc hosp,2021-01-04,06063,quantile,0.2,1.745923022626458
20335,2020-12-27,8 day ahead inc hosp,2021-01-04,06063,quantile,0.25,1.847894000256635
20336,2020-12-27,8 day ahead inc hosp,2021-01-04,06063,quantile,0.3,1.9394670897140873
20337,2020-12-27,8 day ahead inc hosp,2021-01-04,06063,quantile,0.35,2.0243232042148662
20338,2020-12-27,8 day ahead inc hosp,2021-01-04,06063,quantile,0.4,2.104843358778576
20339,2020-12-27,8 day ahead inc hosp,2021-01-04,06063,quantile,0.45,2.1827475401711225
20340,2020-12-27,8 day ahead inc hosp,2021-01-04,06063,quantile,0.5,2.2594165802001953
20341,2020-12-27,8 day ahead inc hosp,2021-01-04,06063,quantile,0.55,2.443038857180975
20342,2020-12-27,8 day ahead inc hosp,2021-01-04,06063,quantile,0.6,2.629619296536922
20343,2020-12-27,8 day ahead inc hosp,2021-01-04,06063,quantile,0.65,2.8224649891166935
20344,2020-12-27,8 day ahead inc hosp,2021-01-04,06063,quantile,0.7,3.025695301567017
20345,2020-12-27,8 day ahead inc hosp,2021-01-04,06063,quantile,0.75,3.24501276256517
20346,2020-12-27,8 day ahead inc hosp,2021-01-04,06063,quantile,0.8,3.4892331557161618
20347,2020-12-27,8 day ahead inc hosp,2021-01-04,06063,quantile,0.85,3.7739018509751885
20348,2020-12-27,8 day ahead inc hosp,2021-01-04,06063,quantile,0.9,4.132080071583748
20349,2020-12-27,8 day ahead inc hosp,2021-01-04,06063,quantile,0.95,4.6629541503430545
20350,2020-12-27,8 day ahead inc hosp,2021-01-04,06063,quantile,0.975,5.123408242303208
20351,2020-12-27,8 day ahead inc hosp,2021-01-04,06063,quantile,0.99,5.658785633385916
20352,2020-12-27,9 day ahead inc hosp,2021-01-05,06063,point,NA,2.3998937606811523
20353,2020-12-27,9 day ahead inc hosp,2021-01-05,06063,quantile,0.01,0.8988555973105647
20354,2020-12-27,9 day ahead inc hosp,2021-01-05,06063,quantile,0.025,1.1352588483985306
20355,2020-12-27,9 day ahead inc hosp,2021-01-05,06063,quantile,0.05,1.3385786861974367
20356,2020-12-27,9 day ahead inc hosp,2021-01-05,06063,quantile,0.1,1.5729934377864532
20357,2020-12-27,9 day ahead inc hosp,2021-01-05,06063,quantile,0.15,1.7311519577970325
20358,2020-12-27,9 day ahead inc hosp,2021-01-05,06063,quantile,0.2,1.8568513357743273
20359,2020-12-27,9 day ahead inc hosp,2021-01-05,06063,quantile,0.25,1.9646902095940035
20360,2020-12-27,9 day ahead inc hosp,2021-01-05,06063,quantile,0.3,2.061532851184582
20361,2020-12-27,9 day ahead inc hosp,2021-01-05,06063,quantile,0.35,2.151271991056959
20362,2020-12-27,9 day ahead inc hosp,2021-01-05,06063,quantile,0.4,2.2364256591862235
20363,2020-12-27,9 day ahead inc hosp,2021-01-05,06063,quantile,0.45,2.3188128185766597
20364,2020-12-27,9 day ahead inc hosp,2021-01-05,06063,quantile,0.5,2.3998937606811523
20365,2020-12-27,9 day ahead inc hosp,2021-01-05,06063,quantile,0.55,2.563560670498341
20366,2020-12-27,9 day ahead inc hosp,2021-01-05,06063,quantile,0.6,2.72986426091138
20367,2020-12-27,9 day ahead inc hosp,2021-01-05,06063,quantile,0.65,2.901752220776895
20368,2020-12-27,9 day ahead inc hosp,2021-01-05,06063,quantile,0.7,3.0828962397207826
20369,2020-12-27,9 day ahead inc hosp,2021-01-05,06063,quantile,0.75,3.278379117401669
20370,2020-12-27,9 day ahead inc hosp,2021-01-05,06063,quantile,0.8,3.496058571760824
20371,2020-12-27,9 day ahead inc hosp,2021-01-05,06063,quantile,0.85,3.749790561369103
20372,2020-12-27,9 day ahead inc hosp,2021-01-05,06063,quantile,0.9,4.069043342103101
20373,2020-12-27,9 day ahead inc hosp,2021-01-05,06063,quantile,0.95,4.542224055256316
20374,2020-12-27,9 day ahead inc hosp,2021-01-05,06063,quantile,0.975,4.952637756594342
20375,2020-12-27,9 day ahead inc hosp,2021-01-05,06063,quantile,0.99,5.429832379301624
20376,2020-12-27,10 day ahead inc hosp,2021-01-06,06063,point,NA,2.3551979064941406
20377,2020-12-27,10 day ahead inc hosp,2021-01-06,06063,quantile,0.01,0.8725255495997042
20378,2020-12-27,10 day ahead inc hosp,2021-01-06,06063,quantile,0.025,1.1060363116985392
20379,2020-12-27,10 day ahead inc hosp,2021-01-06,06063,quantile,0.05,1.3068684493943432
20380,2020-12-27,10 day ahead inc hosp,2021-01-06,06063,quantile,0.1,1.5384150420864722
20381,2020-12-27,10 day ahead inc hosp,2021-01-06,06063,quantile,0.15,1.6946384289059364
20382,2020-12-27,10 day ahead inc hosp,2021-01-06,06063,quantile,0.2,1.8187998243679036
20383,2020-12-27,10 day ahead inc hosp,2021-01-06,06063,quantile,0.25,1.9253192461339887
20384,2020-12-27,10 day ahead inc hosp,2021-01-06,06063,quantile,0.3,2.020976979001062
20385,2020-12-27,10 day ahead inc hosp,2021-01-06,06063,quantile,0.35,2.1096181243544114
20386,2020-12-27,10 day ahead inc hosp,2021-01-06,06063,quantile,0.4,2.193729903058237
20387,2020-12-27,10 day ahead inc hosp,2021-01-06,06063,quantile,0.45,2.2751090223718724
20388,2020-12-27,10 day ahead inc hosp,2021-01-06,06063,quantile,0.5,2.3551979064941406
20389,2020-12-27,10 day ahead inc hosp,2021-01-06,06063,quantile,0.55,2.5367114339114485
20390,2020-12-27,10 day ahead inc hosp,2021-01-06,06063,quantile,0.6,2.7211491516624053
20391,2020-12-27,10 day ahead inc hosp,2021-01-06,06063,quantile,0.65,2.911780171400016
20392,2020-12-27,10 day ahead inc hosp,2021-01-06,06063,quantile,0.7,3.1126765522614797
20393,2020-12-27,10 day ahead inc hosp,2021-01-06,06063,quantile,0.75,3.329475334111623
20394,2020-12-27,10 day ahead inc hosp,2021-01-06,06063,quantile,0.8,3.5708910585921467
20395,2020-12-27,10 day ahead inc hosp,2021-01-06,06063,quantile,0.85,3.852290569976907
20396,2020-12-27,10 day ahead inc hosp,2021-01-06,06063,quantile,0.9,4.206355410777894
20397,2020-12-27,10 day ahead inc hosp,2021-01-06,06063,quantile,0.95,4.731132841024561
20398,2020-12-27,10 day ahead inc hosp,2021-01-06,06063,quantile,0.975,5.186298999617451
20399,2020-12-27,10 day ahead inc hosp,2021-01-06,06063,quantile,0.99,5.715528025380321
20400,2020-12-27,11 day ahead inc hosp,2021-01-07,06063,point,NA,2.3954551219940186
20401,2020-12-27,11 day ahead inc hosp,2021-01-07,06063,quantile,0.01,0.6800910711641934
20402,2020-12-27,11 day ahead inc hosp,2021-01-07,06063,quantile,0.025,0.9502491846028298
20403,2020-12-27,11 day ahead inc hosp,2021-01-07,06063,quantile,0.05,1.1826000662070892
20404,2020-12-27,11 day ahead inc hosp,2021-01-07,06063,quantile,0.1,1.4504857520427312
20405,2020-12-27,11 day ahead inc hosp,2021-01-07,06063,quantile,0.15,1.6312269524858922
20406,2020-12-27,11 day ahead inc hosp,2021-01-07,06063,quantile,0.2,1.7748743289854647
20407,2020-12-27,11 day ahead inc hosp,2021-01-07,06063,quantile,0.25,1.898110987417164
20408,2020-12-27,11 day ahead inc hosp,2021-01-07,06063,quantile,0.3,2.0087813154778784
20409,2020-12-27,11 day ahead inc hosp,2021-01-07,06063,quantile,0.35,2.1113338676020716
20410,2020-12-27,11 day ahead inc hosp,2021-01-07,06063,quantile,0.4,2.2086462109319935
20411,2020-12-27,11 day ahead inc hosp,2021-01-07,06063,quantile,0.45,2.302797029290267
20412,2020-12-27,11 day ahead inc hosp,2021-01-07,06063,quantile,0.5,2.3954551219940186
20413,2020-12-27,11 day ahead inc hosp,2021-01-07,06063,quantile,0.55,2.6182437771078146
20414,2020-12-27,11 day ahead inc hosp,2021-01-07,06063,quantile,0.6,2.8446215665467487
20415,2020-12-27,11 day ahead inc hosp,2021-01-07,06063,quantile,0.65,3.078600979071042
20416,2020-12-27,11 day ahead inc hosp,2021-01-07,06063,quantile,0.7,3.325180036545116
20417,2020-12-27,11 day ahead inc hosp,2021-01-07,06063,quantile,0.75,3.59127760913902
20418,2020-12-27,11 day ahead inc hosp,2021-01-07,06063,quantile,0.8,3.887589874927812
20419,2020-12-27,11 day ahead inc hosp,2021-01-07,06063,quantile,0.85,4.232978009812971
20420,2020-12-27,11 day ahead inc hosp,2021-01-07,06063,quantile,0.9,4.667555150302228
20421,2020-12-27,11 day ahead inc hosp,2021-01-07,06063,quantile,0.95,5.311663937026081
20422,2020-12-27,11 day ahead inc hosp,2021-01-07,06063,quantile,0.975,5.870332251002955
20423,2020-12-27,11 day ahead inc hosp,2021-01-07,06063,quantile,0.99,6.519904900350585
20424,2020-12-27,12 day ahead inc hosp,2021-01-08,06063,point,NA,2.353825330734253
20425,2020-12-27,12 day ahead inc hosp,2021-01-08,06063,quantile,0.01,0.8604534643976889
20426,2020-12-27,12 day ahead inc hosp,2021-01-08,06063,quantile,0.025,1.0956493261021767
20427,2020-12-27,12 day ahead inc hosp,2021-01-08,06063,quantile,0.05,1.2979307424221938
20428,2020-12-27,12 day ahead inc hosp,2021-01-08,06063,quantile,0.1,1.5311482605506015
20429,2020-12-27,12 day ahead inc hosp,2021-01-08,06063,quantile,0.15,1.6884990128291864
20430,2020-12-27,12 day ahead inc hosp,2021-01-08,06063,quantile,0.2,1.8135564026198505
20431,2020-12-27,12 day ahead inc hosp,2021-01-08,06063,quantile,0.25,1.9208445077391096
20432,2020-12-27,12 day ahead inc hosp,2021-01-08,06063,quantile,0.3,2.0171925420144907
20433,2020-12-27,12 day ahead inc hosp,2021-01-08,06063,quantile,0.35,2.106473354498113
20434,2020-12-27,12 day ahead inc hosp,2021-01-08,06063,quantile,0.4,2.191192114755382
20435,2020-12-27,12 day ahead inc hosp,2021-01-08,06063,quantile,0.45,2.2731584957465145
20436,2020-12-27,12 day ahead inc hosp,2021-01-08,06063,quantile,0.5,2.353825330734253
20437,2020-12-27,12 day ahead inc hosp,2021-01-08,06063,quantile,0.55,2.569116525866814
20438,2020-12-27,12 day ahead inc hosp,2021-01-08,06063,quantile,0.6,2.787876070938269
20439,2020-12-27,12 day ahead inc hosp,2021-01-08,06063,quantile,0.65,3.0139814232643984
20440,2020-12-27,12 day ahead inc hosp,2021-01-08,06063,quantile,0.7,3.2522624073259
20441,2020-12-27,12 day ahead inc hosp,2021-01-08,06063,quantile,0.75,3.509405054003098
20442,2020-12-27,12 day ahead inc hosp,2021-01-08,06063,quantile,0.8,3.7957455851289827
20443,2020-12-27,12 day ahead inc hosp,2021-01-08,06063,quantile,0.85,4.129510445400036
20444,2020-12-27,12 day ahead inc hosp,2021-01-08,06063,quantile,0.9,4.549462852336708
20445,2020-12-27,12 day ahead inc hosp,2021-01-08,06063,quantile,0.95,5.171895580871881
20446,2020-12-27,12 day ahead inc hosp,2021-01-08,06063,quantile,0.975,5.711763147006877
20447,2020-12-27,12 day ahead inc hosp,2021-01-08,06063,quantile,0.99,6.339475863940528
20448,2020-12-27,13 day ahead inc hosp,2021-01-09,06063,point,NA,2.266632080078125
20449,2020-12-27,13 day ahead inc hosp,2021-01-09,06063,quantile,0.01,-0.5050973125823375
20450,2020-12-27,13 day ahead inc hosp,2021-01-09,06063,quantile,0.025,-0.06856887809560241
20451,2020-12-27,13 day ahead inc hosp,2021-01-09,06063,quantile,0.05,0.3068696579058654
20452,2020-12-27,13 day ahead inc hosp,2021-01-09,06063,quantile,0.1,0.7397262453716342
20453,2020-12-27,13 day ahead inc hosp,2021-01-09,06063,quantile,0.15,1.031772529943529
20454,2020-12-27,13 day ahead inc hosp,2021-01-09,06063,quantile,0.2,1.2638816588656483
20455,2020-12-27,13 day ahead inc hosp,2021-01-09,06063,quantile,0.25,1.4630106240921008
20456,2020-12-27,13 day ahead inc hosp,2021-01-09,06063,quantile,0.3,1.641834589204851
20457,2020-12-27,13 day ahead inc hosp,2021-01-09,06063,quantile,0.35,1.8075416429800901
20458,2020-12-27,13 day ahead inc hosp,2021-01-09,06063,quantile,0.4,1.964781432484673
20459,2020-12-27,13 day ahead inc hosp,2021-01-09,06063,quantile,0.45,2.116912748551616
20460,2020-12-27,13 day ahead inc hosp,2021-01-09,06063,quantile,0.5,2.266632080078125
20461,2020-12-27,13 day ahead inc hosp,2021-01-09,06063,quantile,0.55,2.483921742015022
20462,2020-12-27,13 day ahead inc hosp,2021-01-09,06063,quantile,0.6,2.7047119492725815
20463,2020-12-27,13 day ahead inc hosp,2021-01-09,06063,quantile,0.65,2.932916152137528
20464,2020-12-27,13 day ahead inc hosp,2021-01-09,06063,quantile,0.7,3.173409008525988
20465,2020-12-27,13 day ahead inc hosp,2021-01-09,06063,quantile,0.75,3.4329386132162485
20466,2020-12-27,13 day ahead inc hosp,2021-01-09,06063,quantile,0.8,3.7219371352824444
20467,2020-12-27,13 day ahead inc hosp,2021-01-09,06063,quantile,0.85,4.05880020861927
20468,2020-12-27,13 day ahead inc hosp,2021-01-09,06063,quantile,0.9,4.482650875046524
20469,2020-12-27,13 day ahead inc hosp,2021-01-09,06063,quantile,0.95,5.110861411378918
20470,2020-12-27,13 day ahead inc hosp,2021-01-09,06063,quantile,0.975,5.655740364110539
20471,2020-12-27,13 day ahead inc hosp,2021-01-09,06063,quantile,0.99,6.289279900978367
20472,2020-12-27,14 day ahead inc hosp,2021-01-10,06063,point,NA,2.409074544906616
20473,2020-12-27,14 day ahead inc hosp,2021-01-10,06063,quantile,0.01,-0.4066631199405477
20474,2020-12-27,14 day ahead inc hosp,2021-01-10,06063,quantile,0.025,0.0367963166176728
20475,2020-12-27,14 day ahead inc hosp,2021-01-10,06063,quantile,0.05,0.41819589676922275
20476,2020-12-27,14 day ahead inc hosp,2021-01-10,06063,quantile,0.1,0.8579251863715864
20477,2020-12-27,14 day ahead inc hosp,2021-01-10,06063,quantile,0.15,1.154608450446815
20478,2020-12-27,14 day ahead inc hosp,2021-01-10,06063,quantile,0.2,1.3904029036829426
20479,2020-12-27,14 day ahead inc hosp,2021-01-10,06063,quantile,0.25,1.592693549023315
20480,2020-12-27,14 day ahead inc hosp,2021-01-10,06063,quantile,0.3,1.7743568005941972
20481,2020-12-27,14 day ahead inc hosp,2021-01-10,06063,quantile,0.35,1.9426948764111651
20482,2020-12-27,14 day ahead inc hosp,2021-01-10,06063,quantile,0.4,2.1024312485451424
20483,2020-12-27,14 day ahead inc hosp,2021-01-10,06063,quantile,0.45,2.2569780371987394
20484,2020-12-27,14 day ahead inc hosp,2021-01-10,06063,quantile,0.5,2.409074544906616
20485,2020-12-27,14 day ahead inc hosp,2021-01-10,06063,quantile,0.55,2.6270802807979003
20486,2020-12-27,14 day ahead inc hosp,2021-01-10,06063,quantile,0.6,2.8485980979904735
20487,2020-12-27,14 day ahead inc hosp,2021-01-10,06063,quantile,0.65,3.077554343472159
20488,2020-12-27,14 day ahead inc hosp,2021-01-10,06063,quantile,0.7,3.318839739501672
20489,2020-12-27,14 day ahead inc hosp,2021-01-10,06063,quantile,0.75,3.579224619075489
20490,2020-12-27,14 day ahead inc hosp,2021-01-10,06063,quantile,0.8,3.8691755302828135
20491,2020-12-27,14 day ahead inc hosp,2021-01-10,06063,quantile,0.85,4.207148729480489
20492,2020-12-27,14 day ahead inc hosp,2021-01-10,06063,quantile,0.9,4.632396187729649
20493,2020-12-27,14 day ahead inc hosp,2021-01-10,06063,quantile,0.95,5.262676979954245
20494,2020-12-27,14 day ahead inc hosp,2021-01-10,06063,quantile,0.975,5.809351570926852
20495,2020-12-27,14 day ahead inc hosp,2021-01-10,06063,quantile,0.99,6.444978925306945
20496,2020-12-27,15 day ahead inc hosp,2021-01-11,06063,point,NA,2.201930522918701
20497,2020-12-27,15 day ahead inc hosp,2021-01-11,06063,quantile,0.01,0.8214512865527377
20498,2020-12-27,15 day ahead inc hosp,2021-01-11,06063,quantile,0.025,1.0388673306615206
20499,2020-12-27,15 day ahead inc hosp,2021-01-11,06063,quantile,0.05,1.2258571229746087
20500,2020-12-27,15 day ahead inc hosp,2021-01-11,06063,quantile,0.1,1.4414443779580974
20501,2020-12-27,15 day ahead inc hosp,2021-01-11,06063,quantile,0.15,1.586900075392668
20502,2020-12-27,15 day ahead inc hosp,2021-01-11,06063,quantile,0.2,1.7025036526742212
20503,2020-12-27,15 day ahead inc hosp,2021-01-11,06063,quantile,0.25,1.8016812284440906
20504,2020-12-27,15 day ahead inc hosp,2021-01-11,06063,quantile,0.3,1.890745756697273
20505,2020-12-27,15 day ahead inc hosp,2021-01-11,06063,quantile,0.35,1.9732773153919418
20506,2020-12-27,15 day ahead inc hosp,2021-01-11,06063,quantile,0.4,2.051591693814461
20507,2020-12-27,15 day ahead inc hosp,2021-01-11,06063,quantile,0.45,2.127361761263167
20508,2020-12-27,15 day ahead inc hosp,2021-01-11,06063,quantile,0.5,2.201930522918701
20509,2020-12-27,15 day ahead inc hosp,2021-01-11,06063,quantile,0.55,2.3896858567670862
20510,2020-12-27,15 day ahead inc hosp,2021-01-11,06063,quantile,0.6,2.5804659367054317
20511,2020-12-27,15 day ahead inc hosp,2021-01-11,06063,quantile,0.65,2.7776522911439403
20512,2020-12-27,15 day ahead inc hosp,2021-01-11,06063,quantile,0.7,2.985457007377887
20513,2020-12-27,15 day ahead inc hosp,2021-01-11,06063,quantile,0.75,3.2097109692912262
20514,2020-12-27,15 day ahead inc hosp,2021-01-11,06063,quantile,0.8,3.4594283903068037
20515,2020-12-27,15 day ahead inc hosp,2021-01-11,06063,quantile,0.85,3.750504542903132
20516,2020-12-27,15 day ahead inc hosp,2021-01-11,06063,quantile,0.9,4.116744807937096
20517,2020-12-27,15 day ahead inc hosp,2021-01-11,06063,quantile,0.95,4.659568050997852
20518,2020-12-27,15 day ahead inc hosp,2021-01-11,06063,quantile,0.975,5.1303862609631015
20519,2020-12-27,15 day ahead inc hosp,2021-01-11,06063,quantile,0.99,5.677814179026294
20520,2020-12-27,16 day ahead inc hosp,2021-01-12,06063,point,NA,2.416081428527832
20521,2020-12-27,16 day ahead inc hosp,2021-01-12,06063,quantile,0.01,0.9606692968486477
20522,2020-12-27,16 day ahead inc hosp,2021-01-12,06063,quantile,0.025,1.1898867598005745
20523,2020-12-27,16 day ahead inc hosp,2021-01-12,06063,quantile,0.05,1.3870264233778784
20524,2020-12-27,16 day ahead inc hosp,2021-01-12,06063,quantile,0.1,1.6143158298917797
20525,2020-12-27,16 day ahead inc hosp,2021-01-12,06063,quantile,0.15,1.76766691340783
20526,2020-12-27,16 day ahead inc hosp,2021-01-12,06063,quantile,0.2,1.8895454932581117
20527,2020-12-27,16 day ahead inc hosp,2021-01-12,06063,quantile,0.25,1.9941064624951268
20528,2020-12-27,16 day ahead inc hosp,2021-01-12,06063,quantile,0.3,2.0880054444625755
20529,2020-12-27,16 day ahead inc hosp,2021-01-12,06063,quantile,0.35,2.1750168450011422
20530,2020-12-27,16 day ahead inc hosp,2021-01-12,06063,quantile,0.4,2.2575821552488318
20531,2020-12-27,16 day ahead inc hosp,2021-01-12,06063,quantile,0.45,2.3374650484340225
20532,2020-12-27,16 day ahead inc hosp,2021-01-12,06063,quantile,0.5,2.416081428527832
20533,2020-12-27,16 day ahead inc hosp,2021-01-12,06063,quantile,0.55,2.5783638717758723
20534,2020-12-27,16 day ahead inc hosp,2021-01-12,06063,quantile,0.6,2.7432606918068383
20535,2020-12-27,16 day ahead inc hosp,2021-01-12,06063,quantile,0.65,2.9136946428300114
20536,2020-12-27,16 day ahead inc hosp,2021-01-12,06063,quantile,0.7,3.0933063554652556
20537,2020-12-27,16 day ahead inc hosp,2021-01-12,06063,quantile,0.75,3.2871356337148794
20538,2020-12-27,16 day ahead inc hosp,2021-01-12,06063,quantile,0.8,3.50297372669141
20539,2020-12-27,16 day ahead inc hosp,2021-01-12,06063,quantile,0.85,3.754559384719723
20540,2020-12-27,16 day ahead inc hosp,2021-01-12,06063,quantile,0.9,4.07111159022732
20541,2020-12-27,16 day ahead inc hosp,2021-01-12,06063,quantile,0.95,4.540289644081485
20542,2020-12-27,16 day ahead inc hosp,2021-01-12,06063,quantile,0.975,4.947231635410091
20543,2020-12-27,16 day ahead inc hosp,2021-01-12,06063,quantile,0.99,5.420389644956817
20544,2020-12-27,17 day ahead inc hosp,2021-01-13,06063,point,NA,2.474689483642578
20545,2020-12-27,17 day ahead inc hosp,2021-01-13,06063,quantile,0.01,1.012849714880986
20546,2020-12-27,17 day ahead inc hosp,2021-01-13,06063,quantile,0.025,1.2430794867402912
20547,2020-12-27,17 day ahead inc hosp,2021-01-13,06063,quantile,0.05,1.4410897918248642
20548,2020-12-27,17 day ahead inc hosp,2021-01-13,06063,quantile,0.1,1.6693829922373786
20549,2020-12-27,17 day ahead inc hosp,2021-01-13,06063,quantile,0.15,1.8234113307313011
20550,2020-12-27,17 day ahead inc hosp,2021-01-13,06063,quantile,0.2,1.9458281713685759
20551,2020-12-27,17 day ahead inc hosp,2021-01-13,06063,quantile,0.25,2.0508509204331817
20552,2020-12-27,17 day ahead inc hosp,2021-01-13,06063,quantile,0.3,2.1451645949577123
20553,2020-12-27,17 day ahead inc hosp,2021-01-13,06063,quantile,0.35,2.232560269951961
20554,2020-12-27,17 day ahead inc hosp,2021-01-13,06063,quantile,0.4,2.3154902190798117
20555,2020-12-27,17 day ahead inc hosp,2021-01-13,06063,quantile,0.45,2.39572590460149
20556,2020-12-27,17 day ahead inc hosp,2021-01-13,06063,quantile,0.5,2.474689483642578
20557,2020-12-27,17 day ahead inc hosp,2021-01-13,06063,quantile,0.55,2.6549192250699485
20558,2020-12-27,17 day ahead inc hosp,2021-01-13,06063,quantile,0.6,2.8380524749862825
20559,2020-12-27,17 day ahead inc hosp,2021-01-13,06063,quantile,0.65,3.027335223683884
20560,2020-12-27,17 day ahead inc hosp,2021-01-13,06063,quantile,0.7,3.226810729953526
20561,2020-12-27,17 day ahead inc hosp,2021-01-13,06063,quantile,0.75,3.442076164715246
20562,2020-12-27,17 day ahead inc hosp,2021-01-13,06063,quantile,0.8,3.6817844344994244
20563,2020-12-27,17 day ahead inc hosp,2021-01-13,06063,quantile,0.85,3.9611936989013223
20564,2020-12-27,17 day ahead inc hosp,2021-01-13,06063,quantile,0.9,4.312754354539818
20565,2020-12-27,17 day ahead inc hosp,2021-01-13,06063,quantile,0.95,4.833820205146267
20566,2020-12-27,17 day ahead inc hosp,2021-01-13,06063,quantile,0.975,5.285767121923907
20567,2020-12-27,17 day ahead inc hosp,2021-01-13,06063,quantile,0.99,5.811253083363088
20568,2020-12-27,18 day ahead inc hosp,2021-01-14,06063,point,NA,2.584462881088257
20569,2020-12-27,18 day ahead inc hosp,2021-01-14,06063,quantile,0.01,0.9657546568758084
20570,2020-12-27,18 day ahead inc hosp,2021-01-14,06063,quantile,0.025,1.2206901382678128
20571,2020-12-27,18 day ahead inc hosp,2021-01-14,06063,quantile,0.05,1.4399487165118197
20572,2020-12-27,18 day ahead inc hosp,2021-01-14,06063,quantile,0.1,1.6927398150551136
20573,2020-12-27,18 day ahead inc hosp,2021-01-14,06063,quantile,0.15,1.863296769113841
20574,2020-12-27,18 day ahead inc hosp,2021-01-14,06063,quantile,0.2,1.9988500294342462
20575,2020-12-27,18 day ahead inc hosp,2021-01-14,06063,quantile,0.25,2.1151426568979903
20576,2020-12-27,18 day ahead inc hosp,2021-01-14,06063,quantile,0.3,2.2195770305351816
20577,2020-12-27,18 day ahead inc hosp,2021-01-14,06063,quantile,0.35,2.3163510415429918
20578,2020-12-27,18 day ahead inc hosp,2021-01-14,06063,quantile,0.4,2.4081801144382338
20579,2020-12-27,18 day ahead inc hosp,2021-01-14,06063,quantile,0.45,2.497025805193583
20580,2020-12-27,18 day ahead inc hosp,2021-01-14,06063,quantile,0.5,2.584462881088257
20581,2020-12-27,18 day ahead inc hosp,2021-01-14,06063,quantile,0.55,2.8040226721273607
20582,2020-12-27,18 day ahead inc hosp,2021-01-14,06063,quantile,0.6,3.0271195803596003
20583,2020-12-27,18 day ahead inc hosp,2021-01-14,06063,quantile,0.65,3.2577079417599863
20584,2020-12-27,18 day ahead inc hosp,2021-01-14,06063,quantile,0.7,3.500713342129111
20585,2020-12-27,18 day ahead inc hosp,2021-01-14,06063,quantile,0.75,3.762954376821332
20586,2020-12-27,18 day ahead inc hosp,2021-01-14,06063,quantile,0.8,4.054972204774376
20587,2020-12-27,18 day ahead inc hosp,2021-01-14,06063,quantile,0.85,4.395354647875157
20588,2020-12-27,18 day ahead inc hosp,2021-01-14,06063,quantile,0.9,4.823633485087295
20589,2020-12-27,18 day ahead inc hosp,2021-01-14,06063,quantile,0.95,5.458407237580683
20590,2020-12-27,18 day ahead inc hosp,2021-01-14,06063,quantile,0.975,6.008978801533426
20591,2020-12-27,18 day ahead inc hosp,2021-01-14,06063,quantile,0.99,6.649137229181527
20592,2020-12-27,19 day ahead inc hosp,2021-01-15,06063,point,NA,2.547755718231201
20593,2020-12-27,19 day ahead inc hosp,2021-01-15,06063,quantile,0.01,1.1227731894135335
20594,2020-12-27,19 day ahead inc hosp,2021-01-15,06063,quantile,0.025,1.347198197902061
20595,2020-12-27,19 day ahead inc hosp,2021-01-15,06063,quantile,0.05,1.540216086251348
20596,2020-12-27,19 day ahead inc hosp,2021-01-15,06063,quantile,0.1,1.762753349901861
20597,2020-12-27,19 day ahead inc hosp,2021-01-15,06063,quantile,0.15,1.9128981851888325
20598,2020-12-27,19 day ahead inc hosp,2021-01-15,06063,quantile,0.2,2.0322285405867793
20599,2020-12-27,19 day ahead inc hosp,2021-01-15,06063,quantile,0.25,2.1346033601418983
20600,2020-12-27,19 day ahead inc hosp,2021-01-15,06063,quantile,0.3,2.2265391121292084
20601,2020-12-27,19 day ahead inc hosp,2021-01-15,06063,quantile,0.35,2.3117312875114218
20602,2020-12-27,19 day ahead inc hosp,2021-01-15,06063,quantile,0.4,2.3925703309881476
20603,2020-12-27,19 day ahead inc hosp,2021-01-15,06063,quantile,0.45,2.470783041094508
20604,2020-12-27,19 day ahead inc hosp,2021-01-15,06063,quantile,0.5,2.547755718231201
20605,2020-12-27,19 day ahead inc hosp,2021-01-15,06063,quantile,0.55,2.757816436684758
20606,2020-12-27,19 day ahead inc hosp,2021-01-15,06063,quantile,0.6,2.9712612418844726
20607,2020-12-27,19 day ahead inc hosp,2021-01-15,06063,quantile,0.65,3.1918733887331947
20608,2020-12-27,19 day ahead inc hosp,2021-01-15,06063,quantile,0.7,3.424365361639752
20609,2020-12-27,19 day ahead inc hosp,2021-01-15,06063,quantile,0.75,3.675260755075616
20610,2020-12-27,19 day ahead inc hosp,2021-01-15,06063,quantile,0.8,3.9546446734641094
20611,2020-12-27,19 day ahead inc hosp,2021-01-15,06063,quantile,0.85,4.280300751967084
20612,2020-12-27,19 day ahead inc hosp,2021-01-15,06063,quantile,0.9,4.690050459859695
20613,2020-12-27,19 day ahead inc hosp,2021-01-15,06063,quantile,0.95,5.2973612514812505
20614,2020-12-27,19 day ahead inc hosp,2021-01-15,06063,quantile,0.975,5.8241127925383
20615,2020-12-27,19 day ahead inc hosp,2021-01-15,06063,quantile,0.99,6.436575295801977
20616,2020-12-27,20 day ahead inc hosp,2021-01-16,06063,point,NA,2.55729603767395
20617,2020-12-27,20 day ahead inc hosp,2021-01-16,06063,quantile,0.01,-0.0631265978071558
20618,2020-12-27,20 day ahead inc hosp,2021-01-16,06063,quantile,0.025,0.3495720566102589
20619,2020-12-27,20 day ahead inc hosp,2021-01-16,06063,quantile,0.05,0.7045156671139601
20620,2020-12-27,20 day ahead inc hosp,2021-01-16,06063,quantile,0.1,1.113742918055537
20621,2020-12-27,20 day ahead inc hosp,2021-01-16,06063,quantile,0.15,1.3898466014550863
20622,2020-12-27,20 day ahead inc hosp,2021-01-16,06063,quantile,0.2,1.6092850563561674
20623,2020-12-27,20 day ahead inc hosp,2021-01-16,06063,quantile,0.25,1.7975437114907766
20624,2020-12-27,20 day ahead inc hosp,2021-01-16,06063,quantile,0.3,1.9666058021799946
20625,2020-12-27,20 day ahead inc hosp,2021-01-16,06063,quantile,0.35,2.123267024491719
20626,2020-12-27,20 day ahead inc hosp,2021-01-16,06063,quantile,0.4,2.271923204531214
20627,2020-12-27,20 day ahead inc hosp,2021-01-16,06063,quantile,0.45,2.4157497791033813
20628,2020-12-27,20 day ahead inc hosp,2021-01-16,06063,quantile,0.5,2.55729603767395
20629,2020-12-27,20 day ahead inc hosp,2021-01-16,06063,quantile,0.55,2.7710362635386674
20630,2020-12-27,20 day ahead inc hosp,2021-01-16,06063,quantile,0.6,2.988219853164084
20631,2020-12-27,20 day ahead inc hosp,2021-01-16,06063,quantile,0.65,3.212696330456393
20632,2020-12-27,20 day ahead inc hosp,2021-01-16,06063,quantile,0.7,3.449260725582786
20633,2020-12-27,20 day ahead inc hosp,2021-01-16,06063,quantile,0.75,3.704550902900042
20634,2020-12-27,20 day ahead inc hosp,2021-01-16,06063,quantile,0.8,3.9888286215470385
20635,2020-12-27,20 day ahead inc hosp,2021-01-16,06063,quantile,0.85,4.320189021939239
20636,2020-12-27,20 day ahead inc hosp,2021-01-16,06063,quantile,0.9,4.737116069307841
20637,2020-12-27,20 day ahead inc hosp,2021-01-16,06063,quantile,0.95,5.355064759224232
20638,2020-12-27,20 day ahead inc hosp,2021-01-16,06063,quantile,0.975,5.891043090579954
20639,2020-12-27,20 day ahead inc hosp,2021-01-16,06063,quantile,0.99,6.514233731576411
20640,2020-12-27,21 day ahead inc hosp,2021-01-17,06063,point,NA,3.197816848754883
20641,2020-12-27,21 day ahead inc hosp,2021-01-17,06063,quantile,0.01,0.5128111240109927
20642,2020-12-27,21 day ahead inc hosp,2021-01-17,06063,quantile,0.025,0.9356811735598565
20643,2020-12-27,21 day ahead inc hosp,2021-01-17,06063,quantile,0.05,1.2993727450107833
20644,2020-12-27,21 day ahead inc hosp,2021-01-17,06063,quantile,0.1,1.7186858346710718
20645,2020-12-27,21 day ahead inc hosp,2021-01-17,06063,quantile,0.15,2.001594385571509
20646,2020-12-27,21 day ahead inc hosp,2021-01-17,06063,quantile,0.2,2.2264411334436063
20647,2020-12-27,21 day ahead inc hosp,2021-01-17,06063,quantile,0.25,2.41933962238381
20648,2020-12-27,21 day ahead inc hosp,2021-01-17,06063,quantile,0.3,2.5925684272305443
20649,2020-12-27,21 day ahead inc hosp,2021-01-17,06063,quantile,0.35,2.7530907311737502
20650,2020-12-27,21 day ahead inc hosp,2021-01-17,06063,quantile,0.4,2.9054107001055254
20651,2020-12-27,21 day ahead inc hosp,2021-01-17,06063,quantile,0.45,3.052782032831657
20652,2020-12-27,21 day ahead inc hosp,2021-01-17,06063,quantile,0.5,3.197816848754883
20653,2020-12-27,21 day ahead inc hosp,2021-01-17,06063,quantile,0.55,3.4076037927305856
20654,2020-12-27,21 day ahead inc hosp,2021-01-17,06063,quantile,0.6,3.620770412934436
20655,2020-12-27,21 day ahead inc hosp,2021-01-17,06063,quantile,0.65,3.8410950335109617
20656,2020-12-27,21 day ahead inc hosp,2021-01-17,06063,quantile,0.7,4.073283997035487
20657,2020-12-27,21 day ahead inc hosp,2021-01-17,06063,quantile,0.75,4.32385239570603
20658,2020-12-27,21 day ahead inc hosp,2021-01-17,06063,quantile,0.8,4.6028721899168055
20659,2020-12-27,21 day ahead inc hosp,2021-01-17,06063,quantile,0.85,4.9281038372195605
20660,2020-12-27,21 day ahead inc hosp,2021-01-17,06063,quantile,0.9,5.337319513746598
20661,2020-12-27,21 day ahead inc hosp,2021-01-17,06063,quantile,0.95,5.943838790438111
20662,2020-12-27,21 day ahead inc hosp,2021-01-17,06063,quantile,0.975,6.46990381033512
20663,2020-12-27,21 day ahead inc hosp,2021-01-17,06063,quantile,0.99,7.081568084385498
20664,2020-12-27,22 day ahead inc hosp,2021-01-18,06063,point,NA,2.3167665004730225
20665,2020-12-27,22 day ahead inc hosp,2021-01-18,06063,quantile,0.01,0.7683166272674173
20666,2020-12-27,22 day ahead inc hosp,2021-01-18,06063,quantile,0.025,1.0121868985938756
20667,2020-12-27,22 day ahead inc hosp,2021-01-18,06063,quantile,0.05,1.2219287857374688
20668,2020-12-27,22 day ahead inc hosp,2021-01-18,06063,quantile,0.1,1.4637477489278943
20669,2020-12-27,22 day ahead inc hosp,2021-01-18,06063,quantile,0.15,1.6269018553543708
20670,2020-12-27,22 day ahead inc hosp,2021-01-18,06063,quantile,0.2,1.7565715670517086
20671,2020-12-27,22 day ahead inc hosp,2021-01-18,06063,quantile,0.25,1.867816633677964
20672,2020-12-27,22 day ahead inc hosp,2021-01-18,06063,quantile,0.3,1.9677181416816647
20673,2020-12-27,22 day ahead inc hosp,2021-01-18,06063,quantile,0.35,2.060291777148024
20674,2020-12-27,22 day ahead inc hosp,2021-01-18,06063,quantile,0.4,2.1481351044100494
20675,2020-12-27,22 day ahead inc hosp,2021-01-18,06063,quantile,0.45,2.233124540138603
20676,2020-12-27,22 day ahead inc hosp,2021-01-18,06063,quantile,0.5,2.3167665004730225
20677,2020-12-27,22 day ahead inc hosp,2021-01-18,06063,quantile,0.55,2.5338749942913394
20678,2020-12-27,22 day ahead inc hosp,2021-01-18,06063,quantile,0.6,2.754481114804536
20679,2020-12-27,22 day ahead inc hosp,2021-01-18,06063,quantile,0.65,2.9824950494085973
20680,2020-12-27,22 day ahead inc hosp,2021-01-18,06063,quantile,0.7,3.2227873917093848
20681,2020-12-27,22 day ahead inc hosp,2021-01-18,06063,quantile,0.75,3.4821006101722545
20682,2020-12-27,22 day ahead inc hosp,2021-01-18,06063,quantile,0.8,3.7708581759129247
20683,2020-12-27,22 day ahead inc hosp,2021-01-18,06063,quantile,0.85,4.1074403852239545
20684,2020-12-27,22 day ahead inc hosp,2021-01-18,06063,quantile,0.9,4.530937660573551
20685,2020-12-27,22 day ahead inc hosp,2021-01-18,06063,quantile,0.95,5.158624418094174
20686,2020-12-27,22 day ahead inc hosp,2021-01-18,06063,quantile,0.975,5.703049070819801
20687,2020-12-27,22 day ahead inc hosp,2021-01-18,06063,quantile,0.99,6.336060385751449
20688,2020-12-27,23 day ahead inc hosp,2021-01-19,06063,point,NA,2.4810521602630615
20689,2020-12-27,23 day ahead inc hosp,2021-01-19,06063,quantile,0.01,0.9990200018458006
20690,2020-12-27,23 day ahead inc hosp,2021-01-19,06063,quantile,0.025,1.2324299370602572
20691,2020-12-27,23 day ahead inc hosp,2021-01-19,06063,quantile,0.05,1.4331753580730915
20692,2020-12-27,23 day ahead inc hosp,2021-01-19,06063,quantile,0.1,1.66462197198343
20693,2020-12-27,23 day ahead inc hosp,2021-01-19,06063,quantile,0.15,1.8207779035934708
20694,2020-12-27,23 day ahead inc hosp,2021-01-19,06063,quantile,0.2,1.9448856877933616
20695,2020-12-27,23 day ahead inc hosp,2021-01-19,06063,quantile,0.25,2.0513591158702225
20696,2020-12-27,23 day ahead inc hosp,2021-01-19,06063,quantile,0.3,2.146975544982878
20697,2020-12-27,23 day ahead inc hosp,2021-01-19,06063,quantile,0.35,2.235578416252269
20698,2020-12-27,23 day ahead inc hosp,2021-01-19,06063,quantile,0.4,2.319653876593249
20699,2020-12-27,23 day ahead inc hosp,2021-01-19,06063,quantile,0.45,2.4009978574705224
20700,2020-12-27,23 day ahead inc hosp,2021-01-19,06063,quantile,0.5,2.4810521602630615
20701,2020-12-27,23 day ahead inc hosp,2021-01-19,06063,quantile,0.55,2.6586805198508214
20702,2020-12-27,23 day ahead inc hosp,2021-01-19,06063,quantile,0.6,2.839170479559955
20703,2020-12-27,23 day ahead inc hosp,2021-01-19,06063,quantile,0.65,3.0257211780359126
20704,2020-12-27,23 day ahead inc hosp,2021-01-19,06063,quantile,0.7,3.222317514889079
20705,2020-12-27,23 day ahead inc hosp,2021-01-19,06063,quantile,0.75,3.43447587315915
20706,2020-12-27,23 day ahead inc hosp,2021-01-19,06063,quantile,0.8,3.670724265928123
20707,2020-12-27,23 day ahead inc hosp,2021-01-19,06063,quantile,0.85,3.9461006211082816
20708,2020-12-27,23 day ahead inc hosp,2021-01-19,06063,quantile,0.9,4.292586956061098
20709,2020-12-27,23 day ahead inc hosp,2021-01-19,06063,quantile,0.95,4.8061318990178235
20710,2020-12-27,23 day ahead inc hosp,2021-01-19,06063,quantile,0.975,5.251555550032209
20711,2020-12-27,23 day ahead inc hosp,2021-01-19,06063,quantile,0.99,5.769456805272335
20712,2020-12-27,24 day ahead inc hosp,2021-01-20,06063,point,NA,2.6959686279296875
20713,2020-12-27,24 day ahead inc hosp,2021-01-20,06063,quantile,0.01,1.2110265268565878
20714,2020-12-27,24 day ahead inc hosp,2021-01-20,06063,quantile,0.025,1.4448947581497897
20715,2020-12-27,24 day ahead inc hosp,2021-01-20,06063,quantile,0.05,1.6460343390735623
20716,2020-12-27,24 day ahead inc hosp,2021-01-20,06063,quantile,0.1,1.8779353941176793
20717,2020-12-27,24 day ahead inc hosp,2021-01-20,06063,quantile,0.15,2.034397935003216
20718,2020-12-27,24 day ahead inc hosp,2021-01-20,06063,quantile,0.2,2.1587494025355594
20719,2020-12-27,24 day ahead inc hosp,2021-01-20,06063,quantile,0.25,2.2654318892136893
20720,2020-12-27,24 day ahead inc hosp,2021-01-20,06063,quantile,0.3,2.3612360594115116
20721,2020-12-27,24 day ahead inc hosp,2021-01-20,06063,quantile,0.35,2.450012900775325
20722,2020-12-27,24 day ahead inc hosp,2021-01-20,06063,quantile,0.4,2.534253441723339
20723,2020-12-27,24 day ahead inc hosp,2021-01-20,06063,quantile,0.45,2.6157571399983803
20724,2020-12-27,24 day ahead inc hosp,2021-01-20,06063,quantile,0.5,2.6959686279296875
20725,2020-12-27,24 day ahead inc hosp,2021-01-20,06063,quantile,0.55,2.8847592894899576
20726,2020-12-27,24 day ahead inc hosp,2021-01-20,06063,quantile,0.6,3.076591376311875
20727,2020-12-27,24 day ahead inc hosp,2021-01-20,06063,quantile,0.65,3.274865063360176
20728,2020-12-27,24 day ahead inc hosp,2021-01-20,06063,quantile,0.7,3.4838156643845446
20729,2020-12-27,24 day ahead inc hosp,2021-01-20,06063,quantile,0.75,3.709306216154002
20730,2020-12-27,24 day ahead inc hosp,2021-01-20,06063,quantile,0.8,3.9604006386151234
20731,2020-12-27,24 day ahead inc hosp,2021-01-20,06063,quantile,0.85,4.253081854571704
20732,2020-12-27,24 day ahead inc hosp,2021-01-20,06063,quantile,0.9,4.621341655817107
20733,2020-12-27,24 day ahead inc hosp,2021-01-20,06063,quantile,0.95,5.167158155765309
20734,2020-12-27,24 day ahead inc hosp,2021-01-20,06063,quantile,0.975,5.640572569684107
20735,2020-12-27,24 day ahead inc hosp,2021-01-20,06063,quantile,0.99,6.191019135911448
20736,2020-12-27,25 day ahead inc hosp,2021-01-21,06063,point,NA,3.0077803134918213
20737,2020-12-27,25 day ahead inc hosp,2021-01-21,06063,quantile,0.01,1.2960251961178009
20738,2020-12-27,25 day ahead inc hosp,2021-01-21,06063,quantile,0.025,1.5656149272043212
20739,2020-12-27,25 day ahead inc hosp,2021-01-21,06063,quantile,0.05,1.7974769686293186
20740,2020-12-27,25 day ahead inc hosp,2021-01-21,06063,quantile,0.1,2.0647990530454976
20741,2020-12-27,25 day ahead inc hosp,2021-01-21,06063,quantile,0.15,2.2451599942866505
20742,2020-12-27,25 day ahead inc hosp,2021-01-21,06063,quantile,0.2,2.388505152826929
20743,2020-12-27,25 day ahead inc hosp,2021-01-21,06063,quantile,0.25,2.5114825351595518
20744,2020-12-27,25 day ahead inc hosp,2021-01-21,06063,quantile,0.3,2.6219200252700308
20745,2020-12-27,25 day ahead inc hosp,2021-01-21,06063,quantile,0.35,2.724256818333539
20746,2020-12-27,25 day ahead inc hosp,2021-01-21,06063,quantile,0.4,2.8213644274139957
20747,2020-12-27,25 day ahead inc hosp,2021-01-21,06063,quantile,0.45,2.915317163016542
20748,2020-12-27,25 day ahead inc hosp,2021-01-21,06063,quantile,0.5,3.0077803134918213
20749,2020-12-27,25 day ahead inc hosp,2021-01-21,06063,quantile,0.55,3.236771767117
20750,2020-12-27,25 day ahead inc hosp,2021-01-21,06063,quantile,0.6,3.469452282404451
20751,2020-12-27,25 day ahead inc hosp,2021-01-21,06063,quantile,0.65,3.709946062327562
20752,2020-12-27,25 day ahead inc hosp,2021-01-21,06063,quantile,0.7,3.9633902818084596
20753,2020-12-27,25 day ahead inc hosp,2021-01-21,06063,quantile,0.75,4.236896443615872
20754,2020-12-27,25 day ahead inc hosp,2021-01-21,06063,quantile,0.8,4.541458524819189
20755,2020-12-27,25 day ahead inc hosp,2021-01-21,06063,quantile,0.85,4.896462827133613
20756,2020-12-27,25 day ahead inc hosp,2021-01-21,06063,quantile,0.9,5.343139302028973
20757,2020-12-27,25 day ahead inc hosp,2021-01-21,06063,quantile,0.95,6.0051811249813465
20758,2020-12-27,25 day ahead inc hosp,2021-01-21,06063,quantile,0.975,6.579403673461421
20759,2020-12-27,25 day ahead inc hosp,2021-01-21,06063,quantile,0.99,7.247061481859679
20760,2020-12-27,26 day ahead inc hosp,2021-01-22,06063,point,NA,2.6568174362182617
20761,2020-12-27,26 day ahead inc hosp,2021-01-22,06063,quantile,0.01,1.2259562297661264
20762,2020-12-27,26 day ahead inc hosp,2021-01-22,06063,quantile,0.025,1.4513070898011364
20763,2020-12-27,26 day ahead inc hosp,2021-01-22,06063,quantile,0.05,1.6451212615576543
20764,2020-12-27,26 day ahead inc hosp,2021-01-22,06063,quantile,0.1,1.868576588979618
20765,2020-12-27,26 day ahead inc hosp,2021-01-22,06063,quantile,0.15,2.0193408375346698
20766,2020-12-27,26 day ahead inc hosp,2021-01-22,06063,quantile,0.2,2.1391634829622865
20767,2020-12-27,26 day ahead inc hosp,2021-01-22,06063,quantile,0.25,2.2419606435285275
20768,2020-12-27,26 day ahead inc hosp,2021-01-22,06063,quantile,0.3,2.3342756707968224
20769,2020-12-27,26 day ahead inc hosp,2021-01-22,06063,quantile,0.35,2.4198193012501843
20770,2020-12-27,26 day ahead inc hosp,2021-01-22,06063,quantile,0.4,2.500991841220564
20771,2020-12-27,26 day ahead inc hosp,2021-01-22,06063,quantile,0.45,2.5795272130440576
20772,2020-12-27,26 day ahead inc hosp,2021-01-22,06063,quantile,0.5,2.6568174362182617
20773,2020-12-27,26 day ahead inc hosp,2021-01-22,06063,quantile,0.55,2.868121180082076
20774,2020-12-27,26 day ahead inc hosp,2021-01-22,06063,quantile,0.6,3.0828290358821304
20775,2020-12-27,26 day ahead inc hosp,2021-01-22,06063,quantile,0.65,3.3047466457720303
20776,2020-12-27,26 day ahead inc hosp,2021-01-22,06063,quantile,0.7,3.5386143800876275
20777,2020-12-27,26 day ahead inc hosp,2021-01-22,06063,quantile,0.75,3.7909944363945574
20778,2020-12-27,26 day ahead inc hosp,2021-01-22,06063,quantile,0.8,4.072031597294695
20779,2020-12-27,26 day ahead inc hosp,2021-01-22,06063,quantile,0.85,4.399614731858241
20780,2020-12-27,26 day ahead inc hosp,2021-01-22,06063,quantile,0.9,4.811789116303926
20781,2020-12-27,26 day ahead inc hosp,2021-01-22,06063,quantile,0.95,5.422693643829398
20782,2020-12-27,26 day ahead inc hosp,2021-01-22,06063,quantile,0.975,5.952562214834961
20783,2020-12-27,26 day ahead inc hosp,2021-01-22,06063,quantile,0.99,6.568648939038141
20784,2020-12-27,27 day ahead inc hosp,2021-01-23,06063,point,NA,2.7437405586242676
20785,2020-12-27,27 day ahead inc hosp,2021-01-23,06063,quantile,0.01,0.015072382573484866
20786,2020-12-27,27 day ahead inc hosp,2021-01-23,06063,quantile,0.025,0.4448189697689604
20787,2020-12-27,27 day ahead inc hosp,2021-01-23,06063,quantile,0.05,0.8144247429598921
20788,2020-12-27,27 day ahead inc hosp,2021-01-23,06063,quantile,0.1,1.2405565284579267
20789,2020-12-27,27 day ahead inc hosp,2021-01-23,06063,quantile,0.15,1.52806562106826
20790,2020-12-27,27 day ahead inc hosp,2021-01-23,06063,quantile,0.2,1.7565687336512426
20791,2020-12-27,27 day ahead inc hosp,2021-01-23,06063,quantile,0.25,1.9526040579444988
20792,2020-12-27,27 day ahead inc hosp,2021-01-23,06063,quantile,0.3,2.128649837886246
20793,2020-12-27,27 day ahead inc hosp,2021-01-23,06063,quantile,0.35,2.291782489068194
20794,2020-12-27,27 day ahead inc hosp,2021-01-23,06063,quantile,0.4,2.4465794222631216
20795,2020-12-27,27 day ahead inc hosp,2021-01-23,06063,quantile,0.45,2.596347246579527
20796,2020-12-27,27 day ahead inc hosp,2021-01-23,06063,quantile,0.5,2.7437405586242676
20797,2020-12-27,27 day ahead inc hosp,2021-01-23,06063,quantile,0.55,2.9632024553641387
20798,2020-12-27,27 day ahead inc hosp,2021-01-23,06063,quantile,0.6,3.18619989221599
20799,2020-12-27,27 day ahead inc hosp,2021-01-23,06063,quantile,0.65,3.416685442049906
20800,2020-12-27,27 day ahead inc hosp,2021-01-23,06063,quantile,0.7,3.6595824945140425
20801,2020-12-27,27 day ahead inc hosp,2021-01-23,06063,quantile,0.75,3.921706604781259
20802,2020-12-27,27 day ahead inc hosp,2021-01-23,06063,quantile,0.8,4.213594231842348
20803,2020-12-27,27 day ahead inc hosp,2021-01-23,06063,quantile,0.85,4.553824909901904
20804,2020-12-27,27 day ahead inc hosp,2021-01-23,06063,quantile,0.9,4.981912792037765
20805,2020-12-27,27 day ahead inc hosp,2021-01-23,06063,quantile,0.95,5.616403520342718
20806,2020-12-27,27 day ahead inc hosp,2021-01-23,06063,quantile,0.975,6.166729603020518
20807,2020-12-27,27 day ahead inc hosp,2021-01-23,06063,quantile,0.99,6.806602605635301
20808,2020-12-27,28 day ahead inc hosp,2021-01-24,06063,point,NA,2.703622817993164
20809,2020-12-27,28 day ahead inc hosp,2021-01-24,06063,quantile,0.01,0.011750039018465053
20810,2020-12-27,28 day ahead inc hosp,2021-01-24,06063,quantile,0.025,0.43570160267214986
20811,2020-12-27,28 day ahead inc hosp,2021-01-24,06063,quantile,0.05,0.8003233359180502
20812,2020-12-27,28 day ahead inc hosp,2021-01-24,06063,quantile,0.1,1.2207088425567645
20813,2020-12-27,28 day ahead inc hosp,2021-01-24,06063,quantile,0.15,1.5043409481012344
20814,2020-12-27,28 day ahead inc hosp,2021-01-24,06063,quantile,0.2,1.7297627542672598
20815,2020-12-27,28 day ahead inc hosp,2021-01-24,06063,quantile,0.25,1.9231545920194926
20816,2020-12-27,28 day ahead inc hosp,2021-01-24,06063,quantile,0.3,2.096826439347015
20817,2020-12-27,28 day ahead inc hosp,2021-01-24,06063,quantile,0.35,2.2577592881751998
20818,2020-12-27,28 day ahead inc hosp,2021-01-24,06063,quantile,0.4,2.410468824055548
20819,2020-12-27,28 day ahead inc hosp,2021-01-24,06063,quantile,0.45,2.5582170673128455
20820,2020-12-27,28 day ahead inc hosp,2021-01-24,06063,quantile,0.5,2.703622817993164
20821,2020-12-27,28 day ahead inc hosp,2021-01-24,06063,quantile,0.55,2.911050921307355
20822,2020-12-27,28 day ahead inc hosp,2021-01-24,06063,quantile,0.6,3.1218206998303804
20823,2020-12-27,28 day ahead inc hosp,2021-01-24,06063,quantile,0.65,3.339667994297384
20824,2020-12-27,28 day ahead inc hosp,2021-01-24,06063,quantile,0.7,3.5692462292515965
20825,2020-12-27,28 day ahead inc hosp,2021-01-24,06063,quantile,0.75,3.816997241310405
20826,2020-12-27,28 day ahead inc hosp,2021-01-24,06063,quantile,0.8,4.092879741924744
20827,2020-12-27,28 day ahead inc hosp,2021-01-24,06063,quantile,0.85,4.414454490377984
20828,2020-12-27,28 day ahead inc hosp,2021-01-24,06063,quantile,0.9,4.819068953126761
20829,2020-12-27,28 day ahead inc hosp,2021-01-24,06063,quantile,0.95,5.418768537873975
20830,2020-12-27,28 day ahead inc hosp,2021-01-24,06063,quantile,0.975,5.938918492057096
20831,2020-12-27,28 day ahead inc hosp,2021-01-24,06063,quantile,0.99,6.5437052239045075
20832,2020-12-27,1 day ahead inc hosp,2020-12-28,06065,point,NA,1482.6556396484375
20833,2020-12-27,1 day ahead inc hosp,2020-12-28,06065,quantile,0.01,964.1069621688923
20834,2020-12-27,1 day ahead inc hosp,2020-12-28,06065,quantile,0.025,1045.7748345754544
20835,2020-12-27,1 day ahead inc hosp,2020-12-28,06065,quantile,0.05,1116.0137102874698
20836,2020-12-27,1 day ahead inc hosp,2020-12-28,06065,quantile,0.1,1196.9946356126643
20837,2020-12-27,1 day ahead inc hosp,2020-12-28,06065,quantile,0.15,1251.6320814717674
20838,2020-12-27,1 day ahead inc hosp,2020-12-28,06065,quantile,0.2,1295.0561913983017
20839,2020-12-27,1 day ahead inc hosp,2020-12-28,06065,quantile,0.25,1332.3102111592043
20840,2020-12-27,1 day ahead inc hosp,2020-12-28,06065,quantile,0.3,1365.7654722883792
20841,2020-12-27,1 day ahead inc hosp,2020-12-28,06065,quantile,0.35,1396.7667575551577
20842,2020-12-27,1 day ahead inc hosp,2020-12-28,06065,quantile,0.4,1426.1839456510347
20843,2020-12-27,1 day ahead inc hosp,2020-12-28,06065,quantile,0.45,1454.6454155761398
20844,2020-12-27,1 day ahead inc hosp,2020-12-28,06065,quantile,0.5,1482.6556396484375
20845,2020-12-27,1 day ahead inc hosp,2020-12-28,06065,quantile,0.55,1557.7142420271728
20846,2020-12-27,1 day ahead inc hosp,2020-12-28,06065,quantile,0.6,1633.9820415531183
20847,2020-12-27,1 day ahead inc hosp,2020-12-28,06065,quantile,0.65,1712.8108655814358
20848,2020-12-27,1 day ahead inc hosp,2020-12-28,06065,quantile,0.7,1795.8845724558564
20849,2020-12-27,1 day ahead inc hosp,2020-12-28,06065,quantile,0.75,1885.5341638368477
20850,2020-12-27,1 day ahead inc hosp,2020-12-28,06065,quantile,0.8,1985.363235144015
20851,2020-12-27,1 day ahead inc hosp,2020-12-28,06065,quantile,0.85,2101.726210042519
20852,2020-12-27,1 day ahead inc hosp,2020-12-28,06065,quantile,0.9,2248.137403081994
20853,2020-12-27,1 day ahead inc hosp,2020-12-28,06065,quantile,0.95,2465.140846487409
20854,2020-12-27,1 day ahead inc hosp,2020-12-28,06065,quantile,0.975,2653.358971054704
20855,2020-12-27,1 day ahead inc hosp,2020-12-28,06065,quantile,0.99,2872.203216865074
20856,2020-12-27,2 day ahead inc hosp,2020-12-29,06065,point,NA,1552.9239501953125
20857,2020-12-27,2 day ahead inc hosp,2020-12-29,06065,quantile,0.01,979.9037818693887
20858,2020-12-27,2 day ahead inc hosp,2020-12-29,06065,quantile,0.025,1070.150541769908
20859,2020-12-27,2 day ahead inc hosp,2020-12-29,06065,quantile,0.05,1147.7677340056557
20860,2020-12-27,2 day ahead inc hosp,2020-12-29,06065,quantile,0.1,1237.2553857466294
20861,2020-12-27,2 day ahead inc hosp,2020-12-29,06065,quantile,0.15,1297.6322795326846
20862,2020-12-27,2 day ahead inc hosp,2020-12-29,06065,quantile,0.2,1345.6179207273585
20863,2020-12-27,2 day ahead inc hosp,2020-12-29,06065,quantile,0.25,1386.785328149879
20864,2020-12-27,2 day ahead inc hosp,2020-12-29,06065,quantile,0.3,1423.754932347517
20865,2020-12-27,2 day ahead inc hosp,2020-12-29,06065,quantile,0.35,1458.0127802090426
20866,2020-12-27,2 day ahead inc hosp,2020-12-29,06065,quantile,0.4,1490.5201277473839
20867,2020-12-27,2 day ahead inc hosp,2020-12-29,06065,quantile,0.45,1521.971362695197
20868,2020-12-27,2 day ahead inc hosp,2020-12-29,06065,quantile,0.5,1552.9239501953125
20869,2020-12-27,2 day ahead inc hosp,2020-12-29,06065,quantile,0.55,1616.525284936489
20870,2020-12-27,2 day ahead inc hosp,2020-12-29,06065,quantile,0.6,1681.1512397757024
20871,2020-12-27,2 day ahead inc hosp,2020-12-29,06065,quantile,0.65,1747.947293331034
20872,2020-12-27,2 day ahead inc hosp,2020-12-29,06065,quantile,0.7,1818.3402725721087
20873,2020-12-27,2 day ahead inc hosp,2020-12-29,06065,quantile,0.75,1894.3053650482714
20874,2020-12-27,2 day ahead inc hosp,2020-12-29,06065,quantile,0.8,1978.8960978875327
20875,2020-12-27,2 day ahead inc hosp,2020-12-29,06065,quantile,0.85,2077.496928218149
20876,2020-12-27,2 day ahead inc hosp,2020-12-29,06065,quantile,0.9,2201.5592875380294
20877,2020-12-27,2 day ahead inc hosp,2020-12-29,06065,quantile,0.95,2385.438392752036
20878,2020-12-27,2 day ahead inc hosp,2020-12-29,06065,quantile,0.975,2544.926093902631
20879,2020-12-27,2 day ahead inc hosp,2020-12-29,06065,quantile,0.99,2730.365013531502
20880,2020-12-27,3 day ahead inc hosp,2020-12-30,06065,point,NA,1607.08251953125
20881,2020-12-27,3 day ahead inc hosp,2020-12-30,06065,quantile,0.01,1049.2908140861095
20882,2020-12-27,3 day ahead inc hosp,2020-12-30,06065,quantile,0.025,1137.1391951699266
20883,2020-12-27,3 day ahead inc hosp,2020-12-30,06065,quantile,0.05,1212.6936493098656
20884,2020-12-27,3 day ahead inc hosp,2020-12-30,06065,quantile,0.1,1299.803096132141
20885,2020-12-27,3 day ahead inc hosp,2020-12-30,06065,quantile,0.15,1358.5754263501037
20886,2020-12-27,3 day ahead inc hosp,2020-12-30,06065,quantile,0.2,1405.285811286558
20887,2020-12-27,3 day ahead inc hosp,2020-12-30,06065,quantile,0.25,1445.3591623904967
20888,2020-12-27,3 day ahead inc hosp,2020-12-30,06065,quantile,0.3,1481.346270200816
20889,2020-12-27,3 day ahead inc hosp,2020-12-30,06065,quantile,0.35,1514.6936887382587
20890,2020-12-27,3 day ahead inc hosp,2020-12-30,06065,quantile,0.4,1546.337127879123
20891,2020-12-27,3 day ahead inc hosp,2020-12-30,06065,quantile,0.45,1576.9525214544472
20892,2020-12-27,3 day ahead inc hosp,2020-12-30,06065,quantile,0.5,1607.08251953125
20893,2020-12-27,3 day ahead inc hosp,2020-12-30,06065,quantile,0.55,1676.5129370196987
20894,2020-12-27,3 day ahead inc hosp,2020-12-30,06065,quantile,0.6,1747.0618813671076
20895,2020-12-27,3 day ahead inc hosp,2020-12-30,06065,quantile,0.65,1819.9798146746446
20896,2020-12-27,3 day ahead inc hosp,2020-12-30,06065,quantile,0.7,1896.8243330617613
20897,2020-12-27,3 day ahead inc hosp,2020-12-30,06065,quantile,0.75,1979.7516506508043
20898,2020-12-27,3 day ahead inc hosp,2020-12-30,06065,quantile,0.8,2072.0951513113546
20899,2020-12-27,3 day ahead inc hosp,2020-12-30,06065,quantile,0.85,2179.732779396072
20900,2020-12-27,3 day ahead inc hosp,2020-12-30,06065,quantile,0.9,2315.1654937759567
20901,2020-12-27,3 day ahead inc hosp,2020-12-30,06065,quantile,0.95,2515.8971780144234
20902,2020-12-27,3 day ahead inc hosp,2020-12-30,06065,quantile,0.975,2690.0019781765754
20903,2020-12-27,3 day ahead inc hosp,2020-12-30,06065,quantile,0.99,2892.436434321783
20904,2020-12-27,4 day ahead inc hosp,2020-12-31,06065,point,NA,1730.5213623046875
20905,2020-12-27,4 day ahead inc hosp,2020-12-31,06065,quantile,0.01,1097.1757803936794
20906,2020-12-27,4 day ahead inc hosp,2020-12-31,06065,quantile,0.025,1196.9233806077564
20907,2020-12-27,4 day ahead inc hosp,2020-12-31,06065,quantile,0.05,1282.7118196542644
20908,2020-12-27,4 day ahead inc hosp,2020-12-31,06065,quantile,0.1,1381.6203956496208
20909,2020-12-27,4 day ahead inc hosp,2020-12-31,06065,quantile,0.15,1448.3535423041699
20910,2020-12-27,4 day ahead inc hosp,2020-12-31,06065,quantile,0.2,1501.3909317814064
20911,2020-12-27,4 day ahead inc hosp,2020-12-31,06065,quantile,0.25,1546.8922894141692
20912,2020-12-27,4 day ahead inc hosp,2020-12-31,06065,quantile,0.3,1587.7539148469673
20913,2020-12-27,4 day ahead inc hosp,2020-12-31,06065,quantile,0.35,1625.6183004099823
20914,2020-12-27,4 day ahead inc hosp,2020-12-31,06065,quantile,0.4,1661.5478995429464
20915,2020-12-27,4 day ahead inc hosp,2020-12-31,06065,quantile,0.45,1696.3102025139524
20916,2020-12-27,4 day ahead inc hosp,2020-12-31,06065,quantile,0.5,1730.5213623046875
20917,2020-12-27,4 day ahead inc hosp,2020-12-31,06065,quantile,0.55,1816.0550390281996
20918,2020-12-27,4 day ahead inc hosp,2020-12-31,06065,quantile,0.6,1902.9666667740692
20919,2020-12-27,4 day ahead inc hosp,2020-12-31,06065,quantile,0.65,1992.7967320464138
20920,2020-12-27,4 day ahead inc hosp,2020-12-31,06065,quantile,0.7,2087.46409012173
20921,2020-12-27,4 day ahead inc hosp,2020-12-31,06065,quantile,0.75,2189.6250540161113
20922,2020-12-27,4 day ahead inc hosp,2020-12-31,06065,quantile,0.8,2303.3861319230828
20923,2020-12-27,4 day ahead inc hosp,2020-12-31,06065,quantile,0.85,2435.988562052725
20924,2020-12-27,4 day ahead inc hosp,2020-12-31,06065,quantile,0.9,2602.8326979314133
20925,2020-12-27,4 day ahead inc hosp,2020-12-31,06065,quantile,0.95,2850.1208406345113
20926,2020-12-27,4 day ahead inc hosp,2020-12-31,06065,quantile,0.975,3064.606425364847
20927,2020-12-27,4 day ahead inc hosp,2020-12-31,06065,quantile,0.99,3313.992270300965
20928,2020-12-27,5 day ahead inc hosp,2021-01-01,06065,point,NA,1691.681640625
20929,2020-12-27,5 day ahead inc hosp,2021-01-01,06065,quantile,0.01,1130.0066068607018
20930,2020-12-27,5 day ahead inc hosp,2021-01-01,06065,quantile,0.025,1218.4665856121155
20931,2020-12-27,5 day ahead inc hosp,2021-01-01,06065,quantile,0.05,1294.5470474867266
20932,2020-12-27,5 day ahead inc hosp,2021-01-01,06065,quantile,0.1,1382.262947539498
20933,2020-12-27,5 day ahead inc hosp,2021-01-01,06065,quantile,0.15,1441.4444488729334
20934,2020-12-27,5 day ahead inc hosp,2021-01-01,06065,quantile,0.2,1488.480030040977
20935,2020-12-27,5 day ahead inc hosp,2021-01-01,06065,quantile,0.25,1528.8323705555974
20936,2020-12-27,5 day ahead inc hosp,2021-01-01,06065,quantile,0.3,1565.0700194792396
20937,2020-12-27,5 day ahead inc hosp,2021-01-01,06065,quantile,0.35,1598.6496016962658
20938,2020-12-27,5 day ahead inc hosp,2021-01-01,06065,quantile,0.4,1630.5133414657191
20939,2020-12-27,5 day ahead inc hosp,2021-01-01,06065,quantile,0.45,1661.3418784487212
20940,2020-12-27,5 day ahead inc hosp,2021-01-01,06065,quantile,0.5,1691.681640625
20941,2020-12-27,5 day ahead inc hosp,2021-01-01,06065,quantile,0.55,1774.3772453989168
20942,2020-12-27,5 day ahead inc hosp,2021-01-01,06065,quantile,0.6,1858.4050797402708
20943,2020-12-27,5 day ahead inc hosp,2021-01-01,06065,quantile,0.65,1945.2545156483025
20944,2020-12-27,5 day ahead inc hosp,2021-01-01,06065,quantile,0.7,2036.7807393331918
20945,2020-12-27,5 day ahead inc hosp,2021-01-01,06065,quantile,0.75,2135.5519253403263
20946,2020-12-27,5 day ahead inc hosp,2021-01-01,06065,quantile,0.8,2245.5383248220132
20947,2020-12-27,5 day ahead inc hosp,2021-01-01,06065,quantile,0.85,2373.7409062392517
20948,2020-12-27,5 day ahead inc hosp,2021-01-01,06065,quantile,0.9,2535.049027765109
20949,2020-12-27,5 day ahead inc hosp,2021-01-01,06065,quantile,0.95,2774.131963254423
20950,2020-12-27,5 day ahead inc hosp,2021-01-01,06065,quantile,0.975,2981.500754401999
20951,2020-12-27,5 day ahead inc hosp,2021-01-01,06065,quantile,0.99,3222.6117887810174
20952,2020-12-27,6 day ahead inc hosp,2021-01-02,06065,point,NA,1795.8509521484375
20953,2020-12-27,6 day ahead inc hosp,2021-01-02,06065,quantile,0.01,703.2349729210885
20954,2020-12-27,6 day ahead inc hosp,2021-01-02,06065,quantile,0.025,875.3145215849263
20955,2020-12-27,6 day ahead inc hosp,2021-01-02,06065,quantile,0.05,1023.3124266975835
20956,2020-12-27,6 day ahead inc hosp,2021-01-02,06065,quantile,0.1,1193.944532931071
20957,2020-12-27,6 day ahead inc hosp,2021-01-02,06065,quantile,0.15,1309.069204929063
20958,2020-12-27,6 day ahead inc hosp,2021-01-02,06065,quantile,0.2,1400.566644706697
20959,2020-12-27,6 day ahead inc hosp,2021-01-02,06065,quantile,0.25,1479.0633009493872
20960,2020-12-27,6 day ahead inc hosp,2021-01-02,06065,quantile,0.3,1549.555724296474
20961,2020-12-27,6 day ahead inc hosp,2021-01-02,06065,quantile,0.35,1614.8774599987196
20962,2020-12-27,6 day ahead inc hosp,2021-01-02,06065,quantile,0.4,1676.8613993536887
20963,2020-12-27,6 day ahead inc hosp,2021-01-02,06065,quantile,0.45,1736.8315780139078
20964,2020-12-27,6 day ahead inc hosp,2021-01-02,06065,quantile,0.5,1795.8509521484375
20965,2020-12-27,6 day ahead inc hosp,2021-01-02,06065,quantile,0.55,1879.8520037524424
20966,2020-12-27,6 day ahead inc hosp,2021-01-02,06065,quantile,0.6,1965.206315725588
20967,2020-12-27,6 day ahead inc hosp,2021-01-02,06065,quantile,0.65,2053.426771545875
20968,2020-12-27,6 day ahead inc hosp,2021-01-02,06065,quantile,0.7,2146.3978437073674
20969,2020-12-27,6 day ahead inc hosp,2021-01-02,06065,quantile,0.75,2246.7282483940144
20970,2020-12-27,6 day ahead inc hosp,2021-01-02,06065,quantile,0.8,2358.4509118155893
20971,2020-12-27,6 day ahead inc hosp,2021-01-02,06065,quantile,0.85,2488.67732090756
20972,2020-12-27,6 day ahead inc hosp,2021-01-02,06065,quantile,0.9,2652.531879774182
20973,2020-12-27,6 day ahead inc hosp,2021-01-02,06065,quantile,0.95,2895.389018996765
20974,2020-12-27,6 day ahead inc hosp,2021-01-02,06065,quantile,0.975,3106.031369020933
20975,2020-12-27,6 day ahead inc hosp,2021-01-02,06065,quantile,0.99,3350.948623045963
20976,2020-12-27,7 day ahead inc hosp,2021-01-03,06065,point,NA,1755.9461669921875
20977,2020-12-27,7 day ahead inc hosp,2021-01-03,06065,quantile,0.01,686.1018165885187
20978,2020-12-27,7 day ahead inc hosp,2021-01-03,06065,quantile,0.025,854.5949893574236
20979,2020-12-27,7 day ahead inc hosp,2021-01-03,06065,quantile,0.05,999.5084133477282
20980,2020-12-27,7 day ahead inc hosp,2021-01-03,06065,quantile,0.1,1166.5843103893096
20981,2020-12-27,7 day ahead inc hosp,2021-01-03,06065,quantile,0.15,1279.3096249286637
20982,2020-12-27,7 day ahead inc hosp,2021-01-03,06065,quantile,0.2,1368.9001314593515
20983,2020-12-27,7 day ahead inc hosp,2021-01-03,06065,quantile,0.25,1445.7608087727178
20984,2020-12-27,7 day ahead inc hosp,2021-01-03,06065,quantile,0.3,1514.7840724792172
20985,2020-12-27,7 day ahead inc hosp,2021-01-03,06065,quantile,0.35,1578.7444128259033
20986,2020-12-27,7 day ahead inc hosp,2021-01-03,06065,quantile,0.4,1639.4365211195889
20987,2020-12-27,7 day ahead inc hosp,2021-01-03,06065,quantile,0.45,1698.1568382777768
20988,2020-12-27,7 day ahead inc hosp,2021-01-03,06065,quantile,0.5,1755.9461669921875
20989,2020-12-27,7 day ahead inc hosp,2021-01-03,06065,quantile,0.55,1839.290587438459
20990,2020-12-27,7 day ahead inc hosp,2021-01-03,06065,quantile,0.6,1923.9776898991252
20991,2020-12-27,7 day ahead inc hosp,2021-01-03,06065,quantile,0.65,2011.5085317332193
20992,2020-12-27,7 day ahead inc hosp,2021-01-03,06065,quantile,0.7,2103.7528546268945
20993,2020-12-27,7 day ahead inc hosp,2021-01-03,06065,quantile,0.75,2203.298982586914
20994,2020-12-27,7 day ahead inc hosp,2021-01-03,06065,quantile,0.8,2314.14831668193
20995,2020-12-27,7 day ahead inc hosp,2021-01-03,06065,quantile,0.85,2443.3567537826375
20996,2020-12-27,7 day ahead inc hosp,2021-01-03,06065,quantile,0.9,2605.930471437941
20997,2020-12-27,7 day ahead inc hosp,2021-01-03,06065,quantile,0.95,2846.889211039966
20998,2020-12-27,7 day ahead inc hosp,2021-01-03,06065,quantile,0.975,3055.8849825091884
20999,2020-12-27,7 day ahead inc hosp,2021-01-03,06065,quantile,0.99,3298.8877331204103
21000,2020-12-27,8 day ahead inc hosp,2021-01-04,06065,point,NA,1557.5299072265625
21001,2020-12-27,8 day ahead inc hosp,2021-01-04,06065,quantile,0.01,1013.0618821469309
21002,2020-12-27,8 day ahead inc hosp,2021-01-04,06065,quantile,0.025,1098.8118746409532
21003,2020-12-27,8 day ahead inc hosp,2021-01-04,06065,quantile,0.05,1172.5615988300449
21004,2020-12-27,8 day ahead inc hosp,2021-01-04,06065,quantile,0.1,1257.590307600918
21005,2020-12-27,8 day ahead inc hosp,2021-01-04,06065,quantile,0.15,1314.9587737339257
21006,2020-12-27,8 day ahead inc hosp,2021-01-04,06065,quantile,0.2,1360.553411999055
21007,2020-12-27,8 day ahead inc hosp,2021-01-04,06065,quantile,0.25,1399.669551806964
21008,2020-12-27,8 day ahead inc hosp,2021-01-04,06065,quantile,0.3,1434.79705428959
21009,2020-12-27,8 day ahead inc hosp,2021-01-04,06065,quantile,0.35,1467.3479203841218
21010,2020-12-27,8 day ahead inc hosp,2021-01-04,06065,quantile,0.4,1498.235509151697
21011,2020-12-27,8 day ahead inc hosp,2021-01-04,06065,quantile,0.45,1528.1196087434787
21012,2020-12-27,8 day ahead inc hosp,2021-01-04,06065,quantile,0.5,1557.5299072265625
21013,2020-12-27,8 day ahead inc hosp,2021-01-04,06065,quantile,0.55,1627.9677246738352
21014,2020-12-27,8 day ahead inc hosp,2021-01-04,06065,quantile,0.6,1699.5402982345136
21015,2020-12-27,8 day ahead inc hosp,2021-01-04,06065,quantile,0.65,1773.5162335773077
21016,2020-12-27,8 day ahead inc hosp,2021-01-04,06065,quantile,0.7,1851.4757267472266
21017,2020-12-27,8 day ahead inc hosp,2021-01-04,06065,quantile,0.75,1935.6062774341908
21018,2020-12-27,8 day ahead inc hosp,2021-01-04,06065,quantile,0.8,2029.2896352082116
21019,2020-12-27,8 day ahead inc hosp,2021-01-04,06065,quantile,0.85,2138.4890303976495
21020,2020-12-27,8 day ahead inc hosp,2021-01-04,06065,quantile,0.9,2275.8868044131386
21021,2020-12-27,8 day ahead inc hosp,2021-01-04,06065,quantile,0.95,2479.531003047333
21022,2020-12-27,8 day ahead inc hosp,2021-01-04,06065,quantile,0.975,2656.1619750929194
21023,2020-12-27,8 day ahead inc hosp,2021-01-04,06065,quantile,0.99,2861.533651986068
21024,2020-12-27,9 day ahead inc hosp,2021-01-05,06065,point,NA,1617.5380859375
21025,2020-12-27,9 day ahead inc hosp,2021-01-05,06065,quantile,0.01,1041.7950299410736
21026,2020-12-27,9 day ahead inc hosp,2021-01-05,06065,quantile,0.025,1132.4706260386745
21027,2020-12-27,9 day ahead inc hosp,2021-01-05,06065,quantile,0.05,1210.4566410618909
21028,2020-12-27,9 day ahead inc hosp,2021-01-05,06065,quantile,0.1,1300.3695218559703
21029,2020-12-27,9 day ahead inc hosp,2021-01-05,06065,quantile,0.15,1361.0333156653764
21030,2020-12-27,9 day ahead inc hosp,2021-01-05,06065,quantile,0.2,1409.246975903694
21031,2020-12-27,9 day ahead inc hosp,2021-01-05,06065,quantile,0.25,1450.61000336246
21032,2020-12-27,9 day ahead inc hosp,2021-01-05,06065,quantile,0.3,1487.755280398538
21033,2020-12-27,9 day ahead inc hosp,2021-01-05,06065,quantile,0.35,1522.1759153253645
21034,2020-12-27,9 day ahead inc hosp,2021-01-05,06065,quantile,0.4,1554.8377318696946
21035,2020-12-27,9 day ahead inc hosp,2021-01-05,06065,quantile,0.45,1586.4384173684573
21036,2020-12-27,9 day ahead inc hosp,2021-01-05,06065,quantile,0.5,1617.5380859375
21037,2020-12-27,9 day ahead inc hosp,2021-01-05,06065,quantile,0.55,1680.3167468880047
21038,2020-12-27,9 day ahead inc hosp,2021-01-05,06065,quantile,0.6,1744.1067746282079
21039,2020-12-27,9 day ahead inc hosp,2021-01-05,06065,quantile,0.65,1810.038831180899
21040,2020-12-27,9 day ahead inc hosp,2021-01-05,06065,quantile,0.7,1879.5212877213953
21041,2020-12-27,9 day ahead inc hosp,2021-01-05,06065,quantile,0.75,1954.5037830423184
21042,2020-12-27,9 day ahead inc hosp,2021-01-05,06065,quantile,0.8,2038.0003473531397
21043,2020-12-27,9 day ahead inc hosp,2021-01-05,06065,quantile,0.85,2135.3257906312424
21044,2020-12-27,9 day ahead inc hosp,2021-01-05,06065,quantile,0.9,2257.783421813942
21045,2020-12-27,9 day ahead inc hosp,2021-01-05,06065,quantile,0.95,2439.284078193072
21046,2020-12-27,9 day ahead inc hosp,2021-01-05,06065,quantile,0.975,2596.708829686949
21047,2020-12-27,9 day ahead inc hosp,2021-01-05,06065,quantile,0.99,2779.7491245138403
21048,2020-12-27,10 day ahead inc hosp,2021-01-06,06065,point,NA,1607.63330078125
21049,2020-12-27,10 day ahead inc hosp,2021-01-06,06065,quantile,0.01,1038.9346033496988
21050,2020-12-27,10 day ahead inc hosp,2021-01-06,06065,quantile,0.025,1128.5007611217434
21051,2020-12-27,10 day ahead inc hosp,2021-01-06,06065,quantile,0.05,1205.5325979796348
21052,2020-12-27,10 day ahead inc hosp,2021-01-06,06065,quantile,0.1,1294.345372458375
21053,2020-12-27,10 day ahead inc hosp,2021-01-06,06065,quantile,0.15,1354.2669297595883
21054,2020-12-27,10 day ahead inc hosp,2021-01-06,06065,quantile,0.2,1401.89068395057
21055,2020-12-27,10 day ahead inc hosp,2021-01-06,06065,quantile,0.25,1442.7476245469527
21056,2020-12-27,10 day ahead inc hosp,2021-01-06,06065,quantile,0.3,1479.4384199393382
21057,2020-12-27,10 day ahead inc hosp,2021-01-06,06065,quantile,0.35,1513.437909891979
21058,2020-12-27,10 day ahead inc hosp,2021-01-06,06065,quantile,0.4,1545.7001010396637
21059,2020-12-27,10 day ahead inc hosp,2021-01-06,06065,quantile,0.45,1576.9141443423448
21060,2020-12-27,10 day ahead inc hosp,2021-01-06,06065,quantile,0.5,1607.63330078125
21061,2020-12-27,10 day ahead inc hosp,2021-01-06,06065,quantile,0.55,1677.2564056486683
21062,2020-12-27,10 day ahead inc hosp,2021-01-06,06065,quantile,0.6,1748.0011415765853
21063,2020-12-27,10 day ahead inc hosp,2021-01-06,06065,quantile,0.65,1821.1214410221517
21064,2020-12-27,10 day ahead inc hosp,2021-01-06,06065,quantile,0.7,1898.1792228371987
21065,2020-12-27,10 day ahead inc hosp,2021-01-06,06065,quantile,0.75,1981.3366851963474
21066,2020-12-27,10 day ahead inc hosp,2021-01-06,06065,quantile,0.8,2073.936462972186
21067,2020-12-27,10 day ahead inc hosp,2021-01-06,06065,quantile,0.85,2181.87281333432
21068,2020-12-27,10 day ahead inc hosp,2021-01-06,06065,quantile,0.9,2317.6813885501983
21069,2020-12-27,10 day ahead inc hosp,2021-01-06,06065,quantile,0.95,2518.9701551671274
21070,2020-12-27,10 day ahead inc hosp,2021-01-06,06065,quantile,0.975,2693.558141212684
21071,2020-12-27,10 day ahead inc hosp,2021-01-06,06065,quantile,0.99,2896.5544053691174
21072,2020-12-27,11 day ahead inc hosp,2021-01-07,06065,point,NA,1629.2266845703125
21073,2020-12-27,11 day ahead inc hosp,2021-01-07,06065,quantile,0.01,970.7484806441233
21074,2020-12-27,11 day ahead inc hosp,2021-01-07,06065,quantile,0.025,1074.4542970433322
21075,2020-12-27,11 day ahead inc hosp,2021-01-07,06065,quantile,0.05,1163.6470203753997
21076,2020-12-27,11 day ahead inc hosp,2021-01-07,06065,quantile,0.1,1266.4805181284016
21077,2020-12-27,11 day ahead inc hosp,2021-01-07,06065,quantile,0.15,1335.861790859226
21078,2020-12-27,11 day ahead inc hosp,2021-01-07,06065,quantile,0.2,1391.0038269945812
21079,2020-12-27,11 day ahead inc hosp,2021-01-07,06065,quantile,0.25,1438.3107840587184
21080,2020-12-27,11 day ahead inc hosp,2021-01-07,06065,quantile,0.3,1480.7938935852867
21081,2020-12-27,11 day ahead inc hosp,2021-01-07,06065,quantile,0.35,1520.1608258106169
21082,2020-12-27,11 day ahead inc hosp,2021-01-07,06065,quantile,0.4,1557.5161947917595
21083,2020-12-27,11 day ahead inc hosp,2021-01-07,06065,quantile,0.45,1593.6579465911782
21084,2020-12-27,11 day ahead inc hosp,2021-01-07,06065,quantile,0.5,1629.2266845703125
21085,2020-12-27,11 day ahead inc hosp,2021-01-07,06065,quantile,0.55,1714.6812093712451
21086,2020-12-27,11 day ahead inc hosp,2021-01-07,06065,quantile,0.6,1801.5124100538321
21087,2020-12-27,11 day ahead inc hosp,2021-01-07,06065,quantile,0.65,1891.259347572944
21088,2020-12-27,11 day ahead inc hosp,2021-01-07,06065,quantile,0.7,1985.839101517534
21089,2020-12-27,11 day ahead inc hosp,2021-01-07,06065,quantile,0.75,2087.9055267808803
21090,2020-12-27,11 day ahead inc hosp,2021-01-07,06065,quantile,0.8,2201.5613314390453
21091,2020-12-27,11 day ahead inc hosp,2021-01-07,06065,quantile,0.85,2334.0410527400063
21092,2020-12-27,11 day ahead inc hosp,2021-01-07,06065,quantile,0.9,2500.7307928925693
21093,2020-12-27,11 day ahead inc hosp,2021-01-07,06065,quantile,0.95,2747.790097871441
21094,2020-12-27,11 day ahead inc hosp,2021-01-07,06065,quantile,0.975,2962.0772000034913
21095,2020-12-27,11 day ahead inc hosp,2021-01-07,06065,quantile,0.99,3211.2322660248365
21096,2020-12-27,12 day ahead inc hosp,2021-01-08,06065,point,NA,1619.5732421875
21097,2020-12-27,12 day ahead inc hosp,2021-01-08,06065,quantile,0.01,1046.784941908348
21098,2020-12-27,12 day ahead inc hosp,2021-01-08,06065,quantile,0.025,1136.9951841763261
21099,2020-12-27,12 day ahead inc hosp,2021-01-08,06065,quantile,0.05,1214.5809692334885
21100,2020-12-27,12 day ahead inc hosp,2021-01-08,06065,quantile,0.1,1304.0324105089912
21101,2020-12-27,12 day ahead inc hosp,2021-01-08,06065,quantile,0.15,1364.3848732659026
21102,2020-12-27,12 day ahead inc hosp,2021-01-08,06065,quantile,0.2,1412.3510974530923
21103,2020-12-27,12 day ahead inc hosp,2021-01-08,06065,quantile,0.25,1453.5018468121148
21104,2020-12-27,12 day ahead inc hosp,2021-01-08,06065,quantile,0.3,1490.4564915538924
21105,2020-12-27,12 day ahead inc hosp,2021-01-08,06065,quantile,0.35,1524.7004772501584
21106,2020-12-27,12 day ahead inc hosp,2021-01-08,06065,quantile,0.4,1557.1946709492527
21107,2020-12-27,12 day ahead inc hosp,2021-01-08,06065,quantile,0.45,1588.6331794053663
21108,2020-12-27,12 day ahead inc hosp,2021-01-08,06065,quantile,0.5,1619.5732421875
21109,2020-12-27,12 day ahead inc hosp,2021-01-08,06065,quantile,0.55,1702.1498813149892
21110,2020-12-27,12 day ahead inc hosp,2021-01-08,06065,quantile,0.6,1786.0568334684972
21111,2020-12-27,12 day ahead inc hosp,2021-01-08,06065,quantile,0.65,1872.7813280412192
21112,2020-12-27,12 day ahead inc hosp,2021-01-08,06065,quantile,0.7,1964.175882378076
21113,2020-12-27,12 day ahead inc hosp,2021-01-08,06065,quantile,0.75,2062.8049764563366
21114,2020-12-27,12 day ahead inc hosp,2021-01-08,06065,quantile,0.8,2172.633149837031
21115,2020-12-27,12 day ahead inc hosp,2021-01-08,06065,quantile,0.85,2300.6512994091463
21116,2020-12-27,12 day ahead inc hosp,2021-01-08,06065,quantile,0.9,2461.727363560204
21117,2020-12-27,12 day ahead inc hosp,2021-01-08,06065,quantile,0.95,2700.4663550630385
21118,2020-12-27,12 day ahead inc hosp,2021-01-08,06065,quantile,0.975,2907.5368260960786
21119,2020-12-27,12 day ahead inc hosp,2021-01-08,06065,quantile,0.99,3148.3009988717004
21120,2020-12-27,13 day ahead inc hosp,2021-01-09,06065,point,NA,1591.985595703125
21121,2020-12-27,13 day ahead inc hosp,2021-01-09,06065,quantile,0.01,528.3328178943916
21122,2020-12-27,13 day ahead inc hosp,2021-01-09,06065,quantile,0.025,695.8508602991872
21123,2020-12-27,13 day ahead inc hosp,2021-01-09,06065,quantile,0.05,839.9256183804946
21124,2020-12-27,13 day ahead inc hosp,2021-01-09,06065,quantile,0.1,1006.0345873404289
21125,2020-12-27,13 day ahead inc hosp,2021-01-09,06065,quantile,0.15,1118.107520093597
21126,2020-12-27,13 day ahead inc hosp,2021-01-09,06065,quantile,0.2,1207.1795342615476
21127,2020-12-27,13 day ahead inc hosp,2021-01-09,06065,quantile,0.25,1283.5953912951209
21128,2020-12-27,13 day ahead inc hosp,2021-01-09,06065,quantile,0.3,1352.2191926426174
21129,2020-12-27,13 day ahead inc hosp,2021-01-09,06065,quantile,0.35,1415.809371581895
21130,2020-12-27,13 day ahead inc hosp,2021-01-09,06065,quantile,0.4,1476.150232898113
21131,2020-12-27,13 day ahead inc hosp,2021-01-09,06065,quantile,0.45,1534.5307145406528
21132,2020-12-27,13 day ahead inc hosp,2021-01-09,06065,quantile,0.5,1591.985595703125
21133,2020-12-27,13 day ahead inc hosp,2021-01-09,06065,quantile,0.55,1675.3315807804242
21134,2020-12-27,13 day ahead inc hosp,2021-01-09,06065,quantile,0.6,1760.0202730783878
21135,2020-12-27,13 day ahead inc hosp,2021-01-09,06065,quantile,0.65,1847.552758135511
21136,2020-12-27,13 day ahead inc hosp,2021-01-09,06065,quantile,0.7,1939.798812738747
21137,2020-12-27,13 day ahead inc hosp,2021-01-09,06065,quantile,0.75,2039.346809485659
21138,2020-12-27,13 day ahead inc hosp,2021-01-09,06065,quantile,0.8,2150.1982245635
21139,2020-12-27,13 day ahead inc hosp,2021-01-09,06065,quantile,0.85,2279.4090873038444
21140,2020-12-27,13 day ahead inc hosp,2021-01-09,06065,quantile,0.9,2441.9858569676876
21141,2020-12-27,13 day ahead inc hosp,2021-01-09,06065,quantile,0.95,2682.949120106122
21142,2020-12-27,13 day ahead inc hosp,2021-01-09,06065,quantile,0.975,2891.9488150685656
21143,2020-12-27,13 day ahead inc hosp,2021-01-09,06065,quantile,0.99,3134.956127588568
21144,2020-12-27,14 day ahead inc hosp,2021-01-10,06065,point,NA,1652.1331787109375
21145,2020-12-27,14 day ahead inc hosp,2021-01-10,06065,quantile,0.01,571.4714668808851
21146,2020-12-27,14 day ahead inc hosp,2021-01-10,06065,quantile,0.025,741.6683001374412
21147,2020-12-27,14 day ahead inc hosp,2021-01-10,06065,quantile,0.05,888.0469661344417
21148,2020-12-27,14 day ahead inc hosp,2021-01-10,06065,quantile,0.1,1056.8121933699472
21149,2020-12-27,14 day ahead inc hosp,2021-01-10,06065,quantile,0.15,1170.677290971029
21150,2020-12-27,14 day ahead inc hosp,2021-01-10,06065,quantile,0.2,1261.1736609473191
21151,2020-12-27,14 day ahead inc hosp,2021-01-10,06065,quantile,0.25,1338.811488437402
21152,2020-12-27,14 day ahead inc hosp,2021-01-10,06065,quantile,0.3,1408.5326570214288
21153,2020-12-27,14 day ahead inc hosp,2021-01-10,06065,quantile,0.35,1473.1397102457624
21154,2020-12-27,14 day ahead inc hosp,2021-01-10,06065,quantile,0.4,1534.4454858181455
21155,2020-12-27,14 day ahead inc hosp,2021-01-10,06065,quantile,0.45,1593.7595331703865
21156,2020-12-27,14 day ahead inc hosp,2021-01-10,06065,quantile,0.5,1652.1331787109375
21157,2020-12-27,14 day ahead inc hosp,2021-01-10,06065,quantile,0.55,1735.7529512088108
21158,2020-12-27,14 day ahead inc hosp,2021-01-10,06065,quantile,0.6,1820.7198416538663
21159,2020-12-27,14 day ahead inc hosp,2021-01-10,06065,quantile,0.65,1908.5398665760233
21160,2020-12-27,14 day ahead inc hosp,2021-01-10,06065,quantile,0.7,2001.0889448860944
21161,2020-12-27,14 day ahead inc hosp,2021-01-10,06065,quantile,0.75,2100.9639518570425
21162,2020-12-27,14 day ahead inc hosp,2021-01-10,06065,quantile,0.8,2212.1795083266134
21163,2020-12-27,14 day ahead inc hosp,2021-01-10,06065,quantile,0.85,2341.8148223322114
21164,2020-12-27,14 day ahead inc hosp,2021-01-10,06065,quantile,0.9,2504.9256486080226
21165,2020-12-27,14 day ahead inc hosp,2021-01-10,06065,quantile,0.95,2746.6804640954583
21166,2020-12-27,14 day ahead inc hosp,2021-01-10,06065,quantile,0.975,2956.36671267331
21167,2020-12-27,14 day ahead inc hosp,2021-01-10,06065,quantile,0.99,3200.172292142989
21168,2020-12-27,15 day ahead inc hosp,2021-01-11,06065,point,NA,1591.254638671875
21169,2020-12-27,15 day ahead inc hosp,2021-01-11,06065,quantile,0.01,1059.7437848360562
21170,2020-12-27,15 day ahead inc hosp,2021-01-11,06065,quantile,0.025,1143.4531114218496
21171,2020-12-27,15 day ahead inc hosp,2021-01-11,06065,quantile,0.05,1215.4477503506778
21172,2020-12-27,15 day ahead inc hosp,2021-01-11,06065,quantile,0.1,1298.452958218953
21173,2020-12-27,15 day ahead inc hosp,2021-01-11,06065,quantile,0.15,1354.4561778995696
21174,2020-12-27,15 day ahead inc hosp,2021-01-11,06065,quantile,0.2,1398.9657615635317
21175,2020-12-27,15 day ahead inc hosp,2021-01-11,06065,quantile,0.25,1437.151021138733
21176,2020-12-27,15 day ahead inc hosp,2021-01-11,06065,quantile,0.3,1471.4425644023247
21177,2020-12-27,15 day ahead inc hosp,2021-01-11,06065,quantile,0.35,1503.2187896975927
21178,2020-12-27,15 day ahead inc hosp,2021-01-11,06065,quantile,0.4,1533.3713200989555
21179,2020-12-27,15 day ahead inc hosp,2021-01-11,06065,quantile,0.45,1562.5442422146652
21180,2020-12-27,15 day ahead inc hosp,2021-01-11,06065,quantile,0.5,1591.254638671875
21181,2020-12-27,15 day ahead inc hosp,2021-01-11,06065,quantile,0.55,1663.4772399361987
21182,2020-12-27,15 day ahead inc hosp,2021-01-11,06065,quantile,0.6,1736.8633502540517
21183,2020-12-27,15 day ahead inc hosp,2021-01-11,06065,quantile,0.65,1812.7137197720654
21184,2020-12-27,15 day ahead inc hosp,2021-01-11,06065,quantile,0.7,1892.6485842245957
21185,2020-12-27,15 day ahead inc hosp,2021-01-11,06065,quantile,0.75,1978.910871112757
21186,2020-12-27,15 day ahead inc hosp,2021-01-11,06065,quantile,0.8,2074.968018236614
21187,2020-12-27,15 day ahead inc hosp,2021-01-11,06065,quantile,0.85,2186.934354828116
21188,2020-12-27,15 day ahead inc hosp,2021-01-11,06065,quantile,0.9,2327.8135729378264
21189,2020-12-27,15 day ahead inc hosp,2021-01-11,06065,quantile,0.95,2536.617796162941
21190,2020-12-27,15 day ahead inc hosp,2021-01-11,06065,quantile,0.975,2717.7243200061525
21191,2020-12-27,15 day ahead inc hosp,2021-01-11,06065,quantile,0.99,2928.299793079867
21192,2020-12-27,16 day ahead inc hosp,2021-01-12,06065,point,NA,1680.729736328125
21193,2020-12-27,16 day ahead inc hosp,2021-01-12,06065,quantile,0.01,1120.5823267819565
21194,2020-12-27,16 day ahead inc hosp,2021-01-12,06065,quantile,0.025,1208.8017151603742
21195,2020-12-27,16 day ahead inc hosp,2021-01-12,06065,quantile,0.05,1284.6752560413508
21196,2020-12-27,16 day ahead inc hosp,2021-01-12,06065,quantile,0.1,1372.1525894404872
21197,2020-12-27,16 day ahead inc hosp,2021-01-12,06065,quantile,0.15,1431.1731309853124
21198,2020-12-27,16 day ahead inc hosp,2021-01-12,06065,quantile,0.2,1478.0807864158978
21199,2020-12-27,16 day ahead inc hosp,2021-01-12,06065,quantile,0.25,1518.3233780385028
21200,2020-12-27,16 day ahead inc hosp,2021-01-12,06065,quantile,0.3,1554.462469065183
21201,2020-12-27,16 day ahead inc hosp,2021-01-12,06065,quantile,0.35,1587.950722702611
21202,2020-12-27,16 day ahead inc hosp,2021-01-12,06065,quantile,0.4,1619.727800581067
21203,2020-12-27,16 day ahead inc hosp,2021-01-12,06065,quantile,0.45,1650.4724911815995
21204,2020-12-27,16 day ahead inc hosp,2021-01-12,06065,quantile,0.5,1680.729736328125
21205,2020-12-27,16 day ahead inc hosp,2021-01-12,06065,quantile,0.55,1743.1616205875878
21206,2020-12-27,16 day ahead inc hosp,2021-01-12,06065,quantile,0.6,1806.5992850501052
21207,2020-12-27,16 day ahead inc hosp,2021-01-12,06065,quantile,0.65,1872.1671461889607
21208,2020-12-27,16 day ahead inc hosp,2021-01-12,06065,quantile,0.7,1941.2657956204844
21209,2020-12-27,16 day ahead inc hosp,2021-01-12,06065,quantile,0.75,2015.8341027249057
21210,2020-12-27,16 day ahead inc hosp,2021-01-12,06065,quantile,0.8,2098.8694488152887
21211,2020-12-27,16 day ahead inc hosp,2021-01-12,06065,quantile,0.85,2195.657285928125
21212,2020-12-27,16 day ahead inc hosp,2021-01-12,06065,quantile,0.9,2317.4384857965624
21213,2020-12-27,16 day ahead inc hosp,2021-01-12,06065,quantile,0.95,2497.9365690706254
21214,2020-12-27,16 day ahead inc hosp,2021-01-12,06065,quantile,0.975,2654.4917379135723
21215,2020-12-27,16 day ahead inc hosp,2021-01-12,06065,quantile,0.99,2836.5209549824103
21216,2020-12-27,17 day ahead inc hosp,2021-01-13,06065,point,NA,1709.382568359375
21217,2020-12-27,17 day ahead inc hosp,2021-01-13,06065,quantile,0.01,1147.0363525637908
21218,2020-12-27,17 day ahead inc hosp,2021-01-13,06065,quantile,0.025,1235.6020378975818
21219,2020-12-27,17 day ahead inc hosp,2021-01-13,06065,quantile,0.05,1311.773413264644
21220,2020-12-27,17 day ahead inc hosp,2021-01-13,06065,quantile,0.1,1399.5941307517583
21221,2020-12-27,17 day ahead inc hosp,2021-01-13,06065,quantile,0.15,1458.8463519105226
21222,2020-12-27,17 day ahead inc hosp,2021-01-13,06065,quantile,0.2,1505.9381389538737
21223,2020-12-27,17 day ahead inc hosp,2021-01-13,06065,quantile,0.25,1546.3386991048421
21224,2020-12-27,17 day ahead inc hosp,2021-01-13,06065,quantile,0.3,1582.619650752215
21225,2020-12-27,17 day ahead inc hosp,2021-01-13,06065,quantile,0.35,1616.2393593961738
21226,2020-12-27,17 day ahead inc hosp,2021-01-13,06065,quantile,0.4,1648.1411752208141
21227,2020-12-27,17 day ahead inc hosp,2021-01-13,06065,quantile,0.45,1679.0065512278604
21228,2020-12-27,17 day ahead inc hosp,2021-01-13,06065,quantile,0.5,1709.382568359375
21229,2020-12-27,17 day ahead inc hosp,2021-01-13,06065,quantile,0.55,1778.7068517097755
21230,2020-12-27,17 day ahead inc hosp,2021-01-13,06065,quantile,0.6,1849.1479520938415
21231,2020-12-27,17 day ahead inc hosp,2021-01-13,06065,quantile,0.65,1921.9544201059098
21232,2020-12-27,17 day ahead inc hosp,2021-01-13,06065,quantile,0.7,1998.6814708611478
21233,2020-12-27,17 day ahead inc hosp,2021-01-13,06065,quantile,0.75,2081.4820224059795
21234,2020-12-27,17 day ahead inc hosp,2021-01-13,06065,quantile,0.8,2173.6843630648837
21235,2020-12-27,17 day ahead inc hosp,2021-01-13,06065,quantile,0.85,2281.1574519275778
21236,2020-12-27,17 day ahead inc hosp,2021-01-13,06065,quantile,0.9,2416.3831383948527
21237,2020-12-27,17 day ahead inc hosp,2021-01-13,06065,quantile,0.95,2616.8079760802343
21238,2020-12-27,17 day ahead inc hosp,2021-01-13,06065,quantile,0.975,2790.646632618832
21239,2020-12-27,17 day ahead inc hosp,2021-01-13,06065,quantile,0.99,2992.7716392851025
21240,2020-12-27,18 day ahead inc hosp,2021-01-14,06065,point,NA,1758.3067626953125
21241,2020-12-27,18 day ahead inc hosp,2021-01-14,06065,quantile,0.01,1134.4362491426186
21242,2020-12-27,18 day ahead inc hosp,2021-01-14,06065,quantile,0.025,1232.6915908526503
21243,2020-12-27,18 day ahead inc hosp,2021-01-14,06065,quantile,0.05,1317.1966052609598
21244,2020-12-27,18 day ahead inc hosp,2021-01-14,06065,quantile,0.1,1414.6254748439787
21245,2020-12-27,18 day ahead inc hosp,2021-01-14,06065,quantile,0.15,1480.360270607045
21246,2020-12-27,18 day ahead inc hosp,2021-01-14,06065,quantile,0.2,1532.6042024440987
21247,2020-12-27,18 day ahead inc hosp,2021-01-14,06065,quantile,0.25,1577.4248440723927
21248,2020-12-27,18 day ahead inc hosp,2021-01-14,06065,quantile,0.3,1617.675165494765
21249,2020-12-27,18 day ahead inc hosp,2021-01-14,06065,quantile,0.35,1654.9730867896114
21250,2020-12-27,18 day ahead inc hosp,2021-01-14,06065,quantile,0.4,1690.365166726745
21251,2020-12-27,18 day ahead inc hosp,2021-01-14,06065,quantile,0.45,1724.607413655126
21252,2020-12-27,18 day ahead inc hosp,2021-01-14,06065,quantile,0.5,1758.3067626953125
21253,2020-12-27,18 day ahead inc hosp,2021-01-14,06065,quantile,0.55,1842.774304438381
21254,2020-12-27,18 day ahead inc hosp,2021-01-14,06065,quantile,0.6,1928.6026217257663
21255,2020-12-27,18 day ahead inc hosp,2021-01-14,06065,quantile,0.65,2017.3129996591467
21256,2020-12-27,18 day ahead inc hosp,2021-01-14,06065,quantile,0.7,2110.800375932949
21257,2020-12-27,18 day ahead inc hosp,2021-01-14,06065,quantile,0.75,2211.687953935178
21258,2020-12-27,18 day ahead inc hosp,2021-01-14,06065,quantile,0.8,2324.031056265563
21259,2020-12-27,18 day ahead inc hosp,2021-01-14,06065,quantile,0.85,2454.980662680985
21260,2020-12-27,18 day ahead inc hosp,2021-01-14,06065,quantile,0.9,2619.745168917221
21261,2020-12-27,18 day ahead inc hosp,2021-01-14,06065,quantile,0.95,2863.950987215664
21262,2020-12-27,18 day ahead inc hosp,2021-01-14,06065,quantile,0.975,3075.763115204264
21263,2020-12-27,18 day ahead inc hosp,2021-01-14,06065,quantile,0.99,3322.040488914793
21264,2020-12-27,19 day ahead inc hosp,2021-01-15,06065,point,NA,1750.636962890625
21265,2020-12-27,19 day ahead inc hosp,2021-01-15,06065,quantile,0.01,1201.9672701404197
21266,2020-12-27,19 day ahead inc hosp,2021-01-15,06065,quantile,0.025,1288.3789965740273
21267,2020-12-27,19 day ahead inc hosp,2021-01-15,06065,quantile,0.05,1362.6978484576123
21268,2020-12-27,19 day ahead inc hosp,2021-01-15,06065,quantile,0.1,1448.3827250110858
21269,2020-12-27,19 day ahead inc hosp,2021-01-15,06065,quantile,0.15,1506.1939044318503
21270,2020-12-27,19 day ahead inc hosp,2021-01-15,06065,quantile,0.2,1552.1403971837917
21271,2020-12-27,19 day ahead inc hosp,2021-01-15,06065,quantile,0.25,1591.558396811668
21272,2020-12-27,19 day ahead inc hosp,2021-01-15,06065,quantile,0.3,1626.9569787419948
21273,2020-12-27,19 day ahead inc hosp,2021-01-15,06065,quantile,0.35,1659.7590403437348
21274,2020-12-27,19 day ahead inc hosp,2021-01-15,06065,quantile,0.4,1690.8849890831884
21275,2020-12-27,19 day ahead inc hosp,2021-01-15,06065,quantile,0.45,1720.99970470628
21276,2020-12-27,19 day ahead inc hosp,2021-01-15,06065,quantile,0.5,1750.636962890625
21277,2020-12-27,19 day ahead inc hosp,2021-01-15,06065,quantile,0.55,1831.47645508005
21278,2020-12-27,19 day ahead inc hosp,2021-01-15,06065,quantile,0.6,1913.618274787434
21279,2020-12-27,19 day ahead inc hosp,2021-01-15,06065,quantile,0.65,1998.5183648821587
21280,2020-12-27,19 day ahead inc hosp,2021-01-15,06065,quantile,0.7,2087.9902717015148
21281,2020-12-27,19 day ahead inc hosp,2021-01-15,06065,quantile,0.75,2184.5445268108797
21282,2020-12-27,19 day ahead inc hosp,2021-01-15,06065,quantile,0.8,2292.0622686080496
21283,2020-12-27,19 day ahead inc hosp,2021-01-15,06065,quantile,0.85,2417.387327992727
21284,2020-12-27,19 day ahead inc hosp,2021-01-15,06065,quantile,0.9,2575.0748697409354
21285,2020-12-27,19 day ahead inc hosp,2021-01-15,06065,quantile,0.95,2808.7915605971502
21286,2020-12-27,19 day ahead inc hosp,2021-01-15,06065,quantile,0.975,3011.505934814925
21287,2020-12-27,19 day ahead inc hosp,2021-01-15,06065,quantile,0.99,3247.2052036425057
21288,2020-12-27,20 day ahead inc hosp,2021-01-16,06065,point,NA,1760.473876953125
21289,2020-12-27,20 day ahead inc hosp,2021-01-16,06065,quantile,0.01,750.0309111808485
21290,2020-12-27,20 day ahead inc hosp,2021-01-16,06065,quantile,0.025,909.1687718806353
21291,2020-12-27,20 day ahead inc hosp,2021-01-16,06065,quantile,0.05,1046.0361113788806
21292,2020-12-27,20 day ahead inc hosp,2021-01-16,06065,quantile,0.1,1203.8353883036598
21293,2020-12-27,20 day ahead inc hosp,2021-01-16,06065,quantile,0.15,1310.3018112910604
21294,2020-12-27,20 day ahead inc hosp,2021-01-16,06065,quantile,0.2,1394.917949227155
21295,2020-12-27,20 day ahead inc hosp,2021-01-16,06065,quantile,0.25,1467.511061212539
21296,2020-12-27,20 day ahead inc hosp,2021-01-16,06065,quantile,0.3,1532.701919359859
21297,2020-12-27,20 day ahead inc hosp,2021-01-16,06065,quantile,0.35,1593.110964813363
21298,2020-12-27,20 day ahead inc hosp,2021-01-16,06065,quantile,0.4,1650.4332415353035
21299,2020-12-27,20 day ahead inc hosp,2021-01-16,06065,quantile,0.45,1705.893207649085
21300,2020-12-27,20 day ahead inc hosp,2021-01-16,06065,quantile,0.5,1760.473876953125
21301,2020-12-27,20 day ahead inc hosp,2021-01-16,06065,quantile,0.55,1842.7106383386383
21302,2020-12-27,20 day ahead inc hosp,2021-01-16,06065,quantile,0.6,1926.2722373058775
21303,2020-12-27,20 day ahead inc hosp,2021-01-16,06065,quantile,0.65,2012.6397819506196
21304,2020-12-27,20 day ahead inc hosp,2021-01-16,06065,quantile,0.7,2103.6581648292395
21305,2020-12-27,20 day ahead inc hosp,2021-01-16,06065,quantile,0.75,2201.881310758693
21306,2020-12-27,20 day ahead inc hosp,2021-01-16,06065,quantile,0.8,2311.2574416250836
21307,2020-12-27,20 day ahead inc hosp,2021-01-16,06065,quantile,0.85,2438.7486804380756
21308,2020-12-27,20 day ahead inc hosp,2021-01-16,06065,quantile,0.9,2599.161770538015
21309,2020-12-27,20 day ahead inc hosp,2021-01-16,06065,quantile,0.95,2836.918134626959
21310,2020-12-27,20 day ahead inc hosp,2021-01-16,06065,quantile,0.975,3043.136322921585
21311,2020-12-27,20 day ahead inc hosp,2021-01-16,06065,quantile,0.99,3282.9095328261533
21312,2020-12-27,21 day ahead inc hosp,2021-01-17,06065,point,NA,2005.369873046875
21313,2020-12-27,21 day ahead inc hosp,2021-01-17,06065,quantile,0.01,971.1554628652825
21314,2020-12-27,21 day ahead inc hosp,2021-01-17,06065,quantile,0.025,1134.0371635809688
21315,2020-12-27,21 day ahead inc hosp,2021-01-17,06065,quantile,0.05,1274.1244120325582
21316,2020-12-27,21 day ahead inc hosp,2021-01-17,06065,quantile,0.1,1435.6360377650512
21317,2020-12-27,21 day ahead inc hosp,2021-01-17,06065,quantile,0.15,1544.6071648686009
21318,2020-12-27,21 day ahead inc hosp,2021-01-17,06065,quantile,0.2,1631.2139622354746
21319,2020-12-27,21 day ahead inc hosp,2021-01-17,06065,quantile,0.25,1705.5148827607902
21320,2020-12-27,21 day ahead inc hosp,2021-01-17,06065,quantile,0.3,1772.2394057590107
21321,2020-12-27,21 day ahead inc hosp,2021-01-17,06065,quantile,0.35,1834.0696202586273
21322,2020-12-27,21 day ahead inc hosp,2021-01-17,06065,quantile,0.4,1892.7404474289046
21323,2020-12-27,21 day ahead inc hosp,2021-01-17,06065,quantile,0.45,1949.5051517080992
21324,2020-12-27,21 day ahead inc hosp,2021-01-17,06065,quantile,0.5,2005.369873046875
21325,2020-12-27,21 day ahead inc hosp,2021-01-17,06065,quantile,0.55,2086.108270130532
21326,2020-12-27,21 day ahead inc hosp,2021-01-17,06065,quantile,0.6,2168.1473660858696
21327,2020-12-27,21 day ahead inc hosp,2021-01-17,06065,quantile,0.65,2252.941283029881
21328,2020-12-27,21 day ahead inc hosp,2021-01-17,06065,quantile,0.7,2342.3012993407965
21329,2020-12-27,21 day ahead inc hosp,2021-01-17,06065,quantile,0.75,2438.7348069990308
21330,2020-12-27,21 day ahead inc hosp,2021-01-17,06065,quantile,0.8,2546.1180907833595
21331,2020-12-27,21 day ahead inc hosp,2021-01-17,06065,quantile,0.85,2671.2864229324905
21332,2020-12-27,21 day ahead inc hosp,2021-01-17,06065,quantile,0.9,2828.7767660308864
21333,2020-12-27,21 day ahead inc hosp,2021-01-17,06065,quantile,0.95,3062.2011787821566
21334,2020-12-27,21 day ahead inc hosp,2021-01-17,06065,quantile,0.975,3264.6620453324895
21335,2020-12-27,21 day ahead inc hosp,2021-01-17,06065,quantile,0.99,3500.066556710881
21336,2020-12-27,22 day ahead inc hosp,2021-01-18,06065,point,NA,1683.877685546875
21337,2020-12-27,22 day ahead inc hosp,2021-01-18,06065,quantile,0.01,1088.742445560941
21338,2020-12-27,22 day ahead inc hosp,2021-01-18,06065,quantile,0.025,1182.4721780907037
21339,2020-12-27,22 day ahead inc hosp,2021-01-18,06065,quantile,0.05,1263.0849189357739
21340,2020-12-27,22 day ahead inc hosp,2021-01-18,06065,quantile,0.1,1356.0262463767135
21341,2020-12-27,22 day ahead inc hosp,2021-01-18,06065,quantile,0.15,1418.7333187611735
21342,2020-12-27,22 day ahead inc hosp,2021-01-18,06065,quantile,0.2,1468.5709120376948
21343,2020-12-27,22 day ahead inc hosp,2021-01-18,06065,quantile,0.25,1511.3271294455003
21344,2020-12-27,22 day ahead inc hosp,2021-01-18,06065,quantile,0.3,1549.7235341141613
21345,2020-12-27,22 day ahead inc hosp,2021-01-18,06065,quantile,0.35,1585.3035252478664
21346,2020-12-27,22 day ahead inc hosp,2021-01-18,06065,quantile,0.4,1619.0654574588334
21347,2020-12-27,22 day ahead inc hosp,2021-01-18,06065,quantile,0.45,1651.7305175966026
21348,2020-12-27,22 day ahead inc hosp,2021-01-18,06065,quantile,0.5,1683.877685546875
21349,2020-12-27,22 day ahead inc hosp,2021-01-18,06065,quantile,0.55,1767.20251742626
21350,2020-12-27,22 day ahead inc hosp,2021-01-18,06065,quantile,0.6,1851.8697157474278
21351,2020-12-27,22 day ahead inc hosp,2021-01-18,06065,quantile,0.65,1939.3799850736
21352,2020-12-27,22 day ahead inc hosp,2021-01-18,06065,quantile,0.7,2031.6026276426746
21353,2020-12-27,22 day ahead inc hosp,2021-01-18,06065,quantile,0.75,2131.125359123657
21354,2020-12-27,22 day ahead inc hosp,2021-01-18,06065,quantile,0.8,2241.9486401297722
21355,2020-12-27,22 day ahead inc hosp,2021-01-18,06065,quantile,0.85,2371.12670917346
21356,2020-12-27,22 day ahead inc hosp,2021-01-18,06065,quantile,0.9,2533.6622168787126
21357,2020-12-27,22 day ahead inc hosp,2021-01-18,06065,quantile,0.95,2774.564323578831
21358,2020-12-27,22 day ahead inc hosp,2021-01-18,06065,quantile,0.975,2983.5109744515394
21359,2020-12-27,22 day ahead inc hosp,2021-01-18,06065,quantile,0.99,3226.4566117538147
21360,2020-12-27,23 day ahead inc hosp,2021-01-19,06065,point,NA,1754.158447265625
21361,2020-12-27,23 day ahead inc hosp,2021-01-19,06065,quantile,0.01,1183.404423475205
21362,2020-12-27,23 day ahead inc hosp,2021-01-19,06065,quantile,0.025,1273.2942811005512
21363,2020-12-27,23 day ahead inc hosp,2021-01-19,06065,quantile,0.05,1350.604517690113
21364,2020-12-27,23 day ahead inc hosp,2021-01-19,06065,quantile,0.1,1439.7382692296674
21365,2020-12-27,23 day ahead inc hosp,2021-01-19,06065,quantile,0.15,1499.8763882299697
21366,2020-12-27,23 day ahead inc hosp,2021-01-19,06065,quantile,0.2,1547.6722587942422
21367,2020-12-27,23 day ahead inc hosp,2021-01-19,06065,quantile,0.25,1588.6768599133757
21368,2020-12-27,23 day ahead inc hosp,2021-01-19,06065,quantile,0.3,1625.500259018832
21369,2020-12-27,23 day ahead inc hosp,2021-01-19,06065,quantile,0.35,1659.6226260735364
21370,2020-12-27,23 day ahead inc hosp,2021-01-19,06065,quantile,0.4,1692.0014155749013
21371,2020-12-27,23 day ahead inc hosp,2021-01-19,06065,quantile,0.45,1723.32826913415
21372,2020-12-27,23 day ahead inc hosp,2021-01-19,06065,quantile,0.5,1754.158447265625
21373,2020-12-27,23 day ahead inc hosp,2021-01-19,06065,quantile,0.55,1822.4296265577198
21374,2020-12-27,23 day ahead inc hosp,2021-01-19,06065,quantile,0.6,1891.800657334127
21375,2020-12-27,23 day ahead inc hosp,2021-01-19,06065,quantile,0.65,1963.501123477458
21376,2020-12-27,23 day ahead inc hosp,2021-01-19,06065,quantile,0.7,2039.062614855417
21377,2020-12-27,23 day ahead inc hosp,2021-01-19,06065,quantile,0.75,2120.6053445714806
21378,2020-12-27,23 day ahead inc hosp,2021-01-19,06065,quantile,0.8,2211.407040976446
21379,2020-12-27,23 day ahead inc hosp,2021-01-19,06065,quantile,0.85,2317.247507898169
21380,2020-12-27,23 day ahead inc hosp,2021-01-19,06065,quantile,0.9,2450.4189831666627
21381,2020-12-27,23 day ahead inc hosp,2021-01-19,06065,quantile,0.95,2647.799170409934
21382,2020-12-27,23 day ahead inc hosp,2021-01-19,06065,quantile,0.975,2818.9970467508356
21383,2020-12-27,23 day ahead inc hosp,2021-01-19,06065,quantile,0.99,3018.0515757357216
21384,2020-12-27,24 day ahead inc hosp,2021-01-20,06065,point,NA,1843.465087890625
21385,2020-12-27,24 day ahead inc hosp,2021-01-20,06065,quantile,0.01,1271.7947380500875
21386,2020-12-27,24 day ahead inc hosp,2021-01-20,06065,quantile,0.025,1361.8289107652101
21387,2020-12-27,24 day ahead inc hosp,2021-01-20,06065,quantile,0.05,1439.263266293535
21388,2020-12-27,24 day ahead inc hosp,2021-01-20,06065,quantile,0.1,1528.5401190204238
21389,2020-12-27,24 day ahead inc hosp,2021-01-20,06065,quantile,0.15,1588.7747877124466
21390,2020-12-27,24 day ahead inc hosp,2021-01-20,06065,quantile,0.2,1636.6473929110107
21391,2020-12-27,24 day ahead inc hosp,2021-01-20,06065,quantile,0.25,1677.717825513785
21392,2020-12-27,24 day ahead inc hosp,2021-01-20,06065,quantile,0.3,1714.6003433261585
21393,2020-12-27,24 day ahead inc hosp,2021-01-20,06065,quantile,0.35,1748.77749267327
21394,2020-12-27,24 day ahead inc hosp,2021-01-20,06065,quantile,0.4,1781.2082652129575
21395,2020-12-27,24 day ahead inc hosp,2021-01-20,06065,quantile,0.45,1812.585412963378
21396,2020-12-27,24 day ahead inc hosp,2021-01-20,06065,quantile,0.5,1843.465087890625
21397,2020-12-27,24 day ahead inc hosp,2021-01-20,06065,quantile,0.55,1916.0884187722877
21398,2020-12-27,24 day ahead inc hosp,2021-01-20,06065,quantile,0.6,1989.8817144779678
21399,2020-12-27,24 day ahead inc hosp,2021-01-20,06065,quantile,0.65,2066.152942411766
21400,2020-12-27,24 day ahead inc hosp,2021-01-20,06065,quantile,0.7,2146.531328242416
21401,2020-12-27,24 day ahead inc hosp,2021-01-20,06065,quantile,0.75,2233.272244432352
21402,2020-12-27,24 day ahead inc hosp,2021-01-20,06065,quantile,0.8,2329.8623679809816
21403,2020-12-27,24 day ahead inc hosp,2021-01-20,06065,quantile,0.85,2442.44995368885
21404,2020-12-27,24 day ahead inc hosp,2021-01-20,06065,quantile,0.9,2584.110845044551
21405,2020-12-27,24 day ahead inc hosp,2021-01-20,06065,quantile,0.95,2794.0736257711537
21406,2020-12-27,24 day ahead inc hosp,2021-01-20,06065,quantile,0.975,2976.185025466617
21407,2020-12-27,24 day ahead inc hosp,2021-01-20,06065,quantile,0.99,3187.9288838832654
21408,2020-12-27,25 day ahead inc hosp,2021-01-21,06065,point,NA,1966.1229248046875
21409,2020-12-27,25 day ahead inc hosp,2021-01-21,06065,quantile,0.01,1306.7423807454704
21410,2020-12-27,25 day ahead inc hosp,2021-01-21,06065,quantile,0.025,1410.590309548108
21411,2020-12-27,25 day ahead inc hosp,2021-01-21,06065,quantile,0.05,1499.9052573871627
21412,2020-12-27,25 day ahead inc hosp,2021-01-21,06065,quantile,0.1,1602.8796721689878
21413,2020-12-27,25 day ahead inc hosp,2021-01-21,06065,quantile,0.15,1672.3560209501543
21414,2020-12-27,25 day ahead inc hosp,2021-01-21,06065,quantile,0.2,1727.5736205163491
21415,2020-12-27,25 day ahead inc hosp,2021-01-21,06065,quantile,0.25,1774.9454042758512
21416,2020-12-27,25 day ahead inc hosp,2021-01-21,06065,quantile,0.3,1817.4867301784104
21417,2020-12-27,25 day ahead inc hosp,2021-01-21,06065,quantile,0.35,1856.9076085520708
21418,2020-12-27,25 day ahead inc hosp,2021-01-21,06065,quantile,0.4,1894.3141671525732
21419,2020-12-27,25 day ahead inc hosp,2021-01-21,06065,quantile,0.45,1930.5054455011352
21420,2020-12-27,25 day ahead inc hosp,2021-01-21,06065,quantile,0.5,1966.1229248046875
21421,2020-12-27,25 day ahead inc hosp,2021-01-21,06065,quantile,0.55,2054.2314779956982
21422,2020-12-27,25 day ahead inc hosp,2021-01-21,06065,quantile,0.6,2143.7594635740293
21423,2020-12-27,25 day ahead inc hosp,2021-01-21,06065,quantile,0.65,2236.2937423211583
21424,2020-12-27,25 day ahead inc hosp,2021-01-21,06065,quantile,0.7,2333.810934074691
21425,2020-12-27,25 day ahead inc hosp,2021-01-21,06065,quantile,0.75,2439.047316586688
21426,2020-12-27,25 day ahead inc hosp,2021-01-21,06065,quantile,0.8,2556.233018964869
21427,2020-12-27,25 day ahead inc hosp,2021-01-21,06065,quantile,0.85,2692.8272671707714
21428,2020-12-27,25 day ahead inc hosp,2021-01-21,06065,quantile,0.9,2864.694021691271
21429,2020-12-27,25 day ahead inc hosp,2021-01-21,06065,quantile,0.95,3119.4264418267044
21430,2020-12-27,25 day ahead inc hosp,2021-01-21,06065,quantile,0.975,3340.36882703488
21431,2020-12-27,25 day ahead inc hosp,2021-01-21,06065,quantile,0.99,3597.262097911881
21432,2020-12-27,26 day ahead inc hosp,2021-01-22,06065,point,NA,1841.0164794921875
21433,2020-12-27,26 day ahead inc hosp,2021-01-22,06065,quantile,0.01,1289.5966016850793
21434,2020-12-27,26 day ahead inc hosp,2021-01-22,06065,quantile,0.025,1376.441463467548
21435,2020-12-27,26 day ahead inc hosp,2021-01-22,06065,quantile,0.05,1451.1328356463073
21436,2020-12-27,26 day ahead inc hosp,2021-01-22,06065,quantile,0.1,1537.2472042424681
21437,2020-12-27,26 day ahead inc hosp,2021-01-22,06065,quantile,0.15,1595.3481599054157
21438,2020-12-27,26 day ahead inc hosp,2021-01-22,06065,quantile,0.2,1641.5249576285505
21439,2020-12-27,26 day ahead inc hosp,2021-01-22,06065,quantile,0.25,1681.140538414967
21440,2020-12-27,26 day ahead inc hosp,2021-01-22,06065,quantile,0.3,1716.7165543321655
21441,2020-12-27,26 day ahead inc hosp,2021-01-22,06065,quantile,0.35,1749.6830349656925
21442,2020-12-27,26 day ahead inc hosp,2021-01-22,06065,quantile,0.4,1780.9650012877396
21443,2020-12-27,26 day ahead inc hosp,2021-01-22,06065,quantile,0.45,1811.230665727567
21444,2020-12-27,26 day ahead inc hosp,2021-01-22,06065,quantile,0.5,1841.0164794921875
21445,2020-12-27,26 day ahead inc hosp,2021-01-22,06065,quantile,0.55,1922.42788267105
21446,2020-12-27,26 day ahead inc hosp,2021-01-22,06065,quantile,0.6,2005.150826877249
21447,2020-12-27,26 day ahead inc hosp,2021-01-22,06065,quantile,0.65,2090.651555264154
21448,2020-12-27,26 day ahead inc hosp,2021-01-22,06065,quantile,0.7,2180.75644437187
21449,2020-12-27,26 day ahead inc hosp,2021-01-22,06065,quantile,0.75,2277.993786894063
21450,2020-12-27,26 day ahead inc hosp,2021-01-22,06065,quantile,0.8,2386.2721789183424
21451,2020-12-27,26 day ahead inc hosp,2021-01-22,06065,quantile,0.85,2512.483869042189
21452,2020-12-27,26 day ahead inc hosp,2021-01-22,06065,quantile,0.9,2671.286994715787
21453,2020-12-27,26 day ahead inc hosp,2021-01-22,06065,quantile,0.95,2906.6571490005244
21454,2020-12-27,26 day ahead inc hosp,2021-01-22,06065,quantile,0.975,3110.805656154964
21455,2020-12-27,26 day ahead inc hosp,2021-01-22,06065,quantile,0.99,3348.1724144532723
21456,2020-12-27,27 day ahead inc hosp,2021-01-23,06065,point,NA,1878.0421142578125
21457,2020-12-27,27 day ahead inc hosp,2021-01-23,06065,quantile,0.01,825.7088419951247
21458,2020-12-27,27 day ahead inc hosp,2021-01-23,06065,quantile,0.025,991.4441396455933
21459,2020-12-27,27 day ahead inc hosp,2021-01-23,06065,quantile,0.05,1133.985638887953
21460,2020-12-27,27 day ahead inc hosp,2021-01-23,06065,quantile,0.1,1298.3268586024394
21461,2020-12-27,27 day ahead inc hosp,2021-01-23,06065,quantile,0.15,1409.2070993321122
21462,2020-12-27,27 day ahead inc hosp,2021-01-23,06065,quantile,0.2,1497.3311996888954
21463,2020-12-27,27 day ahead inc hosp,2021-01-23,06065,quantile,0.25,1572.933831076333
21464,2020-12-27,27 day ahead inc hosp,2021-01-23,06065,quantile,0.3,1640.8273306598046
21465,2020-12-27,27 day ahead inc hosp,2021-01-23,06065,quantile,0.35,1703.7407761779934
21466,2020-12-27,27 day ahead inc hosp,2021-01-23,06065,quantile,0.4,1763.4394836555036
21467,2020-12-27,27 day ahead inc hosp,2021-01-23,06065,quantile,0.45,1821.1986740275079
21468,2020-12-27,27 day ahead inc hosp,2021-01-23,06065,quantile,0.5,1878.0421142578125
21469,2020-12-27,27 day ahead inc hosp,2021-01-23,06065,quantile,0.55,1962.5347744646842
21470,2020-12-27,27 day ahead inc hosp,2021-01-23,06065,quantile,0.6,2048.3886148753495
21471,2020-12-27,27 day ahead inc hosp,2021-01-23,06065,quantile,0.65,2137.1253729823575
21472,2020-12-27,27 day ahead inc hosp,2021-01-23,06065,quantile,0.7,2230.6405499856296
21473,2020-12-27,27 day ahead inc hosp,2021-01-23,06065,quantile,0.75,2331.5581293460605
21474,2020-12-27,27 day ahead inc hosp,2021-01-23,06065,quantile,0.8,2443.9346396115075
21475,2020-12-27,27 day ahead inc hosp,2021-01-23,06065,quantile,0.85,2574.9231870554104
21476,2020-12-27,27 day ahead inc hosp,2021-01-23,06065,quantile,0.9,2739.73668999737
21477,2020-12-27,27 day ahead inc hosp,2021-01-23,06065,quantile,0.95,2984.0151287945378
21478,2020-12-27,27 day ahead inc hosp,2021-01-23,06065,quantile,0.975,3195.8902442355975
21479,2020-12-27,27 day ahead inc hosp,2021-01-23,06065,quantile,0.99,3442.2408544718905
21480,2020-12-27,28 day ahead inc hosp,2021-01-24,06065,point,NA,1868.4510498046875
21481,2020-12-27,28 day ahead inc hosp,2021-01-24,06065,quantile,0.01,830.6729995509102
21482,2020-12-27,28 day ahead inc hosp,2021-01-24,06065,quantile,0.025,994.1159492203741
21483,2020-12-27,28 day ahead inc hosp,2021-01-24,06065,quantile,0.05,1134.6859027351197
21484,2020-12-27,28 day ahead inc hosp,2021-01-24,06065,quantile,0.1,1296.7540564911233
21485,2020-12-27,28 day ahead inc hosp,2021-01-24,06065,quantile,0.15,1406.1006704100123
21486,2020-12-27,28 day ahead inc hosp,2021-01-24,06065,quantile,0.2,1493.0058927945438
21487,2020-12-27,28 day ahead inc hosp,2021-01-24,06065,quantile,0.25,1567.562835412742
21488,2020-12-27,28 day ahead inc hosp,2021-01-24,06065,quantile,0.3,1634.5172741630668
21489,2020-12-27,28 day ahead inc hosp,2021-01-24,06065,quantile,0.35,1696.5605398713044
21490,2020-12-27,28 day ahead inc hosp,2021-01-24,06065,quantile,0.4,1755.4335318042404
21491,2020-12-27,28 day ahead inc hosp,2021-01-24,06065,quantile,0.45,1812.3938328309405
21492,2020-12-27,28 day ahead inc hosp,2021-01-24,06065,quantile,0.5,1868.4510498046875
21493,2020-12-27,28 day ahead inc hosp,2021-01-24,06065,quantile,0.55,1948.4271801269595
21494,2020-12-27,28 day ahead inc hosp,2021-01-24,06065,quantile,0.6,2029.6917291722798
21495,2020-12-27,28 day ahead inc hosp,2021-01-24,06065,quantile,0.65,2113.685090410595
21496,2020-12-27,28 day ahead inc hosp,2021-01-24,06065,quantile,0.7,2202.201441592017
21497,2020-12-27,28 day ahead inc hosp,2021-01-24,06065,quantile,0.75,2297.724501926217
21498,2020-12-27,28 day ahead inc hosp,2021-01-24,06065,quantile,0.8,2404.0939594405936
21499,2020-12-27,28 day ahead inc hosp,2021-01-24,06065,quantile,0.85,2528.0805532518125
21500,2020-12-27,28 day ahead inc hosp,2021-01-24,06065,quantile,0.9,2684.0839996799823
21501,2020-12-27,28 day ahead inc hosp,2021-01-24,06065,quantile,0.95,2915.3046075804846
21502,2020-12-27,28 day ahead inc hosp,2021-01-24,06065,quantile,0.975,3115.8540020849614
21503,2020-12-27,28 day ahead inc hosp,2021-01-24,06065,quantile,0.99,3349.036014119974
21504,2020-12-27,1 day ahead inc hosp,2020-12-28,06067,point,NA,512.4705810546875
21505,2020-12-27,1 day ahead inc hosp,2020-12-28,06067,quantile,0.01,342.785519038786
21506,2020-12-27,1 day ahead inc hosp,2020-12-28,06067,quantile,0.025,369.50975650357225
21507,2020-12-27,1 day ahead inc hosp,2020-12-28,06067,quantile,0.05,392.4940750424825
21508,2020-12-27,1 day ahead inc hosp,2020-12-28,06067,quantile,0.1,418.993522312701
21509,2020-12-27,1 day ahead inc hosp,2020-12-28,06067,quantile,0.15,436.87257357950915
21510,2020-12-27,1 day ahead inc hosp,2020-12-28,06067,quantile,0.2,451.08227674890924
21511,2020-12-27,1 day ahead inc hosp,2020-12-28,06067,quantile,0.25,463.272936812293
21512,2020-12-27,1 day ahead inc hosp,2020-12-28,06067,quantile,0.3,474.2205263174001
21513,2020-12-27,1 day ahead inc hosp,2020-12-28,06067,quantile,0.35,484.3650995108656
21514,2020-12-27,1 day ahead inc hosp,2020-12-28,06067,quantile,0.4,493.99130743148885
21515,2020-12-27,1 day ahead inc hosp,2020-12-28,06067,quantile,0.45,503.30477499788856
21516,2020-12-27,1 day ahead inc hosp,2020-12-28,06067,quantile,0.5,512.4705810546875
21517,2020-12-27,1 day ahead inc hosp,2020-12-28,06067,quantile,0.55,537.1419419544349
21518,2020-12-27,1 day ahead inc hosp,2020-12-28,06067,quantile,0.6,562.2107594850323
21519,2020-12-27,1 day ahead inc hosp,2020-12-28,06067,quantile,0.65,588.1213720633486
21520,2020-12-27,1 day ahead inc hosp,2020-12-28,06067,quantile,0.7,615.4272549152162
21521,2020-12-27,1 day ahead inc hosp,2020-12-28,06067,quantile,0.75,644.8945958112671
21522,2020-12-27,1 day ahead inc hosp,2020-12-28,06067,quantile,0.8,677.7078772800346
21523,2020-12-27,1 day ahead inc hosp,2020-12-28,06067,quantile,0.85,715.9557643723549
21524,2020-12-27,1 day ahead inc hosp,2020-12-28,06067,quantile,0.9,764.0803399541514
21525,2020-12-27,1 day ahead inc hosp,2020-12-28,06067,quantile,0.95,835.4082104323217
21526,2020-12-27,1 day ahead inc hosp,2020-12-28,06067,quantile,0.975,897.2745006630191
21527,2020-12-27,1 day ahead inc hosp,2020-12-28,06067,quantile,0.99,969.2074330400053
21528,2020-12-27,2 day ahead inc hosp,2020-12-29,06067,point,NA,521.0377807617188
21529,2020-12-27,2 day ahead inc hosp,2020-12-29,06067,quantile,0.01,332.98081450743274
21530,2020-12-27,2 day ahead inc hosp,2020-12-29,06067,quantile,0.025,362.59850131722317
21531,2020-12-27,2 day ahead inc hosp,2020-12-29,06067,quantile,0.05,388.07134591826735
21532,2020-12-27,2 day ahead inc hosp,2020-12-29,06067,quantile,0.1,417.43990436323935
21533,2020-12-27,2 day ahead inc hosp,2020-12-29,06067,quantile,0.15,437.2547313185179
21534,2020-12-27,2 day ahead inc hosp,2020-12-29,06067,quantile,0.2,453.0029276397761
21535,2020-12-27,2 day ahead inc hosp,2020-12-29,06067,quantile,0.25,466.51347783742636
21536,2020-12-27,2 day ahead inc hosp,2020-12-29,06067,quantile,0.3,478.64636947602423
21537,2020-12-27,2 day ahead inc hosp,2020-12-29,06067,quantile,0.35,489.8893017414991
21538,2020-12-27,2 day ahead inc hosp,2020-12-29,06067,quantile,0.4,500.5577450126914
21539,2020-12-27,2 day ahead inc hosp,2020-12-29,06067,quantile,0.45,510.8795873424581
21540,2020-12-27,2 day ahead inc hosp,2020-12-29,06067,quantile,0.5,521.0377807617188
21541,2020-12-27,2 day ahead inc hosp,2020-12-29,06067,quantile,0.55,541.9276988264648
21542,2020-12-27,2 day ahead inc hosp,2020-12-29,06067,quantile,0.6,563.1541543236813
21543,2020-12-27,2 day ahead inc hosp,2020-12-29,06067,quantile,0.65,585.093380780133
21544,2020-12-27,2 day ahead inc hosp,2020-12-29,06067,quantile,0.7,608.214020852603
21545,2020-12-27,2 day ahead inc hosp,2020-12-29,06067,quantile,0.75,633.1648267447396
21546,2020-12-27,2 day ahead inc hosp,2020-12-29,06067,quantile,0.8,660.9487323064722
21547,2020-12-27,2 day ahead inc hosp,2020-12-29,06067,quantile,0.85,693.334267533125
21548,2020-12-27,2 day ahead inc hosp,2020-12-29,06067,quantile,0.9,734.082665843601
21549,2020-12-27,2 day ahead inc hosp,2020-12-29,06067,quantile,0.95,794.4779304614135
21550,2020-12-27,2 day ahead inc hosp,2020-12-29,06067,quantile,0.975,846.8618155312599
21551,2020-12-27,2 day ahead inc hosp,2020-12-29,06067,quantile,0.99,907.7694026570092
21552,2020-12-27,3 day ahead inc hosp,2020-12-30,06067,point,NA,524.3521118164062
21553,2020-12-27,3 day ahead inc hosp,2020-12-30,06067,quantile,0.01,341.3833038429289
21554,2020-12-27,3 day ahead inc hosp,2020-12-30,06067,quantile,0.025,370.1996405012133
21555,2020-12-27,3 day ahead inc hosp,2020-12-30,06067,quantile,0.05,394.9832797631833
21556,2020-12-27,3 day ahead inc hosp,2020-12-30,06067,quantile,0.1,423.55722859159295
21557,2020-12-27,3 day ahead inc hosp,2020-12-30,06067,quantile,0.15,442.8359362109945
21558,2020-12-27,3 day ahead inc hosp,2020-12-30,06067,quantile,0.2,458.1580418794265
21559,2020-12-27,3 day ahead inc hosp,2020-12-30,06067,quantile,0.25,471.30304423678297
21560,2020-12-27,3 day ahead inc hosp,2020-12-30,06067,quantile,0.3,483.107662617066
21561,2020-12-27,3 day ahead inc hosp,2020-12-30,06067,quantile,0.35,494.04640078621696
21562,2020-12-27,3 day ahead inc hosp,2020-12-30,06067,quantile,0.4,504.42619360720334
21563,2020-12-27,3 day ahead inc hosp,2020-12-30,06067,quantile,0.45,514.4687632858713
21564,2020-12-27,3 day ahead inc hosp,2020-12-30,06067,quantile,0.5,524.3521118164062
21565,2020-12-27,3 day ahead inc hosp,2020-12-30,06067,quantile,0.55,547.1424008153773
21566,2020-12-27,3 day ahead inc hosp,2020-12-30,06067,quantile,0.6,570.2998423001168
21567,2020-12-27,3 day ahead inc hosp,2020-12-30,06067,quantile,0.65,594.2348960330567
21568,2020-12-27,3 day ahead inc hosp,2020-12-30,06067,quantile,0.7,619.4588374319474
21569,2020-12-27,3 day ahead inc hosp,2020-12-30,06067,quantile,0.75,646.6794361569684
21570,2020-12-27,3 day ahead inc hosp,2020-12-30,06067,quantile,0.8,676.990863674753
21571,2020-12-27,3 day ahead inc hosp,2020-12-30,06067,quantile,0.85,712.3225344316313
21572,2020-12-27,3 day ahead inc hosp,2020-12-30,06067,quantile,0.9,756.777843967199
21573,2020-12-27,3 day ahead inc hosp,2020-12-30,06067,quantile,0.95,822.6673094281547
21574,2020-12-27,3 day ahead inc hosp,2020-12-30,06067,quantile,0.975,879.8165943573965
21575,2020-12-27,3 day ahead inc hosp,2020-12-30,06067,quantile,0.99,946.264988674864
21576,2020-12-27,4 day ahead inc hosp,2020-12-31,06067,point,NA,551.66162109375
21577,2020-12-27,4 day ahead inc hosp,2020-12-31,06067,quantile,0.01,345.08971442617644
21578,2020-12-27,4 day ahead inc hosp,2020-12-31,06067,quantile,0.025,377.6233778008615
21579,2020-12-27,4 day ahead inc hosp,2020-12-31,06067,quantile,0.05,405.60412311592415
21580,2020-12-27,4 day ahead inc hosp,2020-12-31,06067,quantile,0.1,437.8641304684445
21581,2020-12-27,4 day ahead inc hosp,2020-12-31,06067,quantile,0.15,459.62980427446143
21582,2020-12-27,4 day ahead inc hosp,2020-12-31,06067,quantile,0.2,476.9284718295828
21583,2020-12-27,4 day ahead inc hosp,2020-12-31,06067,quantile,0.25,491.7691882893113
21584,2020-12-27,4 day ahead inc hosp,2020-12-31,06067,quantile,0.3,505.0966103417719
21585,2020-12-27,4 day ahead inc hosp,2020-12-31,06067,quantile,0.35,517.4464530563095
21586,2020-12-27,4 day ahead inc hosp,2020-12-31,06067,quantile,0.4,529.1652460986534
21587,2020-12-27,4 day ahead inc hosp,2020-12-31,06067,quantile,0.45,540.5033139876082
21588,2020-12-27,4 day ahead inc hosp,2020-12-31,06067,quantile,0.5,551.66162109375
21589,2020-12-27,4 day ahead inc hosp,2020-12-31,06067,quantile,0.55,579.7374369530535
21590,2020-12-27,4 day ahead inc hosp,2020-12-31,06067,quantile,0.6,608.2655553515298
21591,2020-12-27,4 day ahead inc hosp,2020-12-31,06067,quantile,0.65,637.751629934388
21592,2020-12-27,4 day ahead inc hosp,2020-12-31,06067,quantile,0.7,668.8255111823655
21593,2020-12-27,4 day ahead inc hosp,2020-12-31,06067,quantile,0.75,702.3591147895065
21594,2020-12-27,4 day ahead inc hosp,2020-12-31,06067,quantile,0.8,739.7003726147302
21595,2020-12-27,4 day ahead inc hosp,2020-12-31,06067,quantile,0.85,783.2261691597604
21596,2020-12-27,4 day ahead inc hosp,2020-12-31,06067,quantile,0.9,837.9915600043119
21597,2020-12-27,4 day ahead inc hosp,2020-12-31,06067,quantile,0.95,919.16211907152
21598,2020-12-27,4 day ahead inc hosp,2020-12-31,06067,quantile,0.975,989.5654737738977
21599,2020-12-27,4 day ahead inc hosp,2020-12-31,06067,quantile,0.99,1071.4245885524697
21600,2020-12-27,5 day ahead inc hosp,2021-01-01,06067,point,NA,524.0697631835938
21601,2020-12-27,5 day ahead inc hosp,2021-01-01,06067,quantile,0.01,339.90815881672256
21602,2020-12-27,5 day ahead inc hosp,2021-01-01,06067,quantile,0.025,368.9123527541658
21603,2020-12-27,5 day ahead inc hosp,2021-01-01,06067,quantile,0.05,393.85755963989783
21604,2020-12-27,5 day ahead inc hosp,2021-01-01,06067,quantile,0.1,422.61778559108615
21605,2020-12-27,5 day ahead inc hosp,2021-01-01,06067,quantile,0.15,442.02217350087386
21606,2020-12-27,5 day ahead inc hosp,2021-01-01,06067,quantile,0.2,457.44416587995846
21607,2020-12-27,5 day ahead inc hosp,2021-01-01,06067,quantile,0.25,470.6748621409736
21608,2020-12-27,5 day ahead inc hosp,2021-01-01,06067,quantile,0.3,482.55643629522353
21609,2020-12-27,5 day ahead inc hosp,2021-01-01,06067,quantile,0.35,493.5664854576577
21610,2020-12-27,5 day ahead inc hosp,2021-01-01,06067,quantile,0.4,504.0139454377526
21611,2020-12-27,5 day ahead inc hosp,2021-01-01,06067,quantile,0.45,514.1219838759638
21612,2020-12-27,5 day ahead inc hosp,2021-01-01,06067,quantile,0.5,524.0697631835938
21613,2020-12-27,5 day ahead inc hosp,2021-01-01,06067,quantile,0.55,551.214115459798
21614,2020-12-27,5 day ahead inc hosp,2021-01-01,06067,quantile,0.6,578.7957643588414
21615,2020-12-27,5 day ahead inc hosp,2021-01-01,06067,quantile,0.65,607.3035875946998
21616,2020-12-27,5 day ahead inc hosp,2021-01-01,06067,quantile,0.7,637.346539272791
21617,2020-12-27,5 day ahead inc hosp,2021-01-01,06067,quantile,0.75,669.7676077811599
21618,2020-12-27,5 day ahead inc hosp,2021-01-01,06067,quantile,0.8,705.8700050159873
21619,2020-12-27,5 day ahead inc hosp,2021-01-01,06067,quantile,0.85,747.9517582388125
21620,2020-12-27,5 day ahead inc hosp,2021-01-01,06067,quantile,0.9,800.9002128475113
21621,2020-12-27,5 day ahead inc hosp,2021-01-01,06067,quantile,0.95,879.3777987106707
21622,2020-12-27,5 day ahead inc hosp,2021-01-01,06067,quantile,0.975,947.4454007723446
21623,2020-12-27,5 day ahead inc hosp,2021-01-01,06067,quantile,0.99,1026.5886983243367
21624,2020-12-27,6 day ahead inc hosp,2021-01-02,06067,point,NA,544.97607421875
21625,2020-12-27,6 day ahead inc hosp,2021-01-02,06067,quantile,0.01,187.5902076214474
21626,2020-12-27,6 day ahead inc hosp,2021-01-02,06067,quantile,0.025,243.8760388669209
21627,2020-12-27,6 day ahead inc hosp,2021-01-02,06067,quantile,0.05,292.28495890731386
21628,2020-12-27,6 day ahead inc hosp,2021-01-02,06067,quantile,0.1,348.09734341838555
21629,2020-12-27,6 day ahead inc hosp,2021-01-02,06067,quantile,0.15,385.75369427811563
21630,2020-12-27,6 day ahead inc hosp,2021-01-02,06067,quantile,0.2,415.6817682108144
21631,2020-12-27,6 day ahead inc hosp,2021-01-02,06067,quantile,0.25,441.3573907988373
21632,2020-12-27,6 day ahead inc hosp,2021-01-02,06067,quantile,0.3,464.4148934213579
21633,2020-12-27,6 day ahead inc hosp,2021-01-02,06067,quantile,0.35,485.78110585593674
21634,2020-12-27,6 day ahead inc hosp,2021-01-02,06067,quantile,0.4,506.05555204988264
21635,2020-12-27,6 day ahead inc hosp,2021-01-02,06067,quantile,0.45,525.6713133767795
21636,2020-12-27,6 day ahead inc hosp,2021-01-02,06067,quantile,0.5,544.97607421875
21637,2020-12-27,6 day ahead inc hosp,2021-01-02,06067,quantile,0.55,572.5554629485044
21638,2020-12-27,6 day ahead inc hosp,2021-01-02,06067,quantile,0.6,600.5791567561172
21639,2020-12-27,6 day ahead inc hosp,2021-01-02,06067,quantile,0.65,629.5438684891764
21640,2020-12-27,6 day ahead inc hosp,2021-01-02,06067,quantile,0.7,660.0683118241407
21641,2020-12-27,6 day ahead inc hosp,2021-01-02,06067,quantile,0.75,693.0089855351193
21642,2020-12-27,6 day ahead inc hosp,2021-01-02,06067,quantile,0.8,729.6899878034317
21643,2020-12-27,6 day ahead inc hosp,2021-01-02,06067,quantile,0.85,772.4461758587757
21644,2020-12-27,6 day ahead inc hosp,2021-01-02,06067,quantile,0.9,826.2432234889454
21645,2020-12-27,6 day ahead inc hosp,2021-01-02,06067,quantile,0.95,905.9785520416226
21646,2020-12-27,6 day ahead inc hosp,2021-01-02,06067,quantile,0.975,975.1370583142816
21647,2020-12-27,6 day ahead inc hosp,2021-01-02,06067,quantile,0.99,1055.548767767908
21648,2020-12-27,7 day ahead inc hosp,2021-01-03,06067,point,NA,516.83984375
21649,2020-12-27,7 day ahead inc hosp,2021-01-03,06067,quantile,0.01,167.31438203221376
21650,2020-12-27,7 day ahead inc hosp,2021-01-03,06067,quantile,0.025,222.3622532352772
21651,2020-12-27,7 day ahead inc hosp,2021-01-03,06067,quantile,0.05,269.70645934358174
21652,2020-12-27,7 day ahead inc hosp,2021-01-03,06067,quantile,0.1,324.29129687937643
21653,2020-12-27,7 day ahead inc hosp,2021-01-03,06067,quantile,0.15,361.1194276226795
21654,2020-12-27,7 day ahead inc hosp,2021-01-03,06067,quantile,0.2,390.38925846195406
21655,2020-12-27,7 day ahead inc hosp,2021-01-03,06067,quantile,0.25,415.5001670868953
21656,2020-12-27,7 day ahead inc hosp,2021-01-03,06067,quantile,0.3,438.0505391173499
21657,2020-12-27,7 day ahead inc hosp,2021-01-03,06067,quantile,0.35,458.9468194808131
21658,2020-12-27,7 day ahead inc hosp,2021-01-03,06067,quantile,0.4,478.77534609402755
21659,2020-12-27,7 day ahead inc hosp,2021-01-03,06067,quantile,0.45,497.9596750659816
21660,2020-12-27,7 day ahead inc hosp,2021-01-03,06067,quantile,0.5,516.83984375
21661,2020-12-27,7 day ahead inc hosp,2021-01-03,06067,quantile,0.55,544.1883094300443
21662,2020-12-27,7 day ahead inc hosp,2021-01-03,06067,quantile,0.6,571.977360008193
21663,2020-12-27,7 day ahead inc hosp,2021-01-03,06067,quantile,0.65,600.6995493404511
21664,2020-12-27,7 day ahead inc hosp,2021-01-03,06067,quantile,0.7,630.9684105950914
21665,2020-12-27,7 day ahead inc hosp,2021-01-03,06067,quantile,0.75,663.6332710562776
21666,2020-12-27,7 day ahead inc hosp,2021-01-03,06067,quantile,0.8,700.0071421915102
21667,2020-12-27,7 day ahead inc hosp,2021-01-03,06067,quantile,0.85,742.4053314008152
21668,2020-12-27,7 day ahead inc hosp,2021-01-03,06067,quantile,0.9,795.751934736302
21669,2020-12-27,7 day ahead inc hosp,2021-01-03,06067,quantile,0.95,874.8196369895192
21670,2020-12-27,7 day ahead inc hosp,2021-01-03,06067,quantile,0.975,943.3990770131629
21671,2020-12-27,7 day ahead inc hosp,2021-01-03,06067,quantile,0.99,1023.1374968097421
21672,2020-12-27,8 day ahead inc hosp,2021-01-04,06067,point,NA,437.1647644042969
21673,2020-12-27,8 day ahead inc hosp,2021-01-04,06067,quantile,0.01,258.7588618812421
21674,2020-12-27,8 day ahead inc hosp,2021-01-04,06067,quantile,0.025,286.85657211868676
21675,2020-12-27,8 day ahead inc hosp,2021-01-04,06067,quantile,0.05,311.0221530136473
21676,2020-12-27,8 day ahead inc hosp,2021-01-04,06067,quantile,0.1,338.8835201277565
21677,2020-12-27,8 day ahead inc hosp,2021-01-04,06067,quantile,0.15,357.68145224750884
21678,2020-12-27,8 day ahead inc hosp,2021-01-04,06067,quantile,0.2,372.6214527897131
21679,2020-12-27,8 day ahead inc hosp,2021-01-04,06067,quantile,0.25,385.4386429720518
21680,2020-12-27,8 day ahead inc hosp,2021-01-04,06067,quantile,0.3,396.94887588770774
21681,2020-12-27,8 day ahead inc hosp,2021-01-04,06067,quantile,0.35,407.61482205167704
21682,2020-12-27,8 day ahead inc hosp,2021-01-04,06067,quantile,0.4,417.7357619361345
21683,2020-12-27,8 day ahead inc hosp,2021-01-04,06067,quantile,0.45,427.52788840303015
21684,2020-12-27,8 day ahead inc hosp,2021-01-04,06067,quantile,0.5,437.1647644042969
21685,2020-12-27,8 day ahead inc hosp,2021-01-04,06067,quantile,0.55,460.2409954759068
21686,2020-12-27,8 day ahead inc hosp,2021-01-04,06067,quantile,0.6,483.6889855717436
21687,2020-12-27,8 day ahead inc hosp,2021-01-04,06067,quantile,0.65,507.92434435449775
21688,2020-12-27,8 day ahead inc hosp,2021-01-04,06067,quantile,0.7,533.4647620422168
21689,2020-12-27,8 day ahead inc hosp,2021-01-04,06067,quantile,0.75,561.0268884423916
21690,2020-12-27,8 day ahead inc hosp,2021-01-04,06067,quantile,0.8,591.7186232221625
21691,2020-12-27,8 day ahead inc hosp,2021-01-04,06067,quantile,0.85,627.4935885404424
21692,2020-12-27,8 day ahead inc hosp,2021-01-04,06067,quantile,0.9,672.506663857259
21693,2020-12-27,8 day ahead inc hosp,2021-01-04,06067,quantile,0.95,739.2228222276296
21694,2020-12-27,8 day ahead inc hosp,2021-01-04,06067,quantile,0.975,797.0891399677862
21695,2020-12-27,8 day ahead inc hosp,2021-01-04,06067,quantile,0.99,864.3712398865962
21696,2020-12-27,9 day ahead inc hosp,2021-01-05,06067,point,NA,442.1121520996094
21697,2020-12-27,9 day ahead inc hosp,2021-01-05,06067,quantile,0.01,253.36724911133118
21698,2020-12-27,9 day ahead inc hosp,2021-01-05,06067,quantile,0.025,283.09328125465623
21699,2020-12-27,9 day ahead inc hosp,2021-01-05,06067,quantile,0.05,308.6593088197212
21700,2020-12-27,9 day ahead inc hosp,2021-01-05,06067,quantile,0.1,338.1353012544098
21701,2020-12-27,9 day ahead inc hosp,2021-01-05,06067,quantile,0.15,358.0226134125061
21702,2020-12-27,9 day ahead inc hosp,2021-01-05,06067,quantile,0.2,373.82841867513616
21703,2020-12-27,9 day ahead inc hosp,2021-01-05,06067,quantile,0.25,387.3883922148861
21704,2020-12-27,9 day ahead inc hosp,2021-01-05,06067,quantile,0.3,399.56566754218204
21705,2020-12-27,9 day ahead inc hosp,2021-01-05,06067,quantile,0.35,410.84972790972756
21706,2020-12-27,9 day ahead inc hosp,2021-01-05,06067,quantile,0.4,421.55719772785903
21707,2020-12-27,9 day ahead inc hosp,2021-01-05,06067,quantile,0.45,431.91679869343994
21708,2020-12-27,9 day ahead inc hosp,2021-01-05,06067,quantile,0.5,442.1121520996094
21709,2020-12-27,9 day ahead inc hosp,2021-01-05,06067,quantile,0.55,462.6870999677842
21710,2020-12-27,9 day ahead inc hosp,2021-01-05,06067,quantile,0.6,483.5935110857096
21711,2020-12-27,9 day ahead inc hosp,2021-01-05,06067,quantile,0.65,505.20194627490065
21712,2020-12-27,9 day ahead inc hosp,2021-01-05,06067,quantile,0.7,527.9739821773635
21713,2020-12-27,9 day ahead inc hosp,2021-01-05,06067,quantile,0.75,552.5485893590933
21714,2020-12-27,9 day ahead inc hosp,2021-01-05,06067,quantile,0.8,579.9135798169384
21715,2020-12-27,9 day ahead inc hosp,2021-01-05,06067,quantile,0.85,611.8108183272138
21716,2020-12-27,9 day ahead inc hosp,2021-01-05,06067,quantile,0.9,651.9448278695752
21717,2020-12-27,9 day ahead inc hosp,2021-01-05,06067,quantile,0.95,711.4294757817747
21718,2020-12-27,9 day ahead inc hosp,2021-01-05,06067,quantile,0.975,763.0235366633942
21719,2020-12-27,9 day ahead inc hosp,2021-01-05,06067,quantile,0.99,823.0127824806605
21720,2020-12-27,10 day ahead inc hosp,2021-01-06,06067,point,NA,423.8236389160156
21721,2020-12-27,10 day ahead inc hosp,2021-01-06,06067,quantile,0.01,237.38568455383572
21722,2020-12-27,10 day ahead inc hosp,2021-01-06,06067,quantile,0.025,266.7483880566165
21723,2020-12-27,10 day ahead inc hosp,2021-01-06,06067,quantile,0.05,292.00193294674705
21724,2020-12-27,10 day ahead inc hosp,2021-01-06,06067,quantile,0.1,321.11765286984195
21725,2020-12-27,10 day ahead inc hosp,2021-01-06,06067,quantile,0.15,340.7618908747636
21726,2020-12-27,10 day ahead inc hosp,2021-01-06,06067,quantile,0.2,356.3745085060579
21727,2020-12-27,10 day ahead inc hosp,2021-01-06,06067,quantile,0.25,369.7687442598746
21728,2020-12-27,10 day ahead inc hosp,2021-01-06,06067,quantile,0.3,381.797181933061
21729,2020-12-27,10 day ahead inc hosp,2021-01-06,06067,quantile,0.35,392.9433220328293
21730,2020-12-27,10 day ahead inc hosp,2021-01-06,06067,quantile,0.4,403.5199190040926
21731,2020-12-27,10 day ahead inc hosp,2021-01-06,06067,quantile,0.45,413.7528989757495
21732,2020-12-27,10 day ahead inc hosp,2021-01-06,06067,quantile,0.5,423.8236389160156
21733,2020-12-27,10 day ahead inc hosp,2021-01-06,06067,quantile,0.55,446.6452665541011
21734,2020-12-27,10 day ahead inc hosp,2021-01-06,06067,quantile,0.6,469.83455154470994
21735,2020-12-27,10 day ahead inc hosp,2021-01-06,06067,quantile,0.65,493.8025180683192
21736,2020-12-27,10 day ahead inc hosp,2021-01-06,06067,quantile,0.7,519.0611445910614
21737,2020-12-27,10 day ahead inc hosp,2021-01-06,06067,quantile,0.75,546.319174018254
21738,2020-12-27,10 day ahead inc hosp,2021-01-06,06067,quantile,0.8,576.6722823979205
21739,2020-12-27,10 day ahead inc hosp,2021-01-06,06067,quantile,0.85,612.0525372898754
21740,2020-12-27,10 day ahead inc hosp,2021-01-06,06067,quantile,0.9,656.5689767611941
21741,2020-12-27,10 day ahead inc hosp,2021-01-06,06067,quantile,0.95,722.5490459955206
21742,2020-12-27,10 day ahead inc hosp,2021-01-06,06067,quantile,0.975,779.7769161860604
21743,2020-12-27,10 day ahead inc hosp,2021-01-06,06067,quantile,0.99,846.3166828529237
21744,2020-12-27,11 day ahead inc hosp,2021-01-07,06067,point,NA,416.0059509277344
21745,2020-12-27,11 day ahead inc hosp,2021-01-07,06067,quantile,0.01,200.3504573399701
21746,2020-12-27,11 day ahead inc hosp,2021-01-07,06067,quantile,0.025,234.31472356798386
21747,2020-12-27,11 day ahead inc hosp,2021-01-07,06067,quantile,0.05,263.525866260218
21748,2020-12-27,11 day ahead inc hosp,2021-01-07,06067,quantile,0.1,297.2044429891839
21749,2020-12-27,11 day ahead inc hosp,2021-01-07,06067,quantile,0.15,319.9272188188155
21750,2020-12-27,11 day ahead inc hosp,2021-01-07,06067,quantile,0.2,337.98656072155427
21751,2020-12-27,11 day ahead inc hosp,2021-01-07,06067,quantile,0.25,353.4798680398102
21752,2020-12-27,11 day ahead inc hosp,2021-01-07,06067,quantile,0.3,367.3933368523969
21753,2020-12-27,11 day ahead inc hosp,2021-01-07,06067,quantile,0.35,380.28623922861783
21754,2020-12-27,11 day ahead inc hosp,2021-01-07,06067,quantile,0.4,392.5203427839792
21755,2020-12-27,11 day ahead inc hosp,2021-01-07,06067,quantile,0.45,404.3569795579183
21756,2020-12-27,11 day ahead inc hosp,2021-01-07,06067,quantile,0.5,416.0059509277344
21757,2020-12-27,11 day ahead inc hosp,2021-01-07,06067,quantile,0.55,444.0181557155364
21758,2020-12-27,11 day ahead inc hosp,2021-01-07,06067,quantile,0.6,472.4816382655537
21759,2020-12-27,11 day ahead inc hosp,2021-01-07,06067,quantile,0.65,501.9009065690152
21760,2020-12-27,11 day ahead inc hosp,2021-01-07,06067,quantile,0.7,532.9043840612551
21761,2020-12-27,11 day ahead inc hosp,2021-01-07,06067,quantile,0.75,566.3620109463858
21762,2020-12-27,11 day ahead inc hosp,2021-01-07,06067,quantile,0.8,603.6186650887325
21763,2020-12-27,11 day ahead inc hosp,2021-01-07,06067,quantile,0.85,647.0458457085815
21764,2020-12-27,11 day ahead inc hosp,2021-01-07,06067,quantile,0.9,701.6871552010443
21765,2020-12-27,11 day ahead inc hosp,2021-01-07,06067,quantile,0.95,782.673807012894
21766,2020-12-27,11 day ahead inc hosp,2021-01-07,06067,quantile,0.975,852.9176495980689
21767,2020-12-27,11 day ahead inc hosp,2021-01-07,06067,quantile,0.99,934.5912970680749
21768,2020-12-27,12 day ahead inc hosp,2021-01-08,06067,point,NA,399.1702880859375
21769,2020-12-27,12 day ahead inc hosp,2021-01-08,06067,quantile,0.01,211.3641454107221
21770,2020-12-27,12 day ahead inc hosp,2021-01-08,06067,quantile,0.025,240.94232922119593
21771,2020-12-27,12 day ahead inc hosp,2021-01-08,06067,quantile,0.05,266.38119906353165
21772,2020-12-27,12 day ahead inc hosp,2021-01-08,06067,quantile,0.1,295.7105867875884
21773,2020-12-27,12 day ahead inc hosp,2021-01-08,06067,quantile,0.15,315.49898544342886
21774,2020-12-27,12 day ahead inc hosp,2021-01-08,06067,quantile,0.2,331.2261773900878
21775,2020-12-27,12 day ahead inc hosp,2021-01-08,06067,quantile,0.25,344.71870770459685
21776,2020-12-27,12 day ahead inc hosp,2021-01-08,06067,quantile,0.3,356.83541693120605
21777,2020-12-27,12 day ahead inc hosp,2021-01-08,06067,quantile,0.35,368.0633537803119
21778,2020-12-27,12 day ahead inc hosp,2021-01-08,06067,quantile,0.4,378.71756786777496
21779,2020-12-27,12 day ahead inc hosp,2021-01-08,06067,quantile,0.45,389.0256432976106
21780,2020-12-27,12 day ahead inc hosp,2021-01-08,06067,quantile,0.5,399.1702880859375
21781,2020-12-27,12 day ahead inc hosp,2021-01-08,06067,quantile,0.55,426.2410681899184
21782,2020-12-27,12 day ahead inc hosp,2021-01-08,06067,quantile,0.6,453.74795966604177
21783,2020-12-27,12 day ahead inc hosp,2021-01-08,06067,quantile,0.65,482.1785151719695
21784,2020-12-27,12 day ahead inc hosp,2021-01-08,06067,quantile,0.7,512.1400383012241
21785,2020-12-27,12 day ahead inc hosp,2021-01-08,06067,quantile,0.75,544.4732326024027
21786,2020-12-27,12 day ahead inc hosp,2021-01-08,06067,quantile,0.8,580.4777777404106
21787,2020-12-27,12 day ahead inc hosp,2021-01-08,06067,quantile,0.85,622.4454723935537
21788,2020-12-27,12 day ahead inc hosp,2021-01-08,06067,quantile,0.9,675.2504152771692
21789,2020-12-27,12 day ahead inc hosp,2021-01-08,06067,quantile,0.95,753.5152951452085
21790,2020-12-27,12 day ahead inc hosp,2021-01-08,06067,quantile,0.975,821.3984064778072
21791,2020-12-27,12 day ahead inc hosp,2021-01-08,06067,quantile,0.99,900.3271936867795
21792,2020-12-27,13 day ahead inc hosp,2021-01-09,06067,point,NA,376.36029052734375
21793,2020-12-27,13 day ahead inc hosp,2021-01-09,06067,quantile,0.01,28.227492477499425
21794,2020-12-27,13 day ahead inc hosp,2021-01-09,06067,quantile,0.025,83.05602867176185
21795,2020-12-27,13 day ahead inc hosp,2021-01-09,06067,quantile,0.05,130.21159457225284
21796,2020-12-27,13 day ahead inc hosp,2021-01-09,06067,quantile,0.1,184.57894202969095
21797,2020-12-27,13 day ahead inc hosp,2021-01-09,06067,quantile,0.15,221.2603332496633
21798,2020-12-27,13 day ahead inc hosp,2021-01-09,06067,quantile,0.2,250.41354016753218
21799,2020-12-27,13 day ahead inc hosp,2021-01-09,06067,quantile,0.25,275.4243958522982
21800,2020-12-27,13 day ahead inc hosp,2021-01-09,06067,quantile,0.3,297.8849172502093
21801,2020-12-27,13 day ahead inc hosp,2021-01-09,06067,quantile,0.35,318.6979376121999
21802,2020-12-27,13 day ahead inc hosp,2021-01-09,06067,quantile,0.4,338.44745862603025
21803,2020-12-27,13 day ahead inc hosp,2021-01-09,06067,quantile,0.45,357.55534876625575
21804,2020-12-27,13 day ahead inc hosp,2021-01-09,06067,quantile,0.5,376.36029052734375
21805,2020-12-27,13 day ahead inc hosp,2021-01-09,06067,quantile,0.55,403.67944813721783
21806,2020-12-27,13 day ahead inc hosp,2021-01-09,06067,quantile,0.6,431.43871849098986
21807,2020-12-27,13 day ahead inc hosp,2021-01-09,06067,quantile,0.65,460.13012759775944
21808,2020-12-27,13 day ahead inc hosp,2021-01-09,06067,quantile,0.7,490.3665511310298
21809,2020-12-27,13 day ahead inc hosp,2021-01-09,06067,quantile,0.75,522.996406190681
21810,2020-12-27,13 day ahead inc hosp,2021-01-09,06067,quantile,0.8,559.3312971513008
21811,2020-12-27,13 day ahead inc hosp,2021-01-09,06067,quantile,0.85,601.6840502063814
21812,2020-12-27,13 day ahead inc hosp,2021-01-09,06067,quantile,0.9,654.9734844848472
21813,2020-12-27,13 day ahead inc hosp,2021-01-09,06067,quantile,0.95,733.9564535836361
21814,2020-12-27,13 day ahead inc hosp,2021-01-09,06067,quantile,0.975,802.4624002324058
21815,2020-12-27,13 day ahead inc hosp,2021-01-09,06067,quantile,0.99,882.1153680979696
21816,2020-12-27,14 day ahead inc hosp,2021-01-10,06067,point,NA,382.7525329589844
21817,2020-12-27,14 day ahead inc hosp,2021-01-10,06067,quantile,0.01,28.775928887110638
21818,2020-12-27,14 day ahead inc hosp,2021-01-10,06067,quantile,0.025,84.52482458724535
21819,2020-12-27,14 day ahead inc hosp,2021-01-10,06067,quantile,0.05,132.47195043705784
21820,2020-12-27,14 day ahead inc hosp,2021-01-10,06067,quantile,0.1,187.75191582148614
21821,2020-12-27,14 day ahead inc hosp,2021-01-10,06067,quantile,0.15,225.04904602413544
21822,2020-12-27,14 day ahead inc hosp,2021-01-10,06067,quantile,0.2,254.69162276611297
21823,2020-12-27,14 day ahead inc hosp,2021-01-10,06067,quantile,0.25,280.12231418564886
21824,2020-12-27,14 day ahead inc hosp,2021-01-10,06067,quantile,0.3,302.9598610489522
21825,2020-12-27,14 day ahead inc hosp,2021-01-10,06067,quantile,0.35,324.12225169265525
21826,2020-12-27,14 day ahead inc hosp,2021-01-10,06067,quantile,0.4,344.2032909388364
21827,2020-12-27,14 day ahead inc hosp,2021-01-10,06067,quantile,0.45,363.63192880549053
21828,2020-12-27,14 day ahead inc hosp,2021-01-10,06067,quantile,0.5,382.7525329589844
21829,2020-12-27,14 day ahead inc hosp,2021-01-10,06067,quantile,0.55,410.16358196269823
21830,2020-12-27,14 day ahead inc hosp,2021-01-10,06067,quantile,0.6,438.01622408441455
21831,2020-12-27,14 day ahead inc hosp,2021-01-10,06067,quantile,0.65,466.8041403240795
21832,2020-12-27,14 day ahead inc hosp,2021-01-10,06067,quantile,0.7,497.14226783896163
21833,2020-12-27,14 day ahead inc hosp,2021-01-10,06067,quantile,0.75,529.88187748567
21834,2020-12-27,14 day ahead inc hosp,2021-01-10,06067,quantile,0.8,566.3389853836883
21835,2020-12-27,14 day ahead inc hosp,2021-01-10,06067,quantile,0.85,608.834197205864
21836,2020-12-27,14 day ahead inc hosp,2021-01-10,06067,quantile,0.9,662.3028771427323
21837,2020-12-27,14 day ahead inc hosp,2021-01-10,06067,quantile,0.95,741.5515153087646
21838,2020-12-27,14 day ahead inc hosp,2021-01-10,06067,quantile,0.975,810.287890253083
21839,2020-12-27,14 day ahead inc hosp,2021-01-10,06067,quantile,0.99,890.2087808103038
21840,2020-12-27,15 day ahead inc hosp,2021-01-11,06067,point,NA,348.9810791015625
21841,2020-12-27,15 day ahead inc hosp,2021-01-11,06067,quantile,0.01,169.30016855064923
21842,2020-12-27,15 day ahead inc hosp,2021-01-11,06067,quantile,0.025,197.59868383776174
21843,2020-12-27,15 day ahead inc hosp,2021-01-11,06067,quantile,0.05,221.93696815342307
21844,2020-12-27,15 day ahead inc hosp,2021-01-11,06067,quantile,0.1,249.99745125100156
21845,2020-12-27,15 day ahead inc hosp,2021-01-11,06067,quantile,0.15,268.92972597949534
21846,2020-12-27,15 day ahead inc hosp,2021-01-11,06067,quantile,0.2,283.97649776838
21847,2020-12-27,15 day ahead inc hosp,2021-01-11,06067,quantile,0.25,296.88528817327835
21848,2020-12-27,15 day ahead inc hosp,2021-01-11,06067,quantile,0.3,308.4777809198167
21849,2020-12-27,15 day ahead inc hosp,2021-01-11,06067,quantile,0.35,319.2199530762642
21850,2020-12-27,15 day ahead inc hosp,2021-01-11,06067,quantile,0.4,329.41322397342725
21851,2020-12-27,15 day ahead inc hosp,2021-01-11,06067,quantile,0.45,339.27533153219554
21852,2020-12-27,15 day ahead inc hosp,2021-01-11,06067,quantile,0.5,348.9810791015625
21853,2020-12-27,15 day ahead inc hosp,2021-01-11,06067,quantile,0.55,372.9642592860638
21854,2020-12-27,15 day ahead inc hosp,2021-01-11,06067,quantile,0.6,397.3338094820102
21855,2020-12-27,15 day ahead inc hosp,2021-01-11,06067,quantile,0.65,422.52167377055576
21856,2020-12-27,15 day ahead inc hosp,2021-01-11,06067,quantile,0.7,449.0658887895144
21857,2020-12-27,15 day ahead inc hosp,2021-01-11,06067,quantile,0.75,477.7112703369648
21858,2020-12-27,15 day ahead inc hosp,2021-01-11,06067,quantile,0.8,509.6092610926456
21859,2020-12-27,15 day ahead inc hosp,2021-01-11,06067,quantile,0.85,546.7902650728912
21860,2020-12-27,15 day ahead inc hosp,2021-01-11,06067,quantile,0.9,593.5724580848987
21861,2020-12-27,15 day ahead inc hosp,2021-01-11,06067,quantile,0.95,662.9107153786924
21862,2020-12-27,15 day ahead inc hosp,2021-01-11,06067,quantile,0.975,723.0513128908735
21863,2020-12-27,15 day ahead inc hosp,2021-01-11,06067,quantile,0.99,792.9777545414626
21864,2020-12-27,16 day ahead inc hosp,2021-01-12,06067,point,NA,350.4482116699219
21865,2020-12-27,16 day ahead inc hosp,2021-01-12,06067,quantile,0.01,171.47527605147025
21866,2020-12-27,16 day ahead inc hosp,2021-01-12,06067,quantile,0.025,199.66229012575093
21867,2020-12-27,16 day ahead inc hosp,2021-01-12,06067,quantile,0.05,223.9046772470927
21868,2020-12-27,16 day ahead inc hosp,2021-01-12,06067,quantile,0.1,251.85459702125002
21869,2020-12-27,16 day ahead inc hosp,2021-01-12,06067,quantile,0.15,270.7122752003321
21870,2020-12-27,16 day ahead inc hosp,2021-01-12,06067,quantile,0.2,285.6997600165031
21871,2020-12-27,16 day ahead inc hosp,2021-01-12,06067,quantile,0.25,298.55768747782525
21872,2020-12-27,16 day ahead inc hosp,2021-01-12,06067,quantile,0.3,310.1045037290469
21873,2020-12-27,16 day ahead inc hosp,2021-01-12,06067,quantile,0.35,320.8043498054247
21874,2020-12-27,16 day ahead inc hosp,2021-01-12,06067,quantile,0.4,330.95745739167813
21875,2020-12-27,16 day ahead inc hosp,2021-01-12,06067,quantile,0.45,340.7807064823352
21876,2020-12-27,16 day ahead inc hosp,2021-01-12,06067,quantile,0.5,350.4482116699219
21877,2020-12-27,16 day ahead inc hosp,2021-01-12,06067,quantile,0.55,370.71277777540945
21878,2020-12-27,16 day ahead inc hosp,2021-01-12,06067,quantile,0.6,391.3038068677851
21879,2020-12-27,16 day ahead inc hosp,2021-01-12,06067,quantile,0.65,412.5862697023483
21880,2020-12-27,16 day ahead inc hosp,2021-01-12,06067,quantile,0.7,435.0147798428665
21881,2020-12-27,16 day ahead inc hosp,2021-01-12,06067,quantile,0.75,459.2186687149666
21882,2020-12-27,16 day ahead inc hosp,2021-01-12,06067,quantile,0.8,486.1708467550769
21883,2020-12-27,16 day ahead inc hosp,2021-01-12,06067,quantile,0.85,517.5869019750178
21884,2020-12-27,16 day ahead inc hosp,2021-01-12,06067,quantile,0.9,557.1154730635236
21885,2020-12-27,16 day ahead inc hosp,2021-01-12,06067,quantile,0.95,615.7027699841136
21886,2020-12-27,16 day ahead inc hosp,2021-01-12,06067,quantile,0.975,666.5185127060356
21887,2020-12-27,16 day ahead inc hosp,2021-01-12,06067,quantile,0.99,725.6027954595634
21888,2020-12-27,17 day ahead inc hosp,2021-01-13,06067,point,NA,366.6314697265625
21889,2020-12-27,17 day ahead inc hosp,2021-01-13,06067,quantile,0.01,182.8331974773785
21890,2020-12-27,17 day ahead inc hosp,2021-01-13,06067,quantile,0.025,211.78016908967237
21891,2020-12-27,17 day ahead inc hosp,2021-01-13,06067,quantile,0.05,236.67616161894236
21892,2020-12-27,17 day ahead inc hosp,2021-01-13,06067,quantile,0.1,265.3796465690087
21893,2020-12-27,17 day ahead inc hosp,2021-01-13,06067,quantile,0.15,284.74575159471794
21894,2020-12-27,17 day ahead inc hosp,2021-01-13,06067,quantile,0.2,300.13731795112903
21895,2020-12-27,17 day ahead inc hosp,2021-01-13,06067,quantile,0.25,313.34191139387474
21896,2020-12-27,17 day ahead inc hosp,2021-01-13,06067,quantile,0.3,325.2000444105773
21897,2020-12-27,17 day ahead inc hosp,2021-01-13,06067,quantile,0.35,336.1883718656459
21898,2020-12-27,17 day ahead inc hosp,2021-01-13,06067,quantile,0.4,346.61522006962133
21899,2020-12-27,17 day ahead inc hosp,2021-01-13,06067,quantile,0.45,356.70331637589874
21900,2020-12-27,17 day ahead inc hosp,2021-01-13,06067,quantile,0.5,366.6314697265625
21901,2020-12-27,17 day ahead inc hosp,2021-01-13,06067,quantile,0.55,389.286090259397
21902,2020-12-27,17 day ahead inc hosp,2021-01-13,06067,quantile,0.6,412.30567765347416
21903,2020-12-27,17 day ahead inc hosp,2021-01-13,06067,quantile,0.65,436.09824824251916
21904,2020-12-27,17 day ahead inc hosp,2021-01-13,06067,quantile,0.7,461.1720338693763
21905,2020-12-27,17 day ahead inc hosp,2021-01-13,06067,quantile,0.75,488.2305909074091
21906,2020-12-27,17 day ahead inc hosp,2021-01-13,06067,quantile,0.8,518.3615773224969
21907,2020-12-27,17 day ahead inc hosp,2021-01-13,06067,quantile,0.85,553.4829219366113
21908,2020-12-27,17 day ahead inc hosp,2021-01-13,06067,quantile,0.9,597.6735931581763
21909,2020-12-27,17 day ahead inc hosp,2021-01-13,06067,quantile,0.95,663.1708247727752
21910,2020-12-27,17 day ahead inc hosp,2021-01-13,06067,quantile,0.975,719.9799053356965
21911,2020-12-27,17 day ahead inc hosp,2021-01-13,06067,quantile,0.99,786.0327385554218
21912,2020-12-27,18 day ahead inc hosp,2021-01-14,06067,point,NA,369.54779052734375
21913,2020-12-27,18 day ahead inc hosp,2021-01-14,06067,quantile,0.01,166.1410317866611
21914,2020-12-27,18 day ahead inc hosp,2021-01-14,06067,quantile,0.025,198.17620599674618
21915,2020-12-27,18 day ahead inc hosp,2021-01-14,06067,quantile,0.05,225.72822312966858
21916,2020-12-27,18 day ahead inc hosp,2021-01-14,06067,quantile,0.1,257.4939343456013
21917,2020-12-27,18 day ahead inc hosp,2021-01-14,06067,quantile,0.15,278.92610889493875
21918,2020-12-27,18 day ahead inc hosp,2021-01-14,06067,quantile,0.2,295.9597218129929
21919,2020-12-27,18 day ahead inc hosp,2021-01-14,06067,quantile,0.25,310.57304499503
21920,2020-12-27,18 day ahead inc hosp,2021-01-14,06067,quantile,0.3,323.6962608562392
21921,2020-12-27,18 day ahead inc hosp,2021-01-14,06067,quantile,0.35,335.85687610177604
21922,2020-12-27,18 day ahead inc hosp,2021-01-14,06067,quantile,0.4,347.39611078063285
21923,2020-12-27,18 day ahead inc hosp,2021-01-14,06067,quantile,0.45,358.56045387490184
21924,2020-12-27,18 day ahead inc hosp,2021-01-14,06067,quantile,0.5,369.54779052734375
21925,2020-12-27,18 day ahead inc hosp,2021-01-14,06067,quantile,0.55,397.13906930244497
21926,2020-12-27,18 day ahead inc hosp,2021-01-14,06067,quantile,0.6,425.1748447045203
21927,2020-12-27,18 day ahead inc hosp,2021-01-14,06067,quantile,0.65,454.1520437243478
21928,2020-12-27,18 day ahead inc hosp,2021-01-14,06067,quantile,0.7,484.68964677865876
21929,2020-12-27,18 day ahead inc hosp,2021-01-14,06067,quantile,0.75,517.6445218959129
21930,2020-12-27,18 day ahead inc hosp,2021-01-14,06067,quantile,0.8,554.3413381035626
21931,2020-12-27,18 day ahead inc hosp,2021-01-14,06067,quantile,0.85,597.1159592365872
21932,2020-12-27,18 day ahead inc hosp,2021-01-14,06067,quantile,0.9,650.9361998875345
21933,2020-12-27,18 day ahead inc hosp,2021-01-14,06067,quantile,0.95,730.7059039907913
21934,2020-12-27,18 day ahead inc hosp,2021-01-14,06067,quantile,0.975,799.8942259270154
21935,2020-12-27,18 day ahead inc hosp,2021-01-14,06067,quantile,0.99,880.3406025330282
21936,2020-12-27,19 day ahead inc hosp,2021-01-15,06067,point,NA,341.897216796875
21937,2020-12-27,19 day ahead inc hosp,2021-01-15,06067,quantile,0.01,162.68568640249313
21938,2020-12-27,19 day ahead inc hosp,2021-01-15,06067,quantile,0.025,190.91027752318004
21939,2020-12-27,19 day ahead inc hosp,2021-01-15,06067,quantile,0.05,215.1849829774767
21940,2020-12-27,19 day ahead inc hosp,2021-01-15,06067,quantile,0.1,243.17216371973927
21941,2020-12-27,19 day ahead inc hosp,2021-01-15,06067,quantile,0.15,262.0549816971052
21942,2020-12-27,19 day ahead inc hosp,2021-01-15,06067,quantile,0.2,277.0624468280042
21943,2020-12-27,19 day ahead inc hosp,2021-01-15,06067,quantile,0.25,289.93751562028217
21944,2020-12-27,19 day ahead inc hosp,2021-01-15,06067,quantile,0.3,301.49972531647717
21945,2020-12-27,19 day ahead inc hosp,2021-01-15,06067,quantile,0.35,312.2138357137048
21946,2020-12-27,19 day ahead inc hosp,2021-01-15,06067,quantile,0.4,322.38047874553365
21947,2020-12-27,19 day ahead inc hosp,2021-01-15,06067,quantile,0.45,332.21682353642933
21948,2020-12-27,19 day ahead inc hosp,2021-01-15,06067,quantile,0.5,341.897216796875
21949,2020-12-27,19 day ahead inc hosp,2021-01-15,06067,quantile,0.55,368.300457427048
21950,2020-12-27,19 day ahead inc hosp,2021-01-15,06067,quantile,0.6,395.12905534120046
21951,2020-12-27,19 day ahead inc hosp,2021-01-15,06067,quantile,0.65,422.85854061606744
21952,2020-12-27,19 day ahead inc hosp,2021-01-15,06067,quantile,0.7,452.08124132101943
21953,2020-12-27,19 day ahead inc hosp,2021-01-15,06067,quantile,0.75,483.61713006146323
21954,2020-12-27,19 day ahead inc hosp,2021-01-15,06067,quantile,0.8,518.7338376482886
21955,2020-12-27,19 day ahead inc hosp,2021-01-15,06067,quantile,0.85,559.6666492024564
21956,2020-12-27,19 day ahead inc hosp,2021-01-15,06067,quantile,0.9,611.1694728397262
21957,2020-12-27,19 day ahead inc hosp,2021-01-15,06067,quantile,0.95,687.5044158339824
21958,2020-12-27,19 day ahead inc hosp,2021-01-15,06067,quantile,0.975,753.7135947477389
21959,2020-12-27,19 day ahead inc hosp,2021-01-15,06067,quantile,0.99,830.6960737646534
21960,2020-12-27,20 day ahead inc hosp,2021-01-16,06067,point,NA,333.9396667480469
21961,2020-12-27,20 day ahead inc hosp,2021-01-16,06067,quantile,0.01,-0.31359947511299424
21962,2020-12-27,20 day ahead inc hosp,2021-01-16,06067,quantile,0.025,52.329005323481795
21963,2020-12-27,20 day ahead inc hosp,2021-01-16,06067,quantile,0.05,97.60454963052473
21964,2020-12-27,20 day ahead inc hosp,2021-01-16,06067,quantile,0.1,149.80435259461154
21965,2020-12-27,20 day ahead inc hosp,2021-01-16,06067,quantile,0.15,185.02331183536032
21966,2020-12-27,20 day ahead inc hosp,2021-01-16,06067,quantile,0.2,213.01422417617948
21967,2020-12-27,20 day ahead inc hosp,2021-01-16,06067,quantile,0.25,237.02793460650838
21968,2020-12-27,20 day ahead inc hosp,2021-01-16,06067,quantile,0.3,258.59298874786526
21969,2020-12-27,20 day ahead inc hosp,2021-01-16,06067,quantile,0.35,278.5762252453597
21970,2020-12-27,20 day ahead inc hosp,2021-01-16,06067,quantile,0.4,297.5383625165241
21971,2020-12-27,20 day ahead inc hosp,2021-01-16,06067,quantile,0.45,315.8844497734026
21972,2020-12-27,20 day ahead inc hosp,2021-01-16,06067,quantile,0.5,333.9396667480469
21973,2020-12-27,20 day ahead inc hosp,2021-01-16,06067,quantile,0.55,360.7971680850594
21974,2020-12-27,20 day ahead inc hosp,2021-01-16,06067,quantile,0.6,388.0873448645754
21975,2020-12-27,20 day ahead inc hosp,2021-01-16,06067,quantile,0.65,416.29390853136
21976,2020-12-27,20 day ahead inc hosp,2021-01-16,06067,quantile,0.7,446.0193780010985
21977,2020-12-27,20 day ahead inc hosp,2021-01-16,06067,quantile,0.75,478.0978332889863
21978,2020-12-27,20 day ahead inc hosp,2021-01-16,06067,quantile,0.8,513.8187144556274
21979,2020-12-27,20 day ahead inc hosp,2021-01-16,06067,quantile,0.85,555.4557641057916
21980,2020-12-27,20 day ahead inc hosp,2021-01-16,06067,quantile,0.9,607.8446800753397
21981,2020-12-27,20 day ahead inc hosp,2021-01-16,06067,quantile,0.95,685.4929453866112
21982,2020-12-27,20 day ahead inc hosp,2021-01-16,06067,quantile,0.975,752.8412355493956
21983,2020-12-27,20 day ahead inc hosp,2021-01-16,06067,quantile,0.99,831.1481775677391
21984,2020-12-27,21 day ahead inc hosp,2021-01-17,06067,point,NA,403.0179748535156
21985,2020-12-27,21 day ahead inc hosp,2021-01-17,06067,quantile,0.01,65.7142523230483
21986,2020-12-27,21 day ahead inc hosp,2021-01-17,06067,quantile,0.025,118.83728314007953
21987,2020-12-27,21 day ahead inc hosp,2021-01-17,06067,quantile,0.05,164.52602032705678
21988,2020-12-27,21 day ahead inc hosp,2021-01-17,06067,quantile,0.1,217.20220821922894
21989,2020-12-27,21 day ahead inc hosp,2021-01-17,06067,quantile,0.15,252.74258210931436
21990,2020-12-27,21 day ahead inc hosp,2021-01-17,06067,quantile,0.2,280.98894462437454
21991,2020-12-27,21 day ahead inc hosp,2021-01-17,06067,quantile,0.25,305.22180855848745
21992,2020-12-27,21 day ahead inc hosp,2021-01-17,06067,quantile,0.3,326.9836693194661
21993,2020-12-27,21 day ahead inc hosp,2021-01-17,06067,quantile,0.35,347.14927648008967
21994,2020-12-27,21 day ahead inc hosp,2021-01-17,06067,quantile,0.4,366.28446567649763
21995,2020-12-27,21 day ahead inc hosp,2021-01-17,06067,quantile,0.45,384.7979826737628
21996,2020-12-27,21 day ahead inc hosp,2021-01-17,06067,quantile,0.5,403.0179748535156
21997,2020-12-27,21 day ahead inc hosp,2021-01-17,06067,quantile,0.55,429.8042241206866
21998,2020-12-27,21 day ahead inc hosp,2021-01-17,06067,quantile,0.6,457.0220009566084
21999,2020-12-27,21 day ahead inc hosp,2021-01-17,06067,quantile,0.65,485.15373353545385
22000,2020-12-27,21 day ahead inc hosp,2021-01-17,06067,quantile,0.7,514.8003423099939
22001,2020-12-27,21 day ahead inc hosp,2021-01-17,06067,quantile,0.75,546.7936945085102
22002,2020-12-27,21 day ahead inc hosp,2021-01-17,06067,quantile,0.8,582.4198093494329
22003,2020-12-27,21 day ahead inc hosp,2021-01-17,06067,quantile,0.85,623.9463972730036
22004,2020-12-27,21 day ahead inc hosp,2021-01-17,06067,quantile,0.9,676.1963271673862
22005,2020-12-27,21 day ahead inc hosp,2021-01-17,06067,quantile,0.95,753.6385941784581
22006,2020-12-27,21 day ahead inc hosp,2021-01-17,06067,quantile,0.975,820.8082115371656
22007,2020-12-27,21 day ahead inc hosp,2021-01-17,06067,quantile,0.99,898.907407807617
22008,2020-12-27,22 day ahead inc hosp,2021-01-18,06067,point,NA,292.38421630859375
22009,2020-12-27,22 day ahead inc hosp,2021-01-18,06067,quantile,0.01,97.74497696078157
22010,2020-12-27,22 day ahead inc hosp,2021-01-18,06067,quantile,0.025,128.39932679275944
22011,2020-12-27,22 day ahead inc hosp,2021-01-18,06067,quantile,0.05,154.7637587833732
22012,2020-12-27,22 day ahead inc hosp,2021-01-18,06067,quantile,0.1,185.16026038779506
22013,2020-12-27,22 day ahead inc hosp,2021-01-18,06067,quantile,0.15,205.66863571258335
22014,2020-12-27,22 day ahead inc hosp,2021-01-18,06067,quantile,0.2,221.96804229199716
22015,2020-12-27,22 day ahead inc hosp,2021-01-18,06067,quantile,0.25,235.9514818104529
22016,2020-12-27,22 day ahead inc hosp,2021-01-18,06067,quantile,0.3,248.50904267439296
22017,2020-12-27,22 day ahead inc hosp,2021-01-18,06067,quantile,0.35,260.14549426551355
22018,2020-12-27,22 day ahead inc hosp,2021-01-18,06067,quantile,0.4,271.1873488944049
22019,2020-12-27,22 day ahead inc hosp,2021-01-18,06067,quantile,0.45,281.87047103419985
22020,2020-12-27,22 day ahead inc hosp,2021-01-18,06067,quantile,0.5,292.38421630859375
22021,2020-12-27,22 day ahead inc hosp,2021-01-18,06067,quantile,0.55,319.69225084911506
22022,2020-12-27,22 day ahead inc hosp,2021-01-18,06067,quantile,0.6,347.44021894043306
22023,2020-12-27,22 day ahead inc hosp,2021-01-18,06067,quantile,0.65,376.1199462619191
22024,2020-12-27,22 day ahead inc hosp,2021-01-18,06067,quantile,0.7,406.34405895307845
22025,2020-12-27,22 day ahead inc hosp,2021-01-18,06067,quantile,0.75,438.9606286784604
22026,2020-12-27,22 day ahead inc hosp,2021-01-18,06067,quantile,0.8,475.280725789363
22027,2020-12-27,22 day ahead inc hosp,2021-01-18,06067,quantile,0.85,517.6162348058007
22028,2020-12-27,22 day ahead inc hosp,2021-01-18,06067,quantile,0.9,570.8839721461062
22029,2020-12-27,22 day ahead inc hosp,2021-01-18,06067,quantile,0.95,649.834783114124
22030,2020-12-27,22 day ahead inc hosp,2021-01-18,06067,quantile,0.975,718.3128373803197
22031,2020-12-27,22 day ahead inc hosp,2021-01-18,06067,quantile,0.99,797.9333743232914
22032,2020-12-27,23 day ahead inc hosp,2021-01-19,06067,point,NA,310.1257629394531
22033,2020-12-27,23 day ahead inc hosp,2021-01-19,06067,quantile,0.01,123.8359563563917
22034,2020-12-27,23 day ahead inc hosp,2021-01-19,06067,quantile,0.025,153.175327596556
22035,2020-12-27,23 day ahead inc hosp,2021-01-19,06067,quantile,0.05,178.40880545364524
22036,2020-12-27,23 day ahead inc hosp,2021-01-19,06067,quantile,0.1,207.50138937281434
22037,2020-12-27,23 day ahead inc hosp,2021-01-19,06067,quantile,0.15,227.1300176257257
22038,2020-12-27,23 day ahead inc hosp,2021-01-19,06067,quantile,0.2,242.73022912096144
22039,2020-12-27,23 day ahead inc hosp,2021-01-19,06067,quantile,0.25,256.11382151470315
22040,2020-12-27,23 day ahead inc hosp,2021-01-19,06067,quantile,0.3,268.1327011215953
22041,2020-12-27,23 day ahead inc hosp,2021-01-19,06067,quantile,0.35,279.26998424850547
22042,2020-12-27,23 day ahead inc hosp,2021-01-19,06067,quantile,0.4,289.8381768186516
22043,2020-12-27,23 day ahead inc hosp,2021-01-19,06067,quantile,0.45,300.06302543496423
22044,2020-12-27,23 day ahead inc hosp,2021-01-19,06067,quantile,0.5,310.1257629394531
22045,2020-12-27,23 day ahead inc hosp,2021-01-19,06067,quantile,0.55,332.4672444309019
22046,2020-12-27,23 day ahead inc hosp,2021-01-19,06067,quantile,0.6,355.16864810085866
22047,2020-12-27,23 day ahead inc hosp,2021-01-19,06067,quantile,0.65,378.6323505574379
22048,2020-12-27,23 day ahead inc hosp,2021-01-19,06067,quantile,0.7,403.3595587086881
22049,2020-12-27,23 day ahead inc hosp,2021-01-19,06067,quantile,0.75,430.0441041582289
22050,2020-12-27,23 day ahead inc hosp,2021-01-19,06067,quantile,0.8,459.75861093339734
22051,2020-12-27,23 day ahead inc hosp,2021-01-19,06067,quantile,0.85,494.3944976618368
22052,2020-12-27,23 day ahead inc hosp,2021-01-19,06067,quantile,0.9,537.9743520125365
22053,2020-12-27,23 day ahead inc hosp,2021-01-19,06067,quantile,0.95,602.5662610113147
22054,2020-12-27,23 day ahead inc hosp,2021-01-19,06067,quantile,0.975,658.5901092193753
22055,2020-12-27,23 day ahead inc hosp,2021-01-19,06067,quantile,0.99,723.7299401292516
22056,2020-12-27,24 day ahead inc hosp,2021-01-20,06067,point,NA,340.4667663574219
22057,2020-12-27,24 day ahead inc hosp,2021-01-20,06067,quantile,0.01,153.77802391342283
22058,2020-12-27,24 day ahead inc hosp,2021-01-20,06067,quantile,0.025,183.1802248249457
22059,2020-12-27,24 day ahead inc hosp,2021-01-20,06067,quantile,0.05,208.4677396655823
22060,2020-12-27,24 day ahead inc hosp,2021-01-20,06067,quantile,0.1,237.62262476604292
22061,2020-12-27,24 day ahead inc hosp,2021-01-20,06067,quantile,0.15,257.2932873301961
22062,2020-12-27,24 day ahead inc hosp,2021-01-20,06067,quantile,0.2,272.9269063634921
22063,2020-12-27,24 day ahead inc hosp,2021-01-20,06067,quantile,0.25,286.33915945022596
22064,2020-12-27,24 day ahead inc hosp,2021-01-20,06067,quantile,0.3,298.3837772452209
22065,2020-12-27,24 day ahead inc hosp,2021-01-20,06067,quantile,0.35,309.5449106391652
22066,2020-12-27,24 day ahead inc hosp,2021-01-20,06067,quantile,0.4,320.13573478040405
22067,2020-12-27,24 day ahead inc hosp,2021-01-20,06067,quantile,0.45,330.3824797036619
22068,2020-12-27,24 day ahead inc hosp,2021-01-20,06067,quantile,0.5,340.4667663574219
22069,2020-12-27,24 day ahead inc hosp,2021-01-20,06067,quantile,0.55,364.20673653678944
22070,2020-12-27,24 day ahead inc hosp,2021-01-20,06067,quantile,0.6,388.32915860449486
22071,2020-12-27,24 day ahead inc hosp,2021-01-20,06067,quantile,0.65,413.2615963584525
22072,2020-12-27,24 day ahead inc hosp,2021-01-20,06067,quantile,0.7,439.53663028377105
22073,2020-12-27,24 day ahead inc hosp,2021-01-20,06067,quantile,0.75,467.89152310789035
22074,2020-12-27,24 day ahead inc hosp,2021-01-20,06067,quantile,0.8,499.46604089477546
22075,2020-12-27,24 day ahead inc hosp,2021-01-20,06067,quantile,0.85,536.2699976235995
22076,2020-12-27,24 day ahead inc hosp,2021-01-20,06067,quantile,0.9,582.577779097392
22077,2020-12-27,24 day ahead inc hosp,2021-01-20,06067,quantile,0.95,651.2128870263952
22078,2020-12-27,24 day ahead inc hosp,2021-01-20,06067,quantile,0.975,710.7436073280828
22079,2020-12-27,24 day ahead inc hosp,2021-01-20,06067,quantile,0.99,779.9609349203197
22080,2020-12-27,25 day ahead inc hosp,2021-01-21,06067,point,NA,379.5462951660156
22081,2020-12-27,25 day ahead inc hosp,2021-01-21,06067,quantile,0.01,164.41813099784994
22082,2020-12-27,25 day ahead inc hosp,2021-01-21,06067,quantile,0.025,198.29934644659002
22083,2020-12-27,25 day ahead inc hosp,2021-01-21,06067,quantile,0.05,227.4390608869144
22084,2020-12-27,25 day ahead inc hosp,2021-01-21,06067,quantile,0.1,261.0352854159715
22085,2020-12-27,25 day ahead inc hosp,2021-01-21,06067,quantile,0.15,283.70249860729245
22086,2020-12-27,25 day ahead inc hosp,2021-01-21,06067,quantile,0.2,301.7176810864734
22087,2020-12-27,25 day ahead inc hosp,2021-01-21,06067,quantile,0.25,317.1731035513464
22088,2020-12-27,25 day ahead inc hosp,2021-01-21,06067,quantile,0.3,331.0525505947146
22089,2020-12-27,25 day ahead inc hosp,2021-01-21,06067,quantile,0.35,343.91392673149744
22090,2020-12-27,25 day ahead inc hosp,2021-01-21,06067,quantile,0.4,356.1181149685897
22091,2020-12-27,25 day ahead inc hosp,2021-01-21,06067,quantile,0.45,367.9258083258963
22092,2020-12-27,25 day ahead inc hosp,2021-01-21,06067,quantile,0.5,379.5462951660156
22093,2020-12-27,25 day ahead inc hosp,2021-01-21,06067,quantile,0.55,408.33981648145374
22094,2020-12-27,25 day ahead inc hosp,2021-01-21,06067,quantile,0.6,437.5972026002503
22095,2020-12-27,25 day ahead inc hosp,2021-01-21,06067,quantile,0.65,467.837033252537
22096,2020-12-27,25 day ahead inc hosp,2021-01-21,06067,quantile,0.7,499.7052598626125
22097,2020-12-27,25 day ahead inc hosp,2021-01-21,06067,quantile,0.75,534.0960870102308
22098,2020-12-27,25 day ahead inc hosp,2021-01-21,06067,quantile,0.8,572.3919038984716
22099,2020-12-27,25 day ahead inc hosp,2021-01-21,06067,quantile,0.85,617.0303556133292
22100,2020-12-27,25 day ahead inc hosp,2021-01-21,06067,quantile,0.9,673.1957207280302
22101,2020-12-27,25 day ahead inc hosp,2021-01-21,06067,quantile,0.95,756.4412525551388
22102,2020-12-27,25 day ahead inc hosp,2021-01-21,06067,quantile,0.975,828.6443366777869
22103,2020-12-27,25 day ahead inc hosp,2021-01-21,06067,quantile,0.99,912.5960258486884
22104,2020-12-27,26 day ahead inc hosp,2021-01-22,06067,point,NA,334.0826416015625
22105,2020-12-27,26 day ahead inc hosp,2021-01-22,06067,quantile,0.01,154.25448845144388
22106,2020-12-27,26 day ahead inc hosp,2021-01-22,06067,quantile,0.025,182.57619344152346
22107,2020-12-27,26 day ahead inc hosp,2021-01-22,06067,quantile,0.05,206.93442218106293
22108,2020-12-27,26 day ahead inc hosp,2021-01-22,06067,quantile,0.1,235.01789992205443
22109,2020-12-27,26 day ahead inc hosp,2021-01-22,06067,quantile,0.15,253.96568902729166
22110,2020-12-27,26 day ahead inc hosp,2021-01-22,06067,quantile,0.2,269.02479115099624
22111,2020-12-27,26 day ahead inc hosp,2021-01-22,06067,quantile,0.25,281.9441598852563
22112,2020-12-27,26 day ahead inc hosp,2021-01-22,06067,quantile,0.3,293.5461522984985
22113,2020-12-27,26 day ahead inc hosp,2021-01-22,06067,quantile,0.35,304.29712731188033
22114,2020-12-27,26 day ahead inc hosp,2021-01-22,06067,quantile,0.4,314.4987512594409
22115,2020-12-27,26 day ahead inc hosp,2021-01-22,06067,quantile,0.45,324.3689404911379
22116,2020-12-27,26 day ahead inc hosp,2021-01-22,06067,quantile,0.5,334.0826416015625
22117,2020-12-27,26 day ahead inc hosp,2021-01-22,06067,quantile,0.55,360.6344454817711
22118,2020-12-27,26 day ahead inc hosp,2021-01-22,06067,quantile,0.6,387.6140000059795
22119,2020-12-27,26 day ahead inc hosp,2021-01-22,06067,quantile,0.65,415.4995109184548
22120,2020-12-27,26 day ahead inc hosp,2021-01-22,06067,quantile,0.7,444.8866391439659
22121,2020-12-27,26 day ahead inc hosp,2021-01-22,06067,quantile,0.75,476.59997103200146
22122,2020-12-27,26 day ahead inc hosp,2021-01-22,06067,quantile,0.8,511.9142699782634
22123,2020-12-27,26 day ahead inc hosp,2021-01-22,06067,quantile,0.85,553.0773983940148
22124,2020-12-27,26 day ahead inc hosp,2021-01-22,06067,quantile,0.9,604.870013234294
22125,2020-12-27,26 day ahead inc hosp,2021-01-22,06067,quantile,0.95,681.6344704454357
22126,2020-12-27,26 day ahead inc hosp,2021-01-22,06067,quantile,0.975,748.216188887176
22127,2020-12-27,26 day ahead inc hosp,2021-01-22,06067,quantile,0.99,825.6318256152499
22128,2020-12-27,27 day ahead inc hosp,2021-01-23,06067,point,NA,345.7037048339844
22129,2020-12-27,27 day ahead inc hosp,2021-01-23,06067,quantile,0.01,1.5785819752882162
22130,2020-12-27,27 day ahead inc hosp,2021-01-23,06067,quantile,0.025,55.775936719530364
22131,2020-12-27,27 day ahead inc hosp,2021-01-23,06067,quantile,0.05,102.38865175206925
22132,2020-12-27,27 day ahead inc hosp,2021-01-23,06067,quantile,0.1,156.13012692503932
22133,2020-12-27,27 day ahead inc hosp,2021-01-23,06067,quantile,0.15,192.38924508601642
22134,2020-12-27,27 day ahead inc hosp,2021-01-23,06067,quantile,0.2,221.20684276292425
22135,2020-12-27,27 day ahead inc hosp,2021-01-23,06067,quantile,0.25,245.92977560215917
22136,2020-12-27,27 day ahead inc hosp,2021-01-23,06067,quantile,0.3,268.13173338615366
22137,2020-12-27,27 day ahead inc hosp,2021-01-23,06067,quantile,0.35,288.70515602616905
22138,2020-12-27,27 day ahead inc hosp,2021-01-23,06067,quantile,0.4,308.2273222321572
22139,2020-12-27,27 day ahead inc hosp,2021-01-23,06067,quantile,0.45,327.1152439646396
22140,2020-12-27,27 day ahead inc hosp,2021-01-23,06067,quantile,0.5,345.7037048339844
22141,2020-12-27,27 day ahead inc hosp,2021-01-23,06067,quantile,0.55,373.29214196302786
22142,2020-12-27,27 day ahead inc hosp,2021-01-23,06067,quantile,0.6,401.3250299400115
22143,2020-12-27,27 day ahead inc hosp,2021-01-23,06067,quantile,0.65,430.2992445768378
22144,2020-12-27,27 day ahead inc hosp,2021-01-23,06067,quantile,0.7,460.83370254099043
22145,2020-12-27,27 day ahead inc hosp,2021-01-23,06067,quantile,0.75,493.7851836114617
22146,2020-12-27,27 day ahead inc hosp,2021-01-23,06067,quantile,0.8,530.4782203870686
22147,2020-12-27,27 day ahead inc hosp,2021-01-23,06067,quantile,0.85,573.2484361304588
22148,2020-12-27,27 day ahead inc hosp,2021-01-23,06067,quantile,0.9,627.0631337953084
22149,2020-12-27,27 day ahead inc hosp,2021-01-23,06067,quantile,0.95,706.824622358175
22150,2020-12-27,27 day ahead inc hosp,2021-01-23,06067,quantile,0.975,776.005818538327
22151,2020-12-27,27 day ahead inc hosp,2021-01-23,06067,quantile,0.99,856.4439099129518
22152,2020-12-27,28 day ahead inc hosp,2021-01-24,06067,point,NA,340.8748779296875
22153,2020-12-27,28 day ahead inc hosp,2021-01-24,06067,quantile,0.01,1.111728329320897
22154,2020-12-27,28 day ahead inc hosp,2021-01-24,06067,quantile,0.025,54.62210209960011
22155,2020-12-27,28 day ahead inc hosp,2021-01-24,06067,quantile,0.05,100.64397559525545
22156,2020-12-27,28 day ahead inc hosp,2021-01-24,06067,quantile,0.1,153.7042483159886
22157,2020-12-27,28 day ahead inc hosp,2021-01-24,06067,quantile,0.15,189.50376241645733
22158,2020-12-27,28 day ahead inc hosp,2021-01-24,06067,quantile,0.2,217.95608135581836
22159,2020-12-27,28 day ahead inc hosp,2021-01-24,06067,quantile,0.25,242.3656375632736
22160,2020-12-27,28 day ahead inc hosp,2021-01-24,06067,quantile,0.3,264.286173446618
22161,2020-12-27,28 day ahead inc hosp,2021-01-24,06067,quantile,0.35,284.5988167554338
22162,2020-12-27,28 day ahead inc hosp,2021-01-24,06067,quantile,0.4,303.87352887777996
22163,2020-12-27,28 day ahead inc hosp,2021-01-24,06067,quantile,0.45,322.52203592057595
22164,2020-12-27,28 day ahead inc hosp,2021-01-24,06067,quantile,0.5,340.8748779296875
22165,2020-12-27,28 day ahead inc hosp,2021-01-24,06067,quantile,0.55,366.93752369533007
22166,2020-12-27,28 day ahead inc hosp,2021-01-24,06067,quantile,0.6,393.42003974778595
22167,2020-12-27,28 day ahead inc hosp,2021-01-24,06067,quantile,0.65,420.79182195078454
22168,2020-12-27,28 day ahead inc hosp,2021-01-24,06067,quantile,0.7,449.637557497284
22169,2020-12-27,28 day ahead inc hosp,2021-01-24,06067,quantile,0.75,480.7666415615955
22170,2020-12-27,28 day ahead inc hosp,2021-01-24,06067,quantile,0.8,515.4303528503217
22171,2020-12-27,28 day ahead inc hosp,2021-01-24,06067,quantile,0.85,555.835141893866
22172,2020-12-27,28 day ahead inc hosp,2021-01-24,06067,quantile,0.9,606.6735926427705
22173,2020-12-27,28 day ahead inc hosp,2021-01-24,06067,quantile,0.95,682.0238349356152
22174,2020-12-27,28 day ahead inc hosp,2021-01-24,06067,quantile,0.975,747.3789328432306
22175,2020-12-27,28 day ahead inc hosp,2021-01-24,06067,quantile,0.99,823.3683581142343
22176,2020-12-27,1 day ahead inc hosp,2020-12-28,06069,point,NA,16.094953536987305
22177,2020-12-27,1 day ahead inc hosp,2020-12-28,06069,quantile,0.01,10.38868938090282
22178,2020-12-27,1 day ahead inc hosp,2020-12-28,06069,quantile,0.025,11.287386982991737
22179,2020-12-27,1 day ahead inc hosp,2020-12-28,06069,quantile,0.05,12.060316500018528
22180,2020-12-27,1 day ahead inc hosp,2020-12-28,06069,quantile,0.1,12.95145473173823
22181,2020-12-27,1 day ahead inc hosp,2020-12-28,06069,quantile,0.15,13.552701465991264
22182,2020-12-27,1 day ahead inc hosp,2020-12-28,06069,quantile,0.2,14.030553310466232
22183,2020-12-27,1 day ahead inc hosp,2020-12-28,06069,quantile,0.25,14.44050764429073
22184,2020-12-27,1 day ahead inc hosp,2020-12-28,06069,quantile,0.3,14.808659306236462
22185,2020-12-27,1 day ahead inc hosp,2020-12-28,06069,quantile,0.35,15.149806686594689
22186,2020-12-27,1 day ahead inc hosp,2020-12-28,06069,quantile,0.4,15.473522189679583
22187,2020-12-27,1 day ahead inc hosp,2020-12-28,06069,quantile,0.45,15.786720685243216
22188,2020-12-27,1 day ahead inc hosp,2020-12-28,06069,quantile,0.5,16.094953536987305
22189,2020-12-27,1 day ahead inc hosp,2020-12-28,06069,quantile,0.55,16.92052553819652
22190,2020-12-27,1 day ahead inc hosp,2020-12-28,06069,quantile,0.6,17.759397538034033
22191,2020-12-27,1 day ahead inc hosp,2020-12-28,06069,quantile,0.65,18.62643832940993
22192,2020-12-27,1 day ahead inc hosp,2020-12-28,06069,quantile,0.7,19.540168724843102
22193,2020-12-27,1 day ahead inc hosp,2020-12-28,06069,quantile,0.75,20.52622748717575
22194,2020-12-27,1 day ahead inc hosp,2020-12-28,06069,quantile,0.8,21.62425067926845
22195,2020-12-27,1 day ahead inc hosp,2020-12-28,06069,quantile,0.85,22.904130813045523
22196,2020-12-27,1 day ahead inc hosp,2020-12-28,06069,quantile,0.9,24.51451227241669
22197,2020-12-27,1 day ahead inc hosp,2020-12-28,06069,quantile,0.95,26.901340182394602
22198,2020-12-27,1 day ahead inc hosp,2020-12-28,06069,quantile,0.975,28.9715574371578
22199,2020-12-27,1 day ahead inc hosp,2020-12-28,06069,quantile,0.99,31.378632392472646
22200,2020-12-27,2 day ahead inc hosp,2020-12-29,06069,point,NA,16.86794090270996
22201,2020-12-27,2 day ahead inc hosp,2020-12-29,06069,quantile,0.01,10.564717249639287
22202,2020-12-27,2 day ahead inc hosp,2020-12-29,06069,quantile,0.025,11.557431892266653
22203,2020-12-27,2 day ahead inc hosp,2020-12-29,06069,quantile,0.05,12.411221250876153
22204,2020-12-27,2 day ahead inc hosp,2020-12-29,06069,quantile,0.1,13.395585701362002
22205,2020-12-27,2 day ahead inc hosp,2020-12-29,06069,quantile,0.15,14.05973172282409
22206,2020-12-27,2 day ahead inc hosp,2020-12-29,06069,quantile,0.2,14.587573926824831
22207,2020-12-27,2 day ahead inc hosp,2020-12-29,06069,quantile,0.25,15.040415537896429
22208,2020-12-27,2 day ahead inc hosp,2020-12-29,06069,quantile,0.3,15.447081300297084
22209,2020-12-27,2 day ahead inc hosp,2020-12-29,06069,quantile,0.35,15.823917734475163
22210,2020-12-27,2 day ahead inc hosp,2020-12-29,06069,quantile,0.4,16.18149865959492
22211,2020-12-27,2 day ahead inc hosp,2020-12-29,06069,quantile,0.45,16.527462342898612
22212,2020-12-27,2 day ahead inc hosp,2020-12-29,06069,quantile,0.5,16.86794090270996
22213,2020-12-27,2 day ahead inc hosp,2020-12-29,06069,quantile,0.55,17.56756495970635
22214,2020-12-27,2 day ahead inc hosp,2020-12-29,06069,quantile,0.6,18.278459988810255
22215,2020-12-27,2 day ahead inc hosp,2020-12-29,06069,quantile,0.65,19.013226423664236
22216,2020-12-27,2 day ahead inc hosp,2020-12-29,06069,quantile,0.7,19.78755957124862
22217,2020-12-27,2 day ahead inc hosp,2020-12-29,06069,quantile,0.75,20.623186785749052
22218,2020-12-27,2 day ahead inc hosp,2020-12-29,06069,quantile,0.8,21.553697315663864
22219,2020-12-27,2 day ahead inc hosp,2020-12-29,06069,quantile,0.85,22.638320983073434
22220,2020-12-27,2 day ahead inc hosp,2020-12-29,06069,quantile,0.9,24.003025222396957
22221,2020-12-27,2 day ahead inc hosp,2020-12-29,06069,quantile,0.95,26.02572248355053
22222,2020-12-27,2 day ahead inc hosp,2020-12-29,06069,quantile,0.975,27.780110704711035
22223,2020-12-27,2 day ahead inc hosp,2020-12-29,06069,quantile,0.99,29.81996615434492
22224,2020-12-27,3 day ahead inc hosp,2020-12-30,06069,point,NA,17.46437644958496
22225,2020-12-27,3 day ahead inc hosp,2020-12-30,06069,quantile,0.01,11.32828106693659
22226,2020-12-27,3 day ahead inc hosp,2020-12-30,06069,quantile,0.025,12.294674149299412
22227,2020-12-27,3 day ahead inc hosp,2020-12-30,06069,quantile,0.05,13.125825513977054
22228,2020-12-27,3 day ahead inc hosp,2020-12-30,06069,quantile,0.1,14.084089807284636
22229,2020-12-27,3 day ahead inc hosp,2020-12-30,06069,quantile,0.15,14.730626176609324
22230,2020-12-27,3 day ahead inc hosp,2020-12-30,06069,quantile,0.2,15.24447278732859
22231,2020-12-27,3 day ahead inc hosp,2020-12-30,06069,quantile,0.25,15.685307425555939
22232,2020-12-27,3 day ahead inc hosp,2020-12-30,06069,quantile,0.3,16.08119055525136
22233,2020-12-27,3 day ahead inc hosp,2020-12-30,06069,quantile,0.35,16.44803527329454
22234,2020-12-27,3 day ahead inc hosp,2020-12-30,06069,quantile,0.4,16.79613503689432
22235,2020-12-27,3 day ahead inc hosp,2020-12-30,06069,quantile,0.45,17.132925586702854
22236,2020-12-27,3 day ahead inc hosp,2020-12-30,06069,quantile,0.5,17.46437644958496
22237,2020-12-27,3 day ahead inc hosp,2020-12-30,06069,quantile,0.55,18.22813330151868
22238,2020-12-27,3 day ahead inc hosp,2020-12-30,06069,quantile,0.6,19.0041943075034
22239,2020-12-27,3 day ahead inc hosp,2020-12-30,06069,quantile,0.65,19.806314951553148
22240,2020-12-27,3 day ahead inc hosp,2020-12-30,06069,quantile,0.7,20.651629290351007
22241,2020-12-27,3 day ahead inc hosp,2020-12-30,06069,quantile,0.75,21.563856370530278
22242,2020-12-27,3 day ahead inc hosp,2020-12-30,06069,quantile,0.8,22.579664483347337
22243,2020-12-27,3 day ahead inc hosp,2020-12-30,06069,quantile,0.85,23.763712901164695
22244,2020-12-27,3 day ahead inc hosp,2020-12-30,06069,quantile,0.9,25.253516179401192
22245,2020-12-27,3 day ahead inc hosp,2020-12-30,06069,quantile,0.95,27.46162906109071
22246,2020-12-27,3 day ahead inc hosp,2020-12-30,06069,quantile,0.975,29.376837681296955
22247,2020-12-27,3 day ahead inc hosp,2020-12-30,06069,quantile,0.99,31.603681599873443
22248,2020-12-27,4 day ahead inc hosp,2020-12-31,06069,point,NA,18.820058822631836
22249,2020-12-27,4 day ahead inc hosp,2020-12-31,06069,quantile,0.01,11.851298310552057
22250,2020-12-27,4 day ahead inc hosp,2020-12-31,06069,quantile,0.025,12.948830459508063
22251,2020-12-27,4 day ahead inc hosp,2020-12-31,06069,quantile,0.05,13.892768656118506
22252,2020-12-27,4 day ahead inc hosp,2020-12-31,06069,quantile,0.1,14.981068943337263
22253,2020-12-27,4 day ahead inc hosp,2020-12-31,06069,quantile,0.15,15.715339980406554
22254,2020-12-27,4 day ahead inc hosp,2020-12-31,06069,quantile,0.2,16.29891532380367
22255,2020-12-27,4 day ahead inc hosp,2020-12-31,06069,quantile,0.25,16.79957100590452
22256,2020-12-27,4 day ahead inc hosp,2020-12-31,06069,quantile,0.3,17.24917528184544
22257,2020-12-27,4 day ahead inc hosp,2020-12-31,06069,quantile,0.35,17.6658006479363
22258,2020-12-27,4 day ahead inc hosp,2020-12-31,06069,quantile,0.4,18.06113737847315
22259,2020-12-27,4 day ahead inc hosp,2020-12-31,06069,quantile,0.45,18.44363024046226
22260,2020-12-27,4 day ahead inc hosp,2020-12-31,06069,quantile,0.5,18.820058822631836
22261,2020-12-27,4 day ahead inc hosp,2020-12-31,06069,quantile,0.55,19.760936856297292
22262,2020-12-27,4 day ahead inc hosp,2020-12-31,06069,quantile,0.6,20.71697247347916
22263,2020-12-27,4 day ahead inc hosp,2020-12-31,06069,quantile,0.65,21.705111162415584
22264,2020-12-27,4 day ahead inc hosp,2020-12-31,06069,quantile,0.7,22.746460501414855
22265,2020-12-27,4 day ahead inc hosp,2020-12-31,06069,quantile,0.75,23.870240169358098
22266,2020-12-27,4 day ahead inc hosp,2020-12-31,06069,quantile,0.8,25.12162212075913
22267,2020-12-27,4 day ahead inc hosp,2020-12-31,06069,quantile,0.85,26.58026061846962
22268,2020-12-27,4 day ahead inc hosp,2020-12-31,06069,quantile,0.9,28.415560917807746
22269,2020-12-27,4 day ahead inc hosp,2020-12-31,06069,quantile,0.95,31.135752430296712
22270,2020-12-27,4 day ahead inc hosp,2020-12-31,06069,quantile,0.975,33.49511289439786
22271,2020-12-27,4 day ahead inc hosp,2020-12-31,06069,quantile,0.99,36.23837931758663
22272,2020-12-27,5 day ahead inc hosp,2021-01-01,06069,point,NA,18.39672088623047
22273,2020-12-27,5 day ahead inc hosp,2021-01-01,06069,quantile,0.01,12.217799733585856
22274,2020-12-27,5 day ahead inc hosp,2021-01-01,06069,quantile,0.025,13.190937582007606
22275,2020-12-27,5 day ahead inc hosp,2021-01-01,06069,quantile,0.05,14.027889817590285
22276,2020-12-27,5 day ahead inc hosp,2021-01-01,06069,quantile,0.1,14.992842143541047
22277,2020-12-27,5 day ahead inc hosp,2021-01-01,06069,quantile,0.15,15.64389089673858
22278,2020-12-27,5 day ahead inc hosp,2021-01-01,06069,quantile,0.2,16.161323807114503
22279,2020-12-27,5 day ahead inc hosp,2021-01-01,06069,quantile,0.25,16.605235171117087
22280,2020-12-27,5 day ahead inc hosp,2021-01-01,06069,quantile,0.3,17.00388129564888
22281,2020-12-27,5 day ahead inc hosp,2021-01-01,06069,quantile,0.35,17.3732863401765
22282,2020-12-27,5 day ahead inc hosp,2021-01-01,06069,quantile,0.4,17.723815603235142
22283,2020-12-27,5 day ahead inc hosp,2021-01-01,06069,quantile,0.45,18.062956721886493
22284,2020-12-27,5 day ahead inc hosp,2021-01-01,06069,quantile,0.5,18.39672088623047
22285,2020-12-27,5 day ahead inc hosp,2021-01-01,06069,quantile,0.55,19.306408163340397
22286,2020-12-27,5 day ahead inc hosp,2021-01-01,06069,quantile,0.6,20.230750539605836
22287,2020-12-27,5 day ahead inc hosp,2021-01-01,06069,quantile,0.65,21.18613174862784
22288,2020-12-27,5 day ahead inc hosp,2021-01-01,06069,quantile,0.7,22.19295963791758
22289,2020-12-27,5 day ahead inc hosp,2021-01-01,06069,quantile,0.75,23.27948523382311
22290,2020-12-27,5 day ahead inc hosp,2021-01-01,06069,quantile,0.8,24.489383009371856
22291,2020-12-27,5 day ahead inc hosp,2021-01-01,06069,quantile,0.85,25.899666633595324
22292,2020-12-27,5 day ahead inc hosp,2021-01-01,06069,quantile,0.9,27.67412546061218
22293,2020-12-27,5 day ahead inc hosp,2021-01-01,06069,quantile,0.95,30.304140745987077
22294,2020-12-27,5 day ahead inc hosp,2021-01-01,06069,quantile,0.975,32.5852867814063
22295,2020-12-27,5 day ahead inc hosp,2021-01-01,06069,quantile,0.99,35.23761202825652
22296,2020-12-27,6 day ahead inc hosp,2021-01-02,06069,point,NA,19.538148880004883
22297,2020-12-27,6 day ahead inc hosp,2021-01-02,06069,quantile,0.01,7.518461157490174
22298,2020-12-27,6 day ahead inc hosp,2021-01-02,06069,quantile,0.025,9.41147981884386
22299,2020-12-27,6 day ahead inc hosp,2021-01-02,06069,quantile,0.05,11.039580301410897
22300,2020-12-27,6 day ahead inc hosp,2021-01-02,06069,quantile,0.1,12.916675887924114
22301,2020-12-27,6 day ahead inc hosp,2021-01-02,06069,quantile,0.15,14.183143368613292
22302,2020-12-27,6 day ahead inc hosp,2021-01-02,06069,quantile,0.2,15.189691574428904
22303,2020-12-27,6 day ahead inc hosp,2021-01-02,06069,quantile,0.25,16.053220310267022
22304,2020-12-27,6 day ahead inc hosp,2021-01-02,06069,quantile,0.3,16.828695803527207
22305,2020-12-27,6 day ahead inc hosp,2021-01-02,06069,quantile,0.35,17.547289416984018
22306,2020-12-27,6 day ahead inc hosp,2021-01-02,06069,quantile,0.4,18.229164484731857
22307,2020-12-27,6 day ahead inc hosp,2021-01-02,06069,quantile,0.45,18.88888650405376
22308,2020-12-27,6 day ahead inc hosp,2021-01-02,06069,quantile,0.5,19.538148880004883
22309,2020-12-27,6 day ahead inc hosp,2021-01-02,06069,quantile,0.55,20.462164107562508
22310,2020-12-27,6 day ahead inc hosp,2021-01-02,06069,quantile,0.6,21.401065258142037
22311,2020-12-27,6 day ahead inc hosp,2021-01-02,06069,quantile,0.65,22.371494115917596
22312,2020-12-27,6 day ahead inc hosp,2021-01-02,06069,quantile,0.7,23.394179960430073
22313,2020-12-27,6 day ahead inc hosp,2021-01-02,06069,quantile,0.75,24.49781878336429
22314,2020-12-27,6 day ahead inc hosp,2021-01-02,06069,quantile,0.8,25.72677294874177
22315,2020-12-27,6 day ahead inc hosp,2021-01-02,06069,quantile,0.85,27.159269122699108
22316,2020-12-27,6 day ahead inc hosp,2021-01-02,06069,quantile,0.9,28.961676409351185
22317,2020-12-27,6 day ahead inc hosp,2021-01-02,06069,quantile,0.95,31.63311552204975
22318,2020-12-27,6 day ahead inc hosp,2021-01-02,06069,quantile,0.975,33.95019054997208
22319,2020-12-27,6 day ahead inc hosp,2021-01-02,06069,quantile,0.99,36.64429101525646
22320,2020-12-27,7 day ahead inc hosp,2021-01-03,06069,point,NA,19.10480499267578
22321,2020-12-27,7 day ahead inc hosp,2021-01-03,06069,quantile,0.01,7.333740019638947
22322,2020-12-27,7 day ahead inc hosp,2021-01-03,06069,quantile,0.025,9.187602297294156
22323,2020-12-27,7 day ahead inc hosp,2021-01-03,06069,quantile,0.05,10.78202612970631
22324,2020-12-27,7 day ahead inc hosp,2021-01-03,06069,quantile,0.1,12.620294695374591
22325,2020-12-27,7 day ahead inc hosp,2021-01-03,06069,quantile,0.15,13.860565769431386
22326,2020-12-27,7 day ahead inc hosp,2021-01-03,06069,quantile,0.2,14.846293901698568
22327,2020-12-27,7 day ahead inc hosp,2021-01-03,06069,quantile,0.25,15.691960868286637
22328,2020-12-27,7 day ahead inc hosp,2021-01-03,06069,quantile,0.3,16.451395940719088
22329,2020-12-27,7 day ahead inc hosp,2021-01-03,06069,quantile,0.35,17.15512571377843
22330,2020-12-27,7 day ahead inc hosp,2021-01-03,06069,quantile,0.4,17.822896450527193
22331,2020-12-27,7 day ahead inc hosp,2021-01-03,06069,quantile,0.45,18.468972366379397
22332,2020-12-27,7 day ahead inc hosp,2021-01-03,06069,quantile,0.5,19.10480499267578
22333,2020-12-27,7 day ahead inc hosp,2021-01-03,06069,quantile,0.55,20.02163125836975
22334,2020-12-27,7 day ahead inc hosp,2021-01-03,06069,quantile,0.6,20.953227632616645
22335,2020-12-27,7 day ahead inc hosp,2021-01-03,06069,quantile,0.65,21.916106424287367
22336,2020-12-27,7 day ahead inc hosp,2021-01-03,06069,quantile,0.7,22.93083563635978
22337,2020-12-27,7 day ahead inc hosp,2021-01-03,06069,quantile,0.75,24.02588800187133
22338,2020-12-27,7 day ahead inc hosp,2021-01-03,06069,quantile,0.8,25.245280739727285
22339,2020-12-27,7 day ahead inc hosp,2021-01-03,06069,quantile,0.85,26.666631902155288
22340,2020-12-27,7 day ahead inc hosp,2021-01-03,06069,quantile,0.9,28.455016219423236
22341,2020-12-27,7 day ahead inc hosp,2021-01-03,06069,quantile,0.95,31.105671179080268
22342,2020-12-27,7 day ahead inc hosp,2021-01-03,06069,quantile,0.975,33.40471905386251
22343,2020-12-27,7 day ahead inc hosp,2021-01-03,06069,quantile,0.99,36.07785905775604
22344,2020-12-27,8 day ahead inc hosp,2021-01-04,06069,point,NA,16.928342819213867
22345,2020-12-27,8 day ahead inc hosp,2021-01-04,06069,quantile,0.01,10.938603713772551
22346,2020-12-27,8 day ahead inc hosp,2021-01-04,06069,quantile,0.025,11.881946682825003
22347,2020-12-27,8 day ahead inc hosp,2021-01-04,06069,quantile,0.05,12.693273678430128
22348,2020-12-27,8 day ahead inc hosp,2021-01-04,06069,quantile,0.1,13.628681743826794
22349,2020-12-27,8 day ahead inc hosp,2021-01-04,06069,quantile,0.15,14.25979712469017
22350,2020-12-27,8 day ahead inc hosp,2021-01-04,06069,quantile,0.2,14.761387622635668
22351,2020-12-27,8 day ahead inc hosp,2021-01-04,06069,quantile,0.25,15.191707607408098
22352,2020-12-27,8 day ahead inc hosp,2021-01-04,06069,quantile,0.3,15.578148253331978
22353,2020-12-27,8 day ahead inc hosp,2021-01-04,06069,quantile,0.35,15.93624310294943
22354,2020-12-27,8 day ahead inc hosp,2021-01-04,06069,quantile,0.4,16.276040097064698
22355,2020-12-27,8 day ahead inc hosp,2021-01-04,06069,quantile,0.45,16.604797621309796
22356,2020-12-27,8 day ahead inc hosp,2021-01-04,06069,quantile,0.5,16.928342819213867
22357,2020-12-27,8 day ahead inc hosp,2021-01-04,06069,quantile,0.55,17.703226515460376
22358,2020-12-27,8 day ahead inc hosp,2021-01-04,06069,quantile,0.6,18.49059361967381
22359,2020-12-27,8 day ahead inc hosp,2021-01-04,06069,quantile,0.65,19.30440001358468
22360,2020-12-27,8 day ahead inc hosp,2021-01-04,06069,quantile,0.7,20.16202937256122
22361,2020-12-27,8 day ahead inc hosp,2021-01-04,06069,quantile,0.75,21.087546295801626
22362,2020-12-27,8 day ahead inc hosp,2021-01-04,06069,quantile,0.8,22.118153279089523
22363,2020-12-27,8 day ahead inc hosp,2021-01-04,06069,quantile,0.85,23.319451587851237
22364,2020-12-27,8 day ahead inc hosp,2021-01-04,06069,quantile,0.9,24.83095916777962
22365,2020-12-27,8 day ahead inc hosp,2021-01-04,06069,quantile,0.95,27.071241094103463
22366,2020-12-27,8 day ahead inc hosp,2021-01-04,06069,quantile,0.975,29.014351563032356
22367,2020-12-27,8 day ahead inc hosp,2021-01-04,06069,quantile,0.99,31.27363741064444
22368,2020-12-27,9 day ahead inc hosp,2021-01-05,06069,point,NA,17.5904483795166
22369,2020-12-27,9 day ahead inc hosp,2021-01-05,06069,quantile,0.01,11.256752554614842
22370,2020-12-27,9 day ahead inc hosp,2021-01-05,06069,quantile,0.025,12.254266356027355
22371,2020-12-27,9 day ahead inc hosp,2021-01-05,06069,quantile,0.05,13.11218325595144
22372,2020-12-27,9 day ahead inc hosp,2021-01-05,06069,quantile,0.1,14.101306497229203
22373,2020-12-27,9 day ahead inc hosp,2021-01-05,06069,quantile,0.15,14.768663252246185
22374,2020-12-27,9 day ahead inc hosp,2021-01-05,06069,quantile,0.2,15.299057245494033
22375,2020-12-27,9 day ahead inc hosp,2021-01-05,06069,quantile,0.25,15.754088064524023
22376,2020-12-27,9 day ahead inc hosp,2021-01-05,06069,quantile,0.3,16.162719803331633
22377,2020-12-27,9 day ahead inc hosp,2021-01-05,06069,quantile,0.35,16.54137800763981
22378,2020-12-27,9 day ahead inc hosp,2021-01-05,06069,quantile,0.4,16.900687614461734
22379,2020-12-27,9 day ahead inc hosp,2021-01-05,06069,quantile,0.45,17.248323817318152
22380,2020-12-27,9 day ahead inc hosp,2021-01-05,06069,quantile,0.5,17.5904483795166
22381,2020-12-27,9 day ahead inc hosp,2021-01-05,06069,quantile,0.55,18.281068437943564
22382,2020-12-27,9 day ahead inc hosp,2021-01-05,06069,quantile,0.6,18.982814413693664
22383,2020-12-27,9 day ahead inc hosp,2021-01-05,06069,quantile,0.65,19.70812457576496
22384,2020-12-27,9 day ahead inc hosp,2021-01-05,06069,quantile,0.7,20.472492236194654
22385,2020-12-27,9 day ahead inc hosp,2021-01-05,06069,quantile,0.75,21.29736512318348
22386,2020-12-27,9 day ahead inc hosp,2021-01-05,06069,quantile,0.8,22.21590019942942
22387,2020-12-27,9 day ahead inc hosp,2021-01-05,06069,quantile,0.85,23.2865650130059
22388,2020-12-27,9 day ahead inc hosp,2021-01-05,06069,quantile,0.9,24.633705826807276
22389,2020-12-27,9 day ahead inc hosp,2021-01-05,06069,quantile,0.95,26.630371445589944
22390,2020-12-27,9 day ahead inc hosp,2021-01-05,06069,quantile,0.975,28.36218109919609
22391,2020-12-27,9 day ahead inc hosp,2021-01-05,06069,quantile,0.99,30.375784084571965
22392,2020-12-27,10 day ahead inc hosp,2021-01-06,06069,point,NA,17.48448944091797
22393,2020-12-27,10 day ahead inc hosp,2021-01-06,06069,quantile,0.01,11.228291881055709
22394,2020-12-27,10 day ahead inc hosp,2021-01-06,06069,quantile,0.025,12.21360023542757
22395,2020-12-27,10 day ahead inc hosp,2021-01-06,06069,quantile,0.05,13.06101977754821
22396,2020-12-27,10 day ahead inc hosp,2021-01-06,06069,quantile,0.1,14.038040237570218
22397,2020-12-27,10 day ahead inc hosp,2021-01-06,06069,quantile,0.15,14.697231303532027
22398,2020-12-27,10 day ahead inc hosp,2021-01-06,06069,quantile,0.2,15.221135465976431
22399,2020-12-27,10 day ahead inc hosp,2021-01-06,06069,quantile,0.25,15.67059858804256
22400,2020-12-27,10 day ahead inc hosp,2021-01-06,06069,quantile,0.3,16.074230362899716
22401,2020-12-27,10 day ahead inc hosp,2021-01-06,06069,quantile,0.35,16.44825535546421
22402,2020-12-27,10 day ahead inc hosp,2021-01-06,06069,quantile,0.4,16.803168497424142
22403,2020-12-27,10 day ahead inc hosp,2021-01-06,06069,quantile,0.45,17.14655106964671
22404,2020-12-27,10 day ahead inc hosp,2021-01-06,06069,quantile,0.5,17.48448944091797
22405,2020-12-27,10 day ahead inc hosp,2021-01-06,06069,quantile,0.55,18.250406049314762
22406,2020-12-27,10 day ahead inc hosp,2021-01-06,06069,quantile,0.6,19.028661605527304
22407,2020-12-27,10 day ahead inc hosp,2021-01-06,06069,quantile,0.65,19.833050491414443
22408,2020-12-27,10 day ahead inc hosp,2021-01-06,06069,quantile,0.7,20.680755215453264
22409,2020-12-27,10 day ahead inc hosp,2021-01-06,06069,quantile,0.75,21.59556189714736
22410,2020-12-27,10 day ahead inc hosp,2021-01-06,06069,quantile,0.8,22.614242518579356
22411,2020-12-27,10 day ahead inc hosp,2021-01-06,06069,quantile,0.85,23.801639196011667
22412,2020-12-27,10 day ahead inc hosp,2021-01-06,06069,quantile,0.9,25.295655349393872
22413,2020-12-27,10 day ahead inc hosp,2021-01-06,06069,quantile,0.95,27.510012346675087
22414,2020-12-27,10 day ahead inc hosp,2021-01-06,06069,quantile,0.975,29.430636805947316
22415,2020-12-27,10 day ahead inc hosp,2021-01-06,06069,quantile,0.99,31.663777807860242
22416,2020-12-27,11 day ahead inc hosp,2021-01-07,06069,point,NA,17.723485946655273
22417,2020-12-27,11 day ahead inc hosp,2021-01-07,06069,quantile,0.01,10.478487487367406
22418,2020-12-27,11 day ahead inc hosp,2021-01-07,06069,quantile,0.025,11.619525224913659
22419,2020-12-27,11 day ahead inc hosp,2021-01-07,06069,quantile,0.05,12.600880627822262
22420,2020-12-27,11 day ahead inc hosp,2021-01-07,06069,quantile,0.1,13.732320557559394
22421,2020-12-27,11 day ahead inc hosp,2021-01-07,06069,quantile,0.15,14.495697706629919
22422,2020-12-27,11 day ahead inc hosp,2021-01-07,06069,quantile,0.2,15.102405665163086
22423,2020-12-27,11 day ahead inc hosp,2021-01-07,06069,quantile,0.25,15.622907071283567
22424,2020-12-27,11 day ahead inc hosp,2021-01-07,06069,quantile,0.3,16.090333420751996
22425,2020-12-27,11 day ahead inc hosp,2021-01-07,06069,quantile,0.35,16.523473593986
22426,2020-12-27,11 day ahead inc hosp,2021-01-07,06069,quantile,0.4,16.93448126151518
22427,2020-12-27,11 day ahead inc hosp,2021-01-07,06069,quantile,0.45,17.33213593640265
22428,2020-12-27,11 day ahead inc hosp,2021-01-07,06069,quantile,0.5,17.723485946655273
22429,2020-12-27,11 day ahead inc hosp,2021-01-07,06069,quantile,0.55,18.66356237056701
22430,2020-12-27,11 day ahead inc hosp,2021-01-07,06069,quantile,0.6,19.61878346402932
22431,2020-12-27,11 day ahead inc hosp,2021-01-07,06069,quantile,0.65,20.606080278054506
22432,2020-12-27,11 day ahead inc hosp,2021-01-07,06069,quantile,0.7,21.646542407705383
22433,2020-12-27,11 day ahead inc hosp,2021-01-07,06069,quantile,0.75,22.769364637265944
22434,2020-12-27,11 day ahead inc hosp,2021-01-07,06069,quantile,0.8,24.019680435624846
22435,2020-12-27,11 day ahead inc hosp,2021-01-07,06069,quantile,0.85,25.47707620175369
22436,2020-12-27,11 day ahead inc hosp,2021-01-07,06069,quantile,0.9,27.31081286099362
22437,2020-12-27,11 day ahead inc hosp,2021-01-07,06069,quantile,0.95,30.028686823310977
22438,2020-12-27,11 day ahead inc hosp,2021-01-07,06069,quantile,0.975,32.38603715826373
22439,2020-12-27,11 day ahead inc hosp,2021-01-07,06069,quantile,0.99,35.12696637190652
22440,2020-12-27,12 day ahead inc hosp,2021-01-08,06069,point,NA,17.62030601501465
22441,2020-12-27,12 day ahead inc hosp,2021-01-08,06069,quantile,0.01,11.319120126037664
22442,2020-12-27,12 day ahead inc hosp,2021-01-08,06069,quantile,0.025,12.311513834748457
22443,2020-12-27,12 day ahead inc hosp,2021-01-08,06069,quantile,0.05,13.165027172484464
22444,2020-12-27,12 day ahead inc hosp,2021-01-08,06069,quantile,0.1,14.149073388580623
22445,2020-12-27,12 day ahead inc hosp,2021-01-08,06069,quantile,0.15,14.81300469881081
22446,2020-12-27,12 day ahead inc hosp,2021-01-08,06069,quantile,0.2,15.34067625713092
22447,2020-12-27,12 day ahead inc hosp,2021-01-08,06069,quantile,0.25,15.793371469403114
22448,2020-12-27,12 day ahead inc hosp,2021-01-08,06069,quantile,0.3,16.19990576115726
22449,2020-12-27,12 day ahead inc hosp,2021-01-08,06069,quantile,0.35,16.57662036818831
22450,2020-12-27,12 day ahead inc hosp,2021-01-08,06069,quantile,0.4,16.934085691259032
22451,2020-12-27,12 day ahead inc hosp,2021-01-08,06069,quantile,0.45,17.279937528242435
22452,2020-12-27,12 day ahead inc hosp,2021-01-08,06069,quantile,0.5,17.62030601501465
22453,2020-12-27,12 day ahead inc hosp,2021-01-08,06069,quantile,0.55,18.52871927309456
22454,2020-12-27,12 day ahead inc hosp,2021-01-08,06069,quantile,0.6,19.451767105831426
22455,2020-12-27,12 day ahead inc hosp,2021-01-08,06069,quantile,0.65,20.40581030137139
22456,2020-12-27,12 day ahead inc hosp,2021-01-08,06069,quantile,0.7,21.411228125990355
22457,2020-12-27,12 day ahead inc hosp,2021-01-08,06069,quantile,0.75,22.49623204041192
22458,2020-12-27,12 day ahead inc hosp,2021-01-08,06069,quantile,0.8,23.704435351468078
22459,2020-12-27,12 day ahead inc hosp,2021-01-08,06069,quantile,0.85,25.112743870377678
22460,2020-12-27,12 day ahead inc hosp,2021-01-08,06069,quantile,0.9,26.884717563909128
22461,2020-12-27,12 day ahead inc hosp,2021-01-08,06069,quantile,0.95,29.511049507099177
22462,2020-12-27,12 day ahead inc hosp,2021-01-08,06069,quantile,0.975,31.789000792484522
22463,2020-12-27,12 day ahead inc hosp,2021-01-08,06069,quantile,0.99,34.43761145199983
22464,2020-12-27,13 day ahead inc hosp,2021-01-09,06069,point,NA,17.31756019592285
22465,2020-12-27,13 day ahead inc hosp,2021-01-09,06069,quantile,0.01,5.614303847556222
22466,2020-12-27,13 day ahead inc hosp,2021-01-09,06069,quantile,0.025,7.457486730299948
22467,2020-12-27,13 day ahead inc hosp,2021-01-09,06069,quantile,0.05,9.042725693928784
22468,2020-12-27,13 day ahead inc hosp,2021-01-09,06069,quantile,0.1,10.870404694124616
22469,2020-12-27,13 day ahead inc hosp,2021-01-09,06069,quantile,0.15,12.103531038631221
22470,2020-12-27,13 day ahead inc hosp,2021-01-09,06069,quantile,0.2,13.083580766344452
22471,2020-12-27,13 day ahead inc hosp,2021-01-09,06069,quantile,0.25,13.924376167439958
22472,2020-12-27,13 day ahead inc hosp,2021-01-09,06069,quantile,0.3,14.679436423498029
22473,2020-12-27,13 day ahead inc hosp,2021-01-09,06069,quantile,0.35,15.37911227720853
22474,2020-12-27,13 day ahead inc hosp,2021-01-09,06069,quantile,0.4,16.043036240928885
22475,2020-12-27,13 day ahead inc hosp,2021-01-09,06069,quantile,0.45,16.68539035935776
22476,2020-12-27,13 day ahead inc hosp,2021-01-09,06069,quantile,0.5,17.31756019592285
22477,2020-12-27,13 day ahead inc hosp,2021-01-09,06069,quantile,0.55,18.234440209856402
22478,2020-12-27,13 day ahead inc hosp,2021-01-09,06069,quantile,0.6,19.166091198229207
22479,2020-12-27,13 day ahead inc hosp,2021-01-09,06069,quantile,0.65,20.129026437933668
22480,2020-12-27,13 day ahead inc hosp,2021-01-09,06069,quantile,0.7,21.143815137731114
22481,2020-12-27,13 day ahead inc hosp,2021-01-09,06069,quantile,0.75,22.23893169985122
22482,2020-12-27,13 day ahead inc hosp,2021-01-09,06069,quantile,0.8,23.45839592367509
22483,2020-12-27,13 day ahead inc hosp,2021-01-09,06069,quantile,0.85,24.879830411729404
22484,2020-12-27,13 day ahead inc hosp,2021-01-09,06069,quantile,0.9,26.668319571662032
22485,2020-12-27,13 day ahead inc hosp,2021-01-09,06069,quantile,0.95,29.319129923941574
22486,2020-12-27,13 day ahead inc hosp,2021-01-09,06069,quantile,0.975,31.61831257864952
22487,2020-12-27,13 day ahead inc hosp,2021-01-09,06069,quantile,0.99,34.291609293334105
22488,2020-12-27,14 day ahead inc hosp,2021-01-10,06069,point,NA,17.980182647705078
22489,2020-12-27,14 day ahead inc hosp,2021-01-10,06069,quantile,0.01,6.089436472671315
22490,2020-12-27,14 day ahead inc hosp,2021-01-10,06069,quantile,0.025,7.962147721616271
22491,2020-12-27,14 day ahead inc hosp,2021-01-10,06069,quantile,0.05,9.572782709195161
22492,2020-12-27,14 day ahead inc hosp,2021-01-10,06069,quantile,0.1,11.429741698545268
22493,2020-12-27,14 day ahead inc hosp,2021-01-10,06069,quantile,0.15,12.682623112727205
22494,2020-12-27,14 day ahead inc hosp,2021-01-10,06069,quantile,0.2,13.678373543569933
22495,2020-12-27,14 day ahead inc hosp,2021-01-10,06069,quantile,0.25,14.532638749933435
22496,2020-12-27,14 day ahead inc hosp,2021-01-10,06069,quantile,0.3,15.299795307423995
22497,2020-12-27,14 day ahead inc hosp,2021-01-10,06069,quantile,0.35,16.010680187120986
22498,2020-12-27,14 day ahead inc hosp,2021-01-10,06069,quantile,0.4,16.685240420369475
22499,2020-12-27,14 day ahead inc hosp,2021-01-10,06069,quantile,0.45,17.337885252659365
22500,2020-12-27,14 day ahead inc hosp,2021-01-10,06069,quantile,0.5,17.980182647705078
22501,2020-12-27,14 day ahead inc hosp,2021-01-10,06069,quantile,0.55,18.90007591857501
22502,2020-12-27,14 day ahead inc hosp,2021-01-10,06069,quantile,0.6,19.834788707576404
22503,2020-12-27,14 day ahead inc hosp,2021-01-10,06069,quantile,0.65,20.800888561239326
22504,2020-12-27,14 day ahead inc hosp,2021-01-10,06069,quantile,0.7,21.81901228747661
22505,2020-12-27,14 day ahead inc hosp,2021-01-10,06069,quantile,0.75,22.91772786749089
22506,2020-12-27,14 day ahead inc hosp,2021-01-10,06069,quantile,0.8,24.141199768410196
22507,2020-12-27,14 day ahead inc hosp,2021-01-10,06069,quantile,0.85,25.567305693583492
22508,2020-12-27,14 day ahead inc hosp,2021-01-10,06069,quantile,0.9,27.361672588099612
22509,2020-12-27,14 day ahead inc hosp,2021-01-10,06069,quantile,0.95,30.021194628451376
22510,2020-12-27,14 day ahead inc hosp,2021-01-10,06069,quantile,0.975,32.32793337335326
22511,2020-12-27,14 day ahead inc hosp,2021-01-10,06069,quantile,0.99,35.01001567584227
22512,2020-12-27,15 day ahead inc hosp,2021-01-11,06069,point,NA,17.315242767333984
22513,2020-12-27,15 day ahead inc hosp,2021-01-11,06069,quantile,0.01,11.464885838469868
22514,2020-12-27,15 day ahead inc hosp,2021-01-11,06069,quantile,0.025,12.38627706739296
22515,2020-12-27,15 day ahead inc hosp,2021-01-11,06069,quantile,0.05,13.17872435545614
22516,2020-12-27,15 day ahead inc hosp,2021-01-11,06069,quantile,0.1,14.092365327186835
22517,2020-12-27,15 day ahead inc hosp,2021-01-11,06069,quantile,0.15,14.708794553293291
22518,2020-12-27,15 day ahead inc hosp,2021-01-11,06069,quantile,0.2,15.19871296099857
22519,2020-12-27,15 day ahead inc hosp,2021-01-11,06069,quantile,0.25,15.619019331647513
22520,2020-12-27,15 day ahead inc hosp,2021-01-11,06069,quantile,0.3,15.996467442604747
22521,2020-12-27,15 day ahead inc hosp,2021-01-11,06069,quantile,0.35,16.346229368419987
22522,2020-12-27,15 day ahead inc hosp,2021-01-11,06069,quantile,0.4,16.67811923272535
22523,2020-12-27,15 day ahead inc hosp,2021-01-11,06069,quantile,0.45,16.9992265173709
22524,2020-12-27,15 day ahead inc hosp,2021-01-11,06069,quantile,0.5,17.315242767333984
22525,2020-12-27,15 day ahead inc hosp,2021-01-11,06069,quantile,0.55,18.110067240224197
22526,2020-12-27,15 day ahead inc hosp,2021-01-11,06069,quantile,0.6,18.917696367806784
22527,2020-12-27,15 day ahead inc hosp,2021-01-11,06069,quantile,0.65,19.752445171024757
22528,2020-12-27,15 day ahead inc hosp,2021-01-11,06069,quantile,0.7,20.632144674944698
22529,2020-12-27,15 day ahead inc hosp,2021-01-11,06069,quantile,0.75,21.581478754663813
22530,2020-12-27,15 day ahead inc hosp,2021-01-11,06069,quantile,0.8,22.638607271132415
22531,2020-12-27,15 day ahead inc hosp,2021-01-11,06069,quantile,0.85,23.870819665935056
22532,2020-12-27,15 day ahead inc hosp,2021-01-11,06069,quantile,0.9,25.421224225103835
22533,2020-12-27,15 day ahead inc hosp,2021-01-11,06069,quantile,0.95,27.71915733408663
22534,2020-12-27,15 day ahead inc hosp,2021-01-11,06069,quantile,0.975,29.712271606221925
22535,2020-12-27,15 day ahead inc hosp,2021-01-11,06069,quantile,0.99,32.0296976814317
22536,2020-12-27,16 day ahead inc hosp,2021-01-12,06069,point,NA,18.302515029907227
22537,2020-12-27,16 day ahead inc hosp,2021-01-12,06069,quantile,0.01,12.137218166102418
22538,2020-12-27,16 day ahead inc hosp,2021-01-12,06069,quantile,0.025,13.108210282154339
22539,2020-12-27,16 day ahead inc hosp,2021-01-12,06069,quantile,0.05,13.943317069523488
22540,2020-12-27,16 day ahead inc hosp,2021-01-12,06069,quantile,0.1,14.906141711873728
22541,2020-12-27,16 day ahead inc hosp,2021-01-12,06069,quantile,0.15,15.55575492704719
22542,2020-12-27,16 day ahead inc hosp,2021-01-12,06069,quantile,0.2,16.072046917309063
22543,2020-12-27,16 day ahead inc hosp,2021-01-12,06069,quantile,0.25,16.514979473443248
22544,2020-12-27,16 day ahead inc hosp,2021-01-12,06069,quantile,0.3,16.912746598257886
22545,2020-12-27,16 day ahead inc hosp,2021-01-12,06069,quantile,0.35,17.281337118550415
22546,2020-12-27,16 day ahead inc hosp,2021-01-12,06069,quantile,0.4,17.63109347776246
22547,2020-12-27,16 day ahead inc hosp,2021-01-12,06069,quantile,0.45,17.96948680299748
22548,2020-12-27,16 day ahead inc hosp,2021-01-12,06069,quantile,0.5,18.302515029907227
22549,2020-12-27,16 day ahead inc hosp,2021-01-12,06069,quantile,0.55,18.989622218441724
22550,2020-12-27,16 day ahead inc hosp,2021-01-12,06069,quantile,0.6,19.68779873182204
22551,2020-12-27,16 day ahead inc hosp,2021-01-12,06069,quantile,0.65,20.409419571233286
22552,2020-12-27,16 day ahead inc hosp,2021-01-12,06069,quantile,0.7,21.16989924128631
22553,2020-12-27,16 day ahead inc hosp,2021-01-12,06069,quantile,0.75,21.990576375350706
22554,2020-12-27,16 day ahead inc hosp,2021-01-12,06069,quantile,0.8,22.904439281747035
22555,2020-12-27,16 day ahead inc hosp,2021-01-12,06069,quantile,0.85,23.969658110743946
22556,2020-12-27,16 day ahead inc hosp,2021-01-12,06069,quantile,0.9,25.309946632394272
22557,2020-12-27,16 day ahead inc hosp,2021-01-12,06069,quantile,0.95,27.296456121982665
22558,2020-12-27,16 day ahead inc hosp,2021-01-12,06069,quantile,0.975,29.019456848136727
22559,2020-12-27,16 day ahead inc hosp,2021-01-12,06069,quantile,0.99,31.022817551643726
22560,2020-12-27,17 day ahead inc hosp,2021-01-13,06069,point,NA,18.619815826416016
22561,2020-12-27,17 day ahead inc hosp,2021-01-13,06069,quantile,0.01,12.430903861408948
22562,2020-12-27,17 day ahead inc hosp,2021-01-13,06069,quantile,0.025,13.40561519449027
22563,2020-12-27,17 day ahead inc hosp,2021-01-13,06069,quantile,0.05,14.243920713685974
22564,2020-12-27,17 day ahead inc hosp,2021-01-13,06069,quantile,0.1,15.210433288973004
22565,2020-12-27,17 day ahead inc hosp,2021-01-13,06069,quantile,0.15,15.862534734990419
22566,2020-12-27,17 day ahead inc hosp,2021-01-13,06069,quantile,0.2,16.380804292248545
22567,2020-12-27,17 day ahead inc hosp,2021-01-13,06069,quantile,0.25,16.825433424779607
22568,2020-12-27,17 day ahead inc hosp,2021-01-13,06069,quantile,0.3,17.224724127633543
22569,2020-12-27,17 day ahead inc hosp,2021-01-13,06069,quantile,0.35,17.594726470037998
22570,2020-12-27,17 day ahead inc hosp,2021-01-13,06069,quantile,0.4,17.945822510371872
22571,2020-12-27,17 day ahead inc hosp,2021-01-13,06069,quantile,0.45,18.28551199259627
22572,2020-12-27,17 day ahead inc hosp,2021-01-13,06069,quantile,0.5,18.619815826416016
22573,2020-12-27,17 day ahead inc hosp,2021-01-13,06069,quantile,0.55,19.382752253716166
22574,2020-12-27,17 day ahead inc hosp,2021-01-13,06069,quantile,0.6,20.15797961799299
22575,2020-12-27,17 day ahead inc hosp,2021-01-13,06069,quantile,0.65,20.9592386271732
22576,2020-12-27,17 day ahead inc hosp,2021-01-13,06069,quantile,0.7,21.803644932602975
22577,2020-12-27,17 day ahead inc hosp,2021-01-13,06069,quantile,0.75,22.714892102008164
22578,2020-12-27,17 day ahead inc hosp,2021-01-13,06069,quantile,0.8,23.729609037709594
22579,2020-12-27,17 day ahead inc hosp,2021-01-13,06069,quantile,0.85,24.91238555533142
22580,2020-12-27,17 day ahead inc hosp,2021-01-13,06069,quantile,0.9,26.40058849269301
22581,2020-12-27,17 day ahead inc hosp,2021-01-13,06069,quantile,0.95,28.606329428131243
22582,2020-12-27,17 day ahead inc hosp,2021-01-13,06069,quantile,0.975,30.51948073870227
22583,2020-12-27,17 day ahead inc hosp,2021-01-13,06069,quantile,0.99,32.74393259022065
22584,2020-12-27,18 day ahead inc hosp,2021-01-14,06069,point,NA,19.160837173461914
22585,2020-12-27,18 day ahead inc hosp,2021-01-14,06069,quantile,0.01,12.292278191976088
22586,2020-12-27,18 day ahead inc hosp,2021-01-14,06069,quantile,0.025,13.37402928474415
22587,2020-12-27,18 day ahead inc hosp,2021-01-14,06069,quantile,0.05,14.304394902425742
22588,2020-12-27,18 day ahead inc hosp,2021-01-14,06069,quantile,0.1,15.377046875380273
22589,2020-12-27,18 day ahead inc hosp,2021-01-14,06069,quantile,0.15,16.10076006910603
22590,2020-12-27,18 day ahead inc hosp,2021-01-14,06069,quantile,0.2,16.675944373304144
22591,2020-12-27,18 day ahead inc hosp,2021-01-14,06069,quantile,0.25,17.169401290924558
22592,2020-12-27,18 day ahead inc hosp,2021-01-14,06069,quantile,0.3,17.61254085387487
22593,2020-12-27,18 day ahead inc hosp,2021-01-14,06069,quantile,0.35,18.023175699945103
22594,2020-12-27,18 day ahead inc hosp,2021-01-14,06069,quantile,0.4,18.412828012796606
22595,2020-12-27,18 day ahead inc hosp,2021-01-14,06069,quantile,0.45,18.789821134889916
22596,2020-12-27,18 day ahead inc hosp,2021-01-14,06069,quantile,0.5,19.160837173461914
22597,2020-12-27,18 day ahead inc hosp,2021-01-14,06069,quantile,0.55,20.09046205145557
22598,2020-12-27,18 day ahead inc hosp,2021-01-14,06069,quantile,0.6,21.035063224168567
22599,2020-12-27,18 day ahead inc hosp,2021-01-14,06069,quantile,0.65,22.011383507218085
22600,2020-12-27,18 day ahead inc hosp,2021-01-14,06069,quantile,0.7,23.040278026568917
22601,2020-12-27,18 day ahead inc hosp,2021-01-14,06069,quantile,0.75,24.15061698584251
22602,2020-12-27,18 day ahead inc hosp,2021-01-14,06069,quantile,0.8,25.38703207076338
22603,2020-12-27,18 day ahead inc hosp,2021-01-14,06069,quantile,0.85,26.82822485766301
22604,2020-12-27,18 day ahead inc hosp,2021-01-14,06069,quantile,0.9,28.641574469203174
22605,2020-12-27,18 day ahead inc hosp,2021-01-14,06069,quantile,0.95,31.329231755733133
22606,2020-12-27,18 day ahead inc hosp,2021-01-14,06069,quantile,0.975,33.6603736307734
22607,2020-12-27,18 day ahead inc hosp,2021-01-14,06069,quantile,0.99,36.37082984583232
22608,2020-12-27,19 day ahead inc hosp,2021-01-15,06069,point,NA,19.077739715576172
22609,2020-12-27,19 day ahead inc hosp,2021-01-15,06069,quantile,0.01,13.03840429406031
22610,2020-12-27,19 day ahead inc hosp,2021-01-15,06069,quantile,0.025,13.989558343902129
22611,2020-12-27,19 day ahead inc hosp,2021-01-15,06069,quantile,0.05,14.807603299906779
22612,2020-12-27,19 day ahead inc hosp,2021-01-15,06069,quantile,0.1,15.750756743399787
22613,2020-12-27,19 day ahead inc hosp,2021-01-15,06069,quantile,0.15,16.3870978940935
22614,2020-12-27,19 day ahead inc hosp,2021-01-15,06069,quantile,0.2,16.892841668239875
22615,2020-12-27,19 day ahead inc hosp,2021-01-15,06069,quantile,0.25,17.326724794177935
22616,2020-12-27,19 day ahead inc hosp,2021-01-15,06069,quantile,0.3,17.716365250992055
22617,2020-12-27,19 day ahead inc hosp,2021-01-15,06069,quantile,0.35,18.077425202266465
22618,2020-12-27,19 day ahead inc hosp,2021-01-15,06069,quantile,0.4,18.420035787896264
22619,2020-12-27,19 day ahead inc hosp,2021-01-15,06069,quantile,0.45,18.7515154944931
22620,2020-12-27,19 day ahead inc hosp,2021-01-15,06069,quantile,0.5,19.077739715576172
22621,2020-12-27,19 day ahead inc hosp,2021-01-15,06069,quantile,0.55,19.96748945172237
22622,2020-12-27,19 day ahead inc hosp,2021-01-15,06069,quantile,0.6,20.87157309242557
22623,2020-12-27,19 day ahead inc hosp,2021-01-15,06069,quantile,0.65,21.806015290349855
22624,2020-12-27,19 day ahead inc hosp,2021-01-15,06069,quantile,0.7,22.790776615897038
22625,2020-12-27,19 day ahead inc hosp,2021-01-15,06069,quantile,0.75,23.853488920002633
22626,2020-12-27,19 day ahead inc hosp,2021-01-15,06069,quantile,0.8,25.036869465873764
22627,2020-12-27,19 day ahead inc hosp,2021-01-15,06069,quantile,0.85,26.41624402031474
22628,2020-12-27,19 day ahead inc hosp,2021-01-15,06069,quantile,0.9,28.15181217968975
22629,2020-12-27,19 day ahead inc hosp,2021-01-15,06069,quantile,0.95,30.724185637145503
22630,2020-12-27,19 day ahead inc hosp,2021-01-15,06069,quantile,0.975,32.955335983200015
22631,2020-12-27,19 day ahead inc hosp,2021-01-15,06069,quantile,0.99,35.54953043654697
22632,2020-12-27,20 day ahead inc hosp,2021-01-16,06069,point,NA,19.186981201171875
22633,2020-12-27,20 day ahead inc hosp,2021-01-16,06069,quantile,0.01,8.061074336918123
22634,2020-12-27,20 day ahead inc hosp,2021-01-16,06069,quantile,0.025,9.813328622115893
22635,2020-12-27,20 day ahead inc hosp,2021-01-16,06069,quantile,0.05,11.320363975518376
22636,2020-12-27,20 day ahead inc hosp,2021-01-16,06069,quantile,0.1,13.057879221586557
22637,2020-12-27,20 day ahead inc hosp,2021-01-16,06069,quantile,0.15,14.23017250923662
22638,2020-12-27,20 day ahead inc hosp,2021-01-16,06069,quantile,0.2,15.161874051807416
22639,2020-12-27,20 day ahead inc hosp,2021-01-16,06069,quantile,0.25,15.961191015054748
22640,2020-12-27,20 day ahead inc hosp,2021-01-16,06069,quantile,0.3,16.679002351980145
22641,2020-12-27,20 day ahead inc hosp,2021-01-16,06069,quantile,0.35,17.344161530915564
22642,2020-12-27,20 day ahead inc hosp,2021-01-16,06069,quantile,0.4,17.97533254566735
22643,2020-12-27,20 day ahead inc hosp,2021-01-16,06069,quantile,0.45,18.585997806922347
22644,2020-12-27,20 day ahead inc hosp,2021-01-16,06069,quantile,0.5,19.186981201171875
22645,2020-12-27,20 day ahead inc hosp,2021-01-16,06069,quantile,0.55,20.092072614317825
22646,2020-12-27,20 day ahead inc hosp,2021-01-16,06069,quantile,0.6,21.011745087063286
22647,2020-12-27,20 day ahead inc hosp,2021-01-16,06069,quantile,0.65,21.96229958015676
22648,2020-12-27,20 day ahead inc hosp,2021-01-16,06069,quantile,0.7,22.964040837885577
22649,2020-12-27,20 day ahead inc hosp,2021-01-16,06069,quantile,0.75,24.045077158566745
22650,2020-12-27,20 day ahead inc hosp,2021-01-16,06069,quantile,0.8,25.24886236584433
22651,2020-12-27,20 day ahead inc hosp,2021-01-16,06069,quantile,0.85,26.652021045209658
22652,2020-12-27,20 day ahead inc hosp,2021-01-16,06069,quantile,0.9,28.417515064666983
22653,2020-12-27,20 day ahead inc hosp,2021-01-16,06069,quantile,0.95,31.03424315478378
22654,2020-12-27,20 day ahead inc hosp,2021-01-16,06069,quantile,0.975,33.3038645298889
22655,2020-12-27,20 day ahead inc hosp,2021-01-16,06069,quantile,0.99,35.94278986851849
22656,2020-12-27,21 day ahead inc hosp,2021-01-17,06069,point,NA,21.86805534362793
22657,2020-12-27,21 day ahead inc hosp,2021-01-17,06069,quantile,0.01,10.482675773118732
22658,2020-12-27,21 day ahead inc hosp,2021-01-17,06069,quantile,0.025,12.275795236047655
22659,2020-12-27,21 day ahead inc hosp,2021-01-17,06069,quantile,0.05,13.817976896743643
22660,2020-12-27,21 day ahead inc hosp,2021-01-17,06069,quantile,0.1,15.596013584215031
22661,2020-12-27,21 day ahead inc hosp,2021-01-17,06069,quantile,0.15,16.795646496003865
22662,2020-12-27,21 day ahead inc hosp,2021-01-17,06069,quantile,0.2,17.749076705156433
22663,2020-12-27,21 day ahead inc hosp,2021-01-17,06069,quantile,0.25,18.567034929573765
22664,2020-12-27,21 day ahead inc hosp,2021-01-17,06069,quantile,0.3,19.301586695162218
22665,2020-12-27,21 day ahead inc hosp,2021-01-17,06069,quantile,0.35,19.982258376076558
22666,2020-12-27,21 day ahead inc hosp,2021-01-17,06069,quantile,0.4,20.628149238235466
22667,2020-12-27,21 day ahead inc hosp,2021-01-17,06069,quantile,0.45,21.253056122208257
22668,2020-12-27,21 day ahead inc hosp,2021-01-17,06069,quantile,0.5,21.86805534362793
22669,2020-12-27,21 day ahead inc hosp,2021-01-17,06069,quantile,0.55,22.756693623702837
22670,2020-12-27,21 day ahead inc hosp,2021-01-17,06069,quantile,0.6,23.659647902732086
22671,2020-12-27,21 day ahead inc hosp,2021-01-17,06069,quantile,0.65,24.592922815731235
22672,2020-12-27,21 day ahead inc hosp,2021-01-17,06069,quantile,0.7,25.57645399879049
22673,2020-12-27,21 day ahead inc hosp,2021-01-17,06069,quantile,0.75,26.637838785736548
22674,2020-12-27,21 day ahead inc hosp,2021-01-17,06069,quantile,0.8,27.819741078297877
22675,2020-12-27,21 day ahead inc hosp,2021-01-17,06069,quantile,0.85,29.197392547964753
22676,2020-12-27,21 day ahead inc hosp,2021-01-17,06069,quantile,0.9,30.93079267324039
22677,2020-12-27,21 day ahead inc hosp,2021-01-17,06069,quantile,0.95,33.49995277756913
22678,2020-12-27,21 day ahead inc hosp,2021-01-17,06069,quantile,0.975,35.72831601900608
22679,2020-12-27,21 day ahead inc hosp,2021-01-17,06069,quantile,0.99,38.31926986091126
22680,2020-12-27,22 day ahead inc hosp,2021-01-18,06069,point,NA,18.351322174072266
22681,2020-12-27,22 day ahead inc hosp,2021-01-18,06069,quantile,0.01,11.80404937052115
22682,2020-12-27,22 day ahead inc hosp,2021-01-18,06069,quantile,0.025,12.835200086265594
22683,2020-12-27,22 day ahead inc hosp,2021-01-18,06069,quantile,0.05,13.722046588191972
22684,2020-12-27,22 day ahead inc hosp,2021-01-18,06069,quantile,0.1,14.744523807814163
22685,2020-12-27,22 day ahead inc hosp,2021-01-18,06069,quantile,0.15,15.434384333671764
22686,2020-12-27,22 day ahead inc hosp,2021-01-18,06069,quantile,0.2,15.98266361059968
22687,2020-12-27,22 day ahead inc hosp,2021-01-18,06069,quantile,0.25,16.453038410491313
22688,2020-12-27,22 day ahead inc hosp,2021-01-18,06069,quantile,0.3,16.875449518338346
22689,2020-12-27,22 day ahead inc hosp,2021-01-18,06069,quantile,0.35,17.266876361598044
22690,2020-12-27,22 day ahead inc hosp,2021-01-18,06069,quantile,0.4,17.63830215813704
22691,2020-12-27,22 day ahead inc hosp,2021-01-18,06069,quantile,0.45,17.99766091476424
22692,2020-12-27,22 day ahead inc hosp,2021-01-18,06069,quantile,0.5,18.351322174072266
22693,2020-12-27,22 day ahead inc hosp,2021-01-18,06069,quantile,0.55,19.267594059930584
22694,2020-12-27,22 day ahead inc hosp,2021-01-18,06069,quantile,0.6,20.198627123260046
22695,2020-12-27,22 day ahead inc hosp,2021-01-18,06069,quantile,0.65,21.160923688388777
22696,2020-12-27,22 day ahead inc hosp,2021-01-18,06069,quantile,0.7,22.175039321384244
22697,2020-12-27,22 day ahead inc hosp,2021-01-18,06069,quantile,0.75,23.26942953859885
22698,2020-12-27,22 day ahead inc hosp,2021-01-18,06069,quantile,0.8,24.488084942926186
22699,2020-12-27,22 day ahead inc hosp,2021-01-18,06069,quantile,0.85,25.908576653074824
22700,2020-12-27,22 day ahead inc hosp,2021-01-18,06069,quantile,0.9,27.69587958312581
22701,2020-12-27,22 day ahead inc hosp,2021-01-18,06069,quantile,0.95,30.344931764027592
22702,2020-12-27,22 day ahead inc hosp,2021-01-18,06069,quantile,0.975,32.64258946726842
22703,2020-12-27,22 day ahead inc hosp,2021-01-18,06069,quantile,0.99,35.31411309631375
22704,2020-12-27,23 day ahead inc hosp,2021-01-19,06069,point,NA,19.124435424804688
22705,2020-12-27,23 day ahead inc hosp,2021-01-19,06069,quantile,0.01,12.842355376800864
22706,2020-12-27,23 day ahead inc hosp,2021-01-19,06069,quantile,0.025,13.831740046147406
22707,2020-12-27,23 day ahead inc hosp,2021-01-19,06069,quantile,0.05,14.68266544402787
22708,2020-12-27,23 day ahead inc hosp,2021-01-19,06069,quantile,0.1,15.663727931212325
22709,2020-12-27,23 day ahead inc hosp,2021-01-19,06069,quantile,0.15,16.325646133711068
22710,2020-12-27,23 day ahead inc hosp,2021-01-19,06069,quantile,0.2,16.85171773782304
22711,2020-12-27,23 day ahead inc hosp,2021-01-19,06069,quantile,0.25,17.303040331847278
22712,2020-12-27,23 day ahead inc hosp,2021-01-19,06069,quantile,0.3,17.708341969992208
22713,2020-12-27,23 day ahead inc hosp,2021-01-19,06069,quantile,0.35,18.083914339752205
22714,2020-12-27,23 day ahead inc hosp,2021-01-19,06069,quantile,0.4,18.44029579135233
22715,2020-12-27,23 day ahead inc hosp,2021-01-19,06069,quantile,0.45,18.785098970144386
22716,2020-12-27,23 day ahead inc hosp,2021-01-19,06069,quantile,0.5,19.124435424804688
22717,2020-12-27,23 day ahead inc hosp,2021-01-19,06069,quantile,0.55,19.87544130083835
22718,2020-12-27,23 day ahead inc hosp,2021-01-19,06069,quantile,0.6,20.638545912180934
22719,2020-12-27,23 day ahead inc hosp,2021-01-19,06069,quantile,0.65,21.427275094045665
22720,2020-12-27,23 day ahead inc hosp,2021-01-19,06069,quantile,0.7,22.258476848799667
22721,2020-12-27,23 day ahead inc hosp,2021-01-19,06069,quantile,0.75,23.155474231876653
22722,2020-12-27,23 day ahead inc hosp,2021-01-19,06069,quantile,0.8,24.154323354757555
22723,2020-12-27,23 day ahead inc hosp,2021-01-19,06069,quantile,0.85,25.318603998574766
22724,2020-12-27,23 day ahead inc hosp,2021-01-19,06069,quantile,0.9,26.78353490329536
22725,2020-12-27,23 day ahead inc hosp,2021-01-19,06069,quantile,0.95,28.954783180670375
22726,2020-12-27,23 day ahead inc hosp,2021-01-19,06069,quantile,0.975,30.838017254398892
22727,2020-12-27,23 day ahead inc hosp,2021-01-19,06069,quantile,0.99,33.02768385264487
22728,2020-12-27,24 day ahead inc hosp,2021-01-20,06069,point,NA,20.096284866333008
22729,2020-12-27,24 day ahead inc hosp,2021-01-20,06069,quantile,0.01,13.804538473031183
22730,2020-12-27,24 day ahead inc hosp,2021-01-20,06069,quantile,0.025,14.795445525692386
22731,2020-12-27,24 day ahead inc hosp,2021-01-20,06069,quantile,0.05,15.647680257210103
22732,2020-12-27,24 day ahead inc hosp,2021-01-20,06069,quantile,0.1,16.630252322223487
22733,2020-12-27,24 day ahead inc hosp,2021-01-20,06069,quantile,0.15,17.293189029716675
22734,2020-12-27,24 day ahead inc hosp,2021-01-20,06069,quantile,0.2,17.820070109310965
22735,2020-12-27,24 day ahead inc hosp,2021-01-20,06069,quantile,0.25,18.272087161221968
22736,2020-12-27,24 day ahead inc hosp,2021-01-20,06069,quantile,0.3,18.67801244401234
22737,2020-12-27,24 day ahead inc hosp,2021-01-20,06069,quantile,0.35,19.054162713477965
22738,2020-12-27,24 day ahead inc hosp,2021-01-20,06069,quantile,0.4,19.411092535385798
22739,2020-12-27,24 day ahead inc hosp,2021-01-20,06069,quantile,0.45,19.756426268796798
22740,2020-12-27,24 day ahead inc hosp,2021-01-20,06069,quantile,0.5,20.096284866333008
22741,2020-12-27,24 day ahead inc hosp,2021-01-20,06069,quantile,0.55,20.89537612254978
22742,2020-12-27,24 day ahead inc hosp,2021-01-20,06069,quantile,0.6,21.707340771512428
22743,2020-12-27,24 day ahead inc hosp,2021-01-20,06069,quantile,0.65,22.5465706801781
22744,2020-12-27,24 day ahead inc hosp,2021-01-20,06069,quantile,0.7,23.43099259427001
22745,2020-12-27,24 day ahead inc hosp,2021-01-20,06069,quantile,0.75,24.385422897068352
22746,2020-12-27,24 day ahead inc hosp,2021-01-20,06069,quantile,0.8,25.448226299605437
22747,2020-12-27,24 day ahead inc hosp,2021-01-20,06069,quantile,0.85,26.687053467204144
22748,2020-12-27,24 day ahead inc hosp,2021-01-20,06069,quantile,0.9,28.24578092098439
22749,2020-12-27,24 day ahead inc hosp,2021-01-20,06069,quantile,0.95,30.556049813538745
22750,2020-12-27,24 day ahead inc hosp,2021-01-20,06069,quantile,0.975,32.55986353823788
22751,2020-12-27,24 day ahead inc hosp,2021-01-20,06069,quantile,0.99,34.88973003932217
22752,2020-12-27,25 day ahead inc hosp,2021-01-21,06069,point,NA,21.455286026000977
22753,2020-12-27,25 day ahead inc hosp,2021-01-21,06069,quantile,0.01,14.196780307874333
22754,2020-12-27,25 day ahead inc hosp,2021-01-21,06069,quantile,0.025,15.339945346365154
22755,2020-12-27,25 day ahead inc hosp,2021-01-21,06069,quantile,0.05,16.323130345444746
22756,2020-12-27,25 day ahead inc hosp,2021-01-21,06069,quantile,0.1,17.456679682392572
22757,2020-12-27,25 day ahead inc hosp,2021-01-21,06069,quantile,0.15,18.221480038493716
22758,2020-12-27,25 day ahead inc hosp,2021-01-21,06069,quantile,0.2,18.829319116858244
22759,2020-12-27,25 day ahead inc hosp,2021-01-21,06069,quantile,0.25,19.350790923077206
22760,2020-12-27,25 day ahead inc hosp,2021-01-21,06069,quantile,0.3,19.81908872182555
22761,2020-12-27,25 day ahead inc hosp,2021-01-21,06069,quantile,0.35,20.253036422689302
22762,2020-12-27,25 day ahead inc hosp,2021-01-21,06069,quantile,0.4,20.664810354970815
22763,2020-12-27,25 day ahead inc hosp,2021-01-21,06069,quantile,0.45,21.063206399874073
22764,2020-12-27,25 day ahead inc hosp,2021-01-21,06069,quantile,0.5,21.455286026000977
22765,2020-12-27,25 day ahead inc hosp,2021-01-21,06069,quantile,0.55,22.42483913496168
22766,2020-12-27,25 day ahead inc hosp,2021-01-21,06069,quantile,0.6,23.410011784071934
22767,2020-12-27,25 day ahead inc hosp,2021-01-21,06069,quantile,0.65,24.42826590805259
22768,2020-12-27,25 day ahead inc hosp,2021-01-21,06069,quantile,0.7,25.501352379428234
22769,2020-12-27,25 day ahead inc hosp,2021-01-21,06069,quantile,0.75,26.659381403229002
22770,2020-12-27,25 day ahead inc hosp,2021-01-21,06069,quantile,0.8,27.948901636528003
22771,2020-12-27,25 day ahead inc hosp,2021-01-21,06069,quantile,0.85,29.451994959682175
22772,2020-12-27,25 day ahead inc hosp,2021-01-21,06069,quantile,0.9,31.343229580356173
22773,2020-12-27,25 day ahead inc hosp,2021-01-21,06069,quantile,0.95,34.14632418298769
22774,2020-12-27,25 day ahead inc hosp,2021-01-21,06069,quantile,0.975,36.57759071411983
22775,2020-12-27,25 day ahead inc hosp,2021-01-21,06069,quantile,0.99,39.40446347992178
22776,2020-12-27,26 day ahead inc hosp,2021-01-22,06069,point,NA,20.081228256225586
22777,2020-12-27,26 day ahead inc hosp,2021-01-22,06069,quantile,0.01,14.010613100407106
22778,2020-12-27,26 day ahead inc hosp,2021-01-22,06069,quantile,0.025,14.966693494603623
22779,2020-12-27,26 day ahead inc hosp,2021-01-22,06069,quantile,0.05,15.788975378529226
22780,2020-12-27,26 day ahead inc hosp,2021-01-22,06069,quantile,0.1,16.73701372856575
22781,2020-12-27,26 day ahead inc hosp,2021-01-22,06069,quantile,0.15,17.37665070251323
22782,2020-12-27,26 day ahead inc hosp,2021-01-22,06069,quantile,0.2,17.885013892501977
22783,2020-12-27,26 day ahead inc hosp,2021-01-22,06069,quantile,0.25,18.321144243995576
22784,2020-12-27,26 day ahead inc hosp,2021-01-22,06069,quantile,0.3,18.712802778812
22785,2020-12-27,26 day ahead inc hosp,2021-01-22,06069,quantile,0.35,19.07573278010929
22786,2020-12-27,26 day ahead inc hosp,2021-01-22,06069,quantile,0.4,19.420117860338213
22787,2020-12-27,26 day ahead inc hosp,2021-01-22,06069,quantile,0.45,19.753314410995756
22788,2020-12-27,26 day ahead inc hosp,2021-01-22,06069,quantile,0.5,20.081228256225586
22789,2020-12-27,26 day ahead inc hosp,2021-01-22,06069,quantile,0.55,20.977303327282204
22790,2020-12-27,26 day ahead inc hosp,2021-01-22,06069,quantile,0.6,21.88781420429935
22791,2020-12-27,26 day ahead inc hosp,2021-01-22,06069,quantile,0.65,22.828899461070616
22792,2020-12-27,26 day ahead inc hosp,2021-01-22,06069,quantile,0.7,23.82066157002673
22793,2020-12-27,26 day ahead inc hosp,2021-01-22,06069,quantile,0.75,24.890928820162443
22794,2020-12-27,26 day ahead inc hosp,2021-01-22,06069,quantile,0.8,26.08272215670383
22795,2020-12-27,26 day ahead inc hosp,2021-01-22,06069,quantile,0.85,27.471902846139063
22796,2020-12-27,26 day ahead inc hosp,2021-01-22,06069,quantile,0.9,29.219809362494612
22797,2020-12-27,26 day ahead inc hosp,2021-01-22,06069,quantile,0.95,31.810470123640464
22798,2020-12-27,26 day ahead inc hosp,2021-01-22,06069,quantile,0.975,34.05748197838777
22799,2020-12-27,26 day ahead inc hosp,2021-01-22,06069,quantile,0.99,36.670118863436095
22800,2020-12-27,27 day ahead inc hosp,2021-01-23,06069,point,NA,20.49734878540039
22801,2020-12-27,27 day ahead inc hosp,2021-01-23,06069,quantile,0.01,8.910740842606003
22802,2020-12-27,27 day ahead inc hosp,2021-01-23,06069,quantile,0.025,10.73555239876761
22803,2020-12-27,27 day ahead inc hosp,2021-01-23,06069,quantile,0.05,12.30499100802891
22804,2020-12-27,27 day ahead inc hosp,2021-01-23,06069,quantile,0.1,14.114453211555116
22805,2020-12-27,27 day ahead inc hosp,2021-01-23,06069,quantile,0.15,15.335288769833161
22806,2020-12-27,27 day ahead inc hosp,2021-01-23,06069,quantile,0.2,16.305570170277782
22807,2020-12-27,27 day ahead inc hosp,2021-01-23,06069,quantile,0.25,17.137985216365177
22808,2020-12-27,27 day ahead inc hosp,2021-01-23,06069,quantile,0.3,17.8855196546202
22809,2020-12-27,27 day ahead inc hosp,2021-01-23,06069,quantile,0.35,18.57822171656512
22810,2020-12-27,27 day ahead inc hosp,2021-01-23,06069,quantile,0.4,19.23552823386852
22811,2020-12-27,27 day ahead inc hosp,2021-01-23,06069,quantile,0.45,19.871479896305914
22812,2020-12-27,27 day ahead inc hosp,2021-01-23,06069,quantile,0.5,20.49734878540039
22813,2020-12-27,27 day ahead inc hosp,2021-01-23,06069,quantile,0.55,21.42717487475247
22814,2020-12-27,27 day ahead inc hosp,2021-01-23,06069,quantile,0.6,22.371980500347085
22815,2020-12-27,27 day ahead inc hosp,2021-01-23,06069,quantile,0.65,23.34851210167676
22816,2020-12-27,27 day ahead inc hosp,2021-01-23,06069,quantile,0.7,24.3776293186649
22817,2020-12-27,27 day ahead inc hosp,2021-01-23,06069,quantile,0.75,25.48820860370386
22818,2020-12-27,27 day ahead inc hosp,2021-01-23,06069,quantile,0.8,26.72489130276103
22819,2020-12-27,27 day ahead inc hosp,2021-01-23,06069,quantile,0.85,28.16639602662068
22820,2020-12-27,27 day ahead inc hosp,2021-01-23,06069,quantile,0.9,29.98013812608503
22821,2020-12-27,27 day ahead inc hosp,2021-01-23,06069,quantile,0.95,32.66837713884284
22822,2020-12-27,27 day ahead inc hosp,2021-01-23,06069,quantile,0.975,35.00002357463063
22823,2020-12-27,27 day ahead inc hosp,2021-01-23,06069,quantile,0.99,37.71106645059966
22824,2020-12-27,28 day ahead inc hosp,2021-01-24,06069,point,NA,20.39478874206543
22825,2020-12-27,28 day ahead inc hosp,2021-01-24,06069,quantile,0.01,8.967525742658298
22826,2020-12-27,28 day ahead inc hosp,2021-01-24,06069,quantile,0.025,10.767241559364095
22827,2020-12-27,28 day ahead inc hosp,2021-01-24,06069,quantile,0.05,12.315096448214968
22828,2020-12-27,28 day ahead inc hosp,2021-01-24,06069,quantile,0.1,14.099674004413345
22829,2020-12-27,28 day ahead inc hosp,2021-01-24,06069,quantile,0.15,15.30372000927943
22830,2020-12-27,28 day ahead inc hosp,2021-01-24,06069,quantile,0.2,16.260657604911906
22831,2020-12-27,28 day ahead inc hosp,2021-01-24,06069,quantile,0.25,17.08162485462538
22832,2020-12-27,28 day ahead inc hosp,2021-01-24,06069,quantile,0.3,17.818878817927608
22833,2020-12-27,28 day ahead inc hosp,2021-01-24,06069,quantile,0.35,18.502054487731723
22834,2020-12-27,28 day ahead inc hosp,2021-01-24,06069,quantile,0.4,19.150321390481416
22835,2020-12-27,28 day ahead inc hosp,2021-01-24,06069,quantile,0.45,19.77752712122349
22836,2020-12-27,28 day ahead inc hosp,2021-01-24,06069,quantile,0.5,20.39478874206543
22837,2020-12-27,28 day ahead inc hosp,2021-01-24,06069,quantile,0.55,21.275215405644698
22838,2020-12-27,28 day ahead inc hosp,2021-01-24,06069,quantile,0.6,22.16982577870148
22839,2020-12-27,28 day ahead inc hosp,2021-01-24,06069,quantile,0.65,23.094476602639435
22840,2020-12-27,28 day ahead inc hosp,2021-01-24,06069,quantile,0.7,24.068919294838157
22841,2020-12-27,28 day ahead inc hosp,2021-01-24,06069,quantile,0.75,25.120496171163964
22842,2020-12-27,28 day ahead inc hosp,2021-01-24,06069,quantile,0.8,26.29147689014531
22843,2020-12-27,28 day ahead inc hosp,2021-01-24,06069,quantile,0.85,27.656397931934823
22844,2020-12-27,28 day ahead inc hosp,2021-01-24,06069,quantile,0.9,29.373780272042513
22845,2020-12-27,28 day ahead inc hosp,2021-01-24,06069,quantile,0.95,31.91919960583989
22846,2020-12-27,28 day ahead inc hosp,2021-01-24,06069,quantile,0.975,34.126971269396456
22847,2020-12-27,28 day ahead inc hosp,2021-01-24,06069,quantile,0.99,36.69398295194988
22848,2020-12-27,1 day ahead inc hosp,2020-12-28,06071,point,NA,1787.8404541015625
22849,2020-12-27,1 day ahead inc hosp,2020-12-28,06071,quantile,0.01,1195.059746807357
22850,2020-12-27,1 day ahead inc hosp,2020-12-28,06071,quantile,0.025,1288.4186565314774
22851,2020-12-27,1 day ahead inc hosp,2020-12-28,06071,quantile,0.05,1368.7124693061915
22852,2020-12-27,1 day ahead inc hosp,2020-12-28,06071,quantile,0.1,1461.2860931074047
22853,2020-12-27,1 day ahead inc hosp,2020-12-28,06071,quantile,0.15,1523.745077591818
22854,2020-12-27,1 day ahead inc hosp,2020-12-28,06071,quantile,0.2,1573.3854984699287
22855,2020-12-27,1 day ahead inc hosp,2020-12-28,06071,quantile,0.25,1615.9725595164614
22856,2020-12-27,1 day ahead inc hosp,2020-12-28,06071,quantile,0.3,1654.217056544702
22857,2020-12-27,1 day ahead inc hosp,2020-12-28,06071,quantile,0.35,1689.6562826107938
22858,2020-12-27,1 day ahead inc hosp,2020-12-28,06071,quantile,0.4,1723.284642538042
22859,2020-12-27,1 day ahead inc hosp,2020-12-28,06071,quantile,0.45,1755.8204699454932
22860,2020-12-27,1 day ahead inc hosp,2020-12-28,06071,quantile,0.5,1787.8404541015625
22861,2020-12-27,1 day ahead inc hosp,2020-12-28,06071,quantile,0.55,1873.8210784158116
22862,2020-12-27,1 day ahead inc hosp,2020-12-28,06071,quantile,0.6,1961.186854096343
22863,2020-12-27,1 day ahead inc hosp,2020-12-28,06071,quantile,0.65,2051.4863173039475
22864,2020-12-27,1 day ahead inc hosp,2020-12-28,06071,quantile,0.7,2146.6483500996073
22865,2020-12-27,1 day ahead inc hosp,2020-12-28,06071,quantile,0.75,2249.3431457948545
22866,2020-12-27,1 day ahead inc hosp,2020-12-28,06071,quantile,0.8,2363.6986707271126
22867,2020-12-27,1 day ahead inc hosp,2020-12-28,06071,quantile,0.85,2496.9940014655276
22868,2020-12-27,1 day ahead inc hosp,2020-12-28,06071,quantile,0.9,2664.7099645287367
22869,2020-12-27,1 day ahead inc hosp,2020-12-28,06071,quantile,0.95,2913.290286450977
22870,2020-12-27,1 day ahead inc hosp,2020-12-28,06071,quantile,0.975,3128.89664394609
22871,2020-12-27,1 day ahead inc hosp,2020-12-28,06071,quantile,0.99,3379.5856294325486
22872,2020-12-27,2 day ahead inc hosp,2020-12-29,06071,point,NA,1857.9122314453125
22873,2020-12-27,2 day ahead inc hosp,2020-12-29,06071,quantile,0.01,1201.812911325378
22874,2020-12-27,2 day ahead inc hosp,2020-12-29,06071,quantile,0.025,1305.1440697848473
22875,2020-12-27,2 day ahead inc hosp,2020-12-29,06071,quantile,0.05,1394.014566619659
22876,2020-12-27,2 day ahead inc hosp,2020-12-29,06071,quantile,0.1,1496.4765578579631
22877,2020-12-27,2 day ahead inc hosp,2020-12-29,06071,quantile,0.15,1565.6071769070518
22878,2020-12-27,2 day ahead inc hosp,2020-12-29,06071,quantile,0.2,1620.5500014420472
22879,2020-12-27,2 day ahead inc hosp,2020-12-29,06071,quantile,0.25,1667.6860526912126
22880,2020-12-27,2 day ahead inc hosp,2020-12-29,06071,quantile,0.3,1710.01568351387
22881,2020-12-27,2 day ahead inc hosp,2020-12-29,06071,quantile,0.35,1749.2403948471276
22882,2020-12-27,2 day ahead inc hosp,2020-12-29,06071,quantile,0.4,1786.4608101095046
22883,2020-12-27,2 day ahead inc hosp,2020-12-29,06071,quantile,0.45,1822.471992624211
22884,2020-12-27,2 day ahead inc hosp,2020-12-29,06071,quantile,0.5,1857.9122314453125
22885,2020-12-27,2 day ahead inc hosp,2020-12-29,06071,quantile,0.55,1930.7358504380454
22886,2020-12-27,2 day ahead inc hosp,2020-12-29,06071,quantile,0.6,2004.732660904438
22887,2020-12-27,2 day ahead inc hosp,2020-12-29,06071,quantile,0.65,2081.214237495981
22888,2020-12-27,2 day ahead inc hosp,2020-12-29,06071,quantile,0.7,2161.8142991279665
22889,2020-12-27,2 day ahead inc hosp,2020-12-29,06071,quantile,0.75,2248.794438361589
22890,2020-12-27,2 day ahead inc hosp,2020-12-29,06071,quantile,0.8,2345.650948113643
22891,2020-12-27,2 day ahead inc hosp,2020-12-29,06071,quantile,0.85,2458.5490394757912
22892,2020-12-27,2 day ahead inc hosp,2020-12-29,06071,quantile,0.9,2600.6006178462253
22893,2020-12-27,2 day ahead inc hosp,2020-12-29,06071,quantile,0.95,2811.1424555815915
22894,2020-12-27,2 day ahead inc hosp,2020-12-29,06071,quantile,0.975,2993.7561008750813
22895,2020-12-27,2 day ahead inc hosp,2020-12-29,06071,quantile,0.99,3206.0839283402174
22896,2020-12-27,3 day ahead inc hosp,2020-12-30,06071,point,NA,1909.404052734375
22897,2020-12-27,3 day ahead inc hosp,2020-12-30,06071,quantile,0.01,1270.8983773624016
22898,2020-12-27,3 day ahead inc hosp,2020-12-30,06071,quantile,0.025,1371.4586570271802
22899,2020-12-27,3 day ahead inc hosp,2020-12-30,06071,quantile,0.05,1457.9460452350836
22900,2020-12-27,3 day ahead inc hosp,2020-12-30,06071,quantile,0.1,1557.6604648501068
22901,2020-12-27,3 day ahead inc hosp,2020-12-30,06071,quantile,0.15,1624.9373103690937
22902,2020-12-27,3 day ahead inc hosp,2020-12-30,06071,quantile,0.2,1678.4068144681805
22903,2020-12-27,3 day ahead inc hosp,2020-12-30,06071,quantile,0.25,1724.2788879702757
22904,2020-12-27,3 day ahead inc hosp,2020-12-30,06071,quantile,0.3,1765.4734277111897
22905,2020-12-27,3 day ahead inc hosp,2020-12-30,06071,quantile,0.35,1803.6463079948242
22906,2020-12-27,3 day ahead inc hosp,2020-12-30,06071,quantile,0.4,1839.8686384498917
22907,2020-12-27,3 day ahead inc hosp,2020-12-30,06071,quantile,0.45,1874.9141623627847
22908,2020-12-27,3 day ahead inc hosp,2020-12-30,06071,quantile,0.5,1909.404052734375
22909,2020-12-27,3 day ahead inc hosp,2020-12-30,06071,quantile,0.55,1988.8944341503743
22910,2020-12-27,3 day ahead inc hosp,2020-12-30,06071,quantile,0.6,2069.66540885472
22911,2020-12-27,3 day ahead inc hosp,2020-12-30,06071,quantile,0.65,2153.1486218376585
22912,2020-12-27,3 day ahead inc hosp,2020-12-30,06071,quantile,0.7,2241.127353599382
22913,2020-12-27,3 day ahead inc hosp,2020-12-30,06071,quantile,0.75,2336.0702380499247
22914,2020-12-27,3 day ahead inc hosp,2020-12-30,06071,quantile,0.8,2441.793642205128
22915,2020-12-27,3 day ahead inc hosp,2020-12-30,06071,quantile,0.85,2565.0271819226614
22916,2020-12-27,3 day ahead inc hosp,2020-12-30,06071,quantile,0.9,2720.083114346691
22917,2020-12-27,3 day ahead inc hosp,2020-12-30,06071,quantile,0.95,2949.899363759945
22918,2020-12-27,3 day ahead inc hosp,2020-12-30,06071,quantile,0.975,3149.2306867143025
22919,2020-12-27,3 day ahead inc hosp,2020-12-30,06071,quantile,0.99,3380.996427333681
22920,2020-12-27,4 day ahead inc hosp,2020-12-31,06071,point,NA,2041.2689208984375
22921,2020-12-27,4 day ahead inc hosp,2020-12-31,06071,quantile,0.01,1316.9820784458307
22922,2020-12-27,4 day ahead inc hosp,2020-12-31,06071,quantile,0.025,1431.052305608843
22923,2020-12-27,4 day ahead inc hosp,2020-12-31,06071,quantile,0.05,1529.1589939802222
22924,2020-12-27,4 day ahead inc hosp,2020-12-31,06071,quantile,0.1,1642.2697225385632
22925,2020-12-27,4 day ahead inc hosp,2020-12-31,06071,quantile,0.15,1718.584994102487
22926,2020-12-27,4 day ahead inc hosp,2020-12-31,06071,quantile,0.2,1779.2379526981535
22927,2020-12-27,4 day ahead inc hosp,2020-12-31,06071,quantile,0.25,1831.2727905313973
22928,2020-12-27,4 day ahead inc hosp,2020-12-31,06071,quantile,0.3,1878.0016831099215
22929,2020-12-27,4 day ahead inc hosp,2020-12-31,06071,quantile,0.35,1921.3029660810525
22930,2020-12-27,4 day ahead inc hosp,2020-12-31,06071,quantile,0.4,1962.391649178962
22931,2020-12-27,4 day ahead inc hosp,2020-12-31,06071,quantile,0.45,2002.145425591645
22932,2020-12-27,4 day ahead inc hosp,2020-12-31,06071,quantile,0.5,2041.2689208984375
22933,2020-12-27,4 day ahead inc hosp,2020-12-31,06071,quantile,0.55,2139.202022405404
22934,2020-12-27,4 day ahead inc hosp,2020-12-31,06071,quantile,0.6,2238.7128301739676
22935,2020-12-27,4 day ahead inc hosp,2020-12-31,06071,quantile,0.65,2341.56514797075
22936,2020-12-27,4 day ahead inc hosp,2020-12-31,06071,quantile,0.7,2449.955998720157
22937,2020-12-27,4 day ahead inc hosp,2020-12-31,06071,quantile,0.75,2566.9267689520852
22938,2020-12-27,4 day ahead inc hosp,2020-12-31,06071,quantile,0.8,2697.179268516889
22939,2020-12-27,4 day ahead inc hosp,2020-12-31,06071,quantile,0.85,2849.004464713405
22940,2020-12-27,4 day ahead inc hosp,2020-12-31,06071,quantile,0.9,3040.0352296794354
22941,2020-12-27,4 day ahead inc hosp,2020-12-31,06071,quantile,0.95,3323.171600153669
22942,2020-12-27,4 day ahead inc hosp,2020-12-31,06071,quantile,0.975,3568.750176286628
22943,2020-12-27,4 day ahead inc hosp,2020-12-31,06071,quantile,0.99,3854.2883432647322
22944,2020-12-27,5 day ahead inc hosp,2021-01-01,06071,point,NA,1984.684814453125
22945,2020-12-27,5 day ahead inc hosp,2021-01-01,06071,quantile,0.01,1341.8157459327622
22946,2020-12-27,5 day ahead inc hosp,2021-01-01,06071,quantile,0.025,1443.063230194483
22947,2020-12-27,5 day ahead inc hosp,2021-01-01,06071,quantile,0.05,1530.1416522673694
22948,2020-12-27,5 day ahead inc hosp,2021-01-01,06071,quantile,0.1,1630.5374960766103
22949,2020-12-27,5 day ahead inc hosp,2021-01-01,06071,quantile,0.15,1698.2740952643671
22950,2020-12-27,5 day ahead inc hosp,2021-01-01,06071,quantile,0.2,1752.1089970049047
22951,2020-12-27,5 day ahead inc hosp,2021-01-01,06071,quantile,0.25,1798.2945491477415
22952,2020-12-27,5 day ahead inc hosp,2021-01-01,06071,quantile,0.3,1839.770602396506
22953,2020-12-27,5 day ahead inc hosp,2021-01-01,06071,quantile,0.35,1878.204346899064
22954,2020-12-27,5 day ahead inc hosp,2021-01-01,06071,quantile,0.4,1914.6742119879218
22955,2020-12-27,5 day ahead inc hosp,2021-01-01,06071,quantile,0.45,1949.959228523702
22956,2020-12-27,5 day ahead inc hosp,2021-01-01,06071,quantile,0.5,1984.684814453125
22957,2020-12-27,5 day ahead inc hosp,2021-01-01,06071,quantile,0.55,2079.357370623727
22958,2020-12-27,5 day ahead inc hosp,2021-01-01,06071,quantile,0.6,2175.5551055375063
22959,2020-12-27,5 day ahead inc hosp,2021-01-01,06071,quantile,0.65,2274.983099587096
22960,2020-12-27,5 day ahead inc hosp,2021-01-01,06071,quantile,0.7,2379.7652288983245
22961,2020-12-27,5 day ahead inc hosp,2021-01-01,06071,quantile,0.75,2492.841621299857
22962,2020-12-27,5 day ahead inc hosp,2021-01-01,06071,quantile,0.8,2618.75754647387
22963,2020-12-27,5 day ahead inc hosp,2021-01-01,06071,quantile,0.85,2765.5279355848998
22964,2020-12-27,5 day ahead inc hosp,2021-01-01,06071,quantile,0.9,2950.198599009903
22965,2020-12-27,5 day ahead inc hosp,2021-01-01,06071,quantile,0.95,3223.9083409172963
22966,2020-12-27,5 day ahead inc hosp,2021-01-01,06071,quantile,0.975,3461.3107225991453
22967,2020-12-27,5 day ahead inc hosp,2021-01-01,06071,quantile,0.99,3737.3422965625464
22968,2020-12-27,6 day ahead inc hosp,2021-01-02,06071,point,NA,2095.1953125
22969,2020-12-27,6 day ahead inc hosp,2021-01-02,06071,quantile,0.01,844.7677114123899
22970,2020-12-27,6 day ahead inc hosp,2021-01-02,06071,quantile,0.025,1041.7015118718361
22971,2020-12-27,6 day ahead inc hosp,2021-01-02,06071,quantile,0.05,1211.075444684789
22972,2020-12-27,6 day ahead inc hosp,2021-01-02,06071,quantile,0.1,1406.3527418527724
22973,2020-12-27,6 day ahead inc hosp,2021-01-02,06071,quantile,0.15,1538.1054071709623
22974,2020-12-27,6 day ahead inc hosp,2021-01-02,06071,quantile,0.2,1642.818248921374
22975,2020-12-27,6 day ahead inc hosp,2021-01-02,06071,quantile,0.25,1732.6525433350039
22976,2020-12-27,6 day ahead inc hosp,2021-01-02,06071,quantile,0.3,1813.3265161640327
22977,2020-12-27,6 day ahead inc hosp,2021-01-02,06071,quantile,0.35,1888.0829748154963
22978,2020-12-27,6 day ahead inc hosp,2021-01-02,06071,quantile,0.4,1959.019543625705
22979,2020-12-27,6 day ahead inc hosp,2021-01-02,06071,quantile,0.45,2027.6514948918043
22980,2020-12-27,6 day ahead inc hosp,2021-01-02,06071,quantile,0.5,2095.1953125
22981,2020-12-27,6 day ahead inc hosp,2021-01-02,06071,quantile,0.55,2191.376341716059
22982,2020-12-27,6 day ahead inc hosp,2021-01-02,06071,quantile,0.6,2289.1068512376123
22983,2020-12-27,6 day ahead inc hosp,2021-01-02,06071,quantile,0.65,2390.119089497503
22984,2020-12-27,6 day ahead inc hosp,2021-01-02,06071,quantile,0.7,2496.570773578402
22985,2020-12-27,6 day ahead inc hosp,2021-01-02,06071,quantile,0.75,2611.4488780801953
22986,2020-12-27,6 day ahead inc hosp,2021-01-02,06071,quantile,0.8,2739.3710951174653
22987,2020-12-27,6 day ahead inc hosp,2021-01-02,06071,quantile,0.85,2888.480062426871
22988,2020-12-27,6 day ahead inc hosp,2021-01-02,06071,quantile,0.9,3076.093191222316
22989,2020-12-27,6 day ahead inc hosp,2021-01-02,06071,quantile,0.95,3354.1641100604575
22990,2020-12-27,6 day ahead inc hosp,2021-01-02,06071,quantile,0.975,3595.3491623300642
22991,2020-12-27,6 day ahead inc hosp,2021-01-02,06071,quantile,0.99,3875.7789083283305
22992,2020-12-27,7 day ahead inc hosp,2021-01-03,06071,point,NA,2036.7783203125
22993,2020-12-27,7 day ahead inc hosp,2021-01-03,06071,quantile,0.01,813.1555457635436
22994,2020-12-27,7 day ahead inc hosp,2021-01-03,06071,quantile,0.025,1005.8677692549818
22995,2020-12-27,7 day ahead inc hosp,2021-01-03,06071,quantile,0.05,1171.6109129800484
22996,2020-12-27,7 day ahead inc hosp,2021-01-03,06071,quantile,0.1,1362.7021428595517
22997,2020-12-27,7 day ahead inc hosp,2021-01-03,06071,quantile,0.15,1491.6304884516035
22998,2020-12-27,7 day ahead inc hosp,2021-01-03,06071,quantile,0.2,1594.0986504164382
22999,2020-12-27,7 day ahead inc hosp,2021-01-03,06071,quantile,0.25,1682.0072094441205
23000,2020-12-27,7 day ahead inc hosp,2021-01-03,06071,quantile,0.3,1760.9518123792145
23001,2020-12-27,7 day ahead inc hosp,2021-01-03,06071,quantile,0.35,1834.1057520963122
23002,2020-12-27,7 day ahead inc hosp,2021-01-03,06071,quantile,0.4,1903.5216871484758
23003,2020-12-27,7 day ahead inc hosp,2021-01-03,06071,quantile,0.45,1970.6824076555158
23004,2020-12-27,7 day ahead inc hosp,2021-01-03,06071,quantile,0.5,2036.7783203125
23005,2020-12-27,7 day ahead inc hosp,2021-01-03,06071,quantile,0.55,2132.1907858942627
23006,2020-12-27,7 day ahead inc hosp,2021-01-03,06071,quantile,0.6,2229.1403501900095
23007,2020-12-27,7 day ahead inc hosp,2021-01-03,06071,quantile,0.65,2329.345419577013
23008,2020-12-27,7 day ahead inc hosp,2021-01-03,06071,quantile,0.7,2434.946469246314
23009,2020-12-27,7 day ahead inc hosp,2021-01-03,06071,quantile,0.75,2548.906605472902
23010,2020-12-27,7 day ahead inc hosp,2021-01-03,06071,quantile,0.8,2675.8066213044376
23011,2020-12-27,7 day ahead inc hosp,2021-01-03,06071,quantile,0.85,2823.724088265433
23012,2020-12-27,7 day ahead inc hosp,2021-01-03,06071,quantile,0.9,3009.838037552362
23013,2020-12-27,7 day ahead inc hosp,2021-01-03,06071,quantile,0.95,3285.6869465231084
23014,2020-12-27,7 day ahead inc hosp,2021-01-03,06071,quantile,0.975,3524.944736609922
23015,2020-12-27,7 day ahead inc hosp,2021-01-03,06071,quantile,0.99,3803.1336238181975
23016,2020-12-27,8 day ahead inc hosp,2021-01-04,06071,point,NA,1796.66796875
23017,2020-12-27,8 day ahead inc hosp,2021-01-04,06071,quantile,0.01,1173.4810612666156
23018,2020-12-27,8 day ahead inc hosp,2021-01-04,06071,quantile,0.025,1271.6287396932003
23019,2020-12-27,8 day ahead inc hosp,2021-01-04,06071,quantile,0.05,1356.0411577381913
23020,2020-12-27,8 day ahead inc hosp,2021-01-04,06071,quantile,0.1,1453.363269644535
23021,2020-12-27,8 day ahead inc hosp,2021-01-04,06071,quantile,0.15,1519.026036509982
23022,2020-12-27,8 day ahead inc hosp,2021-01-04,06071,quantile,0.2,1571.2127220625703
23023,2020-12-27,8 day ahead inc hosp,2021-01-04,06071,quantile,0.25,1615.9842514760987
23024,2020-12-27,8 day ahead inc hosp,2021-01-04,06071,quantile,0.3,1656.1904686117348
23025,2020-12-27,8 day ahead inc hosp,2021-01-04,06071,quantile,0.35,1693.4475207120674
23026,2020-12-27,8 day ahead inc hosp,2021-01-04,06071,quantile,0.4,1728.8008197802146
23027,2020-12-27,8 day ahead inc hosp,2021-01-04,06071,quantile,0.45,1763.005545769044
23028,2020-12-27,8 day ahead inc hosp,2021-01-04,06071,quantile,0.5,1796.66796875
23029,2020-12-27,8 day ahead inc hosp,2021-01-04,06071,quantile,0.55,1877.29375074846
23030,2020-12-27,8 day ahead inc hosp,2021-01-04,06071,quantile,0.6,1959.2184173849819
23031,2020-12-27,8 day ahead inc hosp,2021-01-04,06071,quantile,0.65,2043.8940625459782
23032,2020-12-27,8 day ahead inc hosp,2021-01-04,06071,quantile,0.7,2133.1294382123733
23033,2020-12-27,8 day ahead inc hosp,2021-01-04,06071,quantile,0.75,2229.4284390179437
23034,2020-12-27,8 day ahead inc hosp,2021-01-04,06071,quantile,0.8,2336.6619430433357
23035,2020-12-27,8 day ahead inc hosp,2021-01-04,06071,quantile,0.85,2461.655688590575
23036,2020-12-27,8 day ahead inc hosp,2021-01-04,06071,quantile,0.9,2618.9263618782443
23037,2020-12-27,8 day ahead inc hosp,2021-01-04,06071,quantile,0.95,2852.0251908790488
23038,2020-12-27,8 day ahead inc hosp,2021-01-04,06071,quantile,0.975,3054.2036620814515
23039,2020-12-27,8 day ahead inc hosp,2021-01-04,06071,quantile,0.99,3289.2798278391438
23040,2020-12-27,9 day ahead inc hosp,2021-01-05,06071,point,NA,1854.27978515625
23041,2020-12-27,9 day ahead inc hosp,2021-01-05,06071,quantile,0.01,1195.2648627874414
23042,2020-12-27,9 day ahead inc hosp,2021-01-05,06071,quantile,0.025,1299.0552086728753
23043,2020-12-27,9 day ahead inc hosp,2021-01-05,06071,quantile,0.05,1388.3206320264082
23044,2020-12-27,9 day ahead inc hosp,2021-01-05,06071,quantile,0.1,1491.2379482481674
23045,2020-12-27,9 day ahead inc hosp,2021-01-05,06071,quantile,0.15,1560.6757729019332
23046,2020-12-27,9 day ahead inc hosp,2021-01-05,06071,quantile,0.2,1615.86275471291
23047,2020-12-27,9 day ahead inc hosp,2021-01-05,06071,quantile,0.25,1663.208271164691
23048,2020-12-27,9 day ahead inc hosp,2021-01-05,06071,quantile,0.3,1705.726008213092
23049,2020-12-27,9 day ahead inc hosp,2021-01-05,06071,quantile,0.35,1745.1250279979324
23050,2020-12-27,9 day ahead inc hosp,2021-01-05,06071,quantile,0.4,1782.510844935201
23051,2020-12-27,9 day ahead inc hosp,2021-01-05,06071,quantile,0.45,1818.6820554845428
23052,2020-12-27,9 day ahead inc hosp,2021-01-05,06071,quantile,0.5,1854.27978515625
23053,2020-12-27,9 day ahead inc hosp,2021-01-05,06071,quantile,0.55,1926.1398522077352
23054,2020-12-27,9 day ahead inc hosp,2021-01-05,06071,quantile,0.6,1999.1575878717872
23055,2020-12-27,9 day ahead inc hosp,2021-01-05,06071,quantile,0.65,2074.6272129479594
23056,2020-12-27,9 day ahead inc hosp,2021-01-05,06071,quantile,0.7,2154.160830108709
23057,2020-12-27,9 day ahead inc hosp,2021-01-05,06071,quantile,0.75,2239.9901080810023
23058,2020-12-27,9 day ahead inc hosp,2021-01-05,06071,quantile,0.8,2335.5650792431743
23059,2020-12-27,9 day ahead inc hosp,2021-01-05,06071,quantile,0.85,2446.9693808623815
23060,2020-12-27,9 day ahead inc hosp,2021-01-05,06071,quantile,0.9,2587.1414306404536
23061,2020-12-27,9 day ahead inc hosp,2021-01-05,06071,quantile,0.95,2794.897523870537
23062,2020-12-27,9 day ahead inc hosp,2021-01-05,06071,quantile,0.975,2975.0949512548564
23063,2020-12-27,9 day ahead inc hosp,2021-01-05,06071,quantile,0.99,3184.613403229393
23064,2020-12-27,10 day ahead inc hosp,2021-01-06,06071,point,NA,1831.31982421875
23065,2020-12-27,10 day ahead inc hosp,2021-01-06,06071,quantile,0.01,1180.3693804283084
23066,2020-12-27,10 day ahead inc hosp,2021-01-06,06071,quantile,0.025,1282.8896260586134
23067,2020-12-27,10 day ahead inc hosp,2021-01-06,06071,quantile,0.05,1371.0626931240126
23068,2020-12-27,10 day ahead inc hosp,2021-01-06,06071,quantile,0.1,1472.7205925042986
23069,2020-12-27,10 day ahead inc hosp,2021-01-06,06071,quantile,0.15,1541.3086945942173
23070,2020-12-27,10 day ahead inc hosp,2021-01-06,06071,quantile,0.2,1595.820343848202
23071,2020-12-27,10 day ahead inc hosp,2021-01-06,06071,quantile,0.25,1642.5864850988348
23072,2020-12-27,10 day ahead inc hosp,2021-01-06,06071,quantile,0.3,1684.5839253102613
23073,2020-12-27,10 day ahead inc hosp,2021-01-06,06071,quantile,0.35,1723.5008125359157
23074,2020-12-27,10 day ahead inc hosp,2021-01-06,06071,quantile,0.4,1760.4291328223624
23075,2020-12-27,10 day ahead inc hosp,2021-01-06,06071,quantile,0.45,1796.1577100674685
23076,2020-12-27,10 day ahead inc hosp,2021-01-06,06071,quantile,0.5,1831.31982421875
23077,2020-12-27,10 day ahead inc hosp,2021-01-06,06071,quantile,0.55,1911.013362236037
23078,2020-12-27,10 day ahead inc hosp,2021-01-06,06071,quantile,0.6,1991.9907664028074
23079,2020-12-27,10 day ahead inc hosp,2021-01-06,06071,quantile,0.65,2075.687340619043
23080,2020-12-27,10 day ahead inc hosp,2021-01-06,06071,quantile,0.7,2163.890922982964
23081,2020-12-27,10 day ahead inc hosp,2021-01-06,06071,quantile,0.75,2259.0764565864965
23082,2020-12-27,10 day ahead inc hosp,2021-01-06,06071,quantile,0.8,2365.0700620803036
23083,2020-12-27,10 day ahead inc hosp,2021-01-06,06071,quantile,0.85,2488.618554458117
23084,2020-12-27,10 day ahead inc hosp,2021-01-06,06071,quantile,0.9,2644.0707692458705
23085,2020-12-27,10 day ahead inc hosp,2021-01-06,06071,quantile,0.95,2874.4743688179706
23086,2020-12-27,10 day ahead inc hosp,2021-01-06,06071,quantile,0.975,3074.3151304412613
23087,2020-12-27,10 day ahead inc hosp,2021-01-06,06071,quantile,0.99,3306.673203608558
23088,2020-12-27,11 day ahead inc hosp,2021-01-07,06071,point,NA,1845.0714111328125
23089,2020-12-27,11 day ahead inc hosp,2021-01-07,06071,quantile,0.01,1091.8369150577453
23090,2020-12-27,11 day ahead inc hosp,2021-01-07,06071,quantile,0.025,1210.4661998081751
23091,2020-12-27,11 day ahead inc hosp,2021-01-07,06071,quantile,0.05,1312.493929218219
23092,2020-12-27,11 day ahead inc hosp,2021-01-07,06071,quantile,0.1,1430.1253669754228
23093,2020-12-27,11 day ahead inc hosp,2021-01-07,06071,quantile,0.15,1509.4907395737046
23094,2020-12-27,11 day ahead inc hosp,2021-01-07,06071,quantile,0.2,1572.567821781308
23095,2020-12-27,11 day ahead inc hosp,2021-01-07,06071,quantile,0.25,1626.6823418255346
23096,2020-12-27,11 day ahead inc hosp,2021-01-07,06071,quantile,0.3,1675.2788533048024
23097,2020-12-27,11 day ahead inc hosp,2021-01-07,06071,quantile,0.35,1720.3107635183283
23098,2020-12-27,11 day ahead inc hosp,2021-01-07,06071,quantile,0.4,1763.0416426308632
23099,2020-12-27,11 day ahead inc hosp,2021-01-07,06071,quantile,0.45,1804.384262692676
23100,2020-12-27,11 day ahead inc hosp,2021-01-07,06071,quantile,0.5,1845.0714111328125
23101,2020-12-27,11 day ahead inc hosp,2021-01-07,06071,quantile,0.55,1942.8859151418283
23102,2020-12-27,11 day ahead inc hosp,2021-01-07,06071,quantile,0.6,2042.27621480191
23103,2020-12-27,11 day ahead inc hosp,2021-01-07,06071,quantile,0.65,2145.003977904096
23104,2020-12-27,11 day ahead inc hosp,2021-01-07,06071,quantile,0.7,2253.2635667665436
23105,2020-12-27,11 day ahead inc hosp,2021-01-07,06071,quantile,0.75,2370.09268478416
23106,2020-12-27,11 day ahead inc hosp,2021-01-07,06071,quantile,0.8,2500.1874478909895
23107,2020-12-27,11 day ahead inc hosp,2021-01-07,06071,quantile,0.85,2651.828782981121
23108,2020-12-27,11 day ahead inc hosp,2021-01-07,06071,quantile,0.9,2842.628208692008
23109,2020-12-27,11 day ahead inc hosp,2021-01-07,06071,quantile,0.95,3125.4216995412694
23110,2020-12-27,11 day ahead inc hosp,2021-01-07,06071,quantile,0.975,3370.702878734569
23111,2020-12-27,11 day ahead inc hosp,2021-01-07,06071,quantile,0.99,3655.895257499578
23112,2020-12-27,12 day ahead inc hosp,2021-01-08,06071,point,NA,1822.27294921875
23113,2020-12-27,12 day ahead inc hosp,2021-01-08,06071,quantile,0.01,1166.6416248625387
23114,2020-12-27,12 day ahead inc hosp,2021-01-08,06071,quantile,0.025,1269.8990771879871
23115,2020-12-27,12 day ahead inc hosp,2021-01-08,06071,quantile,0.05,1358.706182681331
23116,2020-12-27,12 day ahead inc hosp,2021-01-08,06071,quantile,0.1,1461.0950877627504
23117,2020-12-27,12 day ahead inc hosp,2021-01-08,06071,quantile,0.15,1530.1763959287664
23118,2020-12-27,12 day ahead inc hosp,2021-01-08,06071,quantile,0.2,1585.0800297370824
23119,2020-12-27,12 day ahead inc hosp,2021-01-08,06071,quantile,0.25,1632.1824588323652
23120,2020-12-27,12 day ahead inc hosp,2021-01-08,06071,quantile,0.3,1674.4818959217
23121,2020-12-27,12 day ahead inc hosp,2021-01-08,06071,quantile,0.35,1713.6786282612682
23122,2020-12-27,12 day ahead inc hosp,2021-01-08,06071,quantile,0.4,1750.8724941947057
23123,2020-12-27,12 day ahead inc hosp,2021-01-08,06071,quantile,0.45,1786.8579899264103
23124,2020-12-27,12 day ahead inc hosp,2021-01-08,06071,quantile,0.5,1822.27294921875
23125,2020-12-27,12 day ahead inc hosp,2021-01-08,06071,quantile,0.55,1916.7948866436527
23126,2020-12-27,12 day ahead inc hosp,2021-01-08,06071,quantile,0.6,2012.839576337593
23127,2020-12-27,12 day ahead inc hosp,2021-01-08,06071,quantile,0.65,2112.1093860055953
23128,2020-12-27,12 day ahead inc hosp,2021-01-08,06071,quantile,0.7,2216.724812805273
23129,2020-12-27,12 day ahead inc hosp,2021-01-08,06071,quantile,0.75,2329.621306986237
23130,2020-12-27,12 day ahead inc hosp,2021-01-08,06071,quantile,0.8,2455.3369069606315
23131,2020-12-27,12 day ahead inc hosp,2021-01-08,06071,quantile,0.85,2601.8737925854566
23132,2020-12-27,12 day ahead inc hosp,2021-01-08,06071,quantile,0.9,2786.2506553060352
23133,2020-12-27,12 day ahead inc hosp,2021-01-08,06071,quantile,0.95,3059.5249403114567
23134,2020-12-27,12 day ahead inc hosp,2021-01-08,06071,quantile,0.975,3296.5496280722655
23135,2020-12-27,12 day ahead inc hosp,2021-01-08,06071,quantile,0.99,3572.1420512286586
23136,2020-12-27,13 day ahead inc hosp,2021-01-09,06071,point,NA,1779.89794921875
23137,2020-12-27,13 day ahead inc hosp,2021-01-09,06071,quantile,0.01,563.3619879474579
23138,2020-12-27,13 day ahead inc hosp,2021-01-09,06071,quantile,0.025,754.9580867862549
23139,2020-12-27,13 day ahead inc hosp,2021-01-09,06071,quantile,0.05,919.7413017358328
23140,2020-12-27,13 day ahead inc hosp,2021-01-09,06071,quantile,0.1,1109.7257952147702
23141,2020-12-27,13 day ahead inc hosp,2021-01-09,06071,quantile,0.15,1237.9074310116025
23142,2020-12-27,13 day ahead inc hosp,2021-01-09,06071,quantile,0.2,1339.7821317023793
23143,2020-12-27,13 day ahead inc hosp,2021-01-09,06071,quantile,0.25,1427.1815537997136
23144,2020-12-27,13 day ahead inc hosp,2021-01-09,06071,quantile,0.3,1505.6689360358166
23145,2020-12-27,13 day ahead inc hosp,2021-01-09,06071,quantile,0.35,1578.399192635794
23146,2020-12-27,13 day ahead inc hosp,2021-01-09,06071,quantile,0.4,1647.4130938418725
23147,2020-12-27,13 day ahead inc hosp,2021-01-09,06071,quantile,0.45,1714.1848419501252
23148,2020-12-27,13 day ahead inc hosp,2021-01-09,06071,quantile,0.5,1779.89794921875
23149,2020-12-27,13 day ahead inc hosp,2021-01-09,06071,quantile,0.55,1875.2993550066797
23150,2020-12-27,13 day ahead inc hosp,2021-01-09,06071,quantile,0.6,1972.2376813348628
23151,2020-12-27,13 day ahead inc hosp,2021-01-09,06071,quantile,0.65,2072.431135390456
23152,2020-12-27,13 day ahead inc hosp,2021-01-09,06071,quantile,0.7,2178.019944250017
23153,2020-12-27,13 day ahead inc hosp,2021-01-09,06071,quantile,0.75,2291.9668707182764
23154,2020-12-27,13 day ahead inc hosp,2021-01-09,06071,quantile,0.8,2418.8521768574888
23155,2020-12-27,13 day ahead inc hosp,2021-01-09,06071,quantile,0.85,2566.752497875562
23156,2020-12-27,13 day ahead inc hosp,2021-01-09,06071,quantile,0.9,2752.8448736511464
23157,2020-12-27,13 day ahead inc hosp,2021-01-09,06071,quantile,0.95,3028.661807428256
23158,2020-12-27,13 day ahead inc hosp,2021-01-09,06071,quantile,0.975,3267.8918638031773
23159,2020-12-27,13 day ahead inc hosp,2021-01-09,06071,quantile,0.99,3546.0485045778187
23160,2020-12-27,14 day ahead inc hosp,2021-01-10,06071,point,NA,1837.9754638671875
23161,2020-12-27,14 day ahead inc hosp,2021-01-10,06071,quantile,0.01,602.1417767926184
23162,2020-12-27,14 day ahead inc hosp,2021-01-10,06071,quantile,0.025,796.7771355448706
23163,2020-12-27,14 day ahead inc hosp,2021-01-10,06071,quantile,0.05,964.1742816895087
23164,2020-12-27,14 day ahead inc hosp,2021-01-10,06071,quantile,0.1,1157.172470430031
23165,2020-12-27,14 day ahead inc hosp,2021-01-10,06071,quantile,0.15,1287.3874321123044
23166,2020-12-27,14 day ahead inc hosp,2021-01-10,06071,quantile,0.2,1390.8781557590873
23167,2020-12-27,14 day ahead inc hosp,2021-01-10,06071,quantile,0.25,1479.6639816592626
23168,2020-12-27,14 day ahead inc hosp,2021-01-10,06071,quantile,0.3,1559.3963973589275
23169,2020-12-27,14 day ahead inc hosp,2021-01-10,06071,quantile,0.35,1633.280363009973
23170,2020-12-27,14 day ahead inc hosp,2021-01-10,06071,quantile,0.4,1703.3890212840608
23171,2020-12-27,14 day ahead inc hosp,2021-01-10,06071,quantile,0.45,1771.2199595251332
23172,2020-12-27,14 day ahead inc hosp,2021-01-10,06071,quantile,0.5,1837.9754638671875
23173,2020-12-27,14 day ahead inc hosp,2021-01-10,06071,quantile,0.55,1933.6895427585864
23174,2020-12-27,14 day ahead inc hosp,2021-01-10,06071,quantile,0.6,2030.945579366695
23175,2020-12-27,14 day ahead inc hosp,2021-01-10,06071,quantile,0.65,2131.4674122126016
23176,2020-12-27,14 day ahead inc hosp,2021-01-10,06071,quantile,0.7,2237.402282854849
23177,2020-12-27,14 day ahead inc hosp,2021-01-10,06071,quantile,0.75,2351.7226643978565
23178,2020-12-27,14 day ahead inc hosp,2021-01-10,06071,quantile,0.8,2479.023830472544
23179,2020-12-27,14 day ahead inc hosp,2021-01-10,06071,quantile,0.85,2627.4088870350765
23180,2020-12-27,14 day ahead inc hosp,2021-01-10,06071,quantile,0.9,2814.1111708113367
23181,2020-12-27,14 day ahead inc hosp,2021-01-10,06071,quantile,0.95,3090.8320801217333
23182,2020-12-27,14 day ahead inc hosp,2021-01-10,06071,quantile,0.975,3330.846200458313
23183,2020-12-27,14 day ahead inc hosp,2021-01-10,06071,quantile,0.99,3609.9144850332036
23184,2020-12-27,15 day ahead inc hosp,2021-01-11,06071,point,NA,1754.4508056640625
23185,2020-12-27,15 day ahead inc hosp,2021-01-11,06071,quantile,0.01,1147.3139094500846
23186,2020-12-27,15 day ahead inc hosp,2021-01-11,06071,quantile,0.025,1242.9338208040676
23187,2020-12-27,15 day ahead inc hosp,2021-01-11,06071,quantile,0.05,1325.1722197151025
23188,2020-12-27,15 day ahead inc hosp,2021-01-11,06071,quantile,0.1,1419.9878267926347
23189,2020-12-27,15 day ahead inc hosp,2021-01-11,06071,quantile,0.15,1483.9594667497408
23190,2020-12-27,15 day ahead inc hosp,2021-01-11,06071,quantile,0.2,1534.8020982453938
23191,2020-12-27,15 day ahead inc hosp,2021-01-11,06071,quantile,0.25,1578.4205489549142
23192,2020-12-27,15 day ahead inc hosp,2021-01-11,06071,quantile,0.3,1617.5912657769557
23193,2020-12-27,15 day ahead inc hosp,2021-01-11,06071,quantile,0.35,1653.8887725163468
23194,2020-12-27,15 day ahead inc hosp,2021-01-11,06071,quantile,0.4,1688.331556871106
23195,2020-12-27,15 day ahead inc hosp,2021-01-11,06071,quantile,0.45,1721.6553493374313
23196,2020-12-27,15 day ahead inc hosp,2021-01-11,06071,quantile,0.5,1754.4508056640625
23197,2020-12-27,15 day ahead inc hosp,2021-01-11,06071,quantile,0.55,1836.9994961863308
23198,2020-12-27,15 day ahead inc hosp,2021-01-11,06071,quantile,0.6,1920.878049481447
23199,2020-12-27,15 day ahead inc hosp,2021-01-11,06071,quantile,0.65,2007.5731915800627
23200,2020-12-27,15 day ahead inc hosp,2021-01-11,06071,quantile,0.7,2098.93681283045
23201,2020-12-27,15 day ahead inc hosp,2021-01-11,06071,quantile,0.75,2197.532525244806
23202,2020-12-27,15 day ahead inc hosp,2021-01-11,06071,quantile,0.8,2307.32352655974
23203,2020-12-27,15 day ahead inc hosp,2021-01-11,06071,quantile,0.85,2435.298347549325
23204,2020-12-27,15 day ahead inc hosp,2021-01-11,06071,quantile,0.9,2596.319894449801
23205,2020-12-27,15 day ahead inc hosp,2021-01-11,06071,quantile,0.95,2834.9780831748176
23206,2020-12-27,15 day ahead inc hosp,2021-01-11,06071,quantile,0.975,3041.978469848541
23207,2020-12-27,15 day ahead inc hosp,2021-01-11,06071,quantile,0.99,3282.6611544104576
23208,2020-12-27,16 day ahead inc hosp,2021-01-12,06071,point,NA,1845.179443359375
23209,2020-12-27,16 day ahead inc hosp,2021-01-12,06071,quantile,0.01,1205.2490503013587
23210,2020-12-27,16 day ahead inc hosp,2021-01-12,06071,quantile,0.025,1306.033713263699
23211,2020-12-27,16 day ahead inc hosp,2021-01-12,06071,quantile,0.05,1392.7140834862537
23212,2020-12-27,16 day ahead inc hosp,2021-01-12,06071,quantile,0.1,1492.6509990048507
23213,2020-12-27,16 day ahead inc hosp,2021-01-12,06071,quantile,0.15,1560.0779614536773
23214,2020-12-27,16 day ahead inc hosp,2021-01-12,06071,quantile,0.2,1613.6667737297973
23215,2020-12-27,16 day ahead inc hosp,2021-01-12,06071,quantile,0.25,1659.6412030243853
23216,2020-12-27,16 day ahead inc hosp,2021-01-12,06071,quantile,0.3,1700.9276614303967
23217,2020-12-27,16 day ahead inc hosp,2021-01-12,06071,quantile,0.35,1739.1857180558634
23218,2020-12-27,16 day ahead inc hosp,2021-01-12,06071,quantile,0.4,1775.488872529917
23219,2020-12-27,16 day ahead inc hosp,2021-01-12,06071,quantile,0.45,1810.6125946165478
23220,2020-12-27,16 day ahead inc hosp,2021-01-12,06071,quantile,0.5,1845.179443359375
23221,2020-12-27,16 day ahead inc hosp,2021-01-12,06071,quantile,0.55,1916.5235043016246
23222,2020-12-27,16 day ahead inc hosp,2021-01-12,06071,quantile,0.6,1989.0169209769647
23223,2020-12-27,16 day ahead inc hosp,2021-01-12,06071,quantile,0.65,2063.9446207641845
23224,2020-12-27,16 day ahead inc hosp,2021-01-12,06071,quantile,0.7,2142.907130298286
23225,2020-12-27,16 day ahead inc hosp,2021-01-12,06071,quantile,0.75,2228.12009334628
23226,2020-12-27,16 day ahead inc hosp,2021-01-12,06071,quantile,0.8,2323.0087686137604
23227,2020-12-27,16 day ahead inc hosp,2021-01-12,06071,quantile,0.85,2433.613108549249
23228,2020-12-27,16 day ahead inc hosp,2021-01-12,06071,quantile,0.9,2572.778623863921
23229,2020-12-27,16 day ahead inc hosp,2021-01-12,06071,quantile,0.95,2779.042881395315
23230,2020-12-27,16 day ahead inc hosp,2021-01-12,06071,quantile,0.975,2957.946363794414
23231,2020-12-27,16 day ahead inc hosp,2021-01-12,06071,quantile,0.99,3165.960325087931
23232,2020-12-27,17 day ahead inc hosp,2021-01-13,06071,point,NA,1866.473876953125
23233,2020-12-27,17 day ahead inc hosp,2021-01-13,06071,quantile,0.01,1223.7853474538706
23234,2020-12-27,17 day ahead inc hosp,2021-01-13,06071,quantile,0.025,1325.004398053757
23235,2020-12-27,17 day ahead inc hosp,2021-01-13,06071,quantile,0.05,1412.0583656088409
23236,2020-12-27,17 day ahead inc hosp,2021-01-13,06071,quantile,0.1,1512.426014925218
23237,2020-12-27,17 day ahead inc hosp,2021-01-13,06071,quantile,0.15,1580.1435914224935
23238,2020-12-27,17 day ahead inc hosp,2021-01-13,06071,quantile,0.2,1633.9633745316678
23239,2020-12-27,17 day ahead inc hosp,2021-01-13,06071,quantile,0.25,1680.1359562349835
23240,2020-12-27,17 day ahead inc hosp,2021-01-13,06071,quantile,0.3,1721.60036162819
23241,2020-12-27,17 day ahead inc hosp,2021-01-13,06071,quantile,0.35,1760.0233126566955
23242,2020-12-27,17 day ahead inc hosp,2021-01-13,06071,quantile,0.4,1796.4829357941742
23243,2020-12-27,17 day ahead inc hosp,2021-01-13,06071,quantile,0.45,1831.7580431234655
23244,2020-12-27,17 day ahead inc hosp,2021-01-13,06071,quantile,0.5,1866.473876953125
23245,2020-12-27,17 day ahead inc hosp,2021-01-13,06071,quantile,0.55,1945.7067768581824
23246,2020-12-27,17 day ahead inc hosp,2021-01-13,06071,quantile,0.6,2026.216122013938
23247,2020-12-27,17 day ahead inc hosp,2021-01-13,06071,quantile,0.65,2109.42892009341
23248,2020-12-27,17 day ahead inc hosp,2021-01-13,06071,quantile,0.7,2197.1226752783296
23249,2020-12-27,17 day ahead inc hosp,2021-01-13,06071,quantile,0.75,2291.758025195687
23250,2020-12-27,17 day ahead inc hosp,2021-01-13,06071,quantile,0.8,2397.1389750644857
23251,2020-12-27,17 day ahead inc hosp,2021-01-13,06071,quantile,0.85,2519.973342486706
23252,2020-12-27,17 day ahead inc hosp,2021-01-13,06071,quantile,0.9,2674.5270250152157
23253,2020-12-27,17 day ahead inc hosp,2021-01-13,06071,quantile,0.95,2903.5988644245945
23254,2020-12-27,17 day ahead inc hosp,2021-01-13,06071,quantile,0.975,3102.2845227174157
23255,2020-12-27,17 day ahead inc hosp,2021-01-13,06071,quantile,0.99,3333.2995386325438
23256,2020-12-27,18 day ahead inc hosp,2021-01-14,06071,point,NA,1910.9498291015625
23257,2020-12-27,18 day ahead inc hosp,2021-01-14,06071,quantile,0.01,1199.0261113889833
23258,2020-12-27,18 day ahead inc hosp,2021-01-14,06071,quantile,0.025,1311.1492309077862
23259,2020-12-27,18 day ahead inc hosp,2021-01-14,06071,quantile,0.05,1407.581299287369
23260,2020-12-27,18 day ahead inc hosp,2021-01-14,06071,quantile,0.1,1518.7612982443452
23261,2020-12-27,18 day ahead inc hosp,2021-01-14,06071,quantile,0.15,1593.7739157123876
23262,2020-12-27,18 day ahead inc hosp,2021-01-14,06071,quantile,0.2,1653.3915661276228
23263,2020-12-27,18 day ahead inc hosp,2021-01-14,06071,quantile,0.25,1704.538201727645
23264,2020-12-27,18 day ahead inc hosp,2021-01-14,06071,quantile,0.3,1750.469461249692
23265,2020-12-27,18 day ahead inc hosp,2021-01-14,06071,quantile,0.35,1793.0316183229088
23266,2020-12-27,18 day ahead inc hosp,2021-01-14,06071,quantile,0.4,1833.4189432229768
23267,2020-12-27,18 day ahead inc hosp,2021-01-14,06071,quantile,0.45,1872.4941474624957
23268,2020-12-27,18 day ahead inc hosp,2021-01-14,06071,quantile,0.5,1910.9498291015625
23269,2020-12-27,18 day ahead inc hosp,2021-01-14,06071,quantile,0.55,2007.4776235040235
23270,2020-12-27,18 day ahead inc hosp,2021-01-14,06071,quantile,0.6,2105.5604846132824
23271,2020-12-27,18 day ahead inc hosp,2021-01-14,06071,quantile,0.65,2206.9369062044866
23272,2020-12-27,18 day ahead inc hosp,2021-01-14,06071,quantile,0.7,2313.7723846612
23273,2020-12-27,18 day ahead inc hosp,2021-01-14,06071,quantile,0.75,2429.0646636384145
23274,2020-12-27,18 day ahead inc hosp,2021-01-14,06071,quantile,0.8,2557.448083594778
23275,2020-12-27,18 day ahead inc hosp,2021-01-14,06071,quantile,0.85,2707.0946392338656
23276,2020-12-27,18 day ahead inc hosp,2021-01-14,06071,quantile,0.9,2895.3841769023334
23277,2020-12-27,18 day ahead inc hosp,2021-01-14,06071,quantile,0.95,3174.457635584245
23278,2020-12-27,18 day ahead inc hosp,2021-01-14,06071,quantile,0.975,3416.512241655566
23279,2020-12-27,18 day ahead inc hosp,2021-01-14,06071,quantile,0.99,3697.9530318684383
23280,2020-12-27,19 day ahead inc hosp,2021-01-15,06071,point,NA,1891.0909423828125
23281,2020-12-27,19 day ahead inc hosp,2021-01-15,06071,quantile,0.01,1264.4096144676605
23282,2020-12-27,19 day ahead inc hosp,2021-01-15,06071,quantile,0.025,1363.1076402277752
23283,2020-12-27,19 day ahead inc hosp,2021-01-15,06071,quantile,0.05,1447.993387341091
23284,2020-12-27,19 day ahead inc hosp,2021-01-15,06071,quantile,0.1,1545.8612173493789
23285,2020-12-27,19 day ahead inc hosp,2021-01-15,06071,quantile,0.15,1611.8921776274053
23286,2020-12-27,19 day ahead inc hosp,2021-01-15,06071,quantile,0.2,1664.371491632343
23287,2020-12-27,19 day ahead inc hosp,2021-01-15,06071,quantile,0.25,1709.3940702018556
23288,2020-12-27,19 day ahead inc hosp,2021-01-15,06071,quantile,0.3,1749.8257372385658
23289,2020-12-27,19 day ahead inc hosp,2021-01-15,06071,quantile,0.35,1787.2917022709955
23290,2020-12-27,19 day ahead inc hosp,2021-01-15,06071,quantile,0.4,1822.8432392820625
23291,2020-12-27,19 day ahead inc hosp,2021-01-15,06071,quantile,0.45,1857.239762774856
23292,2020-12-27,19 day ahead inc hosp,2021-01-15,06071,quantile,0.5,1891.0909423828125
23293,2020-12-27,19 day ahead inc hosp,2021-01-15,06071,quantile,0.55,1983.449593337631
23294,2020-12-27,19 day ahead inc hosp,2021-01-15,06071,quantile,0.6,2077.2961459281773
23295,2020-12-27,19 day ahead inc hosp,2021-01-15,06071,quantile,0.65,2174.294006438205
23296,2020-12-27,19 day ahead inc hosp,2021-01-15,06071,quantile,0.7,2276.515141039443
23297,2020-12-27,19 day ahead inc hosp,2021-01-15,06071,quantile,0.75,2386.8278174841735
23298,2020-12-27,19 day ahead inc hosp,2021-01-15,06071,quantile,0.8,2509.6662138811535
23299,2020-12-27,19 day ahead inc hosp,2021-01-15,06071,quantile,0.85,2652.849367338857
23300,2020-12-27,19 day ahead inc hosp,2021-01-15,06071,quantile,0.9,2833.0064691934795
23301,2020-12-27,19 day ahead inc hosp,2021-01-15,06071,quantile,0.95,3100.02643293254
23302,2020-12-27,19 day ahead inc hosp,2021-01-15,06071,quantile,0.975,3331.6264297265957
23303,2020-12-27,19 day ahead inc hosp,2021-01-15,06071,quantile,0.99,3600.911477298928
23304,2020-12-27,20 day ahead inc hosp,2021-01-16,06071,point,NA,1891.581787109375
23305,2020-12-27,20 day ahead inc hosp,2021-01-16,06071,quantile,0.01,739.1498153531604
23306,2020-12-27,20 day ahead inc hosp,2021-01-16,06071,quantile,0.025,920.6499739961105
23307,2020-12-27,20 day ahead inc hosp,2021-01-16,06071,quantile,0.05,1076.7501234057681
23308,2020-12-27,20 day ahead inc hosp,2021-01-16,06071,quantile,0.1,1256.7235984144631
23309,2020-12-27,20 day ahead inc hosp,2021-01-16,06071,quantile,0.15,1378.1508475768396
23310,2020-12-27,20 day ahead inc hosp,2021-01-16,06071,quantile,0.2,1474.6573758889645
23311,2020-12-27,20 day ahead inc hosp,2021-01-16,06071,quantile,0.25,1557.4513840765478
23312,2020-12-27,20 day ahead inc hosp,2021-01-16,06071,quantile,0.3,1631.8029622853937
23313,2020-12-27,20 day ahead inc hosp,2021-01-16,06071,quantile,0.35,1700.7007800961042
23314,2020-12-27,20 day ahead inc hosp,2021-01-16,06071,quantile,0.4,1766.0780716661752
23315,2020-12-27,20 day ahead inc hosp,2021-01-16,06071,quantile,0.45,1829.3313578654502
23316,2020-12-27,20 day ahead inc hosp,2021-01-16,06071,quantile,0.5,1891.581787109375
23317,2020-12-27,20 day ahead inc hosp,2021-01-16,06071,quantile,0.55,1985.5518699670831
23318,2020-12-27,20 day ahead inc hosp,2021-01-16,06071,quantile,0.6,2081.0358146942317
23319,2020-12-27,20 day ahead inc hosp,2021-01-16,06071,quantile,0.65,2179.7260499338813
23320,2020-12-27,20 day ahead inc hosp,2021-01-16,06071,quantile,0.7,2283.7306925849134
23321,2020-12-27,20 day ahead inc hosp,2021-01-16,06071,quantile,0.75,2395.9680546360105
23322,2020-12-27,20 day ahead inc hosp,2021-01-16,06071,quantile,0.8,2520.949679726865
23323,2020-12-27,20 day ahead inc hosp,2021-01-16,06071,quantile,0.85,2666.6310279833533
23324,2020-12-27,20 day ahead inc hosp,2021-01-16,06071,quantile,0.9,2849.9314293389903
23325,2020-12-27,20 day ahead inc hosp,2021-01-16,06071,quantile,0.95,3121.6102364438775
23326,2020-12-27,20 day ahead inc hosp,2021-01-16,06071,quantile,0.975,3357.251085065941
23327,2020-12-27,20 day ahead inc hosp,2021-01-16,06071,quantile,0.99,3631.2344961607273
23328,2020-12-27,21 day ahead inc hosp,2021-01-17,06071,point,NA,2166.821044921875
23329,2020-12-27,21 day ahead inc hosp,2021-01-17,06071,quantile,0.01,986.3427657531861
23330,2020-12-27,21 day ahead inc hosp,2021-01-17,06071,quantile,0.025,1172.2600261162106
23331,2020-12-27,21 day ahead inc hosp,2021-01-17,06071,quantile,0.05,1332.1591266872151
23332,2020-12-27,21 day ahead inc hosp,2021-01-17,06071,quantile,0.1,1516.512549085336
23333,2020-12-27,21 day ahead inc hosp,2021-01-17,06071,quantile,0.15,1640.894927957512
23334,2020-12-27,21 day ahead inc hosp,2021-01-17,06071,quantile,0.2,1739.750099683467
23335,2020-12-27,21 day ahead inc hosp,2021-01-17,06071,quantile,0.25,1824.5590347929415
23336,2020-12-27,21 day ahead inc hosp,2021-01-17,06071,quantile,0.3,1900.7200796515801
23337,2020-12-27,21 day ahead inc hosp,2021-01-17,06071,quantile,0.35,1971.2946379777618
23338,2020-12-27,21 day ahead inc hosp,2021-01-17,06071,quantile,0.4,2038.2629923282022
23339,2020-12-27,21 day ahead inc hosp,2021-01-17,06071,quantile,0.45,2103.055650180704
23340,2020-12-27,21 day ahead inc hosp,2021-01-17,06071,quantile,0.5,2166.821044921875
23341,2020-12-27,21 day ahead inc hosp,2021-01-17,06071,quantile,0.55,2259.0645037521563
23342,2020-12-27,21 day ahead inc hosp,2021-01-17,06071,quantile,0.6,2352.7940084683387
23343,2020-12-27,21 day ahead inc hosp,2021-01-17,06071,quantile,0.65,2449.670890710362
23344,2020-12-27,21 day ahead inc hosp,2021-01-17,06071,quantile,0.7,2551.7645324395676
23345,2020-12-27,21 day ahead inc hosp,2021-01-17,06071,quantile,0.75,2661.9396240296937
23346,2020-12-27,21 day ahead inc hosp,2021-01-17,06071,quantile,0.8,2784.6248131666125
23347,2020-12-27,21 day ahead inc hosp,2021-01-17,06071,quantile,0.85,2927.629384851259
23348,2020-12-27,21 day ahead inc hosp,2021-01-17,06071,quantile,0.9,3107.5617900575594
23349,2020-12-27,21 day ahead inc hosp,2021-01-17,06071,quantile,0.95,3374.2487195155973
23350,2020-12-27,21 day ahead inc hosp,2021-01-17,06071,quantile,0.975,3605.5598587375935
23351,2020-12-27,21 day ahead inc hosp,2021-01-17,06071,quantile,0.99,3874.5090469571173
23352,2020-12-27,22 day ahead inc hosp,2021-01-18,06071,point,NA,1780.634765625
23353,2020-12-27,22 day ahead inc hosp,2021-01-18,06071,quantile,0.01,1099.6862335458286
23354,2020-12-27,22 day ahead inc hosp,2021-01-18,06071,quantile,0.025,1206.9309730437349
23355,2020-12-27,22 day ahead inc hosp,2021-01-18,06071,quantile,0.05,1299.1673654755232
23356,2020-12-27,22 day ahead inc hosp,2021-01-18,06071,quantile,0.1,1405.510018772097
23357,2020-12-27,22 day ahead inc hosp,2021-01-18,06071,quantile,0.15,1477.258902088416
23358,2020-12-27,22 day ahead inc hosp,2021-01-18,06071,quantile,0.2,1534.2826400623396
23359,2020-12-27,22 day ahead inc hosp,2021-01-18,06071,quantile,0.25,1583.2039297540593
23360,2020-12-27,22 day ahead inc hosp,2021-01-18,06071,quantile,0.3,1627.1367598732445
23361,2020-12-27,22 day ahead inc hosp,2021-01-18,06071,quantile,0.35,1667.8470742791922
23362,2020-12-27,22 day ahead inc hosp,2021-01-18,06071,quantile,0.4,1706.4771815801107
23363,2020-12-27,22 day ahead inc hosp,2021-01-18,06071,quantile,0.45,1743.852257456339
23364,2020-12-27,22 day ahead inc hosp,2021-01-18,06071,quantile,0.5,1780.634765625
23365,2020-12-27,22 day ahead inc hosp,2021-01-18,06071,quantile,0.55,1876.0905346713835
23366,2020-12-27,22 day ahead inc hosp,2021-01-18,06071,quantile,0.6,1973.0841000523328
23367,2020-12-27,22 day ahead inc hosp,2021-01-18,06071,quantile,0.65,2073.334648053169
23368,2020-12-27,22 day ahead inc hosp,2021-01-18,06071,quantile,0.7,2178.9836253311987
23369,2020-12-27,22 day ahead inc hosp,2021-01-18,06071,quantile,0.75,2292.995482983254
23370,2020-12-27,22 day ahead inc hosp,2021-01-18,06071,quantile,0.8,2419.9530930747474
23371,2020-12-27,22 day ahead inc hosp,2021-01-18,06071,quantile,0.85,2567.9376931798056
23372,2020-12-27,22 day ahead inc hosp,2021-01-18,06071,quantile,0.9,2754.1361112913187
23373,2020-12-27,22 day ahead inc hosp,2021-01-18,06071,quantile,0.95,3030.110215784447
23374,2020-12-27,22 day ahead inc hosp,2021-01-18,06071,quantile,0.975,3269.47659431602
23375,2020-12-27,22 day ahead inc hosp,2021-01-18,06071,quantile,0.99,3547.791739058483
23376,2020-12-27,23 day ahead inc hosp,2021-01-19,06071,point,NA,1849.1383056640625
23377,2020-12-27,23 day ahead inc hosp,2021-01-19,06071,quantile,0.01,1197.1736344038775
23378,2020-12-27,23 day ahead inc hosp,2021-01-19,06071,quantile,0.025,1299.8536139283906
23379,2020-12-27,23 day ahead inc hosp,2021-01-19,06071,quantile,0.05,1388.164060954987
23380,2020-12-27,23 day ahead inc hosp,2021-01-19,06071,quantile,0.1,1489.9803506321864
23381,2020-12-27,23 day ahead inc hosp,2021-01-19,06071,quantile,0.15,1558.6753179034731
23382,2020-12-27,23 day ahead inc hosp,2021-01-19,06071,quantile,0.2,1613.2719002159135
23383,2020-12-27,23 day ahead inc hosp,2021-01-19,06071,quantile,0.25,1660.1109064681189
23384,2020-12-27,23 day ahead inc hosp,2021-01-19,06071,quantile,0.3,1702.1737817029448
23385,2020-12-27,23 day ahead inc hosp,2021-01-19,06071,quantile,0.35,1741.1513042295467
23386,2020-12-27,23 day ahead inc hosp,2021-01-19,06071,quantile,0.4,1778.1371614870536
23387,2020-12-27,23 day ahead inc hosp,2021-01-19,06071,quantile,0.45,1813.9214064175303
23388,2020-12-27,23 day ahead inc hosp,2021-01-19,06071,quantile,0.5,1849.1383056640625
23389,2020-12-27,23 day ahead inc hosp,2021-01-19,06071,quantile,0.55,1927.258545824881
23390,2020-12-27,23 day ahead inc hosp,2021-01-19,06071,quantile,0.6,2006.637306242514
23391,2020-12-27,23 day ahead inc hosp,2021-01-19,06071,quantile,0.65,2088.6815552629528
23392,2020-12-27,23 day ahead inc hosp,2021-01-19,06071,quantile,0.7,2175.1438357532397
23393,2020-12-27,23 day ahead inc hosp,2021-01-19,06071,quantile,0.75,2268.4502308505516
23394,2020-12-27,23 day ahead inc hosp,2021-01-19,06071,quantile,0.8,2372.351326506401
23395,2020-12-27,23 day ahead inc hosp,2021-01-19,06071,quantile,0.85,2493.46074310638
23396,2020-12-27,23 day ahead inc hosp,2021-01-19,06071,quantile,0.9,2645.8440436208602
23397,2020-12-27,23 day ahead inc hosp,2021-01-19,06071,quantile,0.95,2871.699049940007
23398,2020-12-27,23 day ahead inc hosp,2021-01-19,06071,quantile,0.975,3067.59458526617
23399,2020-12-27,23 day ahead inc hosp,2021-01-19,06071,quantile,0.99,3295.3654802563856
23400,2020-12-27,24 day ahead inc hosp,2021-01-20,06071,point,NA,1940.9002685546875
23401,2020-12-27,24 day ahead inc hosp,2021-01-20,06071,quantile,0.01,1287.6904247065263
23402,2020-12-27,24 day ahead inc hosp,2021-01-20,06071,quantile,0.025,1390.5665104028521
23403,2020-12-27,24 day ahead inc hosp,2021-01-20,06071,quantile,0.05,1479.0456195559666
23404,2020-12-27,24 day ahead inc hosp,2021-01-20,06071,quantile,0.1,1581.056365863263
23405,2020-12-27,24 day ahead inc hosp,2021-01-20,06071,quantile,0.15,1649.882532099691
23406,2020-12-27,24 day ahead inc hosp,2021-01-20,06071,quantile,0.2,1704.583387190534
23407,2020-12-27,24 day ahead inc hosp,2021-01-20,06071,quantile,0.25,1751.5118502019845
23408,2020-12-27,24 day ahead inc hosp,2021-01-20,06071,quantile,0.3,1793.6550603713902
23409,2020-12-27,24 day ahead inc hosp,2021-01-20,06071,quantile,0.35,1832.7070251871785
23410,2020-12-27,24 day ahead inc hosp,2021-01-20,06071,quantile,0.4,1869.7635208973961
23411,2020-12-27,24 day ahead inc hosp,2021-01-20,06071,quantile,0.45,1905.6161093483627
23412,2020-12-27,24 day ahead inc hosp,2021-01-20,06071,quantile,0.5,1940.9002685546875
23413,2020-12-27,24 day ahead inc hosp,2021-01-20,06071,quantile,0.55,2023.9387959652765
23414,2020-12-27,24 day ahead inc hosp,2021-01-20,06071,quantile,0.6,2108.315077440973
23415,2020-12-27,24 day ahead inc hosp,2021-01-20,06071,quantile,0.65,2195.524661117879
23416,2020-12-27,24 day ahead inc hosp,2021-01-20,06071,quantile,0.7,2287.430426303632
23417,2020-12-27,24 day ahead inc hosp,2021-01-20,06071,quantile,0.75,2386.6111972654376
23418,2020-12-27,24 day ahead inc hosp,2021-01-20,06071,quantile,0.8,2497.0536890172207
23419,2020-12-27,24 day ahead inc hosp,2021-01-20,06071,quantile,0.85,2625.7879016785614
23420,2020-12-27,24 day ahead inc hosp,2021-01-20,06071,quantile,0.9,2787.7649367035283
23421,2020-12-27,24 day ahead inc hosp,2021-01-20,06071,quantile,0.95,3027.839302763373
23422,2020-12-27,24 day ahead inc hosp,2021-01-20,06071,quantile,0.975,3236.068012074898
23423,2020-12-27,24 day ahead inc hosp,2021-01-20,06071,quantile,0.99,3478.1788871572526
23424,2020-12-27,25 day ahead inc hosp,2021-01-21,06071,point,NA,2071.772705078125
23425,2020-12-27,25 day ahead inc hosp,2021-01-21,06071,quantile,0.01,1318.8329071849776
23426,2020-12-27,25 day ahead inc hosp,2021-01-21,06071,quantile,0.025,1437.4157789860262
23427,2020-12-27,25 day ahead inc hosp,2021-01-21,06071,quantile,0.05,1539.403590699099
23428,2020-12-27,25 day ahead inc hosp,2021-01-21,06071,quantile,0.1,1656.9890059081795
23429,2020-12-27,25 day ahead inc hosp,2021-01-21,06071,quantile,0.15,1736.323327311735
23430,2020-12-27,25 day ahead inc hosp,2021-01-21,06071,quantile,0.2,1799.3757310141134
23431,2020-12-27,25 day ahead inc hosp,2021-01-21,06071,quantile,0.25,1853.4690790982722
23432,2020-12-27,25 day ahead inc hosp,2021-01-21,06071,quantile,0.3,1902.0465775030523
23433,2020-12-27,25 day ahead inc hosp,2021-01-21,06071,quantile,0.35,1947.0608692695507
23434,2020-12-27,25 day ahead inc hosp,2021-01-21,06071,quantile,0.4,1989.7750301987683
23435,2020-12-27,25 day ahead inc hosp,2021-01-21,06071,quantile,0.45,2031.1014752247436
23436,2020-12-27,25 day ahead inc hosp,2021-01-21,06071,quantile,0.5,2071.772705078125
23437,2020-12-27,25 day ahead inc hosp,2021-01-21,06071,quantile,0.55,2172.49622631618
23438,2020-12-27,25 day ahead inc hosp,2021-01-21,06071,quantile,0.6,2274.842407591568
23439,2020-12-27,25 day ahead inc hosp,2021-01-21,06071,quantile,0.65,2380.625308945412
23440,2020-12-27,25 day ahead inc hosp,2021-01-21,06071,quantile,0.7,2492.1045533425904
23441,2020-12-27,25 day ahead inc hosp,2021-01-21,06071,quantile,0.75,2612.4081859080234
23442,2020-12-27,25 day ahead inc hosp,2021-01-21,06071,quantile,0.8,2746.3719857300075
23443,2020-12-27,25 day ahead inc hosp,2021-01-21,06071,quantile,0.85,2902.523155643521
23444,2020-12-27,25 day ahead inc hosp,2021-01-21,06071,quantile,0.9,3098.9969833493574
23445,2020-12-27,25 day ahead inc hosp,2021-01-21,06071,quantile,0.95,3390.200792744679
23446,2020-12-27,25 day ahead inc hosp,2021-01-21,06071,quantile,0.975,3642.776669012418
23447,2020-12-27,25 day ahead inc hosp,2021-01-21,06071,quantile,0.99,3936.4507095905024
23448,2020-12-27,26 day ahead inc hosp,2021-01-22,06071,point,NA,1914.5628662109375
23449,2020-12-27,26 day ahead inc hosp,2021-01-22,06071,quantile,0.01,1285.0443849727174
23450,2020-12-27,26 day ahead inc hosp,2021-01-22,06071,quantile,0.025,1384.1892429891834
23451,2020-12-27,26 day ahead inc hosp,2021-01-22,06071,quantile,0.05,1469.4592904937442
23452,2020-12-27,26 day ahead inc hosp,2021-01-22,06071,quantile,0.1,1567.7701942410458
23453,2020-12-27,26 day ahead inc hosp,2021-01-22,06071,quantile,0.15,1634.1000942672877
23454,2020-12-27,26 day ahead inc hosp,2021-01-22,06071,quantile,0.2,1686.8169961075237
23455,2020-12-27,26 day ahead inc hosp,2021-01-22,06071,quantile,0.25,1732.0434038845005
23456,2020-12-27,26 day ahead inc hosp,2021-01-22,06071,quantile,0.3,1772.6581158491203
23457,2020-12-27,26 day ahead inc hosp,2021-01-22,06071,quantile,0.35,1810.2936992864054
23458,2020-12-27,26 day ahead inc hosp,2021-01-22,06071,quantile,0.4,1846.0061875766605
23459,2020-12-27,26 day ahead inc hosp,2021-01-22,06071,quantile,0.45,1880.5584332947421
23460,2020-12-27,26 day ahead inc hosp,2021-01-22,06071,quantile,0.5,1914.5628662109375
23461,2020-12-27,26 day ahead inc hosp,2021-01-22,06071,quantile,0.55,2007.5329350886439
23462,2020-12-27,26 day ahead inc hosp,2021-01-22,06071,quantile,0.6,2102.0007555697653
23463,2020-12-27,26 day ahead inc hosp,2021-01-22,06071,quantile,0.65,2199.6407457534565
23464,2020-12-27,26 day ahead inc hosp,2021-01-22,06071,quantile,0.7,2302.5385883094664
23465,2020-12-27,26 day ahead inc hosp,2021-01-22,06071,quantile,0.75,2413.5815390360613
23466,2020-12-27,26 day ahead inc hosp,2021-01-22,06071,quantile,0.8,2537.233130476488
23467,2020-12-27,26 day ahead inc hosp,2021-01-22,06071,quantile,0.85,2681.3641620741882
23468,2020-12-27,26 day ahead inc hosp,2021-01-22,06071,quantile,0.9,2862.713911069827
23469,2020-12-27,26 day ahead inc hosp,2021-01-22,06071,quantile,0.95,3131.501557531741
23470,2020-12-27,26 day ahead inc hosp,2021-01-22,06071,quantile,0.975,3364.6347554663153
23471,2020-12-27,26 day ahead inc hosp,2021-01-22,06071,quantile,0.99,3635.70248070608
23472,2020-12-27,27 day ahead inc hosp,2021-01-23,06071,point,NA,1946.827392578125
23473,2020-12-27,27 day ahead inc hosp,2021-01-23,06071,quantile,0.01,746.4174066944408
23474,2020-12-27,27 day ahead inc hosp,2021-01-23,06071,quantile,0.025,935.4737746312368
23475,2020-12-27,27 day ahead inc hosp,2021-01-23,06071,quantile,0.05,1098.0726808935558
23476,2020-12-27,27 day ahead inc hosp,2021-01-23,06071,quantile,0.1,1285.5388063477067
23477,2020-12-27,27 day ahead inc hosp,2021-01-23,06071,quantile,0.15,1412.0213111941948
23478,2020-12-27,27 day ahead inc hosp,2021-01-23,06071,quantile,0.2,1512.5455964691848
23479,2020-12-27,27 day ahead inc hosp,2021-01-23,06071,quantile,0.25,1598.786482383043
23480,2020-12-27,27 day ahead inc hosp,2021-01-23,06071,quantile,0.3,1676.2334633203186
23481,2020-12-27,27 day ahead inc hosp,2021-01-23,06071,quantile,0.35,1747.999633066143
23482,2020-12-27,27 day ahead inc hosp,2021-01-23,06071,quantile,0.4,1816.0987101258897
23483,2020-12-27,27 day ahead inc hosp,2021-01-23,06071,quantile,0.45,1881.9853552853929
23484,2020-12-27,27 day ahead inc hosp,2021-01-23,06071,quantile,0.5,1946.827392578125
23485,2020-12-27,27 day ahead inc hosp,2021-01-23,06071,quantile,0.55,2043.3754888351468
23486,2020-12-27,27 day ahead inc hosp,2021-01-23,06071,quantile,0.6,2141.478978862672
23487,2020-12-27,27 day ahead inc hosp,2021-01-23,06071,quantile,0.65,2242.8767220781792
23488,2020-12-27,27 day ahead inc hosp,2021-01-23,06071,quantile,0.7,2349.734670315322
23489,2020-12-27,27 day ahead inc hosp,2021-01-23,06071,quantile,0.75,2465.0511977185397
23490,2020-12-27,27 day ahead inc hosp,2021-01-23,06071,quantile,0.8,2593.4616194471505
23491,2020-12-27,27 day ahead inc hosp,2021-01-23,06071,quantile,0.85,2743.139648949563
23492,2020-12-27,27 day ahead inc hosp,2021-01-23,06071,quantile,0.9,2931.4687879249163
23493,2020-12-27,27 day ahead inc hosp,2021-01-23,06071,quantile,0.95,3210.600941709156
23494,2020-12-27,27 day ahead inc hosp,2021-01-23,06071,quantile,0.975,3452.706457028313
23495,2020-12-27,27 day ahead inc hosp,2021-01-23,06071,quantile,0.99,3734.2064402438405
23496,2020-12-27,28 day ahead inc hosp,2021-01-24,06071,point,NA,1924.5570068359375
23497,2020-12-27,28 day ahead inc hosp,2021-01-24,06071,quantile,0.01,741.0381750931085
23498,2020-12-27,28 day ahead inc hosp,2021-01-24,06071,quantile,0.025,927.4343017042878
23499,2020-12-27,28 day ahead inc hosp,2021-01-24,06071,quantile,0.05,1087.7452536667354
23500,2020-12-27,28 day ahead inc hosp,2021-01-24,06071,quantile,0.1,1272.5735143426255
23501,2020-12-27,28 day ahead inc hosp,2021-01-24,06071,quantile,0.15,1397.276264346512
23502,2020-12-27,28 day ahead inc hosp,2021-01-24,06071,quantile,0.2,1496.3860568919795
23503,2020-12-27,28 day ahead inc hosp,2021-01-24,06071,quantile,0.25,1581.4134339927277
23504,2020-12-27,28 day ahead inc hosp,2021-01-24,06071,quantile,0.3,1657.770646510764
23505,2020-12-27,28 day ahead inc hosp,2021-01-24,06071,quantile,0.35,1728.526983408203
23506,2020-12-27,28 day ahead inc hosp,2021-01-24,06071,quantile,0.4,1795.6678278466013
23507,2020-12-27,28 day ahead inc hosp,2021-01-24,06071,quantile,0.45,1860.6273718554141
23508,2020-12-27,28 day ahead inc hosp,2021-01-24,06071,quantile,0.5,1924.5570068359375
23509,2020-12-27,28 day ahead inc hosp,2021-01-24,06071,quantile,0.55,2015.8344517320304
23510,2020-12-27,28 day ahead inc hosp,2021-01-24,06071,quantile,0.6,2108.5823799901245
23511,2020-12-27,28 day ahead inc hosp,2021-01-24,06071,quantile,0.65,2204.4447250570115
23512,2020-12-27,28 day ahead inc hosp,2021-01-24,06071,quantile,0.7,2305.469197419054
23513,2020-12-27,28 day ahead inc hosp,2021-01-24,06071,quantile,0.75,2414.4904871567114
23514,2020-12-27,28 day ahead inc hosp,2021-01-24,06071,quantile,0.8,2535.890863216067
23515,2020-12-27,28 day ahead inc hosp,2021-01-24,06071,quantile,0.85,2677.397828342462
23516,2020-12-27,28 day ahead inc hosp,2021-01-24,06071,quantile,0.9,2855.4459025311976
23517,2020-12-27,28 day ahead inc hosp,2021-01-24,06071,quantile,0.95,3119.3399695663684
23518,2020-12-27,28 day ahead inc hosp,2021-01-24,06071,quantile,0.975,3348.2287171472126
23519,2020-12-27,28 day ahead inc hosp,2021-01-24,06071,quantile,0.99,3614.361351578497
23520,2020-12-27,1 day ahead inc hosp,2020-12-28,06073,point,NA,1516.3426513671875
23521,2020-12-27,1 day ahead inc hosp,2020-12-28,06073,quantile,0.01,986.4712735889622
23522,2020-12-27,1 day ahead inc hosp,2020-12-28,06073,quantile,0.025,1069.922393901555
23523,2020-12-27,1 day ahead inc hosp,2020-12-28,06073,quantile,0.05,1141.694961190741
23524,2020-12-27,1 day ahead inc hosp,2020-12-28,06073,quantile,0.1,1224.44413468084
23525,2020-12-27,1 day ahead inc hosp,2020-12-28,06073,quantile,0.15,1280.2746091820275
23526,2020-12-27,1 day ahead inc hosp,2020-12-28,06073,quantile,0.2,1324.646900453513
23527,2020-12-27,1 day ahead inc hosp,2020-12-28,06073,quantile,0.25,1362.7143753807154
23528,2020-12-27,1 day ahead inc hosp,2020-12-28,06073,quantile,0.3,1396.9001443901166
23529,2020-12-27,1 day ahead inc hosp,2020-12-28,06073,quantile,0.35,1428.578354075362
23530,2020-12-27,1 day ahead inc hosp,2020-12-28,06073,quantile,0.4,1458.637877247781
23531,2020-12-27,1 day ahead inc hosp,2020-12-28,06073,quantile,0.45,1487.7208137931236
23532,2020-12-27,1 day ahead inc hosp,2020-12-28,06073,quantile,0.5,1516.3426513671875
23533,2020-12-27,1 day ahead inc hosp,2020-12-28,06073,quantile,0.55,1593.0367917043036
23534,2020-12-27,1 day ahead inc hosp,2020-12-28,06073,quantile,0.6,1670.9664777718801
23535,2020-12-27,1 day ahead inc hosp,2020-12-28,06073,quantile,0.65,1751.5129934414872
23536,2020-12-27,1 day ahead inc hosp,2020-12-28,06073,quantile,0.7,1836.3968885772201
23537,2020-12-27,1 day ahead inc hosp,2020-12-28,06073,quantile,0.75,1927.999957707732
23538,2020-12-27,1 day ahead inc hosp,2020-12-28,06073,quantile,0.8,2030.0043191255372
23539,2020-12-27,1 day ahead inc hosp,2020-12-28,06073,quantile,0.85,2148.9028603197776
23540,2020-12-27,1 day ahead inc hosp,2020-12-28,06073,quantile,0.9,2298.504374736935
23541,2020-12-27,1 day ahead inc hosp,2020-12-28,06073,quantile,0.95,2520.2363550127548
23542,2020-12-27,1 day ahead inc hosp,2020-12-28,06073,quantile,0.975,2712.555780129609
23543,2020-12-27,1 day ahead inc hosp,2020-12-28,06073,quantile,0.99,2936.168674164869
23544,2020-12-27,2 day ahead inc hosp,2020-12-29,06073,point,NA,1589.45751953125
23545,2020-12-27,2 day ahead inc hosp,2020-12-29,06073,quantile,0.01,1003.9532163349489
23546,2020-12-27,2 day ahead inc hosp,2020-12-29,06073,quantile,0.025,1096.1661421480994
23547,2020-12-27,2 day ahead inc hosp,2020-12-29,06073,quantile,0.05,1175.4743455378907
23548,2020-12-27,2 day ahead inc hosp,2020-12-29,06073,quantile,0.1,1266.9116248405462
23549,2020-12-27,2 day ahead inc hosp,2020-12-29,06073,quantile,0.15,1328.6039230865902
23550,2020-12-27,2 day ahead inc hosp,2020-12-29,06073,quantile,0.2,1377.6350060468933
23551,2020-12-27,2 day ahead inc hosp,2020-12-29,06073,quantile,0.25,1419.6993094164238
23552,2020-12-27,2 day ahead inc hosp,2020-12-29,06073,quantile,0.3,1457.4743538942116
23553,2020-12-27,2 day ahead inc hosp,2020-12-29,06073,quantile,0.35,1492.478562209893
23554,2020-12-27,2 day ahead inc hosp,2020-12-29,06073,quantile,0.4,1525.69413283248
23555,2020-12-27,2 day ahead inc hosp,2020-12-29,06073,quantile,0.45,1557.8305818105
23556,2020-12-27,2 day ahead inc hosp,2020-12-29,06073,quantile,0.5,1589.45751953125
23557,2020-12-27,2 day ahead inc hosp,2020-12-29,06073,quantile,0.55,1654.4452209047604
23558,2020-12-27,2 day ahead inc hosp,2020-12-29,06073,quantile,0.6,1720.4798767993273
23559,2020-12-27,2 day ahead inc hosp,2020-12-29,06073,quantile,0.65,1788.7319347010696
23560,2020-12-27,2 day ahead inc hosp,2020-12-29,06073,quantile,0.7,1860.6593232115024
23561,2020-12-27,2 day ahead inc hosp,2020-12-29,06073,quantile,0.75,1938.280284544186
23562,2020-12-27,2 day ahead inc hosp,2020-12-29,06073,quantile,0.8,2024.7149058787165
23563,2020-12-27,2 day ahead inc hosp,2020-12-29,06073,quantile,0.85,2125.4650134477283
23564,2020-12-27,2 day ahead inc hosp,2020-12-29,06073,quantile,0.9,2252.2316543049315
23565,2020-12-27,2 day ahead inc hosp,2020-12-29,06073,quantile,0.95,2440.1189121290918
23566,2020-12-27,2 day ahead inc hosp,2020-12-29,06073,quantile,0.975,2603.0830879172486
23567,2020-12-27,2 day ahead inc hosp,2020-12-29,06073,quantile,0.99,2792.564160616581
23568,2020-12-27,3 day ahead inc hosp,2020-12-30,06073,point,NA,1646.1373291015625
23569,2020-12-27,3 day ahead inc hosp,2020-12-30,06073,quantile,0.01,1076.1880989970593
23570,2020-12-27,3 day ahead inc hosp,2020-12-30,06073,quantile,0.025,1165.951207117664
23571,2020-12-27,3 day ahead inc hosp,2020-12-30,06073,quantile,0.05,1243.1524321406475
23572,2020-12-27,3 day ahead inc hosp,2020-12-30,06073,quantile,0.1,1332.1605003254624
23573,2020-12-27,3 day ahead inc hosp,2020-12-30,06073,quantile,0.15,1392.213821363005
23574,2020-12-27,3 day ahead inc hosp,2020-12-30,06073,quantile,0.2,1439.9422971946262
23575,2020-12-27,3 day ahead inc hosp,2020-12-30,06073,quantile,0.25,1480.8890796340856
23576,2020-12-27,3 day ahead inc hosp,2020-12-30,06073,quantile,0.3,1517.660555778233
23577,2020-12-27,3 day ahead inc hosp,2020-12-30,06073,quantile,0.35,1551.7348084712169
23578,2020-12-27,3 day ahead inc hosp,2020-12-30,06073,quantile,0.4,1584.0679421484226
23579,2020-12-27,3 day ahead inc hosp,2020-12-30,06073,quantile,0.45,1615.3506231694269
23580,2020-12-27,3 day ahead inc hosp,2020-12-30,06073,quantile,0.5,1646.1373291015625
23581,2020-12-27,3 day ahead inc hosp,2020-12-30,06073,quantile,0.55,1717.0810209051901
23582,2020-12-27,3 day ahead inc hosp,2020-12-30,06073,quantile,0.6,1789.1676184787475
23583,2020-12-27,3 day ahead inc hosp,2020-12-30,06073,quantile,0.65,1863.6748384358798
23584,2020-12-27,3 day ahead inc hosp,2020-12-30,06073,quantile,0.7,1942.194225564163
23585,2020-12-27,3 day ahead inc hosp,2020-12-30,06073,quantile,0.75,2026.928989864225
23586,2020-12-27,3 day ahead inc hosp,2020-12-30,06073,quantile,0.8,2121.2851681490542
23587,2020-12-27,3 day ahead inc hosp,2020-12-30,06073,quantile,0.85,2231.268817816524
23588,2020-12-27,3 day ahead inc hosp,2020-12-30,06073,quantile,0.9,2369.6533630440363
23589,2020-12-27,3 day ahead inc hosp,2020-12-30,06073,quantile,0.95,2574.7601052612517
23590,2020-12-27,3 day ahead inc hosp,2020-12-30,06073,quantile,0.975,2752.6596157501654
23591,2020-12-27,3 day ahead inc hosp,2020-12-30,06073,quantile,0.99,2959.5062427287507
23592,2020-12-27,4 day ahead inc hosp,2020-12-31,06073,point,NA,1773.5550537109375
23593,2020-12-27,4 day ahead inc hosp,2020-12-31,06073,quantile,0.01,1126.3941545012012
23594,2020-12-27,4 day ahead inc hosp,2020-12-31,06073,quantile,0.025,1228.317572761701
23595,2020-12-27,4 day ahead inc hosp,2020-12-31,06073,quantile,0.05,1315.9773353633746
23596,2020-12-27,4 day ahead inc hosp,2020-12-31,06073,quantile,0.1,1417.043427570999
23597,2020-12-27,4 day ahead inc hosp,2020-12-31,06073,quantile,0.15,1485.232240171134
23598,2020-12-27,4 day ahead inc hosp,2020-12-31,06073,quantile,0.2,1539.4265467963723
23599,2020-12-27,4 day ahead inc hosp,2020-12-31,06073,quantile,0.25,1585.920436328265
23600,2020-12-27,4 day ahead inc hosp,2020-12-31,06073,quantile,0.3,1627.6733860819695
23601,2020-12-27,4 day ahead inc hosp,2020-12-31,06073,quantile,0.35,1666.3637164621823
23602,2020-12-27,4 day ahead inc hosp,2020-12-31,06073,quantile,0.4,1703.0770564573472
23603,2020-12-27,4 day ahead inc hosp,2020-12-31,06073,quantile,0.45,1738.5976377826917
23604,2020-12-27,4 day ahead inc hosp,2020-12-31,06073,quantile,0.5,1773.5550537109375
23605,2020-12-27,4 day ahead inc hosp,2020-12-31,06073,quantile,0.55,1860.9524284115223
23606,2020-12-27,4 day ahead inc hosp,2020-12-31,06073,quantile,0.6,1949.7577783849258
23607,2020-12-27,4 day ahead inc hosp,2020-12-31,06073,quantile,0.65,2041.5451558802624
23608,2020-12-27,4 day ahead inc hosp,2020-12-31,06073,quantile,0.7,2138.275226216973
23609,2020-12-27,4 day ahead inc hosp,2020-12-31,06073,quantile,0.75,2242.6621809612648
23610,2020-12-27,4 day ahead inc hosp,2020-12-31,06073,quantile,0.8,2358.9020052390974
23611,2020-12-27,4 day ahead inc hosp,2020-12-31,06073,quantile,0.85,2494.393716997382
23612,2020-12-27,4 day ahead inc hosp,2020-12-31,06073,quantile,0.9,2664.8732289108066
23613,2020-12-27,4 day ahead inc hosp,2020-12-31,06073,quantile,0.95,2917.5495465289096
23614,2020-12-27,4 day ahead inc hosp,2020-12-31,06073,quantile,0.975,3136.708569438049
23615,2020-12-27,4 day ahead inc hosp,2020-12-31,06073,quantile,0.99,3391.5282962382707
23616,2020-12-27,5 day ahead inc hosp,2021-01-01,06073,point,NA,1735.2171630859375
23617,2020-12-27,5 day ahead inc hosp,2021-01-01,06073,quantile,0.01,1161.3041678903867
23618,2020-12-27,5 day ahead inc hosp,2021-01-01,06073,quantile,0.025,1251.6915419203726
23619,2020-12-27,5 day ahead inc hosp,2021-01-01,06073,quantile,0.05,1329.4296700648433
23620,2020-12-27,5 day ahead inc hosp,2021-01-01,06073,quantile,0.1,1419.0567531633687
23621,2020-12-27,5 day ahead inc hosp,2021-01-01,06073,quantile,0.15,1479.527720624412
23622,2020-12-27,5 day ahead inc hosp,2021-01-01,06073,quantile,0.2,1527.5881285937703
23623,2020-12-27,5 day ahead inc hosp,2021-01-01,06073,quantile,0.25,1568.8196792516103
23624,2020-12-27,5 day ahead inc hosp,2021-01-01,06073,quantile,0.3,1605.8468860569953
23625,2020-12-27,5 day ahead inc hosp,2021-01-01,06073,quantile,0.35,1640.158111319103
23626,2020-12-27,5 day ahead inc hosp,2021-01-01,06073,quantile,0.4,1672.7161087908091
23627,2020-12-27,5 day ahead inc hosp,2021-01-01,06073,quantile,0.45,1704.21634813532
23628,2020-12-27,5 day ahead inc hosp,2021-01-01,06073,quantile,0.5,1735.2171630859375
23629,2020-12-27,5 day ahead inc hosp,2021-01-01,06073,quantile,0.55,1819.715100087648
23630,2020-12-27,5 day ahead inc hosp,2021-01-01,06073,quantile,0.6,1905.574302302532
23631,2020-12-27,5 day ahead inc hosp,2021-01-01,06073,quantile,0.65,1994.3166022597554
23632,2020-12-27,5 day ahead inc hosp,2021-01-01,06073,quantile,0.7,2087.8376195384094
23633,2020-12-27,5 day ahead inc hosp,2021-01-01,06073,quantile,0.75,2188.7615014742423
23634,2020-12-27,5 day ahead inc hosp,2021-01-01,06073,quantile,0.8,2301.1450299562766
23635,2020-12-27,5 day ahead inc hosp,2021-01-01,06073,quantile,0.85,2432.1417579887584
23636,2020-12-27,5 day ahead inc hosp,2021-01-01,06073,quantile,0.9,2596.965553979126
23637,2020-12-27,5 day ahead inc hosp,2021-01-01,06073,quantile,0.95,2841.259248624576
23638,2020-12-27,5 day ahead inc hosp,2021-01-01,06073,quantile,0.975,3053.147596238855
23639,2020-12-27,5 day ahead inc hosp,2021-01-01,06073,quantile,0.99,3299.513591736132
23640,2020-12-27,6 day ahead inc hosp,2021-01-02,06073,point,NA,1842.885986328125
23641,2020-12-27,6 day ahead inc hosp,2021-01-02,06073,quantile,0.01,726.481595005245
23642,2020-12-27,6 day ahead inc hosp,2021-01-02,06073,quantile,0.025,902.3076559795865
23643,2020-12-27,6 day ahead inc hosp,2021-01-02,06073,quantile,0.05,1053.5277683663721
23644,2020-12-27,6 day ahead inc hosp,2021-01-02,06073,quantile,0.1,1227.8748732242443
23645,2020-12-27,6 day ahead inc hosp,2021-01-02,06073,quantile,0.15,1345.5060371571135
23646,2020-12-27,6 day ahead inc hosp,2021-01-02,06073,quantile,0.2,1438.9955572671765
23647,2020-12-27,6 day ahead inc hosp,2021-01-02,06073,quantile,0.25,1519.2012410568946
23648,2020-12-27,6 day ahead inc hosp,2021-01-02,06073,quantile,0.3,1591.2284239609291
23649,2020-12-27,6 day ahead inc hosp,2021-01-02,06073,quantile,0.35,1657.972343117584
23650,2020-12-27,6 day ahead inc hosp,2021-01-02,06073,quantile,0.4,1721.3057954951646
23651,2020-12-27,6 day ahead inc hosp,2021-01-02,06073,quantile,0.45,1782.5816436225468
23652,2020-12-27,6 day ahead inc hosp,2021-01-02,06073,quantile,0.5,1842.885986328125
23653,2020-12-27,6 day ahead inc hosp,2021-01-02,06073,quantile,0.55,1928.7173954627438
23654,2020-12-27,6 day ahead inc hosp,2021-01-02,06073,quantile,0.6,2015.9315521010117
23655,2020-12-27,6 day ahead inc hosp,2021-01-02,06073,quantile,0.65,2106.074304994746
23656,2020-12-27,6 day ahead inc hosp,2021-01-02,06073,quantile,0.7,2201.0711887241964
23657,2020-12-27,6 day ahead inc hosp,2021-01-02,06073,quantile,0.75,2303.587762610646
23658,2020-12-27,6 day ahead inc hosp,2021-01-02,06073,quantile,0.8,2417.744829107291
23659,2020-12-27,6 day ahead inc hosp,2021-01-02,06073,quantile,0.85,2550.8088323009397
23660,2020-12-27,6 day ahead inc hosp,2021-01-02,06073,quantile,0.9,2718.233732490915
23661,2020-12-27,6 day ahead inc hosp,2021-01-02,06073,quantile,0.95,2966.3826553894323
23662,2020-12-27,6 day ahead inc hosp,2021-01-02,06073,quantile,0.975,3181.6148385677193
23663,2020-12-27,6 day ahead inc hosp,2021-01-02,06073,quantile,0.99,3431.8687655476933
23664,2020-12-27,7 day ahead inc hosp,2021-01-03,06073,point,NA,1803.4951171875
23665,2020-12-27,7 day ahead inc hosp,2021-01-03,06073,quantile,0.01,710.3299244850052
23666,2020-12-27,7 day ahead inc hosp,2021-01-03,06073,quantile,0.025,882.4959705172871
23667,2020-12-27,7 day ahead inc hosp,2021-01-03,06073,quantile,0.05,1030.5682681386816
23668,2020-12-27,7 day ahead inc hosp,2021-01-03,06073,quantile,0.1,1201.2861441703576
23669,2020-12-27,7 day ahead inc hosp,2021-01-03,06073,quantile,0.15,1316.4686846439945
23670,2020-12-27,7 day ahead inc hosp,2021-01-03,06073,quantile,0.2,1408.012116451603
23671,2020-12-27,7 day ahead inc hosp,2021-01-03,06073,quantile,0.25,1486.5482297608035
23672,2020-12-27,7 day ahead inc hosp,2021-01-03,06073,quantile,0.3,1557.076086773088
23673,2020-12-27,7 day ahead inc hosp,2021-01-03,06073,quantile,0.35,1622.4306570468111
23674,2020-12-27,7 day ahead inc hosp,2021-01-03,06073,quantile,0.4,1684.4457531992132
23675,2020-12-27,7 day ahead inc hosp,2021-01-03,06073,quantile,0.45,1744.4460764215228
23676,2020-12-27,7 day ahead inc hosp,2021-01-03,06073,quantile,0.5,1803.4951171875
23677,2020-12-27,7 day ahead inc hosp,2021-01-03,06073,quantile,0.55,1888.6557137782565
23678,2020-12-27,7 day ahead inc hosp,2021-01-03,06073,quantile,0.6,1975.1882510552073
23679,2020-12-27,7 day ahead inc hosp,2021-01-03,06073,quantile,0.65,2064.6264962402943
23680,2020-12-27,7 day ahead inc hosp,2021-01-03,06073,quantile,0.7,2158.8809349618386
23681,2020-12-27,7 day ahead inc hosp,2021-01-03,06073,quantile,0.75,2260.5962939502674
23682,2020-12-27,7 day ahead inc hosp,2021-01-03,06073,quantile,0.8,2373.861169663275
23683,2020-12-27,7 day ahead inc hosp,2021-01-03,06073,quantile,0.85,2505.885215533856
23684,2020-12-27,7 day ahead inc hosp,2021-01-03,06073,quantile,0.9,2672.001611944915
23685,2020-12-27,7 day ahead inc hosp,2021-01-03,06073,quantile,0.95,2918.211135130617
23686,2020-12-27,7 day ahead inc hosp,2021-01-03,06073,quantile,0.975,3131.7611782884323
23687,2020-12-27,7 day ahead inc hosp,2021-01-03,06073,quantile,0.99,3380.059253965701
23688,2020-12-27,8 day ahead inc hosp,2021-01-04,06073,point,NA,1602.23876953125
23689,2020-12-27,8 day ahead inc hosp,2021-01-04,06073,quantile,0.01,1045.899079158553
23690,2020-12-27,8 day ahead inc hosp,2021-01-04,06073,quantile,0.025,1133.5187777930287
23691,2020-12-27,8 day ahead inc hosp,2021-01-04,06073,quantile,0.05,1208.8765524106109
23692,2020-12-27,8 day ahead inc hosp,2021-01-04,06073,quantile,0.1,1295.759240339731
23693,2020-12-27,8 day ahead inc hosp,2021-01-04,06073,quantile,0.15,1354.3785774090218
23694,2020-12-27,8 day ahead inc hosp,2021-01-04,06073,quantile,0.2,1400.9673682408932
23695,2020-12-27,8 day ahead inc hosp,2021-01-04,06073,quantile,0.25,1440.936402430044
23696,2020-12-27,8 day ahead inc hosp,2021-01-04,06073,quantile,0.3,1476.8298304268342
23697,2020-12-27,8 day ahead inc hosp,2021-01-04,06073,quantile,0.35,1510.090440655959
23698,2020-12-27,8 day ahead inc hosp,2021-01-04,06073,quantile,0.4,1541.6515072012326
23699,2020-12-27,8 day ahead inc hosp,2021-01-04,06073,quantile,0.45,1572.1872043370324
23700,2020-12-27,8 day ahead inc hosp,2021-01-04,06073,quantile,0.5,1602.23876953125
23701,2020-12-27,8 day ahead inc hosp,2021-01-04,06073,quantile,0.55,1674.2123950484051
23702,2020-12-27,8 day ahead inc hosp,2021-01-04,06073,quantile,0.6,1747.345518609643
23703,2020-12-27,8 day ahead inc hosp,2021-01-04,06073,quantile,0.65,1822.9344062356563
23704,2020-12-27,8 day ahead inc hosp,2021-01-04,06073,quantile,0.7,1902.593708159927
23705,2020-12-27,8 day ahead inc hosp,2021-01-04,06073,quantile,0.75,1988.5586197534512
23706,2020-12-27,8 day ahead inc hosp,2021-01-04,06073,quantile,0.8,2084.284625384793
23707,2020-12-27,8 day ahead inc hosp,2021-01-04,06073,quantile,0.85,2195.8649761239076
23708,2020-12-27,8 day ahead inc hosp,2021-01-04,06073,quantile,0.9,2336.258535894326
23709,2020-12-27,8 day ahead inc hosp,2021-01-04,06073,quantile,0.95,2544.3429403012406
23710,2020-12-27,8 day ahead inc hosp,2021-01-04,06073,quantile,0.975,2724.825128669108
23711,2020-12-27,8 day ahead inc hosp,2021-01-04,06073,quantile,0.99,2934.6746768269913
23712,2020-12-27,9 day ahead inc hosp,2021-01-05,06073,point,NA,1664.9171142578125
23713,2020-12-27,9 day ahead inc hosp,2021-01-05,06073,quantile,0.01,1076.622727093927
23714,2020-12-27,9 day ahead inc hosp,2021-01-05,06073,quantile,0.025,1169.2750720616607
23715,2020-12-27,9 day ahead inc hosp,2021-01-05,06073,quantile,0.05,1248.9612001662113
23716,2020-12-27,9 day ahead inc hosp,2021-01-05,06073,quantile,0.1,1340.8342024612157
23717,2020-12-27,9 day ahead inc hosp,2021-01-05,06073,quantile,0.15,1402.820480941598
23718,2020-12-27,9 day ahead inc hosp,2021-01-05,06073,quantile,0.2,1452.08521007279
23719,2020-12-27,9 day ahead inc hosp,2021-01-05,06073,quantile,0.25,1494.349961052694
23720,2020-12-27,9 day ahead inc hosp,2021-01-05,06073,quantile,0.3,1532.3050136796905
23721,2020-12-27,9 day ahead inc hosp,2021-01-05,06073,quantile,0.35,1567.476026372191
23722,2020-12-27,9 day ahead inc hosp,2021-01-05,06073,quantile,0.4,1600.8498780365437
23723,2020-12-27,9 day ahead inc hosp,2021-01-05,06073,quantile,0.45,1633.1394657542437
23724,2020-12-27,9 day ahead inc hosp,2021-01-05,06073,quantile,0.5,1664.9171142578125
23725,2020-12-27,9 day ahead inc hosp,2021-01-05,06073,quantile,0.55,1729.0644246951897
23726,2020-12-27,9 day ahead inc hosp,2021-01-05,06073,quantile,0.6,1794.245150921349
23727,2020-12-27,9 day ahead inc hosp,2021-01-05,06073,quantile,0.65,1861.6146047361522
23728,2020-12-27,9 day ahead inc hosp,2021-01-05,06073,quantile,0.7,1932.6118614818608
23729,2020-12-27,9 day ahead inc hosp,2021-01-05,06073,quantile,0.75,2009.2290643959632
23730,2020-12-27,9 day ahead inc hosp,2021-01-05,06073,quantile,0.8,2094.545953131826
23731,2020-12-27,9 day ahead inc hosp,2021-01-05,06073,quantile,0.85,2193.9932068465555
23732,2020-12-27,9 day ahead inc hosp,2021-01-05,06073,quantile,0.9,2319.1205600581143
23733,2020-12-27,9 day ahead inc hosp,2021-01-05,06073,quantile,0.95,2504.578146649824
23734,2020-12-27,9 day ahead inc hosp,2021-01-05,06073,quantile,0.975,2665.4349449903675
23735,2020-12-27,9 day ahead inc hosp,2021-01-05,06073,quantile,0.99,2852.465735979472
23736,2020-12-27,10 day ahead inc hosp,2021-01-06,06073,point,NA,1656.157958984375
23737,2020-12-27,10 day ahead inc hosp,2021-01-06,06073,quantile,0.01,1075.0617754733485
23738,2020-12-27,10 day ahead inc hosp,2021-01-06,06073,quantile,0.025,1166.5804525657043
23739,2020-12-27,10 day ahead inc hosp,2021-01-06,06073,quantile,0.05,1245.291563755391
23740,2020-12-27,10 day ahead inc hosp,2021-01-06,06073,quantile,0.1,1336.040433991432
23741,2020-12-27,10 day ahead inc hosp,2021-01-06,06073,quantile,0.15,1397.2682659084608
23742,2020-12-27,10 day ahead inc hosp,2021-01-06,06073,quantile,0.2,1445.930205754345
23743,2020-12-27,10 day ahead inc hosp,2021-01-06,06073,quantile,0.25,1487.6778172008303
23744,2020-12-27,10 day ahead inc hosp,2021-01-06,06073,quantile,0.3,1525.1684625439477
23745,2020-12-27,10 day ahead inc hosp,2021-01-06,06073,quantile,0.35,1559.9091326774135
23746,2020-12-27,10 day ahead inc hosp,2021-01-06,06073,quantile,0.4,1592.8746313365327
23747,2020-12-27,10 day ahead inc hosp,2021-01-06,06073,quantile,0.45,1624.7691327958387
23748,2020-12-27,10 day ahead inc hosp,2021-01-06,06073,quantile,0.5,1656.157958984375
23749,2020-12-27,10 day ahead inc hosp,2021-01-06,06073,quantile,0.55,1727.298863325337
23750,2020-12-27,10 day ahead inc hosp,2021-01-06,06073,quantile,0.6,1799.5858505382525
23751,2020-12-27,10 day ahead inc hosp,2021-01-06,06073,quantile,0.65,1874.3001890921748
23752,2020-12-27,10 day ahead inc hosp,2021-01-06,06073,quantile,0.7,1953.0378480240788
23753,2020-12-27,10 day ahead inc hosp,2021-01-06,06073,quantile,0.75,2038.008161919083
23754,2020-12-27,10 day ahead inc hosp,2021-01-06,06073,quantile,0.8,2132.6266358479593
23755,2020-12-27,10 day ahead inc hosp,2021-01-06,06073,quantile,0.85,2242.916023123168
23756,2020-12-27,10 day ahead inc hosp,2021-01-06,06073,quantile,0.9,2381.685256074117
23757,2020-12-27,10 day ahead inc hosp,2021-01-06,06073,quantile,0.95,2587.3621634466645
23758,2020-12-27,10 day ahead inc hosp,2021-01-06,06073,quantile,0.975,2765.75620717683
23759,2020-12-27,10 day ahead inc hosp,2021-01-06,06073,quantile,0.99,2973.177835922428
23760,2020-12-27,11 day ahead inc hosp,2021-01-07,06073,point,NA,1679.5655517578125
23761,2020-12-27,11 day ahead inc hosp,2021-01-07,06073,quantile,0.01,1006.7184153985638
23762,2020-12-27,11 day ahead inc hosp,2021-01-07,06073,quantile,0.025,1112.687240443876
23763,2020-12-27,11 day ahead inc hosp,2021-01-07,06073,quantile,0.05,1203.8262760569537
23764,2020-12-27,11 day ahead inc hosp,2021-01-07,06073,quantile,0.1,1308.9037472205525
23765,2020-12-27,11 day ahead inc hosp,2021-01-07,06073,quantile,0.15,1379.799018158219
23766,2020-12-27,11 day ahead inc hosp,2021-01-07,06073,quantile,0.2,1436.1443320736525
23767,2020-12-27,11 day ahead inc hosp,2021-01-07,06073,quantile,0.25,1484.4835943312116
23768,2020-12-27,11 day ahead inc hosp,2021-01-07,06073,quantile,0.3,1527.8937458262062
23769,2020-12-27,11 day ahead inc hosp,2021-01-07,06073,quantile,0.35,1568.1197205921549
23770,2020-12-27,11 day ahead inc hosp,2021-01-07,06073,quantile,0.4,1606.2902369383912
23771,2020-12-27,11 day ahead inc hosp,2021-01-07,06073,quantile,0.45,1643.2206532471616
23772,2020-12-27,11 day ahead inc hosp,2021-01-07,06073,quantile,0.5,1679.5655517578125
23773,2020-12-27,11 day ahead inc hosp,2021-01-07,06073,quantile,0.55,1766.882961541264
23774,2020-12-27,11 day ahead inc hosp,2021-01-07,06073,quantile,0.6,1855.6070583594562
23775,2020-12-27,11 day ahead inc hosp,2021-01-07,06073,quantile,0.65,1947.3104542699862
23776,2020-12-27,11 day ahead inc hosp,2021-01-07,06073,quantile,0.7,2043.9520206661005
23777,2020-12-27,11 day ahead inc hosp,2021-01-07,06073,quantile,0.75,2148.243465743031
23778,2020-12-27,11 day ahead inc hosp,2021-01-07,06073,quantile,0.8,2264.3769354770593
23779,2020-12-27,11 day ahead inc hosp,2021-01-07,06073,quantile,0.85,2399.7446780252835
23780,2020-12-27,11 day ahead inc hosp,2021-01-07,06073,quantile,0.9,2570.0682083650076
23781,2020-12-27,11 day ahead inc hosp,2021-01-07,06073,quantile,0.95,2822.5133377938873
23782,2020-12-27,11 day ahead inc hosp,2021-01-07,06073,quantile,0.975,3041.4718394268907
23783,2020-12-27,11 day ahead inc hosp,2021-01-07,06073,quantile,0.99,3296.058416908757
23784,2020-12-27,12 day ahead inc hosp,2021-01-08,06073,point,NA,1671.050537109375
23785,2020-12-27,12 day ahead inc hosp,2021-01-08,06073,quantile,0.01,1085.7760076220075
23786,2020-12-27,12 day ahead inc hosp,2021-01-08,06073,quantile,0.025,1177.9527456465114
23787,2020-12-27,12 day ahead inc hosp,2021-01-08,06073,quantile,0.05,1257.2298255416636
23788,2020-12-27,12 day ahead inc hosp,2021-01-08,06073,quantile,0.1,1348.6312214482696
23789,2020-12-27,12 day ahead inc hosp,2021-01-08,06073,quantile,0.15,1410.2993093373561
23790,2020-12-27,12 day ahead inc hosp,2021-01-08,06073,quantile,0.2,1459.3111506734333
23791,2020-12-27,12 day ahead inc hosp,2021-01-08,06073,quantile,0.25,1501.3589464426846
23792,2020-12-27,12 day ahead inc hosp,2021-01-08,06073,quantile,0.3,1539.1191665852327
23793,2020-12-27,12 day ahead inc hosp,2021-01-08,06073,quantile,0.35,1574.1096379450469
23794,2020-12-27,12 day ahead inc hosp,2021-01-08,06073,quantile,0.4,1607.312173539856
23795,2020-12-27,12 day ahead inc hosp,2021-01-08,06073,quantile,0.45,1639.4360109776478
23796,2020-12-27,12 day ahead inc hosp,2021-01-08,06073,quantile,0.5,1671.050537109375
23797,2020-12-27,12 day ahead inc hosp,2021-01-08,06073,quantile,0.55,1755.4272995737952
23798,2020-12-27,12 day ahead inc hosp,2021-01-08,06073,quantile,0.6,1841.1633751246486
23799,2020-12-27,12 day ahead inc hosp,2021-01-08,06073,quantile,0.65,1929.7784139022863
23800,2020-12-27,12 day ahead inc hosp,2021-01-08,06073,quantile,0.7,2023.165317066469
23801,2020-12-27,12 day ahead inc hosp,2021-01-08,06073,quantile,0.75,2123.9444687860496
23802,2020-12-27,12 day ahead inc hosp,2021-01-08,06073,quantile,0.8,2236.1668333089856
23803,2020-12-27,12 day ahead inc hosp,2021-01-08,06073,quantile,0.85,2366.9757050639164
23804,2020-12-27,12 day ahead inc hosp,2021-01-08,06073,quantile,0.9,2531.5631349615455
23805,2020-12-27,12 day ahead inc hosp,2021-01-08,06073,quantile,0.95,2775.506499451468
23806,2020-12-27,12 day ahead inc hosp,2021-01-08,06073,quantile,0.975,2987.090987901956
23807,2020-12-27,12 day ahead inc hosp,2021-01-08,06073,quantile,0.99,3233.1036814540294
23808,2020-12-27,13 day ahead inc hosp,2021-01-09,06073,point,NA,1644.1807861328125
23809,2020-12-27,13 day ahead inc hosp,2021-01-09,06073,quantile,0.01,557.3233840266512
23810,2020-12-27,13 day ahead inc hosp,2021-01-09,06073,quantile,0.025,728.495996153957
23811,2020-12-27,13 day ahead inc hosp,2021-01-09,06073,quantile,0.05,875.713885811442
23812,2020-12-27,13 day ahead inc hosp,2021-01-09,06073,quantile,0.1,1045.4466841803392
23813,2020-12-27,13 day ahead inc hosp,2021-01-09,06073,quantile,0.15,1159.9645974315658
23814,2020-12-27,13 day ahead inc hosp,2021-01-09,06073,quantile,0.2,1250.9798045919142
23815,2020-12-27,13 day ahead inc hosp,2021-01-09,06073,quantile,0.25,1329.06274818778
23816,2020-12-27,13 day ahead inc hosp,2021-01-09,06073,quantile,0.3,1399.1836447916914
23817,2020-12-27,13 day ahead inc hosp,2021-01-09,06073,quantile,0.35,1464.161105597832
23818,2020-12-27,13 day ahead inc hosp,2021-01-09,06073,quantile,0.4,1525.818361743113
23819,2020-12-27,13 day ahead inc hosp,2021-01-09,06073,quantile,0.45,1585.4724706172847
23820,2020-12-27,13 day ahead inc hosp,2021-01-09,06073,quantile,0.5,1644.1807861328125
23821,2020-12-27,13 day ahead inc hosp,2021-01-09,06073,quantile,0.55,1729.3437220003507
23822,2020-12-27,13 day ahead inc hosp,2021-01-09,06073,quantile,0.6,1815.8786362399273
23823,2020-12-27,13 day ahead inc hosp,2021-01-09,06073,quantile,0.65,1905.319338204543
23824,2020-12-27,13 day ahead inc hosp,2021-01-09,06073,quantile,0.7,1999.5763660016564
23825,2020-12-27,13 day ahead inc hosp,2021-01-09,06073,quantile,0.75,2101.294519009704
23826,2020-12-27,13 day ahead inc hosp,2021-01-09,06073,quantile,0.8,2214.5625059960535
23827,2020-12-27,13 day ahead inc hosp,2021-01-09,06073,quantile,0.85,2346.590178435699
23828,2020-12-27,13 day ahead inc hosp,2021-01-09,06073,quantile,0.9,2512.7111378987415
23829,2020-12-27,13 day ahead inc hosp,2021-01-09,06073,quantile,0.95,2758.927424214859
23830,2020-12-27,13 day ahead inc hosp,2021-01-09,06073,quantile,0.975,2972.483333379697
23831,2020-12-27,13 day ahead inc hosp,2021-01-09,06073,quantile,0.99,3220.788229557839
23832,2020-12-27,14 day ahead inc hosp,2021-01-10,06073,point,NA,1706.97802734375
23833,2020-12-27,14 day ahead inc hosp,2021-01-10,06073,quantile,0.01,602.737124218484
23834,2020-12-27,14 day ahead inc hosp,2021-01-10,06073,quantile,0.025,776.6475189395245
23835,2020-12-27,14 day ahead inc hosp,2021-01-10,06073,quantile,0.05,926.2200526652489
23836,2020-12-27,14 day ahead inc hosp,2021-01-10,06073,quantile,0.1,1098.6676048442628
23837,2020-12-27,14 day ahead inc hosp,2021-01-10,06073,quantile,0.15,1215.0171496028524
23838,2020-12-27,14 day ahead inc hosp,2021-01-10,06073,quantile,0.2,1307.4880794213527
23839,2020-12-27,14 day ahead inc hosp,2021-01-10,06073,quantile,0.25,1386.8199034379095
23840,2020-12-27,14 day ahead inc hosp,2021-01-10,06073,quantile,0.3,1458.0623332578734
23841,2020-12-27,14 day ahead inc hosp,2021-01-10,06073,quantile,0.35,1524.0790617305481
23842,2020-12-27,14 day ahead inc hosp,2021-01-10,06073,quantile,0.4,1586.7224812611635
23843,2020-12-27,14 day ahead inc hosp,2021-01-10,06073,quantile,0.45,1647.330714623422
23844,2020-12-27,14 day ahead inc hosp,2021-01-10,06073,quantile,0.5,1706.97802734375
23845,2020-12-27,14 day ahead inc hosp,2021-01-10,06073,quantile,0.55,1792.4207177050953
23846,2020-12-27,14 day ahead inc hosp,2021-01-10,06073,quantile,0.6,1879.2398932947906
23847,2020-12-27,14 day ahead inc hosp,2021-01-10,06073,quantile,0.65,1968.974401925992
23848,2020-12-27,14 day ahead inc hosp,2021-01-10,06073,quantile,0.7,2063.5410576948343
23849,2020-12-27,14 day ahead inc hosp,2021-01-10,06073,quantile,0.75,2165.5933479671257
23850,2020-12-27,14 day ahead inc hosp,2021-01-10,06073,quantile,0.8,2279.2334126424507
23851,2020-12-27,14 day ahead inc hosp,2021-01-10,06073,quantile,0.85,2411.694787071062
23852,2020-12-27,14 day ahead inc hosp,2021-01-10,06073,quantile,0.9,2578.3614426688364
23853,2020-12-27,14 day ahead inc hosp,2021-01-10,06073,quantile,0.95,2825.386532860065
23854,2020-12-27,14 day ahead inc hosp,2021-01-10,06073,quantile,0.975,3039.6439587664217
23855,2020-12-27,14 day ahead inc hosp,2021-01-10,06073,quantile,0.99,3288.7645197620404
23856,2020-12-27,15 day ahead inc hosp,2021-01-11,06073,point,NA,1646.5137939453125
23857,2020-12-27,15 day ahead inc hosp,2021-01-11,06073,quantile,0.01,1103.361226011619
23858,2020-12-27,15 day ahead inc hosp,2021-01-11,06073,quantile,0.025,1188.904042996347
23859,2020-12-27,15 day ahead inc hosp,2021-01-11,06073,quantile,0.05,1262.4755848180143
23860,2020-12-27,15 day ahead inc hosp,2021-01-11,06073,quantile,0.1,1347.2988607307393
23861,2020-12-27,15 day ahead inc hosp,2021-01-11,06073,quantile,0.15,1404.5287222896488
23862,2020-12-27,15 day ahead inc hosp,2021-01-11,06073,quantile,0.2,1450.0132020331391
23863,2020-12-27,15 day ahead inc hosp,2021-01-11,06073,quantile,0.25,1489.0348356381828
23864,2020-12-27,15 day ahead inc hosp,2021-01-11,06073,quantile,0.3,1524.077468629799
23865,2020-12-27,15 day ahead inc hosp,2021-01-11,06073,quantile,0.35,1556.5496904928275
23866,2020-12-27,15 day ahead inc hosp,2021-01-11,06073,quantile,0.4,1587.3626535753422
23867,2020-12-27,15 day ahead inc hosp,2021-01-11,06073,quantile,0.45,1617.1745519531917
23868,2020-12-27,15 day ahead inc hosp,2021-01-11,06073,quantile,0.5,1646.5137939453125
23869,2020-12-27,15 day ahead inc hosp,2021-01-11,06073,quantile,0.55,1720.316028287815
23870,2020-12-27,15 day ahead inc hosp,2021-01-11,06073,quantile,0.6,1795.307219637196
23871,2020-12-27,15 day ahead inc hosp,2021-01-11,06073,quantile,0.65,1872.8165677932711
23872,2020-12-27,15 day ahead inc hosp,2021-01-11,06073,quantile,0.7,1954.4997458454022
23873,2020-12-27,15 day ahead inc hosp,2021-01-11,06073,quantile,0.75,2042.6487379945554
23874,2020-12-27,15 day ahead inc hosp,2021-01-11,06073,quantile,0.8,2140.806820896633
23875,2020-12-27,15 day ahead inc hosp,2021-01-11,06073,quantile,0.85,2255.22205472842
23876,2020-12-27,15 day ahead inc hosp,2021-01-11,06073,quantile,0.9,2399.182544753824
23877,2020-12-27,15 day ahead inc hosp,2021-01-11,06073,quantile,0.95,2612.5536771195093
23878,2020-12-27,15 day ahead inc hosp,2021-01-11,06073,quantile,0.975,2797.621313560836
23879,2020-12-27,15 day ahead inc hosp,2021-01-11,06073,quantile,0.99,3012.8024360697323
23880,2020-12-27,16 day ahead inc hosp,2021-01-12,06073,point,NA,1739.3250732421875
23881,2020-12-27,16 day ahead inc hosp,2021-01-12,06073,quantile,0.01,1166.9151736639828
23882,2020-12-27,16 day ahead inc hosp,2021-01-12,06073,quantile,0.025,1257.0658204079423
23883,2020-12-27,16 day ahead inc hosp,2021-01-12,06073,quantile,0.05,1334.6003500266906
23884,2020-12-27,16 day ahead inc hosp,2021-01-12,06073,quantile,0.1,1423.9926970642998
23885,2020-12-27,16 day ahead inc hosp,2021-01-12,06073,quantile,0.15,1484.3052892194548
23886,2020-12-27,16 day ahead inc hosp,2021-01-12,06073,quantile,0.2,1532.2398255162925
23887,2020-12-27,16 day ahead inc hosp,2021-01-12,06073,quantile,0.25,1573.363389486936
23888,2020-12-27,16 day ahead inc hosp,2021-01-12,06073,quantile,0.3,1610.2936209097497
23889,2020-12-27,16 day ahead inc hosp,2021-01-12,06073,quantile,0.35,1644.514984027684
23890,2020-12-27,16 day ahead inc hosp,2021-01-12,06073,quantile,0.4,1676.9877111122078
23891,2020-12-27,16 day ahead inc hosp,2021-01-12,06073,quantile,0.45,1708.4054503702937
23892,2020-12-27,16 day ahead inc hosp,2021-01-12,06073,quantile,0.5,1739.3250732421875
23893,2020-12-27,16 day ahead inc hosp,2021-01-12,06073,quantile,0.55,1803.1227346634253
23894,2020-12-27,16 day ahead inc hosp,2021-01-12,06073,quantile,0.6,1867.948179013527
23895,2020-12-27,16 day ahead inc hosp,2021-01-12,06073,quantile,0.65,1934.9504208114336
23896,2020-12-27,16 day ahead inc hosp,2021-01-12,06073,quantile,0.7,2005.560691402922
23897,2020-12-27,16 day ahead inc hosp,2021-01-12,06073,quantile,0.75,2081.7602754108593
23898,2020-12-27,16 day ahead inc hosp,2021-01-12,06073,quantile,0.8,2166.6121256906567
23899,2020-12-27,16 day ahead inc hosp,2021-01-12,06073,quantile,0.85,2265.5173202889237
23900,2020-12-27,16 day ahead inc hosp,2021-01-12,06073,quantile,0.9,2389.9626393568174
23901,2020-12-27,16 day ahead inc hosp,2021-01-12,06073,quantile,0.95,2574.4093486062775
23902,2020-12-27,16 day ahead inc hosp,2021-01-12,06073,quantile,0.975,2734.3893616085797
23903,2020-12-27,16 day ahead inc hosp,2021-01-12,06073,quantile,0.99,2920.4007001590508
23904,2020-12-27,17 day ahead inc hosp,2021-01-13,06073,point,NA,1769.9541015625
23905,2020-12-27,17 day ahead inc hosp,2021-01-13,06073,quantile,0.01,1195.304289917647
23906,2020-12-27,17 day ahead inc hosp,2021-01-13,06073,quantile,0.025,1285.8077075022345
23907,2020-12-27,17 day ahead inc hosp,2021-01-13,06073,quantile,0.05,1363.645639505538
23908,2020-12-27,17 day ahead inc hosp,2021-01-13,06073,quantile,0.1,1453.3877900614702
23909,2020-12-27,17 day ahead inc hosp,2021-01-13,06073,quantile,0.15,1513.9363929897422
23910,2020-12-27,17 day ahead inc hosp,2021-01-13,06073,quantile,0.2,1562.0585031673593
23911,2020-12-27,17 day ahead inc hosp,2021-01-13,06073,quantile,0.25,1603.3429888258165
23912,2020-12-27,17 day ahead inc hosp,2021-01-13,06073,quantile,0.3,1640.417732897781
23913,2020-12-27,17 day ahead inc hosp,2021-01-13,06073,quantile,0.35,1674.7730085218432
23914,2020-12-27,17 day ahead inc hosp,2021-01-13,06073,quantile,0.4,1707.37280547935
23915,2020-12-27,17 day ahead inc hosp,2021-01-13,06073,quantile,0.45,1738.9134863101144
23916,2020-12-27,17 day ahead inc hosp,2021-01-13,06073,quantile,0.5,1769.9541015625
23917,2020-12-27,17 day ahead inc hosp,2021-01-13,06073,quantile,0.55,1840.7947654808552
23918,2020-12-27,17 day ahead inc hosp,2021-01-13,06073,quantile,0.6,1912.776675385704
23919,2020-12-27,17 day ahead inc hosp,2021-01-13,06073,quantile,0.65,1987.1756923283815
23920,2020-12-27,17 day ahead inc hosp,2021-01-13,06073,quantile,0.7,2065.58104977759
23921,2020-12-27,17 day ahead inc hosp,2021-01-13,06073,quantile,0.75,2150.192758125066
23922,2020-12-27,17 day ahead inc hosp,2021-01-13,06073,quantile,0.8,2244.411907771211
23923,2020-12-27,17 day ahead inc hosp,2021-01-13,06073,quantile,0.85,2354.2358338247595
23924,2020-12-27,17 day ahead inc hosp,2021-01-13,06073,quantile,0.9,2492.419410274263
23925,2020-12-27,17 day ahead inc hosp,2021-01-13,06073,quantile,0.95,2697.2282864886174
23926,2020-12-27,17 day ahead inc hosp,2021-01-13,06073,quantile,0.975,2874.8694426419906
23927,2020-12-27,17 day ahead inc hosp,2021-01-13,06073,quantile,0.99,3081.415676872306
23928,2020-12-27,18 day ahead inc hosp,2021-01-14,06073,point,NA,1821.341552734375
23929,2020-12-27,18 day ahead inc hosp,2021-01-14,06073,quantile,0.01,1183.7922443122063
23930,2020-12-27,18 day ahead inc hosp,2021-01-14,06073,quantile,0.025,1284.2019027191886
23931,2020-12-27,18 day ahead inc hosp,2021-01-14,06073,quantile,0.05,1370.559748335934
23932,2020-12-27,18 day ahead inc hosp,2021-01-14,06073,quantile,0.1,1470.124813639763
23933,2020-12-27,18 day ahead inc hosp,2021-01-14,06073,quantile,0.15,1537.3008905140482
23934,2020-12-27,18 day ahead inc hosp,2021-01-14,06073,quantile,0.2,1590.6903068887573
23935,2020-12-27,18 day ahead inc hosp,2021-01-14,06073,quantile,0.25,1636.4936722544826
23936,2020-12-27,18 day ahead inc hosp,2021-01-14,06073,quantile,0.3,1677.6265099654222
23937,2020-12-27,18 day ahead inc hosp,2021-01-14,06073,quantile,0.35,1715.7422141228449
23938,2020-12-27,18 day ahead inc hosp,2021-01-14,06073,quantile,0.4,1751.9102900254027
23939,2020-12-27,18 day ahead inc hosp,2021-01-14,06073,quantile,0.45,1786.9033220308597
23940,2020-12-27,18 day ahead inc hosp,2021-01-14,06073,quantile,0.5,1821.341552734375
23941,2020-12-27,18 day ahead inc hosp,2021-01-14,06073,quantile,0.55,1907.6571921627983
23942,2020-12-27,18 day ahead inc hosp,2021-01-14,06073,quantile,0.6,1995.363380064664
23943,2020-12-27,18 day ahead inc hosp,2021-01-14,06073,quantile,0.65,2086.014686320835
23944,2020-12-27,18 day ahead inc hosp,2021-01-14,06073,quantile,0.7,2181.547508693058
23945,2020-12-27,18 day ahead inc hosp,2021-01-14,06073,quantile,0.75,2284.6424446405917
23946,2020-12-27,18 day ahead inc hosp,2021-01-14,06073,quantile,0.8,2399.4435447189626
23947,2020-12-27,18 day ahead inc hosp,2021-01-14,06073,quantile,0.85,2533.258247709002
23948,2020-12-27,18 day ahead inc hosp,2021-01-14,06073,quantile,0.9,2701.6276996595343
23949,2020-12-27,18 day ahead inc hosp,2021-01-14,06073,quantile,0.95,2951.1765905540797
23950,2020-12-27,18 day ahead inc hosp,2021-01-14,06073,quantile,0.975,3167.623037186124
23951,2020-12-27,18 day ahead inc hosp,2021-01-14,06073,quantile,0.99,3419.2888078467395
23952,2020-12-27,19 day ahead inc hosp,2021-01-15,06073,point,NA,1814.8570556640625
23953,2020-12-27,19 day ahead inc hosp,2021-01-15,06073,quantile,0.01,1254.169661928137
23954,2020-12-27,19 day ahead inc hosp,2021-01-15,06073,quantile,0.025,1342.4740941256325
23955,2020-12-27,19 day ahead inc hosp,2021-01-15,06073,quantile,0.05,1418.4207773827025
23956,2020-12-27,19 day ahead inc hosp,2021-01-15,06073,quantile,0.1,1505.9824392571518
23957,2020-12-27,19 day ahead inc hosp,2021-01-15,06073,quantile,0.15,1565.0598768239204
23958,2020-12-27,19 day ahead inc hosp,2021-01-15,06073,quantile,0.2,1612.012751409106
23959,2020-12-27,19 day ahead inc hosp,2021-01-15,06073,quantile,0.25,1652.294137039968
23960,2020-12-27,19 day ahead inc hosp,2021-01-15,06073,quantile,0.3,1688.4680662850421
23961,2020-12-27,19 day ahead inc hosp,2021-01-15,06073,quantile,0.35,1721.9886027237446
23962,2020-12-27,19 day ahead inc hosp,2021-01-15,06073,quantile,0.4,1753.796313823668
23963,2020-12-27,19 day ahead inc hosp,2021-01-15,06073,quantile,0.45,1784.5706424204855
23964,2020-12-27,19 day ahead inc hosp,2021-01-15,06073,quantile,0.5,1814.8570556640625
23965,2020-12-27,19 day ahead inc hosp,2021-01-15,06073,quantile,0.55,1897.4659077832994
23966,2020-12-27,19 day ahead inc hosp,2021-01-15,06073,quantile,0.6,1981.4055918811662
23967,2020-12-27,19 day ahead inc hosp,2021-01-15,06073,quantile,0.65,2068.1639175162504
23968,2020-12-27,19 day ahead inc hosp,2021-01-15,06073,quantile,0.7,2159.594124697008
23969,2020-12-27,19 day ahead inc hosp,2021-01-15,06073,quantile,0.75,2258.2616937995263
23970,2020-12-27,19 day ahead inc hosp,2021-01-15,06073,quantile,0.8,2368.1327109442705
23971,2020-12-27,19 day ahead inc hosp,2021-01-15,06073,quantile,0.85,2496.200800155965
23972,2020-12-27,19 day ahead inc hosp,2021-01-15,06073,quantile,0.9,2657.3396997769573
23973,2020-12-27,19 day ahead inc hosp,2021-01-15,06073,quantile,0.95,2896.1718229117446
23974,2020-12-27,19 day ahead inc hosp,2021-01-15,06073,quantile,0.975,3103.3230717464126
23975,2020-12-27,19 day ahead inc hosp,2021-01-15,06073,quantile,0.99,3344.1811661733955
23976,2020-12-27,20 day ahead inc hosp,2021-01-16,06073,point,NA,1826.2843017578125
23977,2020-12-27,20 day ahead inc hosp,2021-01-16,06073,quantile,0.01,793.6779170689881
23978,2020-12-27,20 day ahead inc hosp,2021-01-16,06073,quantile,0.025,956.3063647604682
23979,2020-12-27,20 day ahead inc hosp,2021-01-16,06073,quantile,0.05,1096.1758016398107
23980,2020-12-27,20 day ahead inc hosp,2021-01-16,06073,quantile,0.1,1257.4363045790033
23981,2020-12-27,20 day ahead inc hosp,2021-01-16,06073,quantile,0.15,1366.2380003261214
23982,2020-12-27,20 day ahead inc hosp,2021-01-16,06073,quantile,0.2,1452.7101390219866
23983,2020-12-27,20 day ahead inc hosp,2021-01-16,06073,quantile,0.25,1526.8955343978123
23984,2020-12-27,20 day ahead inc hosp,2021-01-16,06073,quantile,0.3,1593.516312241336
23985,2020-12-27,20 day ahead inc hosp,2021-01-16,06073,quantile,0.35,1655.2503913940072
23986,2020-12-27,20 day ahead inc hosp,2021-01-16,06073,quantile,0.4,1713.8299955211296
23987,2020-12-27,20 day ahead inc hosp,2021-01-16,06073,quantile,0.45,1770.506440450356
23988,2020-12-27,20 day ahead inc hosp,2021-01-16,06073,quantile,0.5,1826.2843017578125
23989,2020-12-27,20 day ahead inc hosp,2021-01-16,06073,quantile,0.55,1910.320488532102
23990,2020-12-27,20 day ahead inc hosp,2021-01-16,06073,quantile,0.6,1995.7105017045592
23991,2020-12-27,20 day ahead inc hosp,2021-01-16,06073,quantile,0.65,2083.9678575478656
23992,2020-12-27,20 day ahead inc hosp,2021-01-16,06073,quantile,0.7,2176.9778167755267
23993,2020-12-27,20 day ahead inc hosp,2021-01-16,06073,quantile,0.75,2277.350186720775
23994,2020-12-27,20 day ahead inc hosp,2021-01-16,06073,quantile,0.8,2389.119580447852
23995,2020-12-27,20 day ahead inc hosp,2021-01-16,06073,quantile,0.85,2519.4004594181356
23996,2020-12-27,20 day ahead inc hosp,2021-01-16,06073,quantile,0.9,2683.323553829465
23997,2020-12-27,20 day ahead inc hosp,2021-01-16,06073,quantile,0.95,2926.282273053471
23998,2020-12-27,20 day ahead inc hosp,2021-01-16,06073,quantile,0.975,3137.0127285798426
23999,2020-12-27,20 day ahead inc hosp,2021-01-16,06073,quantile,0.99,3382.0324242917504
24000,2020-12-27,21 day ahead inc hosp,2021-01-17,06073,point,NA,2077.69921875
24001,2020-12-27,21 day ahead inc hosp,2021-01-17,06073,quantile,0.01,1020.8283328285804
24002,2020-12-27,21 day ahead inc hosp,2021-01-17,06073,quantile,0.025,1187.2782736155677
24003,2020-12-27,21 day ahead inc hosp,2021-01-17,06073,quantile,0.05,1330.4344053806713
24004,2020-12-27,21 day ahead inc hosp,2021-01-17,06073,quantile,0.1,1495.4842570304245
24005,2020-12-27,21 day ahead inc hosp,2021-01-17,06073,quantile,0.15,1606.842608362584
24006,2020-12-27,21 day ahead inc hosp,2021-01-17,06073,quantile,0.2,1695.346695869809
24007,2020-12-27,21 day ahead inc hosp,2021-01-17,06073,quantile,0.25,1771.2753223976288
24008,2020-12-27,21 day ahead inc hosp,2021-01-17,06073,quantile,0.3,1839.4615756924666
24009,2020-12-27,21 day ahead inc hosp,2021-01-17,06073,quantile,0.35,1902.646301153261
24010,2020-12-27,21 day ahead inc hosp,2021-01-17,06073,quantile,0.4,1962.6024267677801
24011,2020-12-27,21 day ahead inc hosp,2021-01-17,06073,quantile,0.45,2020.6106721664166
24012,2020-12-27,21 day ahead inc hosp,2021-01-17,06073,quantile,0.5,2077.69921875
24013,2020-12-27,21 day ahead inc hosp,2021-01-17,06073,quantile,0.55,2160.2048205609262
24014,2020-12-27,21 day ahead inc hosp,2021-01-17,06073,quantile,0.6,2244.039590983802
24015,2020-12-27,21 day ahead inc hosp,2021-01-17,06073,quantile,0.65,2330.689480009001
24016,2020-12-27,21 day ahead inc hosp,2021-01-17,06073,quantile,0.7,2422.0054113362853
24017,2020-12-27,21 day ahead inc hosp,2021-01-17,06073,quantile,0.75,2520.549658825336
24018,2020-12-27,21 day ahead inc hosp,2021-01-17,06073,quantile,0.8,2630.283351505406
24019,2020-12-27,21 day ahead inc hosp,2021-01-17,06073,quantile,0.85,2758.191372281858
24020,2020-12-27,21 day ahead inc hosp,2021-01-17,06073,quantile,0.9,2919.128869260883
24021,2020-12-27,21 day ahead inc hosp,2021-01-17,06073,quantile,0.95,3157.662483341064
24022,2020-12-27,21 day ahead inc hosp,2021-01-17,06073,quantile,0.975,3364.554820088705
24023,2020-12-27,21 day ahead inc hosp,2021-01-17,06073,quantile,0.99,3605.1118732607774
24024,2020-12-27,22 day ahead inc hosp,2021-01-18,06073,point,NA,1750.9039306640625
24025,2020-12-27,22 day ahead inc hosp,2021-01-18,06073,quantile,0.01,1142.755575765958
24026,2020-12-27,22 day ahead inc hosp,2021-01-18,06073,quantile,0.025,1238.5347849493392
24027,2020-12-27,22 day ahead inc hosp,2021-01-18,06073,quantile,0.05,1320.9101887817778
24028,2020-12-27,22 day ahead inc hosp,2021-01-18,06073,quantile,0.1,1415.8837537593608
24029,2020-12-27,22 day ahead inc hosp,2021-01-18,06073,quantile,0.15,1479.9619671617247
24030,2020-12-27,22 day ahead inc hosp,2021-01-18,06073,quantile,0.2,1530.8892998532212
24031,2020-12-27,22 day ahead inc hosp,2021-01-18,06073,quantile,0.25,1574.580416646838
24032,2020-12-27,22 day ahead inc hosp,2021-01-18,06073,quantile,0.3,1613.8163898582377
24033,2020-12-27,22 day ahead inc hosp,2021-01-18,06073,quantile,0.35,1650.1743663675154
24034,2020-12-27,22 day ahead inc hosp,2021-01-18,06073,quantile,0.4,1684.674530620545
24035,2020-12-27,22 day ahead inc hosp,2021-01-18,06073,quantile,0.45,1718.0538388024995
24036,2020-12-27,22 day ahead inc hosp,2021-01-18,06073,quantile,0.5,1750.9039306640625
24037,2020-12-27,22 day ahead inc hosp,2021-01-18,06073,quantile,0.55,1836.0465723467996
24038,2020-12-27,22 day ahead inc hosp,2021-01-18,06073,quantile,0.6,1922.5608654614302
24039,2020-12-27,22 day ahead inc hosp,2021-01-18,06073,quantile,0.65,2011.9802538567578
24040,2020-12-27,22 day ahead inc hosp,2021-01-18,06073,quantile,0.7,2106.214820362214
24041,2020-12-27,22 day ahead inc hosp,2021-01-18,06073,quantile,0.75,2207.9087341049785
24042,2020-12-27,22 day ahead inc hosp,2021-01-18,06073,quantile,0.8,2321.149729519977
24043,2020-12-27,22 day ahead inc hosp,2021-01-18,06073,quantile,0.85,2453.1459399866876
24044,2020-12-27,22 day ahead inc hosp,2021-01-18,06073,quantile,0.9,2619.2273131036713
24045,2020-12-27,22 day ahead inc hosp,2021-01-18,06073,quantile,0.95,2865.384926491659
24046,2020-12-27,22 day ahead inc hosp,2021-01-18,06073,quantile,0.975,3078.889945641471
24047,2020-12-27,22 day ahead inc hosp,2021-01-18,06073,quantile,0.99,3327.135671179255
24048,2020-12-27,23 day ahead inc hosp,2021-01-19,06073,point,NA,1824.111328125
24049,2020-12-27,23 day ahead inc hosp,2021-01-19,06073,quantile,0.01,1240.8494927974548
24050,2020-12-27,23 day ahead inc hosp,2021-01-19,06073,quantile,0.025,1332.7092452486145
24051,2020-12-27,23 day ahead inc hosp,2021-01-19,06073,quantile,0.05,1411.7137000632724
24052,2020-12-27,23 day ahead inc hosp,2021-01-19,06073,quantile,0.1,1502.800776712039
24053,2020-12-27,23 day ahead inc hosp,2021-01-19,06073,quantile,0.15,1564.256794890095
24054,2020-12-27,23 day ahead inc hosp,2021-01-19,06073,quantile,0.2,1613.100089942592
24055,2020-12-27,23 day ahead inc hosp,2021-01-19,06073,quantile,0.25,1655.0032880081772
24056,2020-12-27,23 day ahead inc hosp,2021-01-19,06073,quantile,0.3,1692.6336549438531
24057,2020-12-27,23 day ahead inc hosp,2021-01-19,06073,quantile,0.35,1727.5037979555038
24058,2020-12-27,23 day ahead inc hosp,2021-01-19,06073,quantile,0.4,1760.5921537148406
24059,2020-12-27,23 day ahead inc hosp,2021-01-19,06073,quantile,0.45,1792.6055208404207
24060,2020-12-27,23 day ahead inc hosp,2021-01-19,06073,quantile,0.5,1824.111328125
24061,2020-12-27,23 day ahead inc hosp,2021-01-19,06073,quantile,0.55,1893.8746055250797
24062,2020-12-27,23 day ahead inc hosp,2021-01-19,06073,quantile,0.6,1964.761772170879
24063,2020-12-27,23 day ahead inc hosp,2021-01-19,06073,quantile,0.65,2038.02928506781
24064,2020-12-27,23 day ahead inc hosp,2021-01-19,06073,quantile,0.7,2115.2422076864573
24065,2020-12-27,23 day ahead inc hosp,2021-01-19,06073,quantile,0.75,2198.5670913654503
24066,2020-12-27,23 day ahead inc hosp,2021-01-19,06073,quantile,0.8,2291.35330072028
24067,2020-12-27,23 day ahead inc hosp,2021-01-19,06073,quantile,0.85,2399.506959856927
24068,2020-12-27,23 day ahead inc hosp,2021-01-19,06073,quantile,0.9,2535.588959131979
24069,2020-12-27,23 day ahead inc hosp,2021-01-19,06073,quantile,0.95,2737.2829813930894
24070,2020-12-27,23 day ahead inc hosp,2021-01-19,06073,quantile,0.975,2912.222466272587
24071,2020-12-27,23 day ahead inc hosp,2021-01-19,06073,quantile,0.99,3115.62742378623
24072,2020-12-27,24 day ahead inc hosp,2021-01-20,06073,point,NA,1916.7022705078125
24073,2020-12-27,24 day ahead inc hosp,2021-01-20,06073,quantile,0.01,1332.509093792767
24074,2020-12-27,24 day ahead inc hosp,2021-01-20,06073,quantile,0.025,1424.5155261467105
24075,2020-12-27,24 day ahead inc hosp,2021-01-20,06073,quantile,0.05,1503.64613376978
24076,2020-12-27,24 day ahead inc hosp,2021-01-20,06073,quantile,0.1,1594.8786565273283
24077,2020-12-27,24 day ahead inc hosp,2021-01-20,06073,quantile,0.15,1656.4328065044726
24078,2020-12-27,24 day ahead inc hosp,2021-01-20,06073,quantile,0.2,1705.3540936000436
24079,2020-12-27,24 day ahead inc hosp,2021-01-20,06073,quantile,0.25,1747.324201894043
24080,2020-12-27,24 day ahead inc hosp,2021-01-20,06073,quantile,0.3,1785.0146562827827
24081,2020-12-27,24 day ahead inc hosp,2021-01-20,06073,quantile,0.35,1819.9404792745174
24082,2020-12-27,24 day ahead inc hosp,2021-01-20,06073,quantile,0.4,1853.0816698899966
24083,2020-12-27,24 day ahead inc hosp,2021-01-20,06073,quantile,0.45,1885.1461553503475
24084,2020-12-27,24 day ahead inc hosp,2021-01-20,06073,quantile,0.5,1916.7022705078125
24085,2020-12-27,24 day ahead inc hosp,2021-01-20,06073,quantile,0.55,1990.91470662118
24086,2020-12-27,24 day ahead inc hosp,2021-01-20,06073,quantile,0.6,2066.3227081086934
24087,2020-12-27,24 day ahead inc hosp,2021-01-20,06073,quantile,0.65,2144.262862623891
24088,2020-12-27,24 day ahead inc hosp,2021-01-20,06073,quantile,0.7,2226.4000456880026
24089,2020-12-27,24 day ahead inc hosp,2021-01-20,06073,quantile,0.75,2315.0389806282064
24090,2020-12-27,24 day ahead inc hosp,2021-01-20,06073,quantile,0.8,2413.742638061866
24091,2020-12-27,24 day ahead inc hosp,2021-01-20,06073,quantile,0.85,2528.7938056421344
24092,2020-12-27,24 day ahead inc hosp,2021-01-20,06073,quantile,0.9,2673.554445533855
24093,2020-12-27,24 day ahead inc hosp,2021-01-20,06073,quantile,0.95,2888.111520535662
24094,2020-12-27,24 day ahead inc hosp,2021-01-20,06073,quantile,0.975,3074.2077853494807
24095,2020-12-27,24 day ahead inc hosp,2021-01-20,06073,quantile,0.99,3290.5849106392716
24096,2020-12-27,25 day ahead inc hosp,2021-01-21,06073,point,NA,2043.3631591796875
24097,2020-12-27,25 day ahead inc hosp,2021-01-21,06073,quantile,0.01,1369.5287022673294
24098,2020-12-27,25 day ahead inc hosp,2021-01-21,06073,quantile,0.025,1475.6530235513892
24099,2020-12-27,25 day ahead inc hosp,2021-01-21,06073,quantile,0.05,1566.925794508186
24100,2020-12-27,25 day ahead inc hosp,2021-01-21,06073,quantile,0.1,1672.1574539581616
24101,2020-12-27,25 day ahead inc hosp,2021-01-21,06073,quantile,0.15,1743.1567550006357
24102,2020-12-27,25 day ahead inc hosp,2021-01-21,06073,quantile,0.2,1799.584748745549
24103,2020-12-27,25 day ahead inc hosp,2021-01-21,06073,quantile,0.25,1847.99494293485
24104,2020-12-27,25 day ahead inc hosp,2021-01-21,06073,quantile,0.3,1891.4687934967926
24105,2020-12-27,25 day ahead inc hosp,2021-01-21,06073,quantile,0.35,1931.753794941327
24106,2020-12-27,25 day ahead inc hosp,2021-01-21,06073,quantile,0.4,1969.9803218333097
24107,2020-12-27,25 day ahead inc hosp,2021-01-21,06073,quantile,0.45,2006.9649289932945
24108,2020-12-27,25 day ahead inc hosp,2021-01-21,06073,quantile,0.5,2043.3631591796875
24109,2020-12-27,25 day ahead inc hosp,2021-01-21,06073,quantile,0.55,2133.4003502051814
24110,2020-12-27,25 day ahead inc hosp,2021-01-21,06073,quantile,0.6,2224.8880440522107
24111,2020-12-27,25 day ahead inc hosp,2021-01-21,06073,quantile,0.65,2319.447836833051
24112,2020-12-27,25 day ahead inc hosp,2021-01-21,06073,quantile,0.7,2419.099615283527
24113,2020-12-27,25 day ahead inc hosp,2021-01-21,06073,quantile,0.75,2526.639552462195
24114,2020-12-27,25 day ahead inc hosp,2021-01-21,06073,quantile,0.8,2646.3903721993815
24115,2020-12-27,25 day ahead inc hosp,2021-01-21,06073,quantile,0.85,2785.97457796924
24116,2020-12-27,25 day ahead inc hosp,2021-01-21,06073,quantile,0.9,2961.6033818396986
24117,2020-12-27,25 day ahead inc hosp,2021-01-21,06073,quantile,0.95,3221.9117258253136
24118,2020-12-27,25 day ahead inc hosp,2021-01-21,06073,quantile,0.975,3447.6903934138127
24119,2020-12-27,25 day ahead inc hosp,2021-01-21,06073,quantile,0.99,3710.2068877316024
24120,2020-12-27,26 day ahead inc hosp,2021-01-22,06073,point,NA,1916.973388671875
24121,2020-12-27,26 day ahead inc hosp,2021-01-22,06073,quantile,0.01,1353.4572544614862
24122,2020-12-27,26 day ahead inc hosp,2021-01-22,06073,quantile,0.025,1442.2071939491798
24123,2020-12-27,26 day ahead inc hosp,2021-01-22,06073,quantile,0.05,1518.537038053507
24124,2020-12-27,26 day ahead inc hosp,2021-01-22,06073,quantile,0.1,1606.540459845734
24125,2020-12-27,26 day ahead inc hosp,2021-01-22,06073,quantile,0.15,1665.915950731767
24126,2020-12-27,26 day ahead inc hosp,2021-01-22,06073,quantile,0.2,1713.1057086466212
24127,2020-12-27,26 day ahead inc hosp,2021-01-22,06073,quantile,0.25,1753.5903190818476
24128,2020-12-27,26 day ahead inc hosp,2021-01-22,06073,quantile,0.3,1789.9467504821675
24129,2020-12-27,26 day ahead inc hosp,2021-01-22,06073,quantile,0.35,1823.6364023659635
24130,2020-12-27,26 day ahead inc hosp,2021-01-22,06073,quantile,0.4,1855.6045874854449
24131,2020-12-27,26 day ahead inc hosp,2021-01-22,06073,quantile,0.45,1886.5341765533358
24132,2020-12-27,26 day ahead inc hosp,2021-01-22,06073,quantile,0.5,1916.973388671875
24133,2020-12-27,26 day ahead inc hosp,2021-01-22,06073,quantile,0.55,2000.1695756677884
24134,2020-12-27,26 day ahead inc hosp,2021-01-22,06073,quantile,0.6,2084.706056631162
24135,2020-12-27,26 day ahead inc hosp,2021-01-22,06073,quantile,0.65,2172.0812191932864
24136,2020-12-27,26 day ahead inc hosp,2021-01-22,06073,quantile,0.7,2264.161479583614
24137,2020-12-27,26 day ahead inc hosp,2021-01-22,06073,quantile,0.75,2363.5305583070044
24138,2020-12-27,26 day ahead inc hosp,2021-01-22,06073,quantile,0.8,2474.18273968112
24139,2020-12-27,26 day ahead inc hosp,2021-01-22,06073,quantile,0.85,2603.1613712070302
24140,2020-12-27,26 day ahead inc hosp,2021-01-22,06073,quantile,0.9,2765.44594097485
24141,2020-12-27,26 day ahead inc hosp,2021-01-22,06073,quantile,0.95,3005.9761198505075
24142,2020-12-27,26 day ahead inc hosp,2021-01-22,06073,quantile,0.975,3214.6001788025715
24143,2020-12-27,26 day ahead inc hosp,2021-01-22,06073,quantile,0.99,3457.170733281446
24144,2020-12-27,27 day ahead inc hosp,2021-01-23,06073,point,NA,1956.1422119140625
24145,2020-12-27,27 day ahead inc hosp,2021-01-23,06073,quantile,0.01,880.7152087676202
24146,2020-12-27,27 day ahead inc hosp,2021-01-23,06073,quantile,0.025,1050.0876111859054
24147,2020-12-27,27 day ahead inc hosp,2021-01-23,06073,quantile,0.05,1195.757221179902
24148,2020-12-27,27 day ahead inc hosp,2021-01-23,06073,quantile,0.1,1363.7049522546477
24149,2020-12-27,27 day ahead inc hosp,2021-01-23,06073,quantile,0.15,1477.0184890771366
24150,2020-12-27,27 day ahead inc hosp,2021-01-23,06073,quantile,0.2,1567.0764960314336
24151,2020-12-27,27 day ahead inc hosp,2021-01-23,06073,quantile,0.25,1644.33824708123
24152,2020-12-27,27 day ahead inc hosp,2021-01-23,06073,quantile,0.3,1713.7216873987486
24153,2020-12-27,27 day ahead inc hosp,2021-01-23,06073,quantile,0.35,1778.015785052589
24154,2020-12-27,27 day ahead inc hosp,2021-01-23,06073,quantile,0.4,1839.024596392566
24155,2020-12-27,27 day ahead inc hosp,2021-01-23,06073,quantile,0.45,1898.0513274132154
24156,2020-12-27,27 day ahead inc hosp,2021-01-23,06073,quantile,0.5,1956.1422119140625
24157,2020-12-27,27 day ahead inc hosp,2021-01-23,06073,quantile,0.55,2042.4854778177892
24158,2020-12-27,27 day ahead inc hosp,2021-01-23,06073,quantile,0.6,2130.219737258603
24159,2020-12-27,27 day ahead inc hosp,2021-01-23,06073,quantile,0.65,2220.900057678257
24160,2020-12-27,27 day ahead inc hosp,2021-01-23,06073,quantile,0.7,2316.46345660851
24161,2020-12-27,27 day ahead inc hosp,2021-01-23,06073,quantile,0.75,2419.591389469706
24162,2020-12-27,27 day ahead inc hosp,2021-01-23,06073,quantile,0.8,2534.429233176197
24163,2020-12-27,27 day ahead inc hosp,2021-01-23,06073,quantile,0.85,2668.286765352371
24164,2020-12-27,27 day ahead inc hosp,2021-01-23,06073,quantile,0.9,2836.7101061987855
24165,2020-12-27,27 day ahead inc hosp,2021-01-23,06073,quantile,0.95,3086.338868554829
24166,2020-12-27,27 day ahead inc hosp,2021-01-23,06073,quantile,0.975,3302.854591768174
24167,2020-12-27,27 day ahead inc hosp,2021-01-23,06073,quantile,0.99,3554.600911425981
24168,2020-12-27,28 day ahead inc hosp,2021-01-24,06073,point,NA,1947.7103271484375
24169,2020-12-27,28 day ahead inc hosp,2021-01-24,06073,quantile,0.01,887.1421895002022
24170,2020-12-27,28 day ahead inc hosp,2021-01-24,06073,quantile,0.025,1054.1744221633314
24171,2020-12-27,28 day ahead inc hosp,2021-01-24,06073,quantile,0.05,1197.8313570657183
24172,2020-12-27,28 day ahead inc hosp,2021-01-24,06073,quantile,0.1,1363.4586026593786
24173,2020-12-27,28 day ahead inc hosp,2021-01-24,06073,quantile,0.15,1475.2065189443085
24174,2020-12-27,28 day ahead inc hosp,2021-01-24,06073,quantile,0.2,1564.0202203265349
24175,2020-12-27,28 day ahead inc hosp,2021-01-24,06073,quantile,0.25,1640.2144679905637
24176,2020-12-27,28 day ahead inc hosp,2021-01-24,06073,quantile,0.3,1708.6392572750835
24177,2020-12-27,28 day ahead inc hosp,2021-01-24,06073,quantile,0.35,1772.045021879287
24178,2020-12-27,28 day ahead inc hosp,2021-01-24,06073,quantile,0.4,1832.2108920254368
24179,2020-12-27,28 day ahead inc hosp,2021-01-24,06073,quantile,0.45,1890.4220676857794
24180,2020-12-27,28 day ahead inc hosp,2021-01-24,06073,quantile,0.5,1947.7103271484375
24181,2020-12-27,28 day ahead inc hosp,2021-01-24,06073,quantile,0.55,2029.4414059215942
24182,2020-12-27,28 day ahead inc hosp,2021-01-24,06073,quantile,0.6,2112.4891757089567
24183,2020-12-27,28 day ahead inc hosp,2021-01-24,06073,quantile,0.65,2198.3256371147318
24184,2020-12-27,28 day ahead inc hosp,2021-01-24,06073,quantile,0.7,2288.784338254296
24185,2020-12-27,28 day ahead inc hosp,2021-01-24,06073,quantile,0.75,2386.4034995886536
24186,2020-12-27,28 day ahead inc hosp,2021-01-24,06073,quantile,0.8,2495.107064966641
24187,2020-12-27,28 day ahead inc hosp,2021-01-24,06073,quantile,0.85,2621.8143465613603
24188,2020-12-27,28 day ahead inc hosp,2021-01-24,06073,quantile,0.9,2781.241039469931
24189,2020-12-27,28 day ahead inc hosp,2021-01-24,06073,quantile,0.95,3017.535414330807
24190,2020-12-27,28 day ahead inc hosp,2021-01-24,06073,quantile,0.975,3222.4855450023533
24191,2020-12-27,28 day ahead inc hosp,2021-01-24,06073,quantile,0.99,3460.7843638789327
24192,2020-12-27,1 day ahead inc hosp,2020-12-28,06075,point,NA,184.05628967285156
24193,2020-12-27,1 day ahead inc hosp,2020-12-28,06075,quantile,0.01,122.74681684463903
24194,2020-12-27,1 day ahead inc hosp,2020-12-28,06075,quantile,0.025,132.40263976291376
24195,2020-12-27,1 day ahead inc hosp,2020-12-28,06075,quantile,0.05,140.70718016379033
24196,2020-12-27,1 day ahead inc hosp,2020-12-28,06075,quantile,0.1,150.28178339093745
24197,2020-12-27,1 day ahead inc hosp,2020-12-28,06075,quantile,0.15,156.7417227327628
24198,2020-12-27,1 day ahead inc hosp,2020-12-28,06075,quantile,0.2,161.87587773740108
24199,2020-12-27,1 day ahead inc hosp,2020-12-28,06075,quantile,0.25,166.28052557755075
24200,2020-12-27,1 day ahead inc hosp,2020-12-28,06075,quantile,0.3,170.23603546936957
24201,2020-12-27,1 day ahead inc hosp,2020-12-28,06075,quantile,0.35,173.90140487295503
24202,2020-12-27,1 day ahead inc hosp,2020-12-28,06075,quantile,0.4,177.37948199970216
24203,2020-12-27,1 day ahead inc hosp,2020-12-28,06075,quantile,0.45,180.74456187128868
24204,2020-12-27,1 day ahead inc hosp,2020-12-28,06075,quantile,0.5,184.05628967285156
24205,2020-12-27,1 day ahead inc hosp,2020-12-28,06075,quantile,0.55,192.94348403007427
24206,2020-12-27,1 day ahead inc hosp,2020-12-28,06075,quantile,0.6,201.97385145104832
24207,2020-12-27,1 day ahead inc hosp,2020-12-28,06075,quantile,0.65,211.3074529022984
24208,2020-12-27,1 day ahead inc hosp,2020-12-28,06075,quantile,0.7,221.14366295111603
24209,2020-12-27,1 day ahead inc hosp,2020-12-28,06075,quantile,0.75,231.7584801392681
24210,2020-12-27,1 day ahead inc hosp,2020-12-28,06075,quantile,0.8,243.5785824472108
24211,2020-12-27,1 day ahead inc hosp,2020-12-28,06075,quantile,0.85,257.3563552958112
24212,2020-12-27,1 day ahead inc hosp,2020-12-28,06075,quantile,0.9,274.6919395909872
24213,2020-12-27,1 day ahead inc hosp,2020-12-28,06075,quantile,0.95,300.38588694160933
24214,2020-12-27,1 day ahead inc hosp,2020-12-28,06075,quantile,0.975,322.6715544276776
24215,2020-12-27,1 day ahead inc hosp,2020-12-28,06075,quantile,0.99,348.58345905738054
24216,2020-12-27,2 day ahead inc hosp,2020-12-29,06075,point,NA,192.66925048828125
24217,2020-12-27,2 day ahead inc hosp,2020-12-29,06075,quantile,0.01,124.84352058001221
24218,2020-12-27,2 day ahead inc hosp,2020-12-29,06075,quantile,0.025,135.52560944957443
24219,2020-12-27,2 day ahead inc hosp,2020-12-29,06075,quantile,0.05,144.71279518546237
24220,2020-12-27,2 day ahead inc hosp,2020-12-29,06075,quantile,0.1,155.3050319558377
24221,2020-12-27,2 day ahead inc hosp,2020-12-29,06075,quantile,0.15,162.45156381805307
24222,2020-12-27,2 day ahead inc hosp,2020-12-29,06075,quantile,0.2,168.1314007924715
24223,2020-12-27,2 day ahead inc hosp,2020-12-29,06075,quantile,0.25,173.00419517424865
24224,2020-12-27,2 day ahead inc hosp,2020-12-29,06075,quantile,0.3,177.38011512912604
24225,2020-12-27,2 day ahead inc hosp,2020-12-29,06075,quantile,0.35,181.43505710975944
24226,2020-12-27,2 day ahead inc hosp,2020-12-29,06075,quantile,0.4,185.28280051573967
24227,2020-12-27,2 day ahead inc hosp,2020-12-29,06075,quantile,0.45,189.0055367905972
24228,2020-12-27,2 day ahead inc hosp,2020-12-29,06075,quantile,0.5,192.66925048828125
24229,2020-12-27,2 day ahead inc hosp,2020-12-29,06075,quantile,0.55,200.1975254078351
24230,2020-12-27,2 day ahead inc hosp,2020-12-29,06075,quantile,0.6,207.8470811435465
24231,2020-12-27,2 day ahead inc hosp,2020-12-29,06075,quantile,0.65,215.75350412589654
24232,2020-12-27,2 day ahead inc hosp,2020-12-29,06075,quantile,0.7,224.0856830383332
24233,2020-12-27,2 day ahead inc hosp,2020-12-29,06075,quantile,0.75,233.0774141517942
24234,2020-12-27,2 day ahead inc hosp,2020-12-29,06075,quantile,0.8,243.09013314663943
24235,2020-12-27,2 day ahead inc hosp,2020-12-29,06075,quantile,0.85,254.76118000510402
24236,2020-12-27,2 day ahead inc hosp,2020-12-29,06075,quantile,0.9,269.4460219495272
24237,2020-12-27,2 day ahead inc hosp,2020-12-29,06075,quantile,0.95,291.211169829614
24238,2020-12-27,2 day ahead inc hosp,2020-12-29,06075,quantile,0.975,310.0891896924894
24239,2020-12-27,2 day ahead inc hosp,2020-12-29,06075,quantile,0.99,332.03896753020786
24240,2020-12-27,3 day ahead inc hosp,2020-12-30,06075,point,NA,199.3658905029297
24241,2020-12-27,3 day ahead inc hosp,2020-12-30,06075,quantile,0.01,133.35414557776488
24242,2020-12-27,3 day ahead inc hosp,2020-12-30,06075,quantile,0.025,143.75054421113242
24243,2020-12-27,3 day ahead inc hosp,2020-12-30,06075,quantile,0.05,152.6920205829718
24244,2020-12-27,3 day ahead inc hosp,2020-12-30,06075,quantile,0.1,163.00097019278238
24245,2020-12-27,3 day ahead inc hosp,2020-12-30,06075,quantile,0.15,169.9563695526735
24246,2020-12-27,3 day ahead inc hosp,2020-12-30,06075,quantile,0.2,175.4843004732683
24247,2020-12-27,3 day ahead inc hosp,2020-12-30,06075,quantile,0.25,180.2267729868362
24248,2020-12-27,3 day ahead inc hosp,2020-12-30,06075,quantile,0.3,184.48565987629507
24249,2020-12-27,3 day ahead inc hosp,2020-12-30,06075,quantile,0.35,188.43215328040483
24250,2020-12-27,3 day ahead inc hosp,2020-12-30,06075,quantile,0.4,192.17698959247357
24251,2020-12-27,3 day ahead inc hosp,2020-12-30,06075,quantile,0.45,195.80016206303765
24252,2020-12-27,3 day ahead inc hosp,2020-12-30,06075,quantile,0.5,199.3658905029297
24253,2020-12-27,3 day ahead inc hosp,2020-12-30,06075,quantile,0.55,207.5835828865199
24254,2020-12-27,3 day ahead inc hosp,2020-12-30,06075,quantile,0.6,215.93366262974615
24255,2020-12-27,3 day ahead inc hosp,2020-12-30,06075,quantile,0.65,224.5641327730112
24256,2020-12-27,3 day ahead inc hosp,2020-12-30,06075,quantile,0.7,233.65934833289938
24257,2020-12-27,3 day ahead inc hosp,2020-12-30,06075,quantile,0.75,243.47451596107078
24258,2020-12-27,3 day ahead inc hosp,2020-12-30,06075,quantile,0.8,254.40417056351527
24259,2020-12-27,3 day ahead inc hosp,2020-12-30,06075,quantile,0.85,267.1440178595028
24260,2020-12-27,3 day ahead inc hosp,2020-12-30,06075,quantile,0.9,283.1736548069357
24261,2020-12-27,3 day ahead inc hosp,2020-12-30,06075,quantile,0.95,306.93199146084004
24262,2020-12-27,3 day ahead inc hosp,2020-12-30,06075,quantile,0.975,327.53880533282995
24263,2020-12-27,3 day ahead inc hosp,2020-12-30,06075,quantile,0.99,351.498679817489
24264,2020-12-27,4 day ahead inc hosp,2020-12-31,06075,point,NA,214.33985900878906
24265,2020-12-27,4 day ahead inc hosp,2020-12-31,06075,quantile,0.01,139.43815579603128
24266,2020-12-27,4 day ahead inc hosp,2020-12-31,06075,quantile,0.025,151.23466209655112
24267,2020-12-27,4 day ahead inc hosp,2020-12-31,06075,quantile,0.05,161.3803083030959
24268,2020-12-27,4 day ahead inc hosp,2020-12-31,06075,quantile,0.1,173.07758861260257
24269,2020-12-27,4 day ahead inc hosp,2020-12-31,06075,quantile,0.15,180.96968810446387
24270,2020-12-27,4 day ahead inc hosp,2020-12-31,06075,quantile,0.2,187.2420785959501
24271,2020-12-27,4 day ahead inc hosp,2020-12-31,06075,quantile,0.25,192.62323113340574
24272,2020-12-27,4 day ahead inc hosp,2020-12-31,06075,quantile,0.3,197.45567242355176
24273,2020-12-27,4 day ahead inc hosp,2020-12-31,06075,quantile,0.35,201.93364945659104
24274,2020-12-27,4 day ahead inc hosp,2020-12-31,06075,quantile,0.4,206.1828117586165
24275,2020-12-27,4 day ahead inc hosp,2020-12-31,06075,quantile,0.45,210.29392546098083
24276,2020-12-27,4 day ahead inc hosp,2020-12-31,06075,quantile,0.5,214.33985900878906
24277,2020-12-27,4 day ahead inc hosp,2020-12-31,06075,quantile,0.55,224.46397568463686
24278,2020-12-27,4 day ahead inc hosp,2020-12-31,06075,quantile,0.6,234.75119229326367
24279,2020-12-27,4 day ahead inc hosp,2020-12-31,06075,quantile,0.65,245.38384713348572
24280,2020-12-27,4 day ahead inc hosp,2020-12-31,06075,quantile,0.7,256.58906378337747
24281,2020-12-27,4 day ahead inc hosp,2020-12-31,06075,quantile,0.75,268.681254342742
24282,2020-12-27,4 day ahead inc hosp,2020-12-31,06075,quantile,0.8,282.1464819585659
24283,2020-12-27,4 day ahead inc hosp,2020-12-31,06075,quantile,0.85,297.8418492753834
24284,2020-12-27,4 day ahead inc hosp,2020-12-31,06075,quantile,0.9,317.59020527996654
24285,2020-12-27,4 day ahead inc hosp,2020-12-31,06075,quantile,0.95,346.8602437628517
24286,2020-12-27,4 day ahead inc hosp,2020-12-31,06075,quantile,0.975,372.24763698945947
24287,2020-12-27,4 day ahead inc hosp,2020-12-31,06075,quantile,0.99,401.7659681094884
24288,2020-12-27,5 day ahead inc hosp,2021-01-01,06075,point,NA,209.91412353515625
24289,2020-12-27,5 day ahead inc hosp,2021-01-01,06075,quantile,0.01,143.44839982345286
24290,2020-12-27,5 day ahead inc hosp,2021-01-01,06075,quantile,0.025,153.91629701274098
24291,2020-12-27,5 day ahead inc hosp,2021-01-01,06075,quantile,0.05,162.91926608709494
24292,2020-12-27,5 day ahead inc hosp,2021-01-01,06075,quantile,0.1,173.299112844673
24293,2020-12-27,5 day ahead inc hosp,2021-01-01,06075,quantile,0.15,180.3023461735779
24294,2020-12-27,5 day ahead inc hosp,2021-01-01,06075,quantile,0.2,185.86829401637712
24295,2020-12-27,5 day ahead inc hosp,2021-01-01,06075,quantile,0.25,190.64338166410556
24296,2020-12-27,5 day ahead inc hosp,2021-01-01,06075,quantile,0.3,194.93155795205365
24297,2020-12-27,5 day ahead inc hosp,2021-01-01,06075,quantile,0.35,198.90519234885662
24298,2020-12-27,5 day ahead inc hosp,2021-01-01,06075,quantile,0.4,202.67578280886775
24299,2020-12-27,5 day ahead inc hosp,2021-01-01,06075,quantile,0.45,206.3238727156164
24300,2020-12-27,5 day ahead inc hosp,2021-01-01,06075,quantile,0.5,209.91412353515625
24301,2020-12-27,5 day ahead inc hosp,2021-01-01,06075,quantile,0.55,219.70152049268324
24302,2020-12-27,5 day ahead inc hosp,2021-01-01,06075,quantile,0.6,229.64659281458668
24303,2020-12-27,5 day ahead inc hosp,2021-01-01,06075,quantile,0.65,239.92561437919238
24304,2020-12-27,5 day ahead inc hosp,2021-01-01,06075,quantile,0.7,250.758154822865
24305,2020-12-27,5 day ahead inc hosp,2021-01-01,06075,quantile,0.75,262.4481691599084
24306,2020-12-27,5 day ahead inc hosp,2021-01-01,06075,quantile,0.8,275.46555448043927
24307,2020-12-27,5 day ahead inc hosp,2021-01-01,06075,quantile,0.85,290.6389069063707
24308,2020-12-27,5 day ahead inc hosp,2021-01-01,06075,quantile,0.9,309.73044898001353
24309,2020-12-27,5 day ahead inc hosp,2021-01-01,06075,quantile,0.95,338.02699027506907
24310,2020-12-27,5 day ahead inc hosp,2021-01-01,06075,quantile,0.975,362.5700198727436
24311,2020-12-27,5 day ahead inc hosp,2021-01-01,06075,quantile,0.99,391.1065957978973
24312,2020-12-27,6 day ahead inc hosp,2021-01-02,06075,point,NA,222.66006469726562
24313,2020-12-27,6 day ahead inc hosp,2021-01-02,06075,quantile,0.01,93.37631483758622
24314,2020-12-27,6 day ahead inc hosp,2021-01-02,06075,quantile,0.025,113.73762178200262
24315,2020-12-27,6 day ahead inc hosp,2021-01-02,06075,quantile,0.05,131.2494690440863
24316,2020-12-27,6 day ahead inc hosp,2021-01-02,06075,quantile,0.1,151.43950741046666
24317,2020-12-27,6 day ahead inc hosp,2021-01-02,06075,quantile,0.15,165.06163044384132
24318,2020-12-27,6 day ahead inc hosp,2021-01-02,06075,quantile,0.2,175.88806200067955
24319,2020-12-27,6 day ahead inc hosp,2021-01-02,06075,quantile,0.25,185.17617627270192
24320,2020-12-27,6 day ahead inc hosp,2021-01-02,06075,quantile,0.3,193.51718995021747
24321,2020-12-27,6 day ahead inc hosp,2021-01-02,06075,quantile,0.35,201.2463821819668
24322,2020-12-27,6 day ahead inc hosp,2021-01-02,06075,quantile,0.4,208.5806297705406
24323,2020-12-27,6 day ahead inc hosp,2021-01-02,06075,quantile,0.45,215.6765991910416
24324,2020-12-27,6 day ahead inc hosp,2021-01-02,06075,quantile,0.5,222.66006469726562
24325,2020-12-27,6 day ahead inc hosp,2021-01-02,06075,quantile,0.55,232.60298041837365
24326,2020-12-27,6 day ahead inc hosp,2021-01-02,06075,quantile,0.6,242.70607691748566
24327,2020-12-27,6 day ahead inc hosp,2021-01-02,06075,quantile,0.65,253.14842901129003
24328,2020-12-27,6 day ahead inc hosp,2021-01-02,06075,quantile,0.7,264.15309523095317
24329,2020-12-27,6 day ahead inc hosp,2021-01-02,06075,quantile,0.75,276.02886034359415
24330,2020-12-27,6 day ahead inc hosp,2021-01-02,06075,quantile,0.8,289.25308796130497
24331,2020-12-27,6 day ahead inc hosp,2021-01-02,06075,quantile,0.85,304.6675403465924
24332,2020-12-27,6 day ahead inc hosp,2021-01-02,06075,quantile,0.9,324.0624412224819
24333,2020-12-27,6 day ahead inc hosp,2021-01-02,06075,quantile,0.95,352.8086059603103
24334,2020-12-27,6 day ahead inc hosp,2021-01-02,06075,quantile,0.975,377.74161684045725
24335,2020-12-27,6 day ahead inc hosp,2021-01-02,06075,quantile,0.99,406.7316302857172
24336,2020-12-27,7 day ahead inc hosp,2021-01-03,06075,point,NA,218.0641632080078
24337,2020-12-27,7 day ahead inc hosp,2021-01-03,06075,quantile,0.01,91.52847744445442
24338,2020-12-27,7 day ahead inc hosp,2021-01-03,06075,quantile,0.025,111.45698307683521
24339,2020-12-27,7 day ahead inc hosp,2021-01-03,06075,quantile,0.05,128.5965973338428
24340,2020-12-27,7 day ahead inc hosp,2021-01-03,06075,quantile,0.1,148.3574748846197
24341,2020-12-27,7 day ahead inc hosp,2021-01-03,06075,quantile,0.15,161.6900451531522
24342,2020-12-27,7 day ahead inc hosp,2021-01-03,06075,quantile,0.2,172.28634935150336
24343,2020-12-27,7 day ahead inc hosp,2021-01-03,06075,quantile,0.25,181.37703484087234
24344,2020-12-27,7 day ahead inc hosp,2021-01-03,06075,quantile,0.3,189.54075136977212
24345,2020-12-27,7 day ahead inc hosp,2021-01-03,06075,quantile,0.35,197.1056513707718
24346,2020-12-27,7 day ahead inc hosp,2021-01-03,06075,quantile,0.4,204.28400169853646
24347,2020-12-27,7 day ahead inc hosp,2021-01-03,06075,quantile,0.45,211.22913871502033
24348,2020-12-27,7 day ahead inc hosp,2021-01-03,06075,quantile,0.5,218.0641632080078
24349,2020-12-27,7 day ahead inc hosp,2021-01-03,06075,quantile,0.55,227.9281494295745
24350,2020-12-27,7 day ahead inc hosp,2021-01-03,06075,quantile,0.6,237.95104487168666
24351,2020-12-27,7 day ahead inc hosp,2021-01-03,06075,quantile,0.65,248.31050280768895
24352,2020-12-27,7 day ahead inc hosp,2021-01-03,06075,quantile,0.7,259.22781107102406
24353,2020-12-27,7 day ahead inc hosp,2021-01-03,06075,quantile,0.75,271.0093032135119
24354,2020-12-27,7 day ahead inc hosp,2021-01-03,06075,quantile,0.8,284.1285534084059
24355,2020-12-27,7 day ahead inc hosp,2021-01-03,06075,quantile,0.85,299.4206417863336
24356,2020-12-27,7 day ahead inc hosp,2021-01-03,06075,quantile,0.9,318.6615808000564
24357,2020-12-27,7 day ahead inc hosp,2021-01-03,06075,quantile,0.95,347.1795508654032
24358,2020-12-27,7 day ahead inc hosp,2021-01-03,06075,quantile,0.975,371.91463689875184
24359,2020-12-27,7 day ahead inc hosp,2021-01-03,06075,quantile,0.99,400.6745199358787
24360,2020-12-27,8 day ahead inc hosp,2021-01-04,06075,point,NA,194.7293243408203
24361,2020-12-27,8 day ahead inc hosp,2021-01-04,06075,quantile,0.01,130.29831639633608
24362,2020-12-27,8 day ahead inc hosp,2021-01-04,06075,quantile,0.025,140.44575975963323
24363,2020-12-27,8 day ahead inc hosp,2021-01-04,06075,quantile,0.05,149.1731208648807
24364,2020-12-27,8 day ahead inc hosp,2021-01-04,06075,quantile,0.1,159.2352092850852
24365,2020-12-27,8 day ahead inc hosp,2021-01-04,06075,quantile,0.15,166.02405257232522
24366,2020-12-27,8 day ahead inc hosp,2021-01-04,06075,quantile,0.2,171.41961000631187
24367,2020-12-27,8 day ahead inc hosp,2021-01-04,06075,quantile,0.25,176.04851785512875
24368,2020-12-27,8 day ahead inc hosp,2021-01-04,06075,quantile,0.3,180.20542016577767
24369,2020-12-27,8 day ahead inc hosp,2021-01-04,06075,quantile,0.35,184.05740965887946
24370,2020-12-27,8 day ahead inc hosp,2021-01-04,06075,quantile,0.4,187.71257100095923
24371,2020-12-27,8 day ahead inc hosp,2021-01-04,06075,quantile,0.45,191.24898190025903
24372,2020-12-27,8 day ahead inc hosp,2021-01-04,06075,quantile,0.5,194.7293243408203
24373,2020-12-27,8 day ahead inc hosp,2021-01-04,06075,quantile,0.55,203.06504186652546
24374,2020-12-27,8 day ahead inc hosp,2021-01-04,06075,quantile,0.6,211.53504814172229
24375,2020-12-27,8 day ahead inc hosp,2021-01-04,06075,quantile,0.65,220.28947187410097
24376,2020-12-27,8 day ahead inc hosp,2021-01-04,06075,quantile,0.7,229.51531584631147
24377,2020-12-27,8 day ahead inc hosp,2021-01-04,06075,quantile,0.75,239.47145207005966
24378,2020-12-27,8 day ahead inc hosp,2021-01-04,06075,quantile,0.8,250.55808188859965
24379,2020-12-27,8 day ahead inc hosp,2021-01-04,06075,quantile,0.85,263.48090297058997
24380,2020-12-27,8 day ahead inc hosp,2021-01-04,06075,quantile,0.9,279.7407627215132
24381,2020-12-27,8 day ahead inc hosp,2021-01-04,06075,quantile,0.95,303.84032425085707
24382,2020-12-27,8 day ahead inc hosp,2021-01-04,06075,quantile,0.975,324.7430998140676
24383,2020-12-27,8 day ahead inc hosp,2021-01-04,06075,quantile,0.99,349.04709372533773
24384,2020-12-27,9 day ahead inc hosp,2021-01-05,06075,point,NA,202.0817108154297
24385,2020-12-27,9 day ahead inc hosp,2021-01-05,06075,quantile,0.01,133.94733674255951
24386,2020-12-27,9 day ahead inc hosp,2021-01-05,06075,quantile,0.025,144.67803495845388
24387,2020-12-27,9 day ahead inc hosp,2021-01-05,06075,quantile,0.05,153.9070274138614
24388,2020-12-27,9 day ahead inc hosp,2021-01-05,06075,quantile,0.1,164.547464654378
24389,2020-12-27,9 day ahead inc hosp,2021-01-05,06075,quantile,0.15,171.72651714496538
24390,2020-12-27,9 day ahead inc hosp,2021-01-05,06075,quantile,0.2,177.432200483889
24391,2020-12-27,9 day ahead inc hosp,2021-01-05,06075,quantile,0.25,182.32716874500767
24392,2020-12-27,9 day ahead inc hosp,2021-01-05,06075,quantile,0.3,186.7230015288463
24393,2020-12-27,9 day ahead inc hosp,2021-01-05,06075,quantile,0.35,190.79639571311705
24394,2020-12-27,9 day ahead inc hosp,2021-01-05,06075,quantile,0.4,194.66164845590419
24395,2020-12-27,9 day ahead inc hosp,2021-01-05,06075,quantile,0.45,198.40132521675633
24396,2020-12-27,9 day ahead inc hosp,2021-01-05,06075,quantile,0.5,202.0817108154297
24397,2020-12-27,9 day ahead inc hosp,2021-01-05,06075,quantile,0.55,209.51113355463832
24398,2020-12-27,9 day ahead inc hosp,2021-01-05,06075,quantile,0.6,217.06024459734533
24399,2020-12-27,9 day ahead inc hosp,2021-01-05,06075,quantile,0.65,224.86285001738682
24400,2020-12-27,9 day ahead inc hosp,2021-01-05,06075,quantile,0.7,233.08562085674936
24401,2020-12-27,9 day ahead inc hosp,2021-01-05,06075,quantile,0.75,241.95928345715237
24402,2020-12-27,9 day ahead inc hosp,2021-01-05,06075,quantile,0.8,251.84052756373956
24403,2020-12-27,9 day ahead inc hosp,2021-01-05,06075,quantile,0.85,263.3583243826933
24404,2020-12-27,9 day ahead inc hosp,2021-01-05,06075,quantile,0.9,277.8503427839086
24405,2020-12-27,9 day ahead inc hosp,2021-01-05,06075,quantile,0.95,299.3296971261035
24406,2020-12-27,9 day ahead inc hosp,2021-01-05,06075,quantile,0.975,317.95983371638505
24407,2020-12-27,9 day ahead inc hosp,2021-01-05,06075,quantile,0.99,339.6213936794194
24408,2020-12-27,10 day ahead inc hosp,2021-01-06,06075,point,NA,201.12051391601562
24409,2020-12-27,10 day ahead inc hosp,2021-01-06,06075,quantile,0.01,133.8198593518752
24410,2020-12-27,10 day ahead inc hosp,2021-01-06,06075,quantile,0.025,144.4192524436436
24411,2020-12-27,10 day ahead inc hosp,2021-01-06,06075,quantile,0.05,153.53531524847912
24412,2020-12-27,10 day ahead inc hosp,2021-01-06,06075,quantile,0.1,164.04555183434016
24413,2020-12-27,10 day ahead inc hosp,2021-01-06,06075,quantile,0.15,171.13675856136044
24414,2020-12-27,10 day ahead inc hosp,2021-01-06,06075,quantile,0.2,176.77262487216834
24415,2020-12-27,10 day ahead inc hosp,2021-01-06,06075,quantile,0.25,181.60769633978973
24416,2020-12-27,10 day ahead inc hosp,2021-01-06,06075,quantile,0.3,185.9497399518796
24417,2020-12-27,10 day ahead inc hosp,2021-01-06,06075,quantile,0.35,189.97329045233604
24418,2020-12-27,10 day ahead inc hosp,2021-01-06,06075,quantile,0.4,193.7912464134079
24419,2020-12-27,10 day ahead inc hosp,2021-01-06,06075,quantile,0.45,197.4851629905893
24420,2020-12-27,10 day ahead inc hosp,2021-01-06,06075,quantile,0.5,201.12051391601562
24421,2020-12-27,10 day ahead inc hosp,2021-01-06,06075,quantile,0.55,209.35985994935612
24422,2020-12-27,10 day ahead inc hosp,2021-01-06,06075,quantile,0.6,217.73194218351372
24423,2020-12-27,10 day ahead inc hosp,2021-01-06,06075,quantile,0.65,226.3851536474488
24424,2020-12-27,10 day ahead inc hosp,2021-01-06,06075,quantile,0.7,235.50433513389444
24425,2020-12-27,10 day ahead inc hosp,2021-01-06,06075,quantile,0.75,245.34536576497953
24426,2020-12-27,10 day ahead inc hosp,2021-01-06,06075,quantile,0.8,256.3038200476269
24427,2020-12-27,10 day ahead inc hosp,2021-01-06,06075,quantile,0.85,269.0772368882436
24428,2020-12-27,10 day ahead inc hosp,2021-01-06,06075,quantile,0.9,285.149111988175
24429,2020-12-27,10 day ahead inc hosp,2021-01-06,06075,quantile,0.95,308.9700519468197
24430,2020-12-27,10 day ahead inc hosp,2021-01-06,06075,quantile,0.975,329.631164849392
24431,2020-12-27,10 day ahead inc hosp,2021-01-06,06075,quantile,0.99,353.65417369171905
24432,2020-12-27,11 day ahead inc hosp,2021-01-07,06075,point,NA,203.93438720703125
24433,2020-12-27,11 day ahead inc hosp,2021-01-07,06075,quantile,0.01,126.04413489357503
24434,2020-12-27,11 day ahead inc hosp,2021-01-07,06075,quantile,0.025,138.31131725062812
24435,2020-12-27,11 day ahead inc hosp,2021-01-07,06075,quantile,0.05,148.86177083198578
24436,2020-12-27,11 day ahead inc hosp,2021-01-07,06075,quantile,0.1,161.0257681192132
24437,2020-12-27,11 day ahead inc hosp,2021-01-07,06075,quantile,0.15,169.23275934019887
24438,2020-12-27,11 day ahead inc hosp,2021-01-07,06075,quantile,0.2,175.75541579572214
24439,2020-12-27,11 day ahead inc hosp,2021-01-07,06075,quantile,0.25,181.35127424621766
24440,2020-12-27,11 day ahead inc hosp,2021-01-07,06075,quantile,0.3,186.37652808203865
24441,2020-12-27,11 day ahead inc hosp,2021-01-07,06075,quantile,0.35,191.03317467345934
24442,2020-12-27,11 day ahead inc hosp,2021-01-07,06075,quantile,0.4,195.45187691425454
24443,2020-12-27,11 day ahead inc hosp,2021-01-07,06075,quantile,0.45,199.72702246944831
24444,2020-12-27,11 day ahead inc hosp,2021-01-07,06075,quantile,0.5,203.93438720703125
24445,2020-12-27,11 day ahead inc hosp,2021-01-07,06075,quantile,0.55,214.04723604680737
24446,2020-12-27,11 day ahead inc hosp,2021-01-07,06075,quantile,0.6,224.32300329406357
24447,2020-12-27,11 day ahead inc hosp,2021-01-07,06075,quantile,0.65,234.94382431059685
24448,2020-12-27,11 day ahead inc hosp,2021-01-07,06075,quantile,0.7,246.13656989279934
24449,2020-12-27,11 day ahead inc hosp,2021-01-07,06075,quantile,0.75,258.21530220930345
24450,2020-12-27,11 day ahead inc hosp,2021-01-07,06075,quantile,0.8,271.6655434334943
24451,2020-12-27,11 day ahead inc hosp,2021-01-07,06075,quantile,0.85,287.3434422805506
24452,2020-12-27,11 day ahead inc hosp,2021-01-07,06075,quantile,0.9,307.06981896137944
24453,2020-12-27,11 day ahead inc hosp,2021-01-07,06075,quantile,0.95,336.3072807755046
24454,2020-12-27,11 day ahead inc hosp,2021-01-07,06075,quantile,0.975,361.6664186002513
24455,2020-12-27,11 day ahead inc hosp,2021-01-07,06075,quantile,0.99,391.1518967093145
24456,2020-12-27,12 day ahead inc hosp,2021-01-08,06075,point,NA,202.99407958984375
24457,2020-12-27,12 day ahead inc hosp,2021-01-08,06075,quantile,0.01,135.20945549880707
24458,2020-12-27,12 day ahead inc hosp,2021-01-08,06075,quantile,0.025,145.88507048311476
24459,2020-12-27,12 day ahead inc hosp,2021-01-08,06075,quantile,0.05,155.06668832053333
24460,2020-12-27,12 day ahead inc hosp,2021-01-08,06075,quantile,0.1,165.65250566056338
24461,2020-12-27,12 day ahead inc hosp,2021-01-08,06075,quantile,0.15,172.79470636360105
24462,2020-12-27,12 day ahead inc hosp,2021-01-08,06075,quantile,0.2,178.47110107000566
24463,2020-12-27,12 day ahead inc hosp,2021-01-08,06075,quantile,0.25,183.34094229233224
24464,2020-12-27,12 day ahead inc hosp,2021-01-08,06075,quantile,0.3,187.71421021875184
24465,2020-12-27,12 day ahead inc hosp,2021-01-08,06075,quantile,0.35,191.76669469978782
24466,2020-12-27,12 day ahead inc hosp,2021-01-08,06075,quantile,0.4,195.61210617896953
24467,2020-12-27,12 day ahead inc hosp,2021-01-08,06075,quantile,0.45,199.3325862876623
24468,2020-12-27,12 day ahead inc hosp,2021-01-08,06075,quantile,0.5,202.99407958984375
24469,2020-12-27,12 day ahead inc hosp,2021-01-08,06075,quantile,0.55,212.76645915740843
24470,2020-12-27,12 day ahead inc hosp,2021-01-08,06075,quantile,0.6,222.6962721585845
24471,2020-12-27,12 day ahead inc hosp,2021-01-08,06075,quantile,0.65,232.95952200411756
24472,2020-12-27,12 day ahead inc hosp,2021-01-08,06075,quantile,0.7,243.77544143151476
24473,2020-12-27,12 day ahead inc hosp,2021-01-08,06075,quantile,0.75,255.4475190786777
24474,2020-12-27,12 day ahead inc hosp,2021-01-08,06075,quantile,0.8,268.4449310444447
24475,2020-12-27,12 day ahead inc hosp,2021-01-08,06075,quantile,0.85,283.5950020860198
24476,2020-12-27,12 day ahead inc hosp,2021-01-08,06075,quantile,0.9,302.657250862012
24477,2020-12-27,12 day ahead inc hosp,2021-01-08,06075,quantile,0.95,330.91037507721927
24478,2020-12-27,12 day ahead inc hosp,2021-01-08,06075,quantile,0.975,355.41574683308727
24479,2020-12-27,12 day ahead inc hosp,2021-01-08,06075,quantile,0.99,383.90853737886823
24480,2020-12-27,13 day ahead inc hosp,2021-01-09,06075,point,NA,200.0005645751953
24481,2020-12-27,13 day ahead inc hosp,2021-01-09,06075,quantile,0.01,74.19621093558796
24482,2020-12-27,13 day ahead inc hosp,2021-01-09,06075,quantile,0.025,94.00953675712523
24483,2020-12-27,13 day ahead inc hosp,2021-01-09,06075,quantile,0.05,111.05009002258285
24484,2020-12-27,13 day ahead inc hosp,2021-01-09,06075,quantile,0.1,130.69675659435376
24485,2020-12-27,13 day ahead inc hosp,2021-01-09,06075,quantile,0.15,143.9522692575688
24486,2020-12-27,13 day ahead inc hosp,2021-01-09,06075,quantile,0.2,154.48733051398943
24487,2020-12-27,13 day ahead inc hosp,2021-01-09,06075,quantile,0.25,163.52547501235694
24488,2020-12-27,13 day ahead inc hosp,2021-01-09,06075,quantile,0.3,171.64200810748983
24489,2020-12-27,13 day ahead inc hosp,2021-01-09,06075,quantile,0.35,179.16318562536716
24490,2020-12-27,13 day ahead inc hosp,2021-01-09,06075,quantile,0.4,186.30004759227967
24491,2020-12-27,13 day ahead inc hosp,2021-01-09,06075,quantile,0.45,193.2050441394982
24492,2020-12-27,13 day ahead inc hosp,2021-01-09,06075,quantile,0.5,200.0005645751953
24493,2020-12-27,13 day ahead inc hosp,2021-01-09,06075,quantile,0.55,209.863912289247
24494,2020-12-27,13 day ahead inc hosp,2021-01-09,06075,quantile,0.6,219.88615893746206
24495,2020-12-27,13 day ahead inc hosp,2021-01-09,06075,quantile,0.65,230.24494629347822
24496,2020-12-27,13 day ahead inc hosp,2021-01-09,06075,quantile,0.7,241.16154786651464
24497,2020-12-27,13 day ahead inc hosp,2021-01-09,06075,quantile,0.75,252.9422773790573
24498,2020-12-27,13 day ahead inc hosp,2021-01-09,06075,quantile,0.8,266.0606783493425
24499,2020-12-27,13 day ahead inc hosp,2021-01-09,06075,quantile,0.85,281.35177685227137
24500,2020-12-27,13 day ahead inc hosp,2021-01-09,06075,quantile,0.9,300.5914703772151
24501,2020-12-27,13 day ahead inc hosp,2021-01-09,06075,quantile,0.95,329.1075944405714
24502,2020-12-27,13 day ahead inc hosp,2021-01-09,06075,quantile,0.975,353.84107934249494
24503,2020-12-27,13 day ahead inc hosp,2021-01-09,06075,quantile,0.99,382.599100718318
24504,2020-12-27,14 day ahead inc hosp,2021-01-10,06075,point,NA,207.3905487060547
24505,2020-12-27,14 day ahead inc hosp,2021-01-10,06075,quantile,0.01,79.58576520701686
24506,2020-12-27,14 day ahead inc hosp,2021-01-10,06075,quantile,0.025,99.71414505841365
24507,2020-12-27,14 day ahead inc hosp,2021-01-10,06075,quantile,0.05,117.02566217040945
24508,2020-12-27,14 day ahead inc hosp,2021-01-10,06075,quantile,0.1,136.98473270366037
24509,2020-12-27,14 day ahead inc hosp,2021-01-10,06075,quantile,0.15,150.4510228365448
24510,2020-12-27,14 day ahead inc hosp,2021-01-10,06075,quantile,0.2,161.15360334407694
24511,2020-12-27,14 day ahead inc hosp,2021-01-10,06075,quantile,0.25,170.33546444370117
24512,2020-12-27,14 day ahead inc hosp,2021-01-10,06075,quantile,0.3,178.58105948851087
24513,2020-12-27,14 day ahead inc hosp,2021-01-10,06075,quantile,0.35,186.22183213683925
24514,2020-12-27,14 day ahead inc hosp,2021-01-10,06075,quantile,0.4,193.4721781873165
24515,2020-12-27,14 day ahead inc hosp,2021-01-10,06075,quantile,0.45,200.4869718987245
24516,2020-12-27,14 day ahead inc hosp,2021-01-10,06075,quantile,0.5,207.3905487060547
24517,2020-12-27,14 day ahead inc hosp,2021-01-10,06075,quantile,0.55,217.28625130241278
24518,2020-12-27,14 day ahead inc hosp,2021-01-10,06075,quantile,0.6,227.3413740714085
24519,2020-12-27,14 day ahead inc hosp,2021-01-10,06075,quantile,0.65,237.7341415075615
24520,2020-12-27,14 day ahead inc hosp,2021-01-10,06075,quantile,0.7,248.6865529667868
24521,2020-12-27,14 day ahead inc hosp,2021-01-10,06075,quantile,0.75,260.505926976909
24522,2020-12-27,14 day ahead inc hosp,2021-01-10,06075,quantile,0.8,273.66736042782316
24523,2020-12-27,14 day ahead inc hosp,2021-01-10,06075,quantile,0.85,289.00861854255334
24524,2020-12-27,14 day ahead inc hosp,2021-01-10,06075,quantile,0.9,308.3114243127162
24525,2020-12-27,14 day ahead inc hosp,2021-01-10,06075,quantile,0.95,336.9210902306895
24526,2020-12-27,14 day ahead inc hosp,2021-01-10,06075,quantile,0.975,361.7357087412243
24527,2020-12-27,14 day ahead inc hosp,2021-01-10,06075,quantile,0.99,390.5880654709207
24528,2020-12-27,15 day ahead inc hosp,2021-01-11,06075,point,NA,200.45408630371094
24529,2020-12-27,15 day ahead inc hosp,2021-01-11,06075,quantile,0.01,137.64235648071903
24530,2020-12-27,15 day ahead inc hosp,2021-01-11,06075,quantile,0.025,147.53477460769787
24531,2020-12-27,15 day ahead inc hosp,2021-01-11,06075,quantile,0.05,156.0427999405131
24532,2020-12-27,15 day ahead inc hosp,2021-01-11,06075,quantile,0.1,165.85200826221913
24533,2020-12-27,15 day ahead inc hosp,2021-01-11,06075,quantile,0.15,172.47023454755316
24534,2020-12-27,15 day ahead inc hosp,2021-01-11,06075,quantile,0.2,177.73019099709396
24535,2020-12-27,15 day ahead inc hosp,2021-01-11,06075,quantile,0.25,182.24276527539692
24536,2020-12-27,15 day ahead inc hosp,2021-01-11,06075,quantile,0.3,186.29519644428416
24537,2020-12-27,15 day ahead inc hosp,2021-01-11,06075,quantile,0.35,190.0503778552313
24538,2020-12-27,15 day ahead inc hosp,2021-01-11,06075,quantile,0.4,193.6136777942293
24539,2020-12-27,15 day ahead inc hosp,2021-01-11,06075,quantile,0.45,197.06121172294408
24540,2020-12-27,15 day ahead inc hosp,2021-01-11,06075,quantile,0.5,200.45408630371094
24541,2020-12-27,15 day ahead inc hosp,2021-01-11,06075,quantile,0.55,208.99265843390612
24542,2020-12-27,15 day ahead inc hosp,2021-01-11,06075,quantile,0.6,217.66878730954915
24543,2020-12-27,15 day ahead inc hosp,2021-01-11,06075,quantile,0.65,226.63625510901545
24544,2020-12-27,15 day ahead inc hosp,2021-01-11,06075,quantile,0.7,236.08661543801207
24545,2020-12-27,15 day ahead inc hosp,2021-01-11,06075,quantile,0.75,246.28504011139754
24546,2020-12-27,15 day ahead inc hosp,2021-01-11,06075,quantile,0.8,257.64146960825343
24547,2020-12-27,15 day ahead inc hosp,2021-01-11,06075,quantile,0.85,270.878775166403
24548,2020-12-27,15 day ahead inc hosp,2021-01-11,06075,quantile,0.9,287.5343281985183
24549,2020-12-27,15 day ahead inc hosp,2021-01-11,06075,quantile,0.95,312.2203667776594
24550,2020-12-27,15 day ahead inc hosp,2021-01-11,06075,quantile,0.975,333.6318237179131
24551,2020-12-27,15 day ahead inc hosp,2021-01-11,06075,quantile,0.99,358.52726966162027
24552,2020-12-27,16 day ahead inc hosp,2021-01-12,06075,point,NA,211.26295471191406
24553,2020-12-27,16 day ahead inc hosp,2021-01-12,06075,quantile,0.01,145.06098889029516
24554,2020-12-27,16 day ahead inc hosp,2021-01-12,06075,quantile,0.025,155.48734601468843
24555,2020-12-27,16 day ahead inc hosp,2021-01-12,06075,quantile,0.05,164.454588341556
24556,2020-12-27,16 day ahead inc hosp,2021-01-12,06075,quantile,0.1,174.79324444736213
24557,2020-12-27,16 day ahead inc hosp,2021-01-12,06075,quantile,0.15,181.76868663906953
24558,2020-12-27,16 day ahead inc hosp,2021-01-12,06075,quantile,0.2,187.3125469670212
24559,2020-12-27,16 day ahead inc hosp,2021-01-12,06075,quantile,0.25,192.06868549372
24560,2020-12-27,16 day ahead inc hosp,2021-01-12,06075,quantile,0.3,196.3398448853363
24561,2020-12-27,16 day ahead inc hosp,2021-01-12,06075,quantile,0.35,200.29771059166336
24562,2020-12-27,16 day ahead inc hosp,2021-01-12,06075,quantile,0.4,204.05333810643646
24563,2020-12-27,16 day ahead inc hosp,2021-01-12,06075,quantile,0.45,207.68695119050255
24564,2020-12-27,16 day ahead inc hosp,2021-01-12,06075,quantile,0.5,211.26295471191406
24565,2020-12-27,16 day ahead inc hosp,2021-01-12,06075,quantile,0.55,218.6429923462298
24566,2020-12-27,16 day ahead inc hosp,2021-01-12,06075,quantile,0.6,226.1419226879888
24567,2020-12-27,16 day ahead inc hosp,2021-01-12,06075,quantile,0.65,233.89266237086161
24568,2020-12-27,16 day ahead inc hosp,2021-01-12,06075,quantile,0.7,242.06077453556438
24569,2020-12-27,16 day ahead inc hosp,2021-01-12,06075,quantile,0.75,250.8754518320362
24570,2020-12-27,16 day ahead inc hosp,2021-01-12,06075,quantile,0.8,260.6910130055334
24571,2020-12-27,16 day ahead inc hosp,2021-01-12,06075,quantile,0.85,272.1322483440053
24572,2020-12-27,16 day ahead inc hosp,2021-01-12,06075,quantile,0.9,286.5279349205316
24573,2020-12-27,16 day ahead inc hosp,2021-01-12,06075,quantile,0.95,307.86451098715156
24574,2020-12-27,16 day ahead inc hosp,2021-01-12,06075,quantile,0.975,326.3708087164641
24575,2020-12-27,16 day ahead inc hosp,2021-01-12,06075,quantile,0.99,347.88837924068605
24576,2020-12-27,17 day ahead inc hosp,2021-01-13,06075,point,NA,214.8867645263672
24577,2020-12-27,17 day ahead inc hosp,2021-01-13,06075,quantile,0.01,148.40705933473083
24578,2020-12-27,17 day ahead inc hosp,2021-01-13,06075,quantile,0.025,158.87715851154454
24579,2020-12-27,17 day ahead inc hosp,2021-01-13,06075,quantile,0.05,167.88202141664945
24580,2020-12-27,17 day ahead inc hosp,2021-01-13,06075,quantile,0.1,178.2640516397951
24581,2020-12-27,17 day ahead inc hosp,2021-01-13,06075,quantile,0.15,185.2687581425524
24582,2020-12-27,17 day ahead inc hosp,2021-01-13,06075,quantile,0.2,190.83587681722898
24583,2020-12-27,17 day ahead inc hosp,2021-01-13,06075,quantile,0.25,195.61196893445532
24584,2020-12-27,17 day ahead inc hosp,2021-01-13,06075,quantile,0.3,199.90104726705695
24585,2020-12-27,17 day ahead inc hosp,2021-01-13,06075,quantile,0.35,203.87551754266298
24586,2020-12-27,17 day ahead inc hosp,2021-01-13,06075,quantile,0.4,207.64690116991744
24587,2020-12-27,17 day ahead inc hosp,2021-01-13,06075,quantile,0.45,211.29575847515326
24588,2020-12-27,17 day ahead inc hosp,2021-01-13,06075,quantile,0.5,214.8867645263672
24589,2020-12-27,17 day ahead inc hosp,2021-01-13,06075,quantile,0.55,223.0824772954097
24590,2020-12-27,17 day ahead inc hosp,2021-01-13,06075,quantile,0.6,231.41022333160092
24591,2020-12-27,17 day ahead inc hosp,2021-01-13,06075,quantile,0.65,240.01760981606495
24592,2020-12-27,17 day ahead inc hosp,2021-01-13,06075,quantile,0.7,249.08849867657045
24593,2020-12-27,17 day ahead inc hosp,2021-01-13,06075,quantile,0.75,258.87741397122556
24594,2020-12-27,17 day ahead inc hosp,2021-01-13,06075,quantile,0.8,269.77783535537856
24595,2020-12-27,17 day ahead inc hosp,2021-01-13,06075,quantile,0.85,282.4836077651461
24596,2020-12-27,17 day ahead inc hosp,2021-01-13,06075,quantile,0.9,298.470370724968
24597,2020-12-27,17 day ahead inc hosp,2021-01-13,06075,quantile,0.95,322.1651616707133
24598,2020-12-27,17 day ahead inc hosp,2021-01-13,06075,quantile,0.975,342.71685911769964
24599,2020-12-27,17 day ahead inc hosp,2021-01-13,06075,quantile,0.99,366.612648847028
24600,2020-12-27,18 day ahead inc hosp,2021-01-14,06075,point,NA,220.90748596191406
24601,2020-12-27,18 day ahead inc hosp,2021-01-14,06075,quantile,0.01,147.23286505033877
24602,2020-12-27,18 day ahead inc hosp,2021-01-14,06075,quantile,0.025,158.83611427556838
24603,2020-12-27,18 day ahead inc hosp,2021-01-14,06075,quantile,0.05,168.81554873578278
24604,2020-12-27,18 day ahead inc hosp,2021-01-14,06075,quantile,0.1,180.3211975466172
24605,2020-12-27,18 day ahead inc hosp,2021-01-14,06075,quantile,0.15,188.0840041760969
24606,2020-12-27,18 day ahead inc hosp,2021-01-14,06075,quantile,0.2,194.25363679922935
24607,2020-12-27,18 day ahead inc hosp,2021-01-14,06075,quantile,0.25,199.5466322353716
24608,2020-12-27,18 day ahead inc hosp,2021-01-14,06075,quantile,0.3,204.29990572392842
24609,2020-12-27,18 day ahead inc hosp,2021-01-14,06075,quantile,0.35,208.7045219904343
24610,2020-12-27,18 day ahead inc hosp,2021-01-14,06075,quantile,0.4,212.88407209898457
24611,2020-12-27,18 day ahead inc hosp,2021-01-14,06075,quantile,0.45,216.92783519854632
24612,2020-12-27,18 day ahead inc hosp,2021-01-14,06075,quantile,0.5,220.90748596191406
24613,2020-12-27,18 day ahead inc hosp,2021-01-14,06075,quantile,0.55,230.89254509645178
24614,2020-12-27,18 day ahead inc hosp,2021-01-14,06075,quantile,0.6,241.03846394110354
24615,2020-12-27,18 day ahead inc hosp,2021-01-14,06075,quantile,0.65,251.5250763277447
24616,2020-12-27,18 day ahead inc hosp,2021-01-14,06075,quantile,0.7,262.5763862293176
24617,2020-12-27,18 day ahead inc hosp,2021-01-14,06075,quantile,0.75,274.50248720851664
24618,2020-12-27,18 day ahead inc hosp,2021-01-14,06075,quantile,0.8,287.7827662006345
24619,2020-12-27,18 day ahead inc hosp,2021-01-14,06075,quantile,0.85,303.2625533084406
24620,2020-12-27,18 day ahead inc hosp,2021-01-14,06075,quantile,0.9,322.73966018395504
24621,2020-12-27,18 day ahead inc hosp,2021-01-14,06075,quantile,0.95,351.60766659670503
24622,2020-12-27,18 day ahead inc hosp,2021-01-14,06075,quantile,0.975,376.6463569591127
24623,2020-12-27,18 day ahead inc hosp,2021-01-14,06075,quantile,0.99,405.7592456409959
24624,2020-12-27,19 day ahead inc hosp,2021-01-15,06075,point,NA,220.26368713378906
24625,2020-12-27,19 day ahead inc hosp,2021-01-15,06075,quantile,0.01,155.42794396490405
24626,2020-12-27,19 day ahead inc hosp,2021-01-15,06075,quantile,0.025,165.63913035966638
24627,2020-12-27,19 day ahead inc hosp,2021-01-15,06075,quantile,0.05,174.42131398854104
24628,2020-12-27,19 day ahead inc hosp,2021-01-15,06075,quantile,0.1,184.54660926744003
24629,2020-12-27,19 day ahead inc hosp,2021-01-15,06075,quantile,0.15,191.378097922166
24630,2020-12-27,19 day ahead inc hosp,2021-01-15,06075,quantile,0.2,196.80754854234482
24631,2020-12-27,19 day ahead inc hosp,2021-01-15,06075,quantile,0.25,201.46553372700805
24632,2020-12-27,19 day ahead inc hosp,2021-01-15,06075,quantile,0.3,205.64854838391986
24633,2020-12-27,19 day ahead inc hosp,2021-01-15,06075,quantile,0.35,209.52473485735172
24634,2020-12-27,19 day ahead inc hosp,2021-01-15,06075,quantile,0.4,213.2028567675369
24635,2020-12-27,19 day ahead inc hosp,2021-01-15,06075,quantile,0.45,216.76148228219913
24636,2020-12-27,19 day ahead inc hosp,2021-01-15,06075,quantile,0.5,220.26368713378906
24637,2020-12-27,19 day ahead inc hosp,2021-01-15,06075,quantile,0.55,229.81819087202143
24638,2020-12-27,19 day ahead inc hosp,2021-01-15,06075,quantile,0.6,239.52661805536388
24639,2020-12-27,19 day ahead inc hosp,2021-01-15,06075,quantile,0.65,249.56104808722927
24640,2020-12-27,19 day ahead inc hosp,2021-01-15,06075,quantile,0.7,260.13582589717873
24641,2020-12-27,19 day ahead inc hosp,2021-01-15,06075,quantile,0.75,271.54767382446386
24642,2020-12-27,19 day ahead inc hosp,2021-01-15,06075,quantile,0.8,284.25530765670294
24643,2020-12-27,19 day ahead inc hosp,2021-01-15,06075,quantile,0.85,299.0676068925675
24644,2020-12-27,19 day ahead inc hosp,2021-01-15,06075,quantile,0.9,317.7048616093038
24645,2020-12-27,19 day ahead inc hosp,2021-01-15,06075,quantile,0.95,345.32808060776654
24646,2020-12-27,19 day ahead inc hosp,2021-01-15,06075,quantile,0.975,369.28710352837976
24647,2020-12-27,19 day ahead inc hosp,2021-01-15,06075,quantile,0.99,397.1446454812021
24648,2020-12-27,20 day ahead inc hosp,2021-01-16,06075,point,NA,221.713623046875
24649,2020-12-27,20 day ahead inc hosp,2021-01-16,06075,quantile,0.01,102.433424625782
24650,2020-12-27,20 day ahead inc hosp,2021-01-16,06075,quantile,0.025,121.2192405932087
24651,2020-12-27,20 day ahead inc hosp,2021-01-16,06075,quantile,0.05,137.37607869860364
24652,2020-12-27,20 day ahead inc hosp,2021-01-16,06075,quantile,0.1,156.00387828737792
24653,2020-12-27,20 day ahead inc hosp,2021-01-16,06075,quantile,0.15,168.57196623424696
24654,2020-12-27,20 day ahead inc hosp,2021-01-16,06075,quantile,0.2,178.56068411792276
24655,2020-12-27,20 day ahead inc hosp,2021-01-16,06075,quantile,0.25,187.13011464981156
24656,2020-12-27,20 day ahead inc hosp,2021-01-16,06075,quantile,0.3,194.82572811683244
24657,2020-12-27,20 day ahead inc hosp,2021-01-16,06075,quantile,0.35,201.95686086969948
24658,2020-12-27,20 day ahead inc hosp,2021-01-16,06075,quantile,0.4,208.72360849717796
24659,2020-12-27,20 day ahead inc hosp,2021-01-16,06075,quantile,0.45,215.2705151376957
24660,2020-12-27,20 day ahead inc hosp,2021-01-16,06075,quantile,0.5,221.713623046875
24661,2020-12-27,20 day ahead inc hosp,2021-01-16,06075,quantile,0.55,231.43436307948443
24662,2020-12-27,20 day ahead inc hosp,2021-01-16,06075,quantile,0.6,241.31170463068986
24663,2020-12-27,20 day ahead inc hosp,2021-01-16,06075,quantile,0.65,251.52072106812733
24664,2020-12-27,20 day ahead inc hosp,2021-01-16,06075,quantile,0.7,262.27948665234
24665,2020-12-27,20 day ahead inc hosp,2021-01-16,06075,quantile,0.75,273.8898863164187
24666,2020-12-27,20 day ahead inc hosp,2021-01-16,06075,quantile,0.8,286.8186169231683
24667,2020-12-27,20 day ahead inc hosp,2021-01-16,06075,quantile,0.85,301.8886314526404
24668,2020-12-27,20 day ahead inc hosp,2021-01-16,06075,quantile,0.9,320.8501508560998
24669,2020-12-27,20 day ahead inc hosp,2021-01-16,06075,quantile,0.95,348.9539789673828
24670,2020-12-27,20 day ahead inc hosp,2021-01-16,06075,quantile,0.975,373.32985861821845
24671,2020-12-27,20 day ahead inc hosp,2021-01-16,06075,quantile,0.99,401.67208660723537
24672,2020-12-27,21 day ahead inc hosp,2021-01-17,06075,point,NA,251.39486694335938
24673,2020-12-27,21 day ahead inc hosp,2021-01-17,06075,quantile,0.01,129.2410772705377
24674,2020-12-27,21 day ahead inc hosp,2021-01-17,06075,quantile,0.025,148.47946421902537
24675,2020-12-27,21 day ahead inc hosp,2021-01-17,06075,quantile,0.05,165.0255383355087
24676,2020-12-27,21 day ahead inc hosp,2021-01-17,06075,quantile,0.1,184.10210211688002
24677,2020-12-27,21 day ahead inc hosp,2021-01-17,06075,quantile,0.15,196.9729691339815
24678,2020-12-27,21 day ahead inc hosp,2021-01-17,06075,quantile,0.2,207.2023262243862
24679,2020-12-27,21 day ahead inc hosp,2021-01-17,06075,quantile,0.25,215.97820376872716
24680,2020-12-27,21 day ahead inc hosp,2021-01-17,06075,quantile,0.3,223.8592130334432
24681,2020-12-27,21 day ahead inc hosp,2021-01-17,06075,quantile,0.35,231.16214262237193
24682,2020-12-27,21 day ahead inc hosp,2021-01-17,06075,quantile,0.4,238.09190864722373
24683,2020-12-27,21 day ahead inc hosp,2021-01-17,06075,quantile,0.45,244.7965374737967
24684,2020-12-27,21 day ahead inc hosp,2021-01-17,06075,quantile,0.5,251.39486694335938
24685,2020-12-27,21 day ahead inc hosp,2021-01-17,06075,quantile,0.55,260.9374662554451
24686,2020-12-27,21 day ahead inc hosp,2021-01-17,06075,quantile,0.6,270.6337972318498
24687,2020-12-27,21 day ahead inc hosp,2021-01-17,06075,quantile,0.65,280.65572487379404
24688,2020-12-27,21 day ahead inc hosp,2021-01-17,06075,quantile,0.7,291.2173270479486
24689,2020-12-27,21 day ahead inc hosp,2021-01-17,06075,quantile,0.75,302.61495639260824
24690,2020-12-27,21 day ahead inc hosp,2021-01-17,06075,quantile,0.8,315.30675715882944
24691,2020-12-27,21 day ahead inc hosp,2021-01-17,06075,quantile,0.85,330.1006010225316
24692,2020-12-27,21 day ahead inc hosp,2021-01-17,06075,quantile,0.9,348.7146346669411
24693,2020-12-27,21 day ahead inc hosp,2021-01-17,06075,quantile,0.95,376.30343653820285
24694,2020-12-27,21 day ahead inc hosp,2021-01-17,06075,quantile,0.975,400.23260773373227
24695,2020-12-27,21 day ahead inc hosp,2021-01-17,06075,quantile,0.99,428.05544060485954
24696,2020-12-27,22 day ahead inc hosp,2021-01-18,06075,point,NA,213.24053955078125
24697,2020-12-27,22 day ahead inc hosp,2021-01-18,06075,quantile,0.01,142.82678934191227
24698,2020-12-27,22 day ahead inc hosp,2021-01-18,06075,quantile,0.025,153.91647371961912
24699,2020-12-27,22 day ahead inc hosp,2021-01-18,06075,quantile,0.05,163.45421407868642
24700,2020-12-27,22 day ahead inc hosp,2021-01-18,06075,quantile,0.1,174.45061787870623
24701,2020-12-27,22 day ahead inc hosp,2021-01-18,06075,quantile,0.15,181.86983931703543
24702,2020-12-27,22 day ahead inc hosp,2021-01-18,06075,quantile,0.2,187.76640132211367
24703,2020-12-27,22 day ahead inc hosp,2021-01-18,06075,quantile,0.25,192.82512648263426
24704,2020-12-27,22 day ahead inc hosp,2021-01-18,06075,quantile,0.3,197.3680180232556
24705,2020-12-27,22 day ahead inc hosp,2021-01-18,06075,quantile,0.35,201.57768406182137
24706,2020-12-27,22 day ahead inc hosp,2021-01-18,06075,quantile,0.4,205.57224546828084
24707,2020-12-27,22 day ahead inc hosp,2021-01-18,06075,quantile,0.45,209.43702985771293
24708,2020-12-27,22 day ahead inc hosp,2021-01-18,06075,quantile,0.5,213.24053955078125
24709,2020-12-27,22 day ahead inc hosp,2021-01-18,06075,quantile,0.55,223.10759463504388
24710,2020-12-27,22 day ahead inc hosp,2021-01-18,06075,quantile,0.6,233.13360837935525
24711,2020-12-27,22 day ahead inc hosp,2021-01-18,06075,quantile,0.65,243.49628932817365
24712,2020-12-27,22 day ahead inc hosp,2021-01-18,06075,quantile,0.7,254.41699416154822
24713,2020-12-27,22 day ahead inc hosp,2021-01-18,06075,quantile,0.75,266.2021517371506
24714,2020-12-27,22 day ahead inc hosp,2021-01-18,06075,quantile,0.8,279.32548356563757
24715,2020-12-27,22 day ahead inc hosp,2021-01-18,06075,quantile,0.85,294.6223295860144
24716,2020-12-27,22 day ahead inc hosp,2021-01-18,06075,quantile,0.9,313.8692548003105
24717,2020-12-27,22 day ahead inc hosp,2021-01-18,06075,quantile,0.95,342.39609731666565
24718,2020-12-27,22 day ahead inc hosp,2021-01-18,06075,quantile,0.975,367.13887887808005
24719,2020-12-27,22 day ahead inc hosp,2021-01-18,06075,quantile,0.99,395.90770962967144
24720,2020-12-27,23 day ahead inc hosp,2021-01-19,06075,point,NA,221.76539611816406
24721,2020-12-27,23 day ahead inc hosp,2021-01-19,06075,quantile,0.01,154.3150052729007
24722,2020-12-27,23 day ahead inc hosp,2021-01-19,06075,quantile,0.025,164.9379808054938
24723,2020-12-27,23 day ahead inc hosp,2021-01-19,06075,quantile,0.05,174.0743258104315
24724,2020-12-27,23 day ahead inc hosp,2021-01-19,06075,quantile,0.1,184.60794647405942
24725,2020-12-27,23 day ahead inc hosp,2021-01-19,06075,quantile,0.15,191.71493032733284
24726,2020-12-27,23 day ahead inc hosp,2021-01-19,06075,quantile,0.2,197.36333579794166
24727,2020-12-27,23 day ahead inc hosp,2021-01-19,06075,quantile,0.25,202.20916474816428
24728,2020-12-27,23 day ahead inc hosp,2021-01-19,06075,quantile,0.3,206.56086891210404
24729,2020-12-27,23 day ahead inc hosp,2021-01-19,06075,quantile,0.35,210.59337135355943
24730,2020-12-27,23 day ahead inc hosp,2021-01-19,06075,quantile,0.4,214.41982183122707
24731,2020-12-27,23 day ahead inc hosp,2021-01-19,06075,quantile,0.45,218.12195695152113
24732,2020-12-27,23 day ahead inc hosp,2021-01-19,06075,quantile,0.5,221.76539611816406
24733,2020-12-27,23 day ahead inc hosp,2021-01-19,06075,quantile,0.55,229.84331192044985
24734,2020-12-27,23 day ahead inc hosp,2021-01-19,06075,quantile,0.6,238.051363275943
24735,2020-12-27,23 day ahead inc hosp,2021-01-19,06075,quantile,0.65,246.5350358079852
24736,2020-12-27,23 day ahead inc hosp,2021-01-19,06075,quantile,0.7,255.475548797146
24737,2020-12-27,23 day ahead inc hosp,2021-01-19,06075,quantile,0.75,265.1237680276461
24738,2020-12-27,23 day ahead inc hosp,2021-01-19,06075,quantile,0.8,275.86751767236564
24739,2020-12-27,23 day ahead inc hosp,2021-01-19,06075,quantile,0.85,288.39067003524406
24740,2020-12-27,23 day ahead inc hosp,2021-01-19,06075,quantile,0.9,304.14765527615435
24741,2020-12-27,23 day ahead inc hosp,2021-01-19,06075,quantile,0.95,327.5018810288531
24742,2020-12-27,23 day ahead inc hosp,2021-01-19,06075,quantile,0.975,347.75818896071377
24743,2020-12-27,23 day ahead inc hosp,2021-01-19,06075,quantile,0.99,371.31052454179485
24744,2020-12-27,24 day ahead inc hosp,2021-01-20,06075,point,NA,232.64849853515625
24745,2020-12-27,24 day ahead inc hosp,2021-01-20,06075,quantile,0.01,165.0753271341247
24746,2020-12-27,24 day ahead inc hosp,2021-01-20,06075,quantile,0.025,175.71763976504235
24747,2020-12-27,24 day ahead inc hosp,2021-01-20,06075,quantile,0.05,184.87061574132565
24748,2020-12-27,24 day ahead inc hosp,2021-01-20,06075,quantile,0.1,195.42341084980293
24749,2020-12-27,24 day ahead inc hosp,2021-01-20,06075,quantile,0.15,202.54333160998536
24750,2020-12-27,24 day ahead inc hosp,2021-01-20,06075,quantile,0.2,208.20201892409713
24751,2020-12-27,24 day ahead inc hosp,2021-01-20,06075,quantile,0.25,213.05666878053262
24752,2020-12-27,24 day ahead inc hosp,2021-01-20,06075,quantile,0.3,217.41629439087308
24753,2020-12-27,24 day ahead inc hosp,2021-01-20,06075,quantile,0.35,221.45613723295023
24754,2020-12-27,24 day ahead inc hosp,2021-01-20,06075,quantile,0.4,225.28955303298855
24755,2020-12-27,24 day ahead inc hosp,2021-01-20,06075,quantile,0.45,228.9984271832853
24756,2020-12-27,24 day ahead inc hosp,2021-01-20,06075,quantile,0.5,232.64849853515625
24757,2020-12-27,24 day ahead inc hosp,2021-01-20,06075,quantile,0.55,241.23690013696088
24758,2020-12-27,24 day ahead inc hosp,2021-01-20,06075,quantile,0.6,249.96366123903434
24759,2020-12-27,24 day ahead inc hosp,2021-01-20,06075,quantile,0.65,258.9834614630921
24760,2020-12-27,24 day ahead inc hosp,2021-01-20,06075,quantile,0.7,268.4889722849969
24761,2020-12-27,24 day ahead inc hosp,2021-01-20,06075,quantile,0.75,278.7469130115321
24762,2020-12-27,24 day ahead inc hosp,2021-01-20,06075,quantile,0.8,290.1696164559017
24763,2020-12-27,24 day ahead inc hosp,2021-01-20,06075,quantile,0.85,303.4841723940255
24764,2020-12-27,24 day ahead inc hosp,2021-01-20,06075,quantile,0.9,320.23692404369643
24765,2020-12-27,24 day ahead inc hosp,2021-01-20,06075,quantile,0.95,345.0670256160139
24766,2020-12-27,24 day ahead inc hosp,2021-01-20,06075,quantile,0.975,366.6034357181609
24767,2020-12-27,24 day ahead inc hosp,2021-01-20,06075,quantile,0.99,391.6441667163175
24768,2020-12-27,25 day ahead inc hosp,2021-01-21,06075,point,NA,247.54666137695312
24769,2020-12-27,25 day ahead inc hosp,2021-01-21,06075,quantile,0.01,169.64169545275183
24770,2020-12-27,25 day ahead inc hosp,2021-01-21,06075,quantile,0.025,181.91119510292924
24771,2020-12-27,25 day ahead inc hosp,2021-01-21,06075,quantile,0.05,192.463641684214
24772,2020-12-27,25 day ahead inc hosp,2021-01-21,06075,quantile,0.1,204.62993677271788
24773,2020-12-27,25 day ahead inc hosp,2021-01-21,06075,quantile,0.15,212.83847830931592
24774,2020-12-27,25 day ahead inc hosp,2021-01-21,06075,quantile,0.2,219.36236690654192
24775,2020-12-27,25 day ahead inc hosp,2021-01-21,06075,quantile,0.25,224.95928242490638
24776,2020-12-27,25 day ahead inc hosp,2021-01-21,06075,quantile,0.3,229.98548554034375
24777,2020-12-27,25 day ahead inc hosp,2021-01-21,06075,quantile,0.35,234.64301178079995
24778,2020-12-27,25 day ahead inc hosp,2021-01-21,06075,quantile,0.4,239.06254872250878
24779,2020-12-27,25 day ahead inc hosp,2021-01-21,06075,quantile,0.45,243.33850186049642
24780,2020-12-27,25 day ahead inc hosp,2021-01-21,06075,quantile,0.5,247.54666137695312
24781,2020-12-27,25 day ahead inc hosp,2021-01-21,06075,quantile,0.55,257.9648136396163
24782,2020-12-27,25 day ahead inc hosp,2021-01-21,06075,quantile,0.6,268.5508027603607
24783,2020-12-27,25 day ahead inc hosp,2021-01-21,06075,quantile,0.65,279.49226270481546
24784,2020-12-27,25 day ahead inc hosp,2021-01-21,06075,quantile,0.7,291.0229134205655
24785,2020-12-27,25 day ahead inc hosp,2021-01-21,06075,quantile,0.75,303.4662985049287
24786,2020-12-27,25 day ahead inc hosp,2021-01-21,06075,quantile,0.8,317.32259787845635
24787,2020-12-27,25 day ahead inc hosp,2021-01-21,06075,quantile,0.85,333.4738070911197
24788,2020-12-27,25 day ahead inc hosp,2021-01-21,06075,quantile,0.9,353.7957162887729
24789,2020-12-27,25 day ahead inc hosp,2021-01-21,06075,quantile,0.95,383.91584700360113
24790,2020-12-27,25 day ahead inc hosp,2021-01-21,06075,quantile,0.975,410.04056846378273
24791,2020-12-27,25 day ahead inc hosp,2021-01-21,06075,quantile,0.99,440.4162030000588
24792,2020-12-27,26 day ahead inc hosp,2021-01-22,06075,point,NA,232.7984619140625
24793,2020-12-27,26 day ahead inc hosp,2021-01-22,06075,quantile,0.01,167.65899982422138
24794,2020-12-27,26 day ahead inc hosp,2021-01-22,06075,quantile,0.025,177.91801987310598
24795,2020-12-27,26 day ahead inc hosp,2021-01-22,06075,quantile,0.05,186.74134308340643
24796,2020-12-27,26 day ahead inc hosp,2021-01-22,06075,quantile,0.1,196.91406966495063
24797,2020-12-27,26 day ahead inc hosp,2021-01-22,06075,quantile,0.15,203.7775599943907
24798,2020-12-27,26 day ahead inc hosp,2021-01-22,06075,quantile,0.2,209.23244453115854
24799,2020-12-27,26 day ahead inc hosp,2021-01-22,06075,quantile,0.25,213.9122497515763
24800,2020-12-27,26 day ahead inc hosp,2021-01-22,06075,quantile,0.3,218.11485947497218
24801,2020-12-27,26 day ahead inc hosp,2021-01-22,06075,quantile,0.35,222.00920369775025
24802,2020-12-27,26 day ahead inc hosp,2021-01-22,06075,quantile,0.4,225.7045555364148
24803,2020-12-27,26 day ahead inc hosp,2021-01-22,06075,quantile,0.45,229.27985120628117
24804,2020-12-27,26 day ahead inc hosp,2021-01-22,06075,quantile,0.5,232.7984619140625
24805,2020-12-27,26 day ahead inc hosp,2021-01-22,06075,quantile,0.55,242.4176514489079
24806,2020-12-27,26 day ahead inc hosp,2021-01-22,06075,quantile,0.6,252.19180651968634
24807,2020-12-27,26 day ahead inc hosp,2021-01-22,06075,quantile,0.65,262.294171539904
24808,2020-12-27,26 day ahead inc hosp,2021-01-22,06075,quantile,0.7,272.94054259481766
24809,2020-12-27,26 day ahead inc hosp,2021-01-22,06075,quantile,0.75,284.42965089001166
24810,2020-12-27,26 day ahead inc hosp,2021-01-22,06075,quantile,0.8,297.22331780570806
24811,2020-12-27,26 day ahead inc hosp,2021-01-22,06075,quantile,0.85,312.1358991077052
24812,2020-12-27,26 day ahead inc hosp,2021-01-22,06075,quantile,0.9,330.8993315622981
24813,2020-12-27,26 day ahead inc hosp,2021-01-22,06075,quantile,0.95,358.70956497562577
24814,2020-12-27,26 day ahead inc hosp,2021-01-22,06075,quantile,0.975,382.8307950109306
24815,2020-12-27,26 day ahead inc hosp,2021-01-22,06075,quantile,0.99,410.8769377893183
24816,2020-12-27,27 day ahead inc hosp,2021-01-23,06075,point,NA,237.52003479003906
24817,2020-12-27,27 day ahead inc hosp,2021-01-23,06075,quantile,0.01,113.2784210246038
24818,2020-12-27,27 day ahead inc hosp,2021-01-23,06075,quantile,0.025,132.845625997335
24819,2020-12-27,27 day ahead inc hosp,2021-01-23,06075,quantile,0.05,149.674501754857
24820,2020-12-27,27 day ahead inc hosp,2021-01-23,06075,quantile,0.1,169.07711771662895
24821,2020-12-27,27 day ahead inc hosp,2021-01-23,06075,quantile,0.15,182.16797059191057
24822,2020-12-27,27 day ahead inc hosp,2021-01-23,06075,quantile,0.2,192.57216546870322
24823,2020-12-27,27 day ahead inc hosp,2021-01-23,06075,quantile,0.25,201.4980382659133
24824,2020-12-27,27 day ahead inc hosp,2021-01-23,06075,quantile,0.3,209.51374790350405
24825,2020-12-27,27 day ahead inc hosp,2021-01-23,06075,quantile,0.35,216.9414974622697
24826,2020-12-27,27 day ahead inc hosp,2021-01-23,06075,quantile,0.4,223.98970543232525
24827,2020-12-27,27 day ahead inc hosp,2021-01-23,06075,quantile,0.45,230.80892821160032
24828,2020-12-27,27 day ahead inc hosp,2021-01-23,06075,quantile,0.5,237.52003479003906
24829,2020-12-27,27 day ahead inc hosp,2021-01-23,06075,quantile,0.55,247.50759714247715
24830,2020-12-27,27 day ahead inc hosp,2021-01-23,06075,quantile,0.6,257.65605953197183
24831,2020-12-27,27 day ahead inc hosp,2021-01-23,06075,quantile,0.65,268.14530087408406
24832,2020-12-27,27 day ahead inc hosp,2021-01-23,06075,quantile,0.7,279.19938129873503
24833,2020-12-27,27 day ahead inc hosp,2021-01-23,06075,quantile,0.75,291.1284721079441
24834,2020-12-27,27 day ahead inc hosp,2021-01-23,06075,quantile,0.8,304.41208041756
24835,2020-12-27,27 day ahead inc hosp,2021-01-23,06075,quantile,0.85,319.8957482515251
24836,2020-12-27,27 day ahead inc hosp,2021-01-23,06075,quantile,0.9,339.3777379666824
24837,2020-12-27,27 day ahead inc hosp,2021-01-23,06075,quantile,0.95,368.25298148333195
24838,2020-12-27,27 day ahead inc hosp,2021-01-23,06075,quantile,0.975,393.2979489540745
24839,2020-12-27,27 day ahead inc hosp,2021-01-23,06075,quantile,0.99,422.41813613094894
24840,2020-12-27,28 day ahead inc hosp,2021-01-24,06075,point,NA,236.63902282714844
24841,2020-12-27,28 day ahead inc hosp,2021-01-24,06075,quantile,0.01,114.1368808767709
24842,2020-12-27,28 day ahead inc hosp,2021-01-24,06075,quantile,0.025,133.43013092797491
24843,2020-12-27,28 day ahead inc hosp,2021-01-24,06075,quantile,0.05,150.02339033947464
24844,2020-12-27,28 day ahead inc hosp,2021-01-24,06075,quantile,0.1,169.1543557440701
24845,2020-12-27,28 day ahead inc hosp,2021-01-24,06075,quantile,0.15,182.0619272780886
24846,2020-12-27,28 day ahead inc hosp,2021-01-24,06075,quantile,0.2,192.3204559549821
24847,2020-12-27,28 day ahead inc hosp,2021-01-24,06075,quantile,0.25,201.1213601230431
24848,2020-12-27,28 day ahead inc hosp,2021-01-24,06075,quantile,0.3,209.0248440693401
24849,2020-12-27,28 day ahead inc hosp,2021-01-24,06075,quantile,0.35,216.34859980015068
24850,2020-12-27,28 day ahead inc hosp,2021-01-24,06075,quantile,0.4,223.2981277970555
24851,2020-12-27,28 day ahead inc hosp,2021-01-24,06075,quantile,0.45,230.02187656029324
24852,2020-12-27,28 day ahead inc hosp,2021-01-24,06075,quantile,0.5,236.63902282714844
24853,2020-12-27,28 day ahead inc hosp,2021-01-24,06075,quantile,0.55,246.08473485551352
24854,2020-12-27,28 day ahead inc hosp,2021-01-24,06075,quantile,0.6,255.68261769010326
24855,2020-12-27,28 day ahead inc hosp,2021-01-24,06075,quantile,0.65,265.6027913638553
24856,2020-12-27,28 day ahead inc hosp,2021-01-24,06075,quantile,0.7,276.057160182304
24857,2020-12-27,28 day ahead inc hosp,2021-01-24,06075,quantile,0.75,287.3390678758765
24858,2020-12-27,28 day ahead inc hosp,2021-01-24,06075,quantile,0.8,299.90200709593546
24859,2020-12-27,28 day ahead inc hosp,2021-01-24,06075,quantile,0.85,314.54564708951114
24860,2020-12-27,28 day ahead inc hosp,2021-01-24,06075,quantile,0.9,332.97068996736857
24861,2020-12-27,28 day ahead inc hosp,2021-01-24,06075,quantile,0.95,360.27937905311
24862,2020-12-27,28 day ahead inc hosp,2021-01-24,06075,quantile,0.975,383.96559418153475
24863,2020-12-27,28 day ahead inc hosp,2021-01-24,06075,quantile,0.99,411.50593811918225
24864,2020-12-27,1 day ahead inc hosp,2020-12-28,06077,point,NA,350.3105773925781
24865,2020-12-27,1 day ahead inc hosp,2020-12-28,06077,quantile,0.01,240.19426067455976
24866,2020-12-27,1 day ahead inc hosp,2020-12-28,06077,quantile,0.025,257.53682790917094
24867,2020-12-27,1 day ahead inc hosp,2020-12-28,06077,quantile,0.05,272.4523924833895
24868,2020-12-27,1 day ahead inc hosp,2020-12-28,06077,quantile,0.1,289.64908318670166
24869,2020-12-27,1 day ahead inc hosp,2020-12-28,06077,quantile,0.15,301.2516087627541
24870,2020-12-27,1 day ahead inc hosp,2020-12-28,06077,quantile,0.2,310.4729282830549
24871,2020-12-27,1 day ahead inc hosp,2020-12-28,06077,quantile,0.25,318.3839993496139
24872,2020-12-27,1 day ahead inc hosp,2020-12-28,06077,quantile,0.3,325.4883856693139
24873,2020-12-27,1 day ahead inc hosp,2020-12-28,06077,quantile,0.35,332.07165835972955
24874,2020-12-27,1 day ahead inc hosp,2020-12-28,06077,quantile,0.4,338.318540363294
24875,2020-12-27,1 day ahead inc hosp,2020-12-28,06077,quantile,0.45,344.362470996319
24876,2020-12-27,1 day ahead inc hosp,2020-12-28,06077,quantile,0.5,350.3105773925781
24877,2020-12-27,1 day ahead inc hosp,2020-12-28,06077,quantile,0.55,366.3037870771443
24878,2020-12-27,1 day ahead inc hosp,2020-12-28,06077,quantile,0.6,382.5546480223579
24879,2020-12-27,1 day ahead inc hosp,2020-12-28,06077,quantile,0.65,399.3512026066174
24880,2020-12-27,1 day ahead inc hosp,2020-12-28,06077,quantile,0.7,417.05224114464914
24881,2020-12-27,1 day ahead inc hosp,2020-12-28,06077,quantile,0.75,436.15444485818483
24882,2020-12-27,1 day ahead inc hosp,2020-12-28,06077,quantile,0.8,457.42565454544865
24883,2020-12-27,1 day ahead inc hosp,2020-12-28,06077,quantile,0.85,482.2198473240625
24884,2020-12-27,1 day ahead inc hosp,2020-12-28,06077,quantile,0.9,513.4166034084951
24885,2020-12-27,1 day ahead inc hosp,2020-12-28,06077,quantile,0.95,559.6548953919194
24886,2020-12-27,1 day ahead inc hosp,2020-12-28,06077,quantile,0.975,599.759717987089
24887,2020-12-27,1 day ahead inc hosp,2020-12-28,06077,quantile,0.99,646.3902413459623
24888,2020-12-27,2 day ahead inc hosp,2020-12-29,06077,point,NA,364.1894836425781
24889,2020-12-27,2 day ahead inc hosp,2020-12-29,06077,quantile,0.01,242.18472030584945
24890,2020-12-27,2 day ahead inc hosp,2020-12-29,06077,quantile,0.025,261.39963662500213
24891,2020-12-27,2 day ahead inc hosp,2020-12-29,06077,quantile,0.05,277.92552470543285
24892,2020-12-27,2 day ahead inc hosp,2020-12-29,06077,quantile,0.1,296.97881528002773
24893,2020-12-27,2 day ahead inc hosp,2020-12-29,06077,quantile,0.15,309.8339799750069
24894,2020-12-27,2 day ahead inc hosp,2020-12-29,06077,quantile,0.2,320.0508573575626
24895,2020-12-27,2 day ahead inc hosp,2020-12-29,06077,quantile,0.25,328.81602842378334
24896,2020-12-27,2 day ahead inc hosp,2020-12-29,06077,quantile,0.3,336.6874229402498
24897,2020-12-27,2 day ahead inc hosp,2020-12-29,06077,quantile,0.35,343.98144303204134
24898,2020-12-27,2 day ahead inc hosp,2020-12-29,06077,quantile,0.4,350.9027548153716
24899,2020-12-27,2 day ahead inc hosp,2020-12-29,06077,quantile,0.45,357.59920406543233
24900,2020-12-27,2 day ahead inc hosp,2020-12-29,06077,quantile,0.5,364.1894836425781
24901,2020-12-27,2 day ahead inc hosp,2020-12-29,06077,quantile,0.55,377.7315080369166
24902,2020-12-27,2 day ahead inc hosp,2020-12-29,06077,quantile,0.6,391.49169499685223
24903,2020-12-27,2 day ahead inc hosp,2020-12-29,06077,quantile,0.65,405.71394033765966
24904,2020-12-27,2 day ahead inc hosp,2020-12-29,06077,quantile,0.7,420.70204469037594
24905,2020-12-27,2 day ahead inc hosp,2020-12-29,06077,quantile,0.75,436.87656586381854
24906,2020-12-27,2 day ahead inc hosp,2020-12-29,06077,quantile,0.8,454.88766220803734
24907,2020-12-27,2 day ahead inc hosp,2020-12-29,06077,quantile,0.85,475.8817947222842
24908,2020-12-27,2 day ahead inc hosp,2020-12-29,06077,quantile,0.9,502.29720727873325
24909,2020-12-27,2 day ahead inc hosp,2020-12-29,06077,quantile,0.95,541.4488278940955
24910,2020-12-27,2 day ahead inc hosp,2020-12-29,06077,quantile,0.975,575.4070199409682
24911,2020-12-27,2 day ahead inc hosp,2020-12-29,06077,quantile,0.99,614.8907569331752
24912,2020-12-27,3 day ahead inc hosp,2020-12-30,06077,point,NA,374.59710693359375
24913,2020-12-27,3 day ahead inc hosp,2020-12-30,06077,quantile,0.01,255.88285894172697
24914,2020-12-27,3 day ahead inc hosp,2020-12-30,06077,quantile,0.025,274.5795415848395
24915,2020-12-27,3 day ahead inc hosp,2020-12-30,06077,quantile,0.05,290.6597201140288
24916,2020-12-27,3 day ahead inc hosp,2020-12-30,06077,quantile,0.1,309.19913612101533
24917,2020-12-27,3 day ahead inc hosp,2020-12-30,06077,quantile,0.15,321.7075920848542
24918,2020-12-27,3 day ahead inc hosp,2020-12-30,06077,quantile,0.2,331.6489163587899
24919,2020-12-27,3 day ahead inc hosp,2020-12-30,06077,quantile,0.25,340.1776873935288
24920,2020-12-27,3 day ahead inc hosp,2020-12-30,06077,quantile,0.3,347.83678737547444
24921,2020-12-27,3 day ahead inc hosp,2020-12-30,06077,quantile,0.35,354.93408494282215
24922,2020-12-27,3 day ahead inc hosp,2020-12-30,06077,quantile,0.4,361.66872628799285
24923,2020-12-27,3 day ahead inc hosp,2020-12-30,06077,quantile,0.45,368.18456972881484
24924,2020-12-27,3 day ahead inc hosp,2020-12-30,06077,quantile,0.5,374.59710693359375
24925,2020-12-27,3 day ahead inc hosp,2020-12-30,06077,quantile,0.55,389.37794232494247
24926,2020-12-27,3 day ahead inc hosp,2020-12-30,06077,quantile,0.6,404.3968975776019
24927,2020-12-27,3 day ahead inc hosp,2020-12-30,06077,quantile,0.65,419.9201798547877
24928,2020-12-27,3 day ahead inc hosp,2020-12-30,06077,quantile,0.7,436.2793811687711
24929,2020-12-27,3 day ahead inc hosp,2020-12-30,06077,quantile,0.75,453.9335315407413
24930,2020-12-27,3 day ahead inc hosp,2020-12-30,06077,quantile,0.8,473.5922651635311
24931,2020-12-27,3 day ahead inc hosp,2020-12-30,06077,quantile,0.85,496.50692015462516
24932,2020-12-27,3 day ahead inc hosp,2020-12-30,06077,quantile,0.9,525.338788523927
24933,2020-12-27,3 day ahead inc hosp,2020-12-30,06077,quantile,0.95,568.0719606678304
24934,2020-12-27,3 day ahead inc hosp,2020-12-30,06077,quantile,0.975,605.1366145346832
24935,2020-12-27,3 day ahead inc hosp,2020-12-30,06077,quantile,0.99,648.2322847330848
24936,2020-12-27,4 day ahead inc hosp,2020-12-31,06077,point,NA,400.0770568847656
24937,2020-12-27,4 day ahead inc hosp,2020-12-31,06077,quantile,0.01,265.4993534287296
24938,2020-12-27,4 day ahead inc hosp,2020-12-31,06077,quantile,0.025,286.69442188023334
24939,2020-12-27,4 day ahead inc hosp,2020-12-31,06077,quantile,0.05,304.92335003525665
24940,2020-12-27,4 day ahead inc hosp,2020-12-31,06077,quantile,0.1,325.94013674654724
24941,2020-12-27,4 day ahead inc hosp,2020-12-31,06077,quantile,0.15,340.12006296323625
24942,2020-12-27,4 day ahead inc hosp,2020-12-31,06077,quantile,0.2,351.389818807452
24943,2020-12-27,4 day ahead inc hosp,2020-12-31,06077,quantile,0.25,361.0582658437012
24944,2020-12-27,4 day ahead inc hosp,2020-12-31,06077,quantile,0.3,369.7408300981707
24945,2020-12-27,4 day ahead inc hosp,2020-12-31,06077,quantile,0.35,377.78651984067915
24946,2020-12-27,4 day ahead inc hosp,2020-12-31,06077,quantile,0.4,385.42109261660437
24947,2020-12-27,4 day ahead inc hosp,2020-12-31,06077,quantile,0.45,392.80763013150295
24948,2020-12-27,4 day ahead inc hosp,2020-12-31,06077,quantile,0.5,400.0770568847656
24949,2020-12-27,4 day ahead inc hosp,2020-12-31,06077,quantile,0.55,418.2879834082695
24950,2020-12-27,4 day ahead inc hosp,2020-12-31,06077,quantile,0.6,436.79228870119357
24951,2020-12-27,4 day ahead inc hosp,2020-12-31,06077,quantile,0.65,455.91795687005106
24952,2020-12-27,4 day ahead inc hosp,2020-12-31,06077,quantile,0.7,476.0735303017484
24953,2020-12-27,4 day ahead inc hosp,2020-12-31,06077,quantile,0.75,497.8245630916144
24954,2020-12-27,4 day ahead inc hosp,2020-12-31,06077,quantile,0.8,522.0453695664163
24955,2020-12-27,4 day ahead inc hosp,2020-12-31,06077,quantile,0.85,550.277677640052
24956,2020-12-27,4 day ahead inc hosp,2020-12-31,06077,quantile,0.9,585.8003678335986
24957,2020-12-27,4 day ahead inc hosp,2020-12-31,06077,quantile,0.95,638.4503458236355
24958,2020-12-27,4 day ahead inc hosp,2020-12-31,06077,quantile,0.975,684.1163498292975
24959,2020-12-27,4 day ahead inc hosp,2020-12-31,06077,quantile,0.99,737.2129484101599
24960,2020-12-27,5 day ahead inc hosp,2021-01-01,06077,point,NA,390.1968688964844
24961,2020-12-27,5 day ahead inc hosp,2021-01-01,06077,quantile,0.01,270.6810485942739
24962,2020-12-27,5 day ahead inc hosp,2021-01-01,06077,quantile,0.025,289.50397339749367
24963,2020-12-27,5 day ahead inc hosp,2021-01-01,06077,quantile,0.05,305.692727148886
24964,2020-12-27,5 day ahead inc hosp,2021-01-01,06077,quantile,0.1,324.3573234334931
24965,2020-12-27,5 day ahead inc hosp,2021-01-01,06077,quantile,0.15,336.9502379363479
24966,2020-12-27,5 day ahead inc hosp,2021-01-01,06077,quantile,0.2,346.95868717970336
24967,2020-12-27,5 day ahead inc hosp,2021-01-01,06077,quantile,0.25,355.5450454612837
24968,2020-12-27,5 day ahead inc hosp,2021-01-01,06077,quantile,0.3,363.25586057070166
24969,2020-12-27,5 day ahead inc hosp,2021-01-01,06077,quantile,0.35,370.40107991074717
24970,2020-12-27,5 day ahead inc hosp,2021-01-01,06077,quantile,0.4,377.1811943319277
24971,2020-12-27,5 day ahead inc hosp,2021-01-01,06077,quantile,0.45,383.7410335000448
24972,2020-12-27,5 day ahead inc hosp,2021-01-01,06077,quantile,0.5,390.1968688964844
24973,2020-12-27,5 day ahead inc hosp,2021-01-01,06077,quantile,0.55,407.80015868875086
24974,2020-12-27,5 day ahead inc hosp,2021-01-01,06077,quantile,0.6,425.68703819790176
24975,2020-12-27,5 day ahead inc hosp,2021-01-01,06077,quantile,0.65,444.1745478154161
24976,2020-12-27,5 day ahead inc hosp,2021-01-01,06077,quantile,0.7,463.6575982571137
24977,2020-12-27,5 day ahead inc hosp,2021-01-01,06077,quantile,0.75,484.6828730001053
24978,2020-12-27,5 day ahead inc hosp,2021-01-01,06077,quantile,0.8,508.09551347328795
24979,2020-12-27,5 day ahead inc hosp,2021-01-01,06077,quantile,0.85,535.3858053693828
24980,2020-12-27,5 day ahead inc hosp,2021-01-01,06077,quantile,0.9,569.7232241092169
24981,2020-12-27,5 day ahead inc hosp,2021-01-01,06077,quantile,0.95,620.6164512560556
24982,2020-12-27,5 day ahead inc hosp,2021-01-01,06077,quantile,0.975,664.7587358964859
24983,2020-12-27,5 day ahead inc hosp,2021-01-01,06077,quantile,0.99,716.0836814228012
24984,2020-12-27,6 day ahead inc hosp,2021-01-02,06077,point,NA,411.79229736328125
24985,2020-12-27,6 day ahead inc hosp,2021-01-02,06077,quantile,0.01,179.34278786338047
24986,2020-12-27,6 day ahead inc hosp,2021-01-02,06077,quantile,0.025,215.9519968099305
24987,2020-12-27,6 day ahead inc hosp,2021-01-02,06077,quantile,0.05,247.43793615595553
24988,2020-12-27,6 day ahead inc hosp,2021-01-02,06077,quantile,0.1,283.739207739918
24989,2020-12-27,6 day ahead inc hosp,2021-01-02,06077,quantile,0.15,308.231503336944
24990,2020-12-27,6 day ahead inc hosp,2021-01-02,06077,quantile,0.2,327.6972034558896
24991,2020-12-27,6 day ahead inc hosp,2021-01-02,06077,quantile,0.25,344.3970408991411
24992,2020-12-27,6 day ahead inc hosp,2021-01-02,06077,quantile,0.3,359.39401105335486
24993,2020-12-27,6 day ahead inc hosp,2021-01-02,06077,quantile,0.35,373.2909388965726
24994,2020-12-27,6 day ahead inc hosp,2021-01-02,06077,quantile,0.4,386.4777644362494
24995,2020-12-27,6 day ahead inc hosp,2021-01-02,06077,quantile,0.45,399.2361707557754
24996,2020-12-27,6 day ahead inc hosp,2021-01-02,06077,quantile,0.5,411.79229736328125
24997,2020-12-27,6 day ahead inc hosp,2021-01-02,06077,quantile,0.55,429.6777480365362
24998,2020-12-27,6 day ahead inc hosp,2021-01-02,06077,quantile,0.6,447.85133404998226
24999,2020-12-27,6 day ahead inc hosp,2021-01-02,06077,quantile,0.65,466.63517759499075
25000,2020-12-27,6 day ahead inc hosp,2021-01-02,06077,quantile,0.7,486.4305193607446
25001,2020-12-27,6 day ahead inc hosp,2021-01-02,06077,quantile,0.75,507.79280554389965
25002,2020-12-27,6 day ahead inc hosp,2021-01-02,06077,quantile,0.8,531.5807242372409
25003,2020-12-27,6 day ahead inc hosp,2021-01-02,06077,quantile,0.85,559.3084487322819
25004,2020-12-27,6 day ahead inc hosp,2021-01-02,06077,quantile,0.9,594.1962575660607
25005,2020-12-27,6 day ahead inc hosp,2021-01-02,06077,quantile,0.95,645.905245742659
25006,2020-12-27,6 day ahead inc hosp,2021-01-02,06077,quantile,0.975,690.7550814187179
25007,2020-12-27,6 day ahead inc hosp,2021-01-02,06077,quantile,0.99,742.9027079334896
25008,2020-12-27,7 day ahead inc hosp,2021-01-03,06077,point,NA,401.4991149902344
25009,2020-12-27,7 day ahead inc hosp,2021-01-03,06077,quantile,0.01,174.12163027033733
25010,2020-12-27,7 day ahead inc hosp,2021-01-03,06077,quantile,0.025,209.93202998148516
25011,2020-12-27,7 day ahead inc hosp,2021-01-03,06077,quantile,0.05,240.73094931646213
25012,2020-12-27,7 day ahead inc hosp,2021-01-03,06077,quantile,0.1,276.2401308271196
25013,2020-12-27,7 day ahead inc hosp,2021-01-03,06077,quantile,0.15,300.1980070121427
25014,2020-12-27,7 day ahead inc hosp,2021-01-03,06077,quantile,0.2,319.23896752386855
25015,2020-12-27,7 day ahead inc hosp,2021-01-03,06077,quantile,0.25,335.57441620365717
25016,2020-12-27,7 day ahead inc hosp,2021-01-03,06077,quantile,0.3,350.2441539863732
25017,2020-12-27,7 day ahead inc hosp,2021-01-03,06077,quantile,0.35,363.837852270026
25018,2020-12-27,7 day ahead inc hosp,2021-01-03,06077,quantile,0.4,376.7369426105591
25019,2020-12-27,7 day ahead inc hosp,2021-01-03,06077,quantile,0.45,389.21696179498116
25020,2020-12-27,7 day ahead inc hosp,2021-01-03,06077,quantile,0.5,401.4991149902344
25021,2020-12-27,7 day ahead inc hosp,2021-01-03,06077,quantile,0.55,419.2396455494252
25022,2020-12-27,7 day ahead inc hosp,2021-01-03,06077,quantile,0.6,437.26597677985586
25023,2020-12-27,7 day ahead inc hosp,2021-01-03,06077,quantile,0.65,455.89762081930894
25024,2020-12-27,7 day ahead inc hosp,2021-01-03,06077,quantile,0.7,475.5325672313733
25025,2020-12-27,7 day ahead inc hosp,2021-01-03,06077,quantile,0.75,496.72176160896583
25026,2020-12-27,7 day ahead inc hosp,2021-01-03,06077,quantile,0.8,520.3169343685666
25027,2020-12-27,7 day ahead inc hosp,2021-01-03,06077,quantile,0.85,547.8199899374524
25028,2020-12-27,7 day ahead inc hosp,2021-01-03,06077,quantile,0.9,582.425113960655
25029,2020-12-27,7 day ahead inc hosp,2021-01-03,06077,quantile,0.95,633.7151206644578
25030,2020-12-27,7 day ahead inc hosp,2021-01-03,06077,quantile,0.975,678.2015523972404
25031,2020-12-27,7 day ahead inc hosp,2021-01-03,06077,quantile,0.99,729.9266432923762
25032,2020-12-27,8 day ahead inc hosp,2021-01-04,06077,point,NA,357.46978759765625
25033,2020-12-27,8 day ahead inc hosp,2021-01-04,06077,quantile,0.01,241.61206555386147
25034,2020-12-27,8 day ahead inc hosp,2021-01-04,06077,quantile,0.025,259.85886488459704
25035,2020-12-27,8 day ahead inc hosp,2021-01-04,06077,quantile,0.05,275.5521189460392
25036,2020-12-27,8 day ahead inc hosp,2021-01-04,06077,quantile,0.1,293.6454358218609
25037,2020-12-27,8 day ahead inc hosp,2021-01-04,06077,quantile,0.15,305.85291081976317
25038,2020-12-27,8 day ahead inc hosp,2021-01-04,06077,quantile,0.2,315.55502496326335
25039,2020-12-27,8 day ahead inc hosp,2021-01-04,06077,quantile,0.25,323.8785750057624
25040,2020-12-27,8 day ahead inc hosp,2021-01-04,06077,quantile,0.3,331.35338019405526
25041,2020-12-27,8 day ahead inc hosp,2021-01-04,06077,quantile,0.35,338.279901169669
25042,2020-12-27,8 day ahead inc hosp,2021-01-04,06077,quantile,0.4,344.85249222956344
25043,2020-12-27,8 day ahead inc hosp,2021-01-04,06077,quantile,0.45,351.21155014398795
25044,2020-12-27,8 day ahead inc hosp,2021-01-04,06077,quantile,0.5,357.46978759765625
25045,2020-12-27,8 day ahead inc hosp,2021-01-04,06077,quantile,0.55,372.4595156120077
25046,2020-12-27,8 day ahead inc hosp,2021-01-04,06077,quantile,0.6,387.6907287563506
25047,2020-12-27,8 day ahead inc hosp,2021-01-04,06077,quantile,0.65,403.43339641106326
25048,2020-12-27,8 day ahead inc hosp,2021-01-04,06077,quantile,0.7,420.02379686787094
25049,2020-12-27,8 day ahead inc hosp,2021-01-04,06077,quantile,0.75,437.92744746634685
25050,2020-12-27,8 day ahead inc hosp,2021-01-04,06077,quantile,0.8,457.86401142298774
25051,2020-12-27,8 day ahead inc hosp,2021-01-04,06077,quantile,0.85,481.10251160006453
25052,2020-12-27,8 day ahead inc hosp,2021-01-04,06077,quantile,0.9,510.34185116096467
25053,2020-12-27,8 day ahead inc hosp,2021-01-04,06077,quantile,0.95,553.6789569921069
25054,2020-12-27,8 day ahead inc hosp,2021-01-04,06077,quantile,0.975,591.2674332656057
25055,2020-12-27,8 day ahead inc hosp,2021-01-04,06077,quantile,0.99,634.9721602155
25056,2020-12-27,9 day ahead inc hosp,2021-01-05,06077,point,NA,368.95611572265625
25057,2020-12-27,9 day ahead inc hosp,2021-01-05,06077,quantile,0.01,246.43358947560716
25058,2020-12-27,9 day ahead inc hosp,2021-01-05,06077,quantile,0.025,265.7300499142096
25059,2020-12-27,9 day ahead inc hosp,2021-01-05,06077,quantile,0.05,282.3260704359823
25060,2020-12-27,9 day ahead inc hosp,2021-01-05,06077,quantile,0.1,301.46021922389014
25061,2020-12-27,9 day ahead inc hosp,2021-01-05,06077,quantile,0.15,314.3699385715164
25062,2020-12-27,9 day ahead inc hosp,2021-01-05,06077,quantile,0.2,324.63017426257824
25063,2020-12-27,9 day ahead inc hosp,2021-01-05,06077,quantile,0.25,333.43254289680027
25064,2020-12-27,9 day ahead inc hosp,2021-01-05,06077,quantile,0.3,341.3373419789711
25065,2020-12-27,9 day ahead inc hosp,2021-01-05,06077,quantile,0.35,348.6623163791632
25066,2020-12-27,9 day ahead inc hosp,2021-01-05,06077,quantile,0.4,355.61300077413716
25067,2020-12-27,9 day ahead inc hosp,2021-01-05,06077,quantile,0.45,362.3378683658897
25068,2020-12-27,9 day ahead inc hosp,2021-01-05,06077,quantile,0.5,368.95611572265625
25069,2020-12-27,9 day ahead inc hosp,2021-01-05,06077,quantile,0.55,382.31631503553984
25070,2020-12-27,9 day ahead inc hosp,2021-01-05,06077,quantile,0.6,395.8917477045387
25071,2020-12-27,9 day ahead inc hosp,2021-01-05,06077,quantile,0.65,409.92303482209525
25072,2020-12-27,9 day ahead inc hosp,2021-01-05,06077,quantile,0.7,424.70989797073236
25073,2020-12-27,9 day ahead inc hosp,2021-01-05,06077,quantile,0.75,440.6672482438563
25074,2020-12-27,9 day ahead inc hosp,2021-01-05,06077,quantile,0.8,458.43651449203367
25075,2020-12-27,9 day ahead inc hosp,2021-01-05,06077,quantile,0.85,479.14876449423355
25076,2020-12-27,9 day ahead inc hosp,2021-01-05,06077,quantile,0.9,505.209504484759
25077,2020-12-27,9 day ahead inc hosp,2021-01-05,06077,quantile,0.95,543.8354469296954
25078,2020-12-27,9 day ahead inc hosp,2021-01-05,06077,quantile,0.975,577.3376915602007
25079,2020-12-27,9 day ahead inc hosp,2021-01-05,06077,quantile,0.99,616.2912911456436
25080,2020-12-27,10 day ahead inc hosp,2021-01-06,06077,point,NA,365.3963928222656
25081,2020-12-27,10 day ahead inc hosp,2021-01-06,06077,quantile,0.01,244.37333259859702
25082,2020-12-27,10 day ahead inc hosp,2021-01-06,06077,quantile,0.025,263.43363738741436
25083,2020-12-27,10 day ahead inc hosp,2021-01-06,06077,quantile,0.05,279.82655102216813
25084,2020-12-27,10 day ahead inc hosp,2021-01-06,06077,quantile,0.1,298.7265305770982
25085,2020-12-27,10 day ahead inc hosp,2021-01-06,06077,quantile,0.15,311.47825705495524
25086,2020-12-27,10 day ahead inc hosp,2021-01-06,06077,quantile,0.2,321.61292502160046
25087,2020-12-27,10 day ahead inc hosp,2021-01-06,06077,quantile,0.25,330.30756772903516
25088,2020-12-27,10 day ahead inc hosp,2021-01-06,06077,quantile,0.3,338.11562559954126
25089,2020-12-27,10 day ahead inc hosp,2021-01-06,06077,quantile,0.35,345.3509548498034
25090,2020-12-27,10 day ahead inc hosp,2021-01-06,06077,quantile,0.4,352.2165747639121
25091,2020-12-27,10 day ahead inc hosp,2021-01-06,06077,quantile,0.45,358.8591414859842
25092,2020-12-27,10 day ahead inc hosp,2021-01-06,06077,quantile,0.5,365.3963928222656
25093,2020-12-27,10 day ahead inc hosp,2021-01-06,06077,quantile,0.55,380.2128791752549
25094,2020-12-27,10 day ahead inc hosp,2021-01-06,06077,quantile,0.6,395.2680597280018
25095,2020-12-27,10 day ahead inc hosp,2021-01-06,06077,quantile,0.65,410.8287837279554
25096,2020-12-27,10 day ahead inc hosp,2021-01-06,06077,quantile,0.7,427.22744297804815
25097,2020-12-27,10 day ahead inc hosp,2021-01-06,06077,quantile,0.75,444.9241746670443
25098,2020-12-27,10 day ahead inc hosp,2021-01-06,06077,quantile,0.8,464.630324605606
25099,2020-12-27,10 day ahead inc hosp,2021-01-06,06077,quantile,0.85,487.6002491037654
25100,2020-12-27,10 day ahead inc hosp,2021-01-06,06077,quantile,0.9,516.501659133335
25101,2020-12-27,10 day ahead inc hosp,2021-01-06,06077,quantile,0.95,559.337902493482
25102,2020-12-27,10 day ahead inc hosp,2021-01-06,06077,quantile,0.975,596.4919552690056
25103,2020-12-27,10 day ahead inc hosp,2021-01-06,06077,quantile,0.99,639.6915710188216
25104,2020-12-27,11 day ahead inc hosp,2021-01-07,06077,point,NA,368.7394714355469
25105,2020-12-27,11 day ahead inc hosp,2021-01-07,06077,quantile,0.01,228.75786164664538
25106,2020-12-27,11 day ahead inc hosp,2021-01-07,06077,quantile,0.025,250.80400840970628
25107,2020-12-27,11 day ahead inc hosp,2021-01-07,06077,quantile,0.05,269.7649108648443
25108,2020-12-27,11 day ahead inc hosp,2021-01-07,06077,quantile,0.1,291.62561706568636
25109,2020-12-27,11 day ahead inc hosp,2021-01-07,06077,quantile,0.15,306.37493175545893
25110,2020-12-27,11 day ahead inc hosp,2021-01-07,06077,quantile,0.2,318.0972195080996
25111,2020-12-27,11 day ahead inc hosp,2021-01-07,06077,quantile,0.25,328.15389862757223
25112,2020-12-27,11 day ahead inc hosp,2021-01-07,06077,quantile,0.3,337.18510729159334
25113,2020-12-27,11 day ahead inc hosp,2021-01-07,06077,quantile,0.35,345.5538680379551
25114,2020-12-27,11 day ahead inc hosp,2021-01-07,06077,quantile,0.4,353.49500360335475
25115,2020-12-27,11 day ahead inc hosp,2021-01-07,06077,quantile,0.45,361.1781441648921
25116,2020-12-27,11 day ahead inc hosp,2021-01-07,06077,quantile,0.5,368.7394714355469
25117,2020-12-27,11 day ahead inc hosp,2021-01-07,06077,quantile,0.55,386.92495928277015
25118,2020-12-27,11 day ahead inc hosp,2021-01-07,06077,quantile,0.6,405.4034160813007
25119,2020-12-27,11 day ahead inc hosp,2021-01-07,06077,quantile,0.65,424.50236777966063
25120,2020-12-27,11 day ahead inc hosp,2021-01-07,06077,quantile,0.7,444.6297860756422
25121,2020-12-27,11 day ahead inc hosp,2021-01-07,06077,quantile,0.75,466.3504350472441
25122,2020-12-27,11 day ahead inc hosp,2021-01-07,06077,quantile,0.8,490.5374076995673
25123,2020-12-27,11 day ahead inc hosp,2021-01-07,06077,quantile,0.85,518.7302783209234
25124,2020-12-27,11 day ahead inc hosp,2021-01-07,06077,quantile,0.9,554.2033471942541
25125,2020-12-27,11 day ahead inc hosp,2021-01-07,06077,quantile,0.95,606.7797789127962
25126,2020-12-27,11 day ahead inc hosp,2021-01-07,06077,quantile,0.975,652.3819924961845
25127,2020-12-27,11 day ahead inc hosp,2021-01-07,06077,quantile,0.99,705.4044209253439
25128,2020-12-27,12 day ahead inc hosp,2021-01-08,06077,point,NA,365.19598388671875
25129,2020-12-27,12 day ahead inc hosp,2021-01-08,06077,quantile,0.01,243.30261092518447
25130,2020-12-27,12 day ahead inc hosp,2021-01-08,06077,quantile,0.025,262.49998402160077
25131,2020-12-27,12 day ahead inc hosp,2021-01-08,06077,quantile,0.05,279.010783962656
25132,2020-12-27,12 day ahead inc hosp,2021-01-08,06077,quantile,0.1,298.046678878854
25133,2020-12-27,12 day ahead inc hosp,2021-01-08,06077,quantile,0.15,310.89010680569896
25134,2020-12-27,12 day ahead inc hosp,2021-01-08,06077,quantile,0.2,321.09765617700464
25135,2020-12-27,12 day ahead inc hosp,2021-01-08,06077,quantile,0.25,329.8548246401547
25136,2020-12-27,12 day ahead inc hosp,2021-01-08,06077,quantile,0.3,337.7190325717329
25137,2020-12-27,12 day ahead inc hosp,2021-01-08,06077,quantile,0.35,345.00639322161027
25138,2020-12-27,12 day ahead inc hosp,2021-01-08,06077,quantile,0.4,351.92138584579214
25139,2020-12-27,12 day ahead inc hosp,2021-01-08,06077,quantile,0.45,358.6117212362458
25140,2020-12-27,12 day ahead inc hosp,2021-01-08,06077,quantile,0.5,365.19598388671875
25141,2020-12-27,12 day ahead inc hosp,2021-01-08,06077,quantile,0.55,382.76948816625867
25142,2020-12-27,12 day ahead inc hosp,2021-01-08,06077,quantile,0.6,400.62610231685755
25143,2020-12-27,12 day ahead inc hosp,2021-01-08,06077,quantile,0.65,419.0823302842092
25144,2020-12-27,12 day ahead inc hosp,2021-01-08,06077,quantile,0.7,438.53241457845763
25145,2020-12-27,12 day ahead inc hosp,2021-01-08,06077,quantile,0.75,459.5221136650903
25146,2020-12-27,12 day ahead inc hosp,2021-01-08,06077,quantile,0.8,482.8951389578717
25147,2020-12-27,12 day ahead inc hosp,2021-01-08,06077,quantile,0.85,510.1392545229411
25148,2020-12-27,12 day ahead inc hosp,2021-01-08,06077,quantile,0.9,544.4185728943247
25149,2020-12-27,12 day ahead inc hosp,2021-01-08,06077,quantile,0.95,595.2256865429046
25150,2020-12-27,12 day ahead inc hosp,2021-01-08,06077,quantile,0.975,639.2932805660439
25151,2020-12-27,12 day ahead inc hosp,2021-01-08,06077,quantile,0.99,690.5313821082968
25152,2020-12-27,13 day ahead inc hosp,2021-01-09,06077,point,NA,358.1271057128906
25153,2020-12-27,13 day ahead inc hosp,2021-01-09,06077,quantile,0.01,132.06695949326107
25154,2020-12-27,13 day ahead inc hosp,2021-01-09,06077,quantile,0.025,167.66988739466672
25155,2020-12-27,13 day ahead inc hosp,2021-01-09,06077,quantile,0.05,198.29036952748808
25156,2020-12-27,13 day ahead inc hosp,2021-01-09,06077,quantile,0.1,233.59382437187247
25157,2020-12-27,13 day ahead inc hosp,2021-01-09,06077,quantile,0.15,257.41289775185066
25158,2020-12-27,13 day ahead inc hosp,2021-01-09,06077,quantile,0.2,276.34354219426535
25159,2020-12-27,13 day ahead inc hosp,2021-01-09,06077,quantile,0.25,292.584349509314
25160,2020-12-27,13 day ahead inc hosp,2021-01-09,06077,quantile,0.3,307.1690964214792
25161,2020-12-27,13 day ahead inc hosp,2021-01-09,06077,quantile,0.35,320.68403799739497
25162,2020-12-27,13 day ahead inc hosp,2021-01-09,06077,quantile,0.4,333.5083959239208
25163,2020-12-27,13 day ahead inc hosp,2021-01-09,06077,quantile,0.45,345.91611063291964
25164,2020-12-27,13 day ahead inc hosp,2021-01-09,06077,quantile,0.5,358.1271057128906
25165,2020-12-27,13 day ahead inc hosp,2021-01-09,06077,quantile,0.55,375.86399505354996
25166,2020-12-27,13 day ahead inc hosp,2021-01-09,06077,quantile,0.6,393.8866264052701
25167,2020-12-27,13 day ahead inc hosp,2021-01-09,06077,quantile,0.65,412.51444632642404
25168,2020-12-27,13 day ahead inc hosp,2021-01-09,06077,quantile,0.7,432.1453626938118
25169,2020-12-27,13 day ahead inc hosp,2021-01-09,06077,quantile,0.75,453.33020801955513
25170,2020-12-27,13 day ahead inc hosp,2021-01-09,06077,quantile,0.8,476.9205379036839
25171,2020-12-27,13 day ahead inc hosp,2021-01-09,06077,quantile,0.85,504.4179485097387
25172,2020-12-27,13 day ahead inc hosp,2021-01-09,06077,quantile,0.9,539.0159698807147
25173,2020-12-27,13 day ahead inc hosp,2021-01-09,06077,quantile,0.95,590.2954493839771
25174,2020-12-27,13 day ahead inc hosp,2021-01-09,06077,quantile,0.975,634.7727503402543
25175,2020-12-27,13 day ahead inc hosp,2021-01-09,06077,quantile,0.99,686.4872247344416
25176,2020-12-27,14 day ahead inc hosp,2021-01-10,06077,point,NA,369.732666015625
25177,2020-12-27,14 day ahead inc hosp,2021-01-10,06077,quantile,0.01,140.1060399436909
25178,2020-12-27,14 day ahead inc hosp,2021-01-10,06077,quantile,0.025,176.2706640448329
25179,2020-12-27,14 day ahead inc hosp,2021-01-10,06077,quantile,0.05,207.37423589700913
25180,2020-12-27,14 day ahead inc hosp,2021-01-10,06077,quantile,0.1,243.23466224886528
25181,2020-12-27,14 day ahead inc hosp,2021-01-10,06077,quantile,0.15,267.42952166070654
25182,2020-12-27,14 day ahead inc hosp,2021-01-10,06077,quantile,0.2,286.65882892858633
25183,2020-12-27,14 day ahead inc hosp,2021-01-10,06077,quantile,0.25,303.15586235444187
25184,2020-12-27,14 day ahead inc hosp,2021-01-10,06077,quantile,0.3,317.9707082331125
25185,2020-12-27,14 day ahead inc hosp,2021-01-10,06077,quantile,0.35,331.69887079309655
25186,2020-12-27,14 day ahead inc hosp,2021-01-10,06077,quantile,0.4,344.7255545825777
25187,2020-12-27,14 day ahead inc hosp,2021-01-10,06077,quantile,0.45,357.329021905484
25188,2020-12-27,14 day ahead inc hosp,2021-01-10,06077,quantile,0.5,369.732666015625
25189,2020-12-27,14 day ahead inc hosp,2021-01-10,06077,quantile,0.55,387.5276096867093
25190,2020-12-27,14 day ahead inc hosp,2021-01-10,06077,quantile,0.6,405.6092306264865
25191,2020-12-27,14 day ahead inc hosp,2021-01-10,06077,quantile,0.65,424.29802096877967
25192,2020-12-27,14 day ahead inc hosp,2021-01-10,06077,quantile,0.7,443.99319097633224
25193,2020-12-27,14 day ahead inc hosp,2021-01-10,06077,quantile,0.75,465.2473760824013
25194,2020-12-27,14 day ahead inc hosp,2021-01-10,06077,quantile,0.8,488.9149191001086
25195,2020-12-27,14 day ahead inc hosp,2021-01-10,06077,quantile,0.85,516.5023310435172
25196,2020-12-27,14 day ahead inc hosp,2021-01-10,06077,quantile,0.9,551.2135946480181
25197,2020-12-27,14 day ahead inc hosp,2021-01-10,06077,quantile,0.95,602.6609162001272
25198,2020-12-27,14 day ahead inc hosp,2021-01-10,06077,quantile,0.975,647.2837951028264
25199,2020-12-27,14 day ahead inc hosp,2021-01-10,06077,quantile,0.99,699.1675353207199
25200,2020-12-27,15 day ahead inc hosp,2021-01-11,06077,point,NA,355.0799560546875
25201,2020-12-27,15 day ahead inc hosp,2021-01-11,06077,quantile,0.01,242.35363292592388
25202,2020-12-27,15 day ahead inc hosp,2021-01-11,06077,quantile,0.025,260.10725833075173
25203,2020-12-27,15 day ahead inc hosp,2021-01-11,06077,quantile,0.05,275.3763556085595
25204,2020-12-27,15 day ahead inc hosp,2021-01-11,06077,quantile,0.1,292.98064687750065
25205,2020-12-27,15 day ahead inc hosp,2021-01-11,06077,quantile,0.15,304.8581786200949
25206,2020-12-27,15 day ahead inc hosp,2021-01-11,06077,quantile,0.2,314.29806432369037
25207,2020-12-27,15 day ahead inc hosp,2021-01-11,06077,quantile,0.25,322.3966457140141
25208,2020-12-27,15 day ahead inc hosp,2021-01-11,06077,quantile,0.3,329.6694220997051
25209,2020-12-27,15 day ahead inc hosp,2021-01-11,06077,quantile,0.35,336.4087332813978
25210,2020-12-27,15 day ahead inc hosp,2021-01-11,06077,quantile,0.4,342.80368055414687
25211,2020-12-27,15 day ahead inc hosp,2021-01-11,06077,quantile,0.45,348.9908660486534
25212,2020-12-27,15 day ahead inc hosp,2021-01-11,06077,quantile,0.5,355.0799560546875
25213,2020-12-27,15 day ahead inc hosp,2021-01-11,06077,quantile,0.55,370.41251083371185
25214,2020-12-27,15 day ahead inc hosp,2021-01-11,06077,quantile,0.6,385.99207369589624
25215,2020-12-27,15 day ahead inc hosp,2021-01-11,06077,quantile,0.65,402.094788431798
25216,2020-12-27,15 day ahead inc hosp,2021-01-11,06077,quantile,0.7,419.0646242798143
25217,2020-12-27,15 day ahead inc hosp,2021-01-11,06077,quantile,0.75,437.37774532396037
25218,2020-12-27,15 day ahead inc hosp,2021-01-11,06077,quantile,0.8,457.77027403949523
25219,2020-12-27,15 day ahead inc hosp,2021-01-11,06077,quantile,0.85,481.540256830795
25220,2020-12-27,15 day ahead inc hosp,2021-01-11,06077,quantile,0.9,511.44832288047735
25221,2020-12-27,15 day ahead inc hosp,2021-01-11,06077,quantile,0.95,555.7765821046735
25222,2020-12-27,15 day ahead inc hosp,2021-01-11,06077,quantile,0.975,594.2247361319976
25223,2020-12-27,15 day ahead inc hosp,2021-01-11,06077,quantile,0.99,638.9290242565044
25224,2020-12-27,16 day ahead inc hosp,2021-01-12,06077,point,NA,372.6756591796875
25225,2020-12-27,16 day ahead inc hosp,2021-01-12,06077,quantile,0.01,253.85101473566823
25226,2020-12-27,16 day ahead inc hosp,2021-01-12,06077,quantile,0.025,272.5650840654315
25227,2020-12-27,16 day ahead inc hosp,2021-01-12,06077,quantile,0.05,288.66021610432693
25228,2020-12-27,16 day ahead inc hosp,2021-01-12,06077,quantile,0.1,307.2168725503237
25229,2020-12-27,16 day ahead inc hosp,2021-01-12,06077,quantile,0.15,319.7369605565136
25230,2020-12-27,16 day ahead inc hosp,2021-01-12,06077,quantile,0.2,329.68752960896677
25231,2020-12-27,16 day ahead inc hosp,2021-01-12,06077,quantile,0.25,338.2242318405028
25232,2020-12-27,16 day ahead inc hosp,2021-01-12,06077,quantile,0.3,345.8904542822963
25233,2020-12-27,16 day ahead inc hosp,2021-01-12,06077,quantile,0.35,352.9943518701518
25234,2020-12-27,16 day ahead inc hosp,2021-01-12,06077,quantile,0.4,359.73525598936686
25235,2020-12-27,16 day ahead inc hosp,2021-01-12,06077,quantile,0.45,366.2571587365553
25236,2020-12-27,16 day ahead inc hosp,2021-01-12,06077,quantile,0.5,372.6756591796875
25237,2020-12-27,16 day ahead inc hosp,2021-01-12,06077,quantile,0.55,385.9253957337569
25238,2020-12-27,16 day ahead inc hosp,2021-01-12,06077,quantile,0.6,399.38858608438943
25239,2020-12-27,16 day ahead inc hosp,2021-01-12,06077,quantile,0.65,413.30386185747267
25240,2020-12-27,16 day ahead inc hosp,2021-01-12,06077,quantile,0.7,427.9684665233316
25241,2020-12-27,16 day ahead inc hosp,2021-01-12,06077,quantile,0.75,443.7938806708595
25242,2020-12-27,16 day ahead inc hosp,2021-01-12,06077,quantile,0.8,461.41622978659666
25243,2020-12-27,16 day ahead inc hosp,2021-01-12,06077,quantile,0.85,481.9572299277046
25244,2020-12-27,16 day ahead inc hosp,2021-01-12,06077,quantile,0.9,507.8024984893482
25245,2020-12-27,16 day ahead inc hosp,2021-01-12,06077,quantile,0.95,546.1090798181558
25246,2020-12-27,16 day ahead inc hosp,2021-01-12,06077,quantile,0.975,579.3343263080131
25247,2020-12-27,16 day ahead inc hosp,2021-01-12,06077,quantile,0.99,617.965855692617
25248,2020-12-27,17 day ahead inc hosp,2021-01-13,06077,point,NA,377.3853454589844
25249,2020-12-27,17 day ahead inc hosp,2021-01-13,06077,quantile,0.01,258.018897591069
25250,2020-12-27,17 day ahead inc hosp,2021-01-13,06077,quantile,0.025,276.8182972568526
25251,2020-12-27,17 day ahead inc hosp,2021-01-13,06077,quantile,0.05,292.9868180922181
25252,2020-12-27,17 day ahead inc hosp,2021-01-13,06077,quantile,0.1,311.6280871204409
25253,2020-12-27,17 day ahead inc hosp,2021-01-13,06077,quantile,0.15,324.2052628341596
25254,2020-12-27,17 day ahead inc hosp,2021-01-13,06077,quantile,0.2,334.2012033868395
25255,2020-12-27,17 day ahead inc hosp,2021-01-13,06077,quantile,0.25,342.7768303256151
25256,2020-12-27,17 day ahead inc hosp,2021-01-13,06077,quantile,0.3,350.4780083575284
25257,2020-12-27,17 day ahead inc hosp,2021-01-13,06077,quantile,0.35,357.61429750905415
25258,2020-12-27,17 day ahead inc hosp,2021-01-13,06077,quantile,0.4,364.3859380546144
25259,2020-12-27,17 day ahead inc hosp,2021-01-13,06077,quantile,0.45,370.93757865000157
25260,2020-12-27,17 day ahead inc hosp,2021-01-13,06077,quantile,0.5,377.3853454589844
25261,2020-12-27,17 day ahead inc hosp,2021-01-13,06077,quantile,0.55,392.1017385685982
25262,2020-12-27,17 day ahead inc hosp,2021-01-13,06077,quantile,0.6,407.05521337173434
25263,2020-12-27,17 day ahead inc hosp,2021-01-13,06077,quantile,0.65,422.51081640728927
25264,2020-12-27,17 day ahead inc hosp,2021-01-13,06077,quantile,0.7,438.79869399483084
25265,2020-12-27,17 day ahead inc hosp,2021-01-13,06077,quantile,0.75,456.3758748517541
25266,2020-12-27,17 day ahead inc hosp,2021-01-13,06077,quantile,0.8,475.948899269541
25267,2020-12-27,17 day ahead inc hosp,2021-01-13,06077,quantile,0.85,498.7636497143968
25268,2020-12-27,17 day ahead inc hosp,2021-01-13,06077,quantile,0.9,527.4698153520732
25269,2020-12-27,17 day ahead inc hosp,2021-01-13,06077,quantile,0.95,570.0166771119009
25270,2020-12-27,17 day ahead inc hosp,2021-01-13,06077,quantile,0.975,606.9197345057768
25271,2020-12-27,17 day ahead inc hosp,2021-01-13,06077,quantile,0.99,649.8275138815727
25272,2020-12-27,18 day ahead inc hosp,2021-01-14,06077,point,NA,386.3997802734375
25273,2020-12-27,18 day ahead inc hosp,2021-01-14,06077,quantile,0.01,254.30347668597676
25274,2020-12-27,18 day ahead inc hosp,2021-01-14,06077,quantile,0.025,275.1077416186258
25275,2020-12-27,18 day ahead inc hosp,2021-01-14,06077,quantile,0.05,293.00055718763724
25276,2020-12-27,18 day ahead inc hosp,2021-01-14,06077,quantile,0.1,313.62982761321337
25277,2020-12-27,18 day ahead inc hosp,2021-01-14,06077,quantile,0.15,327.54829843166846
25278,2020-12-27,18 day ahead inc hosp,2021-01-14,06077,quantile,0.2,338.61025781367266
25279,2020-12-27,18 day ahead inc hosp,2021-01-14,06077,quantile,0.25,348.10043398789225
25280,2020-12-27,18 day ahead inc hosp,2021-01-14,06077,quantile,0.3,356.6229054985665
25281,2020-12-27,18 day ahead inc hosp,2021-01-14,06077,quantile,0.35,364.5202454553605
25282,2020-12-27,18 day ahead inc hosp,2021-01-14,06077,quantile,0.4,372.0140487917998
25283,2020-12-27,18 day ahead inc hosp,2021-01-14,06077,quantile,0.45,379.2643902448842
25284,2020-12-27,18 day ahead inc hosp,2021-01-14,06077,quantile,0.5,386.3997802734375
25285,2020-12-27,18 day ahead inc hosp,2021-01-14,06077,quantile,0.55,404.3269141745257
25286,2020-12-27,18 day ahead inc hosp,2021-01-14,06077,quantile,0.6,422.54285493430643
25287,2020-12-27,18 day ahead inc hosp,2021-01-14,06077,quantile,0.65,441.3704754712608
25288,2020-12-27,18 day ahead inc hosp,2021-01-14,06077,quantile,0.7,461.211951592583
25289,2020-12-27,18 day ahead inc hosp,2021-01-14,06077,quantile,0.75,482.6240239990924
25290,2020-12-27,18 day ahead inc hosp,2021-01-14,06077,quantile,0.8,506.46738201306863
25291,2020-12-27,18 day ahead inc hosp,2021-01-14,06077,quantile,0.85,534.2597278072056
25292,2020-12-27,18 day ahead inc hosp,2021-01-14,06077,quantile,0.9,569.2288449910388
25293,2020-12-27,18 day ahead inc hosp,2021-01-14,06077,quantile,0.95,621.0583443906738
25294,2020-12-27,18 day ahead inc hosp,2021-01-14,06077,quantile,0.975,666.0127055803987
25295,2020-12-27,18 day ahead inc hosp,2021-01-14,06077,quantile,0.99,718.281865593917
25296,2020-12-27,19 day ahead inc hosp,2021-01-15,06077,point,NA,383.5103454589844
25297,2020-12-27,19 day ahead inc hosp,2021-01-15,06077,quantile,0.01,267.16140357467526
25298,2020-12-27,19 day ahead inc hosp,2021-01-15,06077,quantile,0.025,285.4855666727888
25299,2020-12-27,19 day ahead inc hosp,2021-01-15,06077,quantile,0.05,301.2453578421701
25300,2020-12-27,19 day ahead inc hosp,2021-01-15,06077,quantile,0.1,319.41538774215053
25301,2020-12-27,19 day ahead inc hosp,2021-01-15,06077,quantile,0.15,331.6746206532568
25302,2020-12-27,19 day ahead inc hosp,2021-01-15,06077,quantile,0.2,341.41787034541227
25303,2020-12-27,19 day ahead inc hosp,2021-01-15,06077,quantile,0.25,349.7767110258788
25304,2020-12-27,19 day ahead inc hosp,2021-01-15,06077,quantile,0.3,357.28320829776953
25305,2020-12-27,19 day ahead inc hosp,2021-01-15,06077,quantile,0.35,364.2390967119013
25306,2020-12-27,19 day ahead inc hosp,2021-01-15,06077,quantile,0.4,370.83955459910123
25307,2020-12-27,19 day ahead inc hosp,2021-01-15,06077,quantile,0.45,377.22557399144404
25308,2020-12-27,19 day ahead inc hosp,2021-01-15,06077,quantile,0.5,383.5103454589844
25309,2020-12-27,19 day ahead inc hosp,2021-01-15,06077,quantile,0.55,400.6603831178434
25310,2020-12-27,19 day ahead inc hosp,2021-01-15,06077,quantile,0.6,418.086708583222
25311,2020-12-27,19 day ahead inc hosp,2021-01-15,06077,quantile,0.65,436.0981990432712
25312,2020-12-27,19 day ahead inc hosp,2021-01-15,06077,quantile,0.7,455.0795969937474
25313,2020-12-27,19 day ahead inc hosp,2021-01-15,06077,quantile,0.75,475.56350982398305
25314,2020-12-27,19 day ahead inc hosp,2021-01-15,06077,quantile,0.8,498.3733181352005
25315,2020-12-27,19 day ahead inc hosp,2021-01-15,06077,quantile,0.85,524.9609355216334
25316,2020-12-27,19 day ahead inc hosp,2021-01-15,06077,quantile,0.9,558.414229277831
25317,2020-12-27,19 day ahead inc hosp,2021-01-15,06077,quantile,0.95,607.9970500147028
25318,2020-12-27,19 day ahead inc hosp,2021-01-15,06077,quantile,0.975,651.0027525206083
25319,2020-12-27,19 day ahead inc hosp,2021-01-15,06077,quantile,0.99,701.0061756876744
25320,2020-12-27,20 day ahead inc hosp,2021-01-16,06077,point,NA,384.4391174316406
25321,2020-12-27,20 day ahead inc hosp,2021-01-16,06077,quantile,0.01,170.68256706127977
25322,2020-12-27,20 day ahead inc hosp,2021-01-16,06077,quantile,0.025,204.34776271188892
25323,2020-12-27,20 day ahead inc hosp,2021-01-16,06077,quantile,0.05,233.30168820846905
25324,2020-12-27,20 day ahead inc hosp,2021-01-16,06077,quantile,0.1,266.6837099840355
25325,2020-12-27,20 day ahead inc hosp,2021-01-16,06077,quantile,0.15,289.20640159450625
25326,2020-12-27,20 day ahead inc hosp,2021-01-16,06077,quantile,0.2,307.1067229026547
25327,2020-12-27,20 day ahead inc hosp,2021-01-16,06077,quantile,0.25,322.46360471021444
25328,2020-12-27,20 day ahead inc hosp,2021-01-16,06077,quantile,0.3,336.25455919778835
25329,2020-12-27,20 day ahead inc hosp,2021-01-16,06077,quantile,0.35,349.0339337936005
25330,2020-12-27,20 day ahead inc hosp,2021-01-16,06077,quantile,0.4,361.16031058725986
25331,2020-12-27,20 day ahead inc hosp,2021-01-16,06077,quantile,0.45,372.8927204725406
25332,2020-12-27,20 day ahead inc hosp,2021-01-16,06077,quantile,0.5,384.4391174316406
25333,2020-12-27,20 day ahead inc hosp,2021-01-16,06077,quantile,0.55,401.89019700302015
25334,2020-12-27,20 day ahead inc hosp,2021-01-16,06077,quantile,0.6,419.6224141784144
25335,2020-12-27,20 day ahead inc hosp,2021-01-16,06077,quantile,0.65,437.9500679987601
25336,2020-12-27,20 day ahead inc hosp,2021-01-16,06077,quantile,0.7,457.2646545086428
25337,2020-12-27,20 day ahead inc hosp,2021-01-16,06077,quantile,0.75,478.1081301816534
25338,2020-12-27,20 day ahead inc hosp,2021-01-16,06077,quantile,0.8,501.3183287692553
25339,2020-12-27,20 day ahead inc hosp,2021-01-16,06077,quantile,0.85,528.3726499231425
25340,2020-12-27,20 day ahead inc hosp,2021-01-16,06077,quantile,0.9,562.4131635871212
25341,2020-12-27,20 day ahead inc hosp,2021-01-16,06077,quantile,0.95,612.8663326858856
25342,2020-12-27,20 day ahead inc hosp,2021-01-16,06077,quantile,0.975,656.6269325972189
25343,2020-12-27,20 day ahead inc hosp,2021-01-16,06077,quantile,0.99,707.5080871397031
25344,2020-12-27,21 day ahead inc hosp,2021-01-17,06077,point,NA,437.1326904296875
25345,2020-12-27,21 day ahead inc hosp,2021-01-17,06077,quantile,0.01,218.06174004610833
25346,2020-12-27,21 day ahead inc hosp,2021-01-17,06077,quantile,0.025,252.56391737470867
25347,2020-12-27,21 day ahead inc hosp,2021-01-17,06077,quantile,0.05,282.2376932888556
25348,2020-12-27,21 day ahead inc hosp,2021-01-17,06077,quantile,0.1,316.44965649385637
25349,2020-12-27,21 day ahead inc hosp,2021-01-17,06077,quantile,0.15,339.53230564661067
25350,2020-12-27,21 day ahead inc hosp,2021-01-17,06077,quantile,0.2,357.8776634583508
25351,2020-12-27,21 day ahead inc hosp,2021-01-17,06077,quantile,0.25,373.6163469591905
25352,2020-12-27,21 day ahead inc hosp,2021-01-17,06077,quantile,0.3,387.7501711674072
25353,2020-12-27,21 day ahead inc hosp,2021-01-17,06077,quantile,0.35,400.84726565719797
25354,2020-12-27,21 day ahead inc hosp,2021-01-17,06077,quantile,0.4,413.27512756034685
25355,2020-12-27,21 day ahead inc hosp,2021-01-17,06077,quantile,0.45,425.2992277781175
25356,2020-12-27,21 day ahead inc hosp,2021-01-17,06077,quantile,0.5,437.1326904296875
25357,2020-12-27,21 day ahead inc hosp,2021-01-17,06077,quantile,0.55,454.2615403767126
25358,2020-12-27,21 day ahead inc hosp,2021-01-17,06077,quantile,0.6,471.666336795355
25359,2020-12-27,21 day ahead inc hosp,2021-01-17,06077,quantile,0.65,489.6555752768863
25360,2020-12-27,21 day ahead inc hosp,2021-01-17,06077,quantile,0.7,508.6135229937256
25361,2020-12-27,21 day ahead inc hosp,2021-01-17,06077,quantile,0.75,529.0721293347913
25362,2020-12-27,21 day ahead inc hosp,2021-01-17,06077,quantile,0.8,551.8537576702503
25363,2020-12-27,21 day ahead inc hosp,2021-01-17,06077,quantile,0.85,578.4085278532693
25364,2020-12-27,21 day ahead inc hosp,2021-01-17,06077,quantile,0.9,611.8204923271587
25365,2020-12-27,21 day ahead inc hosp,2021-01-17,06077,quantile,0.95,661.3420568418235
25366,2020-12-27,21 day ahead inc hosp,2021-01-17,06077,quantile,0.975,704.2946287103488
25367,2020-12-27,21 day ahead inc hosp,2021-01-17,06077,quantile,0.99,754.2362760293469
25368,2020-12-27,22 day ahead inc hosp,2021-01-18,06077,point,NA,365.572509765625
25369,2020-12-27,22 day ahead inc hosp,2021-01-18,06077,quantile,0.01,239.00705068237937
25370,2020-12-27,22 day ahead inc hosp,2021-01-18,06077,quantile,0.025,258.9402454091101
25371,2020-12-27,22 day ahead inc hosp,2021-01-18,06077,quantile,0.05,276.083892545946
25372,2020-12-27,22 day ahead inc hosp,2021-01-18,06077,quantile,0.1,295.84941974888363
25373,2020-12-27,22 day ahead inc hosp,2021-01-18,06077,quantile,0.15,309.18512711565467
25374,2020-12-27,22 day ahead inc hosp,2021-01-18,06077,quantile,0.2,319.7839245802378
25375,2020-12-27,22 day ahead inc hosp,2021-01-18,06077,quantile,0.25,328.8767490700292
25376,2020-12-27,22 day ahead inc hosp,2021-01-18,06077,quantile,0.3,337.0423864874169
25377,2020-12-27,22 day ahead inc hosp,2021-01-18,06077,quantile,0.35,344.6090664778702
25378,2020-12-27,22 day ahead inc hosp,2021-01-18,06077,quantile,0.4,351.78910584156085
25379,2020-12-27,22 day ahead inc hosp,2021-01-18,06077,quantile,0.45,358.73587701985014
25380,2020-12-27,22 day ahead inc hosp,2021-01-18,06077,quantile,0.5,365.572509765625
25381,2020-12-27,22 day ahead inc hosp,2021-01-18,06077,quantile,0.55,383.32841052373533
25382,2020-12-27,22 day ahead inc hosp,2021-01-18,06077,quantile,0.6,401.37035956761736
25383,2020-12-27,22 day ahead inc hosp,2021-01-18,06077,quantile,0.65,420.0181458568261
25384,2020-12-27,22 day ahead inc hosp,2021-01-18,06077,quantile,0.7,439.67010376869433
25385,2020-12-27,22 day ahead inc hosp,2021-01-18,06077,quantile,0.75,460.87765622929015
25386,2020-12-27,22 day ahead inc hosp,2021-01-18,06077,quantile,0.8,484.4932715848801
25387,2020-12-27,22 day ahead inc hosp,2021-01-18,06077,quantile,0.85,512.0201554960795
25388,2020-12-27,22 day ahead inc hosp,2021-01-18,06077,quantile,0.9,546.6552610149367
25389,2020-12-27,22 day ahead inc hosp,2021-01-18,06077,quantile,0.95,597.9897048116998
25390,2020-12-27,22 day ahead inc hosp,2021-01-18,06077,quantile,0.975,642.5146790955448
25391,2020-12-27,22 day ahead inc hosp,2021-01-18,06077,quantile,0.99,694.2845840357587
25392,2020-12-27,23 day ahead inc hosp,2021-01-19,06077,point,NA,379.0189208984375
25393,2020-12-27,23 day ahead inc hosp,2021-01-19,06077,quantile,0.01,257.97065762620673
25394,2020-12-27,23 day ahead inc hosp,2021-01-19,06077,quantile,0.025,277.03493172290894
25395,2020-12-27,23 day ahead inc hosp,2021-01-19,06077,quantile,0.05,293.4312591814221
25396,2020-12-27,23 day ahead inc hosp,2021-01-19,06077,quantile,0.1,312.335174656512
25397,2020-12-27,23 day ahead inc hosp,2021-01-19,06077,quantile,0.15,325.0895566810151
25398,2020-12-27,23 day ahead inc hosp,2021-01-19,06077,quantile,0.2,335.22633519195205
25399,2020-12-27,23 day ahead inc hosp,2021-01-19,06077,quantile,0.25,343.9227885584627
25400,2020-12-27,23 day ahead inc hosp,2021-01-19,06077,quantile,0.3,351.73247245677965
25401,2020-12-27,23 day ahead inc hosp,2021-01-19,06077,quantile,0.35,358.96930846413517
25402,2020-12-27,23 day ahead inc hosp,2021-01-19,06077,quantile,0.4,365.83635814337947
25403,2020-12-27,23 day ahead inc hosp,2021-01-19,06077,quantile,0.45,372.4803081797667
25404,2020-12-27,23 day ahead inc hosp,2021-01-19,06077,quantile,0.5,379.0189208984375
25405,2020-12-27,23 day ahead inc hosp,2021-01-19,06077,quantile,0.55,393.5394503897465
25406,2020-12-27,23 day ahead inc hosp,2021-01-19,06077,quantile,0.6,408.29390620369435
25407,2020-12-27,23 day ahead inc hosp,2021-01-19,06077,quantile,0.65,423.5438073181957
25408,2020-12-27,23 day ahead inc hosp,2021-01-19,06077,quantile,0.7,439.6149060649548
25409,2020-12-27,23 day ahead inc hosp,2021-01-19,06077,quantile,0.75,456.95814846857684
25410,2020-12-27,23 day ahead inc hosp,2021-01-19,06077,quantile,0.8,476.27067132493613
25411,2020-12-27,23 day ahead inc hosp,2021-01-19,06077,quantile,0.85,498.7817753844605
25412,2020-12-27,23 day ahead inc hosp,2021-01-19,06077,quantile,0.9,527.1058845340033
25413,2020-12-27,23 day ahead inc hosp,2021-01-19,06077,quantile,0.95,569.0864810255872
25414,2020-12-27,23 day ahead inc hosp,2021-01-19,06077,quantile,0.975,605.4983877486541
25415,2020-12-27,23 day ahead inc hosp,2021-01-19,06077,quantile,0.99,647.8350983265882
25416,2020-12-27,24 day ahead inc hosp,2021-01-20,06077,point,NA,396.9631652832031
25417,2020-12-27,24 day ahead inc hosp,2021-01-20,06077,quantile,0.01,275.65984538466085
25418,2020-12-27,24 day ahead inc hosp,2021-01-20,06077,quantile,0.025,294.7642891566871
25419,2020-12-27,24 day ahead inc hosp,2021-01-20,06077,quantile,0.05,311.1951647520542
25420,2020-12-27,24 day ahead inc hosp,2021-01-20,06077,quantile,0.1,330.13891201633976
25421,2020-12-27,24 day ahead inc hosp,2021-01-20,06077,quantile,0.15,342.9201683599113
25422,2020-12-27,24 day ahead inc hosp,2021-01-20,06077,quantile,0.2,353.0783057277106
25423,2020-12-27,24 day ahead inc hosp,2021-01-20,06077,quantile,0.25,361.7930830915804
25424,2020-12-27,24 day ahead inc hosp,2021-01-20,06077,quantile,0.3,369.6192225058529
25425,2020-12-27,24 day ahead inc hosp,2021-01-20,06077,quantile,0.35,376.87130700110333
25426,2020-12-27,24 day ahead inc hosp,2021-01-20,06077,quantile,0.4,383.752826004207
25427,2020-12-27,24 day ahead inc hosp,2021-01-20,06077,quantile,0.45,390.41077527888035
25428,2020-12-27,24 day ahead inc hosp,2021-01-20,06077,quantile,0.5,396.9631652832031
25429,2020-12-27,24 day ahead inc hosp,2021-01-20,06077,quantile,0.55,412.3905192538045
25430,2020-12-27,24 day ahead inc hosp,2021-01-20,06077,quantile,0.6,428.06640852641056
25431,2020-12-27,24 day ahead inc hosp,2021-01-20,06077,quantile,0.65,444.2686842527121
25432,2020-12-27,24 day ahead inc hosp,2021-01-20,06077,quantile,0.7,461.34344238816004
25433,2020-12-27,24 day ahead inc hosp,2021-01-20,06077,quantile,0.75,479.7697910773565
25434,2020-12-27,24 day ahead inc hosp,2021-01-20,06077,quantile,0.8,500.2884041450626
25435,2020-12-27,24 day ahead inc hosp,2021-01-20,06077,quantile,0.85,524.2053536477089
25436,2020-12-27,24 day ahead inc hosp,2021-01-20,06077,quantile,0.9,554.2983373790172
25437,2020-12-27,24 day ahead inc hosp,2021-01-20,06077,quantile,0.95,598.9006724633052
25438,2020-12-27,24 day ahead inc hosp,2021-01-20,06077,quantile,0.975,637.5865464252357
25439,2020-12-27,24 day ahead inc hosp,2021-01-20,06077,quantile,0.99,682.5672353476073
25440,2020-12-27,25 day ahead inc hosp,2021-01-21,06077,point,NA,422.29248046875
25441,2020-12-27,25 day ahead inc hosp,2021-01-21,06077,quantile,0.01,282.5281227333168
25442,2020-12-27,25 day ahead inc hosp,2021-01-21,06077,quantile,0.025,304.54005378288105
25443,2020-12-27,25 day ahead inc hosp,2021-01-21,06077,quantile,0.05,323.47152883680394
25444,2020-12-27,25 day ahead inc hosp,2021-01-21,06077,quantile,0.1,345.2983071286902
25445,2020-12-27,25 day ahead inc hosp,2021-01-21,06077,quantile,0.15,360.0247308193635
25446,2020-12-27,25 day ahead inc hosp,2021-01-21,06077,quantile,0.2,371.72882553157945
25447,2020-12-27,25 day ahead inc hosp,2021-01-21,06077,quantile,0.25,381.7698966423067
25448,2020-12-27,25 day ahead inc hosp,2021-01-21,06077,quantile,0.3,390.78708883208867
25449,2020-12-27,25 day ahead inc hosp,2021-01-21,06077,quantile,0.35,399.14286122619563
25450,2020-12-27,25 day ahead inc hosp,2021-01-21,06077,quantile,0.4,407.07167211543924
25451,2020-12-27,25 day ahead inc hosp,2021-01-21,06077,quantile,0.45,414.74288841016323
25452,2020-12-27,25 day ahead inc hosp,2021-01-21,06077,quantile,0.5,422.29248046875
25453,2020-12-27,25 day ahead inc hosp,2021-01-21,06077,quantile,0.55,441.00291353041877
25454,2020-12-27,25 day ahead inc hosp,2021-01-21,06077,quantile,0.6,460.0147724322208
25455,2020-12-27,25 day ahead inc hosp,2021-01-21,06077,quantile,0.65,479.66503753933875
25456,2020-12-27,25 day ahead inc hosp,2021-01-21,06077,quantile,0.7,500.37345712615075
25457,2020-12-27,25 day ahead inc hosp,2021-01-21,06077,quantile,0.75,522.7210978412837
25458,2020-12-27,25 day ahead inc hosp,2021-01-21,06077,quantile,0.8,547.6062555328222
25459,2020-12-27,25 day ahead inc hosp,2021-01-21,06077,quantile,0.85,576.6129460878801
25460,2020-12-27,25 day ahead inc hosp,2021-01-21,06077,quantile,0.9,613.1099862675178
25461,2020-12-27,25 day ahead inc hosp,2021-01-21,06077,quantile,0.95,667.2040977126164
25462,2020-12-27,25 day ahead inc hosp,2021-01-21,06077,quantile,0.975,714.1226721211765
25463,2020-12-27,25 day ahead inc hosp,2021-01-21,06077,quantile,0.99,768.6756544896087
25464,2020-12-27,26 day ahead inc hosp,2021-01-22,06077,point,NA,393.5302429199219
25465,2020-12-27,26 day ahead inc hosp,2021-01-22,06077,quantile,0.01,276.6926636201448
25466,2020-12-27,26 day ahead inc hosp,2021-01-22,06077,quantile,0.025,295.0937837713425
25467,2020-12-27,26 day ahead inc hosp,2021-01-22,06077,quantile,0.05,310.9197622519327
25468,2020-12-27,26 day ahead inc hosp,2021-01-22,06077,quantile,0.1,329.1661018828441
25469,2020-12-27,26 day ahead inc hosp,2021-01-22,06077,quantile,0.15,341.4768206071283
25470,2020-12-27,26 day ahead inc hosp,2021-01-22,06077,quantile,0.2,351.26098959146407
25471,2020-12-27,26 day ahead inc hosp,2021-01-22,06077,quantile,0.25,359.6549353810985
25472,2020-12-27,26 day ahead inc hosp,2021-01-22,06077,quantile,0.3,367.1929581259909
25473,2020-12-27,26 day ahead inc hosp,2021-01-22,06077,quantile,0.35,374.17805958909344
25474,2020-12-27,26 day ahead inc hosp,2021-01-22,06077,quantile,0.4,380.8062378030164
25475,2020-12-27,26 day ahead inc hosp,2021-01-22,06077,quantile,0.45,387.2190769322684
25476,2020-12-27,26 day ahead inc hosp,2021-01-22,06077,quantile,0.5,393.5302429199219
25477,2020-12-27,26 day ahead inc hosp,2021-01-22,06077,quantile,0.55,410.78865045185154
25478,2020-12-27,26 day ahead inc hosp,2021-01-22,06077,quantile,0.6,428.32509163337807
25479,2020-12-27,26 day ahead inc hosp,2021-01-22,06077,quantile,0.65,446.45039542572397
25480,2020-12-27,26 day ahead inc hosp,2021-01-22,06077,quantile,0.7,465.55173548522123
25481,2020-12-27,26 day ahead inc hosp,2021-01-22,06077,quantile,0.75,486.16508470956626
25482,2020-12-27,26 day ahead inc hosp,2021-01-22,06077,quantile,0.8,509.11902658367273
25483,2020-12-27,26 day ahead inc hosp,2021-01-22,06077,quantile,0.85,535.8746492409236
25484,2020-12-27,26 day ahead inc hosp,2021-01-22,06077,quantile,0.9,569.5393319905608
25485,2020-12-27,26 day ahead inc hosp,2021-01-22,06077,quantile,0.95,619.4354630592591
25486,2020-12-27,26 day ahead inc hosp,2021-01-22,06077,quantile,0.975,662.7129155528079
25487,2020-12-27,26 day ahead inc hosp,2021-01-22,06077,quantile,0.99,713.0323068086619
25488,2020-12-27,27 day ahead inc hosp,2021-01-23,06077,point,NA,400.4577941894531
25489,2020-12-27,27 day ahead inc hosp,2021-01-23,06077,quantile,0.01,177.7810507475376
25490,2020-12-27,27 day ahead inc hosp,2021-01-23,06077,quantile,0.025,212.8511158371173
25491,2020-12-27,27 day ahead inc hosp,2021-01-23,06077,quantile,0.05,243.01330655486333
25492,2020-12-27,27 day ahead inc hosp,2021-01-23,06077,quantile,0.1,277.78838074843037
25493,2020-12-27,27 day ahead inc hosp,2021-01-23,06077,quantile,0.15,301.2509582117949
25494,2020-12-27,27 day ahead inc hosp,2021-01-23,06077,quantile,0.2,319.89827100083556
25495,2020-12-27,27 day ahead inc hosp,2021-01-23,06077,quantile,0.25,335.89600498561805
25496,2020-12-27,27 day ahead inc hosp,2021-01-23,06077,quantile,0.3,350.2624645347072
25497,2020-12-27,27 day ahead inc hosp,2021-01-23,06077,quantile,0.35,363.5751303374127
25498,2020-12-27,27 day ahead inc hosp,2021-01-23,06077,quantile,0.4,376.207548335753
25499,2020-12-27,27 day ahead inc hosp,2021-01-23,06077,quantile,0.45,388.4295589429297
25500,2020-12-27,27 day ahead inc hosp,2021-01-23,06077,quantile,0.5,400.4577941894531
25501,2020-12-27,27 day ahead inc hosp,2021-01-23,06077,quantile,0.55,418.38755498332074
25502,2020-12-27,27 day ahead inc hosp,2021-01-23,06077,quantile,0.6,436.6061649552307
25503,2020-12-27,27 day ahead inc hosp,2021-01-23,06077,quantile,0.65,455.43654433477064
25504,2020-12-27,27 day ahead inc hosp,2021-01-23,06077,quantile,0.7,475.28092786062507
25505,2020-12-27,27 day ahead inc hosp,2021-01-23,06077,quantile,0.75,496.6961378137556
25506,2020-12-27,27 day ahead inc hosp,2021-01-23,06077,quantile,0.8,520.5429896346811
25507,2020-12-27,27 day ahead inc hosp,2021-01-23,06077,quantile,0.85,548.3394078875219
25508,2020-12-27,27 day ahead inc hosp,2021-01-23,06077,quantile,0.9,583.31364915432
25509,2020-12-27,27 day ahead inc hosp,2021-01-23,06077,quantile,0.95,635.1507432167988
25510,2020-12-27,27 day ahead inc hosp,2021-01-23,06077,quantile,0.975,680.1116916439182
25511,2020-12-27,27 day ahead inc hosp,2021-01-23,06077,quantile,0.99,732.3885107444822
25512,2020-12-27,28 day ahead inc hosp,2021-01-24,06077,point,NA,397.1041564941406
25513,2020-12-27,28 day ahead inc hosp,2021-01-24,06077,quantile,0.01,177.5955427482417
25514,2020-12-27,28 day ahead inc hosp,2021-01-24,06077,quantile,0.025,212.16664906496462
25515,2020-12-27,28 day ahead inc hosp,2021-01-24,06077,quantile,0.05,241.89970771156223
25516,2020-12-27,28 day ahead inc hosp,2021-01-24,06077,quantile,0.1,276.1800201103819
25517,2020-12-27,28 day ahead inc hosp,2021-01-24,06077,quantile,0.15,299.3087841397173
25518,2020-12-27,28 day ahead inc hosp,2021-01-24,06077,quantile,0.2,317.69079259349274
25519,2020-12-27,28 day ahead inc hosp,2021-01-24,06077,quantile,0.25,333.4609190817637
25520,2020-12-27,28 day ahead inc hosp,2021-01-24,06077,quantile,0.3,347.62298006448003
25521,2020-12-27,28 day ahead inc hosp,2021-01-24,06077,quantile,0.35,360.7462401339654
25522,2020-12-27,28 day ahead inc hosp,2021-01-24,06077,quantile,0.4,373.1989306135068
25523,2020-12-27,28 day ahead inc hosp,2021-01-24,06077,quantile,0.45,385.2470527662759
25524,2020-12-27,28 day ahead inc hosp,2021-01-24,06077,quantile,0.5,397.1041564941406
25525,2020-12-27,28 day ahead inc hosp,2021-01-24,06077,quantile,0.55,414.04193546410335
25526,2020-12-27,28 day ahead inc hosp,2021-01-24,06077,quantile,0.6,431.2525827444459
25527,2020-12-27,28 day ahead inc hosp,2021-01-24,06077,quantile,0.65,449.04115268232687
25528,2020-12-27,28 day ahead inc hosp,2021-01-24,06077,quantile,0.7,467.7876259800104
25529,2020-12-27,28 day ahead inc hosp,2021-01-24,06077,quantile,0.75,488.0180181727233
25530,2020-12-27,28 day ahead inc hosp,2021-01-24,06077,quantile,0.8,510.545519231769
25531,2020-12-27,28 day ahead inc hosp,2021-01-24,06077,quantile,0.85,536.8040730371429
25532,2020-12-27,28 day ahead inc hosp,2021-01-24,06077,quantile,0.9,569.8433296691546
25533,2020-12-27,28 day ahead inc hosp,2021-01-24,06077,quantile,0.95,618.8124850176034
25534,2020-12-27,28 day ahead inc hosp,2021-01-24,06077,quantile,0.975,661.2859243174131
25535,2020-12-27,28 day ahead inc hosp,2021-01-24,06077,quantile,0.99,710.6704764794766
25536,2020-12-27,1 day ahead inc hosp,2020-12-28,06079,point,NA,52.1707649230957
25537,2020-12-27,1 day ahead inc hosp,2020-12-28,06079,quantile,0.01,33.42719115007894
25538,2020-12-27,1 day ahead inc hosp,2020-12-28,06079,quantile,0.025,36.37917590641476
25539,2020-12-27,1 day ahead inc hosp,2020-12-28,06079,quantile,0.05,38.91804565156775
25540,2020-12-27,1 day ahead inc hosp,2020-12-28,06079,quantile,0.1,41.845199868637025
25541,2020-12-27,1 day ahead inc hosp,2020-12-28,06079,quantile,0.15,43.82013692219783
25542,2020-12-27,1 day ahead inc hosp,2020-12-28,06079,quantile,0.2,45.389754285589326
25543,2020-12-27,1 day ahead inc hosp,2020-12-28,06079,quantile,0.25,46.736346221999085
25544,2020-12-27,1 day ahead inc hosp,2020-12-28,06079,quantile,0.3,47.94562739906845
25545,2020-12-27,1 day ahead inc hosp,2020-12-28,06079,quantile,0.35,49.066206628545174
25546,2020-12-27,1 day ahead inc hosp,2020-12-28,06079,quantile,0.4,50.12952673563682
25547,2020-12-27,1 day ahead inc hosp,2020-12-28,06079,quantile,0.45,51.15830124495133
25548,2020-12-27,1 day ahead inc hosp,2020-12-28,06079,quantile,0.5,52.1707649230957
25549,2020-12-27,1 day ahead inc hosp,2020-12-28,06079,quantile,0.55,54.881076648092446
25550,2020-12-27,1 day ahead inc hosp,2020-12-28,06079,quantile,0.6,57.63505160557758
25551,2020-12-27,1 day ahead inc hosp,2020-12-28,06079,quantile,0.65,60.48150330146185
25552,2020-12-27,1 day ahead inc hosp,2020-12-28,06079,quantile,0.7,63.481234639977586
25553,2020-12-27,1 day ahead inc hosp,2020-12-28,06079,quantile,0.75,66.7184164014369
25554,2020-12-27,1 day ahead inc hosp,2020-12-28,06079,quantile,0.8,70.32317180434333
25555,2020-12-27,1 day ahead inc hosp,2020-12-28,06079,quantile,0.85,74.524954481185
25556,2020-12-27,1 day ahead inc hosp,2020-12-28,06079,quantile,0.9,79.8117565343774
25557,2020-12-27,1 day ahead inc hosp,2020-12-28,06079,quantile,0.95,87.64759357885973
25558,2020-12-27,1 day ahead inc hosp,2020-12-28,06079,quantile,0.975,94.44401362539344
25559,2020-12-27,1 day ahead inc hosp,2020-12-28,06079,quantile,0.99,102.3463207103966
25560,2020-12-27,2 day ahead inc hosp,2020-12-29,06079,point,NA,55.22352981567383
25561,2020-12-27,2 day ahead inc hosp,2020-12-29,06079,quantile,0.01,34.54991945152136
25562,2020-12-27,2 day ahead inc hosp,2020-12-29,06079,quantile,0.025,37.80587177910045
25563,2020-12-27,2 day ahead inc hosp,2020-12-29,06079,quantile,0.05,40.60617040476538
25564,2020-12-27,2 day ahead inc hosp,2020-12-29,06079,quantile,0.1,43.83473537814271
25565,2020-12-27,2 day ahead inc hosp,2020-12-29,06079,quantile,0.15,46.013032838033794
25566,2020-12-27,2 day ahead inc hosp,2020-12-29,06079,quantile,0.2,47.744274605720506
25567,2020-12-27,2 day ahead inc hosp,2020-12-29,06079,quantile,0.25,49.229525889705734
25568,2020-12-27,2 day ahead inc hosp,2020-12-29,06079,quantile,0.3,50.56332744634517
25569,2020-12-27,2 day ahead inc hosp,2020-12-29,06079,quantile,0.35,51.79929336473979
25570,2020-12-27,2 day ahead inc hosp,2020-12-29,06079,quantile,0.4,52.97210415592561
25571,2020-12-27,2 day ahead inc hosp,2020-12-29,06079,quantile,0.45,54.10681216922659
25572,2020-12-27,2 day ahead inc hosp,2020-12-29,06079,quantile,0.5,55.22352981567383
25573,2020-12-27,2 day ahead inc hosp,2020-12-29,06079,quantile,0.55,57.51975072215619
25574,2020-12-27,2 day ahead inc hosp,2020-12-29,06079,quantile,0.6,59.85296384114302
25575,2020-12-27,2 day ahead inc hosp,2020-12-29,06079,quantile,0.65,62.264524781938306
25576,2020-12-27,2 day ahead inc hosp,2020-12-29,06079,quantile,0.7,64.80594677034019
25577,2020-12-27,2 day ahead inc hosp,2020-12-29,06079,quantile,0.75,67.54854068313271
25578,2020-12-27,2 day ahead inc hosp,2020-12-29,06079,quantile,0.8,70.60254906252639
25579,2020-12-27,2 day ahead inc hosp,2020-12-29,06079,quantile,0.85,74.1623688198168
25580,2020-12-27,2 day ahead inc hosp,2020-12-29,06079,quantile,0.9,78.64143493277061
25581,2020-12-27,2 day ahead inc hosp,2020-12-29,06079,quantile,0.95,85.28008563681496
25582,2020-12-27,2 day ahead inc hosp,2020-12-29,06079,quantile,0.975,91.03812507418087
25583,2020-12-27,2 day ahead inc hosp,2020-12-29,06079,quantile,0.99,97.73309029558904
25584,2020-12-27,3 day ahead inc hosp,2020-12-30,06079,point,NA,57.75211715698242
25585,2020-12-27,3 day ahead inc hosp,2020-12-30,06079,quantile,0.01,37.62450111098078
25586,2020-12-27,3 day ahead inc hosp,2020-12-30,06079,quantile,0.025,40.7944630653394
25587,2020-12-27,3 day ahead inc hosp,2020-12-30,06079,quantile,0.05,43.52080522612919
25588,2020-12-27,3 day ahead inc hosp,2020-12-30,06079,quantile,0.1,46.66410313196512
25589,2020-12-27,3 day ahead inc hosp,2020-12-30,06079,quantile,0.15,48.784871306192336
25590,2020-12-27,3 day ahead inc hosp,2020-12-30,06079,quantile,0.2,50.470390621348876
25591,2020-12-27,3 day ahead inc hosp,2020-12-30,06079,quantile,0.25,51.91641611226758
25592,2020-12-27,3 day ahead inc hosp,2020-12-30,06079,quantile,0.3,53.21499169440917
25593,2020-12-27,3 day ahead inc hosp,2020-12-30,06079,quantile,0.35,54.4183154977119
25594,2020-12-27,3 day ahead inc hosp,2020-12-30,06079,quantile,0.4,55.56015211375491
25595,2020-12-27,3 day ahead inc hosp,2020-12-30,06079,quantile,0.45,56.66489225414402
25596,2020-12-27,3 day ahead inc hosp,2020-12-30,06079,quantile,0.5,57.75211715698242
25597,2020-12-27,3 day ahead inc hosp,2020-12-30,06079,quantile,0.55,60.257990711741535
25598,2020-12-27,3 day ahead inc hosp,2020-12-30,06079,quantile,0.6,62.80423399172408
25599,2020-12-27,3 day ahead inc hosp,2020-12-30,06079,quantile,0.65,65.4359785116738
25600,2020-12-27,3 day ahead inc hosp,2020-12-30,06079,quantile,0.7,68.20944082718579
25601,2020-12-27,3 day ahead inc hosp,2020-12-30,06079,quantile,0.75,71.20244273658761
25602,2020-12-27,3 day ahead inc hosp,2020-12-30,06079,quantile,0.8,74.53529229489041
25603,2020-12-27,3 day ahead inc hosp,2020-12-30,06079,quantile,0.85,78.4201355015349
25604,2020-12-27,3 day ahead inc hosp,2020-12-30,06079,quantile,0.9,83.30815533045586
25605,2020-12-27,3 day ahead inc hosp,2020-12-30,06079,quantile,0.95,90.55293704618035
25606,2020-12-27,3 day ahead inc hosp,2020-12-30,06079,quantile,0.975,96.83670474144941
25607,2020-12-27,3 day ahead inc hosp,2020-12-30,06079,quantile,0.99,104.14294267831214
25608,2020-12-27,4 day ahead inc hosp,2020-12-31,06079,point,NA,62.748817443847656
25609,2020-12-27,4 day ahead inc hosp,2020-12-31,06079,quantile,0.01,39.88084686102929
25610,2020-12-27,4 day ahead inc hosp,2020-12-31,06079,quantile,0.025,43.48239592452738
25611,2020-12-27,4 day ahead inc hosp,2020-12-31,06079,quantile,0.05,46.579926808917605
25612,2020-12-27,4 day ahead inc hosp,2020-12-31,06079,quantile,0.1,50.15118154069543
25613,2020-12-27,4 day ahead inc hosp,2020-12-31,06079,quantile,0.15,52.56069015365605
25614,2020-12-27,4 day ahead inc hosp,2020-12-31,06079,quantile,0.2,54.475691216259726
25615,2020-12-27,4 day ahead inc hosp,2020-12-31,06079,quantile,0.25,56.11859161304582
25616,2020-12-27,4 day ahead inc hosp,2020-12-31,06079,quantile,0.3,57.593966945331104
25617,2020-12-27,4 day ahead inc hosp,2020-12-31,06079,quantile,0.35,58.96112206557191
25618,2020-12-27,4 day ahead inc hosp,2020-12-31,06079,quantile,0.4,60.25841858028973
25619,2020-12-27,4 day ahead inc hosp,2020-12-31,06079,quantile,0.45,61.51356797176947
25620,2020-12-27,4 day ahead inc hosp,2020-12-31,06079,quantile,0.5,62.748817443847656
25621,2020-12-27,4 day ahead inc hosp,2020-12-31,06079,quantile,0.55,65.83532993517576
25622,2020-12-27,4 day ahead inc hosp,2020-12-31,06079,quantile,0.6,68.97156626868934
25623,2020-12-27,4 day ahead inc hosp,2020-12-31,06079,quantile,0.65,72.21311543599755
25624,2020-12-27,4 day ahead inc hosp,2020-12-31,06079,quantile,0.7,75.62921999753773
25625,2020-12-27,4 day ahead inc hosp,2020-12-31,06079,quantile,0.75,79.31573393292487
25626,2020-12-27,4 day ahead inc hosp,2020-12-31,06079,quantile,0.8,83.42084201943716
25627,2020-12-27,4 day ahead inc hosp,2020-12-31,06079,quantile,0.85,88.20584685792431
25628,2020-12-27,4 day ahead inc hosp,2020-12-31,06079,quantile,0.9,94.22647556489602
25629,2020-12-27,4 day ahead inc hosp,2020-12-31,06079,quantile,0.95,103.14995425361965
25630,2020-12-27,4 day ahead inc hosp,2020-12-31,06079,quantile,0.975,110.88974122220688
25631,2020-12-27,4 day ahead inc hosp,2020-12-31,06079,quantile,0.99,119.88891622603497
25632,2020-12-27,5 day ahead inc hosp,2021-01-01,06079,point,NA,61.87353515625
25633,2020-12-27,5 day ahead inc hosp,2021-01-01,06079,quantile,0.01,41.609012866963
25634,2020-12-27,5 day ahead inc hosp,2021-01-01,06079,quantile,0.025,44.8005366188806
25635,2020-12-27,5 day ahead inc hosp,2021-01-01,06079,quantile,0.05,47.545423115089505
25636,2020-12-27,5 day ahead inc hosp,2021-01-01,06079,quantile,0.1,50.71010145201232
25637,2020-12-27,5 day ahead inc hosp,2021-01-01,06079,quantile,0.15,52.84529490159002
25638,2020-12-27,5 day ahead inc hosp,2021-01-01,06079,quantile,0.2,54.5422789683046
25639,2020-12-27,5 day ahead inc hosp,2021-01-01,06079,quantile,0.25,55.998140195219264
25640,2020-12-27,5 day ahead inc hosp,2021-01-01,06079,quantile,0.3,57.305548572271434
25641,2020-12-27,5 day ahead inc hosp,2021-01-01,06079,quantile,0.35,58.5170572764084
25642,2020-12-27,5 day ahead inc hosp,2021-01-01,06079,quantile,0.4,59.666660562939896
25643,2020-12-27,5 day ahead inc hosp,2021-01-01,06079,quantile,0.45,60.77891504690957
25644,2020-12-27,5 day ahead inc hosp,2021-01-01,06079,quantile,0.5,61.87353515625
25645,2020-12-27,5 day ahead inc hosp,2021-01-01,06079,quantile,0.55,64.85835454021517
25646,2020-12-27,5 day ahead inc hosp,2021-01-01,06079,quantile,0.6,67.89125948625644
25647,2020-12-27,5 day ahead inc hosp,2021-01-01,06079,quantile,0.65,71.0260074634125
25648,2020-12-27,5 day ahead inc hosp,2021-01-01,06079,quantile,0.7,74.32955965754262
25649,2020-12-27,5 day ahead inc hosp,2021-01-01,06079,quantile,0.75,77.8946118919065
25650,2020-12-27,5 day ahead inc hosp,2021-01-01,06079,quantile,0.8,81.86446661445183
25651,2020-12-27,5 day ahead inc hosp,2021-01-01,06079,quantile,0.85,86.49181713851789
25652,2020-12-27,5 day ahead inc hosp,2021-01-01,06079,quantile,0.9,92.3140807187614
25653,2020-12-27,5 day ahead inc hosp,2021-01-01,06079,quantile,0.95,100.9435524080341
25654,2020-12-27,5 day ahead inc hosp,2021-01-01,06079,quantile,0.975,108.42833215103121
25655,2020-12-27,5 day ahead inc hosp,2021-01-01,06079,quantile,0.99,117.13100614525271
25656,2020-12-27,6 day ahead inc hosp,2021-01-02,06079,point,NA,66.10863494873047
25657,2020-12-27,6 day ahead inc hosp,2021-01-02,06079,quantile,0.01,26.679756685771522
25658,2020-12-27,6 day ahead inc hosp,2021-01-02,06079,quantile,0.025,32.8895355145686
25659,2020-12-27,6 day ahead inc hosp,2021-01-02,06079,quantile,0.05,38.23028788759032
25660,2020-12-27,6 day ahead inc hosp,2021-01-02,06079,quantile,0.1,44.38783333113224
25661,2020-12-27,6 day ahead inc hosp,2021-01-02,06079,quantile,0.15,48.54230000887739
25662,2020-12-27,6 day ahead inc hosp,2021-01-02,06079,quantile,0.2,51.84413842507547
25663,2020-12-27,6 day ahead inc hosp,2021-01-02,06079,quantile,0.25,54.67682178490611
25664,2020-12-27,6 day ahead inc hosp,2021-01-02,06079,quantile,0.3,57.220658989793726
25665,2020-12-27,6 day ahead inc hosp,2021-01-02,06079,quantile,0.35,59.57790326765093
25666,2020-12-27,6 day ahead inc hosp,2021-01-02,06079,quantile,0.4,61.8146975719169
25667,2020-12-27,6 day ahead inc hosp,2021-01-02,06079,quantile,0.45,63.97882194750381
25668,2020-12-27,6 day ahead inc hosp,2021-01-02,06079,quantile,0.5,66.10863494873047
25669,2020-12-27,6 day ahead inc hosp,2021-01-02,06079,quantile,0.55,69.14026910928871
25670,2020-12-27,6 day ahead inc hosp,2021-01-02,06079,quantile,0.6,72.22074301988431
25671,2020-12-27,6 day ahead inc hosp,2021-01-02,06079,quantile,0.65,75.40465729735809
25672,2020-12-27,6 day ahead inc hosp,2021-01-02,06079,quantile,0.7,78.76002336631177
25673,2020-12-27,6 day ahead inc hosp,2021-01-02,06079,quantile,0.75,82.38099091829619
25674,2020-12-27,6 day ahead inc hosp,2021-01-02,06079,quantile,0.8,86.41310999859171
25675,2020-12-27,6 day ahead inc hosp,2021-01-02,06079,quantile,0.85,91.11303723606486
25676,2020-12-27,6 day ahead inc hosp,2021-01-02,06079,quantile,0.9,97.02661889412552
25677,2020-12-27,6 day ahead inc hosp,2021-01-02,06079,quantile,0.95,105.7914377308403
25678,2020-12-27,6 day ahead inc hosp,2021-01-02,06079,quantile,0.975,113.39361093938481
25679,2020-12-27,6 day ahead inc hosp,2021-01-02,06079,quantile,0.99,122.23278020732052
25680,2020-12-27,7 day ahead inc hosp,2021-01-03,06079,point,NA,65.2344970703125
25681,2020-12-27,7 day ahead inc hosp,2021-01-03,06079,quantile,0.01,26.607794570972686
25682,2020-12-27,7 day ahead inc hosp,2021-01-03,06079,quantile,0.025,32.691236199896245
25683,2020-12-27,7 day ahead inc hosp,2021-01-03,06079,quantile,0.05,37.923331611272815
25684,2020-12-27,7 day ahead inc hosp,2021-01-03,06079,quantile,0.1,43.95560253685227
25685,2020-12-27,7 day ahead inc hosp,2021-01-03,06079,quantile,0.15,48.02554709207026
25686,2020-12-27,7 day ahead inc hosp,2021-01-03,06079,quantile,0.2,51.26021000468956
25687,2020-12-27,7 day ahead inc hosp,2021-01-03,06079,quantile,0.25,54.035262763869866
25688,2020-12-27,7 day ahead inc hosp,2021-01-03,06079,quantile,0.3,56.52734590822489
25689,2020-12-27,7 day ahead inc hosp,2021-01-03,06079,quantile,0.35,58.83663233610178
25690,2020-12-27,7 day ahead inc hosp,2021-01-03,06079,quantile,0.4,61.027919330544805
25691,2020-12-27,7 day ahead inc hosp,2021-01-03,06079,quantile,0.45,63.14801485722622
25692,2020-12-27,7 day ahead inc hosp,2021-01-03,06079,quantile,0.5,65.2344970703125
25693,2020-12-27,7 day ahead inc hosp,2021-01-03,06079,quantile,0.55,68.24221092737822
25694,2020-12-27,7 day ahead inc hosp,2021-01-03,06079,quantile,0.6,71.29837917741595
25695,2020-12-27,7 day ahead inc hosp,2021-01-03,06079,quantile,0.65,74.45717162561289
25696,2020-12-27,7 day ahead inc hosp,2021-01-03,06079,quantile,0.7,77.7860630705034
25697,2020-12-27,7 day ahead inc hosp,2021-01-03,06079,quantile,0.75,81.37846034052345
25698,2020-12-27,7 day ahead inc hosp,2021-01-03,06079,quantile,0.8,85.37876505701034
25699,2020-12-27,7 day ahead inc hosp,2021-01-03,06079,quantile,0.85,90.04160876792355
25700,2020-12-27,7 day ahead inc hosp,2021-01-03,06079,quantile,0.9,95.90853088182519
25701,2020-12-27,7 day ahead inc hosp,2021-01-03,06079,quantile,0.95,104.60419324532205
25702,2020-12-27,7 day ahead inc hosp,2021-01-03,06079,quantile,0.975,112.14638352693007
25703,2020-12-27,7 day ahead inc hosp,2021-01-03,06079,quantile,0.99,120.9158096793337
25704,2020-12-27,8 day ahead inc hosp,2021-01-04,06079,point,NA,58.72859191894531
25705,2020-12-27,8 day ahead inc hosp,2021-01-04,06079,quantile,0.01,39.08405574997431
25706,2020-12-27,8 day ahead inc hosp,2021-01-04,06079,quantile,0.025,42.1779359255667
25707,2020-12-27,8 day ahead inc hosp,2021-01-04,06079,quantile,0.05,44.83884355934805
25708,2020-12-27,8 day ahead inc hosp,2021-01-04,06079,quantile,0.1,47.90669964622482
25709,2020-12-27,8 day ahead inc hosp,2021-01-04,06079,quantile,0.15,49.97656758336113
25710,2020-12-27,8 day ahead inc hosp,2021-01-04,06079,quantile,0.2,51.62163300364817
25711,2020-12-27,8 day ahead inc hosp,2021-01-04,06079,quantile,0.25,53.03295265485195
25712,2020-12-27,8 day ahead inc hosp,2021-01-04,06079,quantile,0.3,54.30036132030046
25713,2020-12-27,8 day ahead inc hosp,2021-01-04,06079,quantile,0.35,55.474804330487956
25714,2020-12-27,8 day ahead inc hosp,2021-01-04,06079,quantile,0.4,56.58923589812352
25715,2020-12-27,8 day ahead inc hosp,2021-01-04,06079,quantile,0.45,57.66746133702239
25716,2020-12-27,8 day ahead inc hosp,2021-01-04,06079,quantile,0.5,58.72859191894531
25717,2020-12-27,8 day ahead inc hosp,2021-01-04,06079,quantile,0.55,61.26943766159032
25718,2020-12-27,8 day ahead inc hosp,2021-01-04,06079,quantile,0.6,63.851216532832694
25719,2020-12-27,8 day ahead inc hosp,2021-01-04,06079,quantile,0.65,66.51968990673618
25720,2020-12-27,8 day ahead inc hosp,2021-01-04,06079,quantile,0.7,69.33185890200393
25721,2020-12-27,8 day ahead inc hosp,2021-01-04,06079,quantile,0.75,72.36663140470631
25722,2020-12-27,8 day ahead inc hosp,2021-01-04,06079,quantile,0.8,75.74599449946707
25723,2020-12-27,8 day ahead inc hosp,2021-01-04,06079,quantile,0.85,79.68505491362868
25724,2020-12-27,8 day ahead inc hosp,2021-01-04,06079,quantile,0.9,84.64129236970098
25725,2020-12-27,8 day ahead inc hosp,2021-01-04,06079,quantile,0.95,91.9871828851386
25726,2020-12-27,8 day ahead inc hosp,2021-01-04,06079,quantile,0.975,98.35864738540124
25727,2020-12-27,8 day ahead inc hosp,2021-01-04,06079,quantile,0.99,105.76685181031029
25728,2020-12-27,9 day ahead inc hosp,2021-01-05,06079,point,NA,61.453758239746094
25729,2020-12-27,9 day ahead inc hosp,2021-01-05,06079,quantile,0.01,40.68316272877194
25730,2020-12-27,9 day ahead inc hosp,2021-01-05,06079,quantile,0.025,43.95438955407893
25731,2020-12-27,9 day ahead inc hosp,2021-01-05,06079,quantile,0.05,46.76782509045131
25732,2020-12-27,9 day ahead inc hosp,2021-01-05,06079,quantile,0.1,50.01153608053549
25733,2020-12-27,9 day ahead inc hosp,2021-01-05,06079,quantile,0.15,52.20005248599281
25734,2020-12-27,9 day ahead inc hosp,2021-01-05,06079,quantile,0.2,53.93941594766841
25735,2020-12-27,9 day ahead inc hosp,2021-01-05,06079,quantile,0.25,55.431634921926744
25736,2020-12-27,9 day ahead inc hosp,2021-01-05,06079,quantile,0.3,56.77169367977695
25737,2020-12-27,9 day ahead inc hosp,2021-01-05,06079,quantile,0.35,58.01345782760275
25738,2020-12-27,9 day ahead inc hosp,2021-01-05,06079,quantile,0.4,59.19177057150866
25739,2020-12-27,9 day ahead inc hosp,2021-01-05,06079,quantile,0.45,60.33180178773992
25740,2020-12-27,9 day ahead inc hosp,2021-01-05,06079,quantile,0.5,61.453758239746094
25741,2020-12-27,9 day ahead inc hosp,2021-01-05,06079,quantile,0.55,63.71824791127716
25742,2020-12-27,9 day ahead inc hosp,2021-01-05,06079,quantile,0.6,66.0192186038228
25743,2020-12-27,9 day ahead inc hosp,2021-01-05,06079,quantile,0.65,68.39745443787608
25744,2020-12-27,9 day ahead inc hosp,2021-01-05,06079,quantile,0.7,70.90375678339137
25745,2020-12-27,9 day ahead inc hosp,2021-01-05,06079,quantile,0.75,73.60845107965436
25746,2020-12-27,9 day ahead inc hosp,2021-01-05,06079,quantile,0.8,76.6202564387915
25747,2020-12-27,9 day ahead inc hosp,2021-01-05,06079,quantile,0.85,80.1308834216481
25748,2020-12-27,9 day ahead inc hosp,2021-01-05,06079,quantile,0.9,84.5480537915611
25749,2020-12-27,9 day ahead inc hosp,2021-01-05,06079,quantile,0.95,91.09496568047015
25750,2020-12-27,9 day ahead inc hosp,2021-01-05,06079,quantile,0.975,96.77343537708069
25751,2020-12-27,9 day ahead inc hosp,2021-01-05,06079,quantile,0.99,103.37588357896712
25752,2020-12-27,10 day ahead inc hosp,2021-01-06,06079,point,NA,61.66505813598633
25753,2020-12-27,10 day ahead inc hosp,2021-01-06,06079,quantile,0.01,41.14844989662238
25754,2020-12-27,10 day ahead inc hosp,2021-01-06,06079,quantile,0.025,44.37967546266172
25755,2020-12-27,10 day ahead inc hosp,2021-01-06,06079,quantile,0.05,47.15870770927976
25756,2020-12-27,10 day ahead inc hosp,2021-01-06,06079,quantile,0.1,50.36275390959765
25757,2020-12-27,10 day ahead inc hosp,2021-01-06,06079,quantile,0.15,52.52450866970866
25758,2020-12-27,10 day ahead inc hosp,2021-01-06,06079,quantile,0.2,54.24260282402443
25759,2020-12-27,10 day ahead inc hosp,2021-01-06,06079,quantile,0.25,55.71657462642308
25760,2020-12-27,10 day ahead inc hosp,2021-01-06,06079,quantile,0.3,57.04024685999073
25761,2020-12-27,10 day ahead inc hosp,2021-01-06,06079,quantile,0.35,58.26682645098844
25762,2020-12-27,10 day ahead inc hosp,2021-01-06,06079,quantile,0.4,59.43073053536554
25763,2020-12-27,10 day ahead inc hosp,2021-01-06,06079,quantile,0.45,60.55682120675262
25764,2020-12-27,10 day ahead inc hosp,2021-01-06,06079,quantile,0.5,61.66505813598633
25765,2020-12-27,10 day ahead inc hosp,2021-01-06,06079,quantile,0.55,64.17663799214071
25766,2020-12-27,10 day ahead inc hosp,2021-01-06,06079,quantile,0.6,66.72867950226687
25767,2020-12-27,10 day ahead inc hosp,2021-01-06,06079,quantile,0.65,69.3664169532636
25768,2020-12-27,10 day ahead inc hosp,2021-01-06,06079,quantile,0.7,72.14619491540935
25769,2020-12-27,10 day ahead inc hosp,2021-01-06,06079,quantile,0.75,75.14601240053696
25770,2020-12-27,10 day ahead inc hosp,2021-01-06,06079,quantile,0.8,78.48645142561418
25771,2020-12-27,10 day ahead inc hosp,2021-01-06,06079,quantile,0.85,82.38014108269844
25772,2020-12-27,10 day ahead inc hosp,2021-01-06,06079,quantile,0.9,87.27929176629357
25773,2020-12-27,10 day ahead inc hosp,2021-01-06,06079,quantile,0.95,94.54057108539251
25774,2020-12-27,10 day ahead inc hosp,2021-01-06,06079,quantile,0.975,100.83864799123566
25775,2020-12-27,10 day ahead inc hosp,2021-01-06,06079,quantile,0.99,108.1615234777681
25776,2020-12-27,11 day ahead inc hosp,2021-01-07,06079,point,NA,63.00502014160156
25777,2020-12-27,11 day ahead inc hosp,2021-01-07,06079,quantile,0.01,39.23523966594949
25778,2020-12-27,11 day ahead inc hosp,2021-01-07,06079,quantile,0.025,42.97881762367
25779,2020-12-27,11 day ahead inc hosp,2021-01-07,06079,quantile,0.05,46.19850119252274
25780,2020-12-27,11 day ahead inc hosp,2021-01-07,06079,quantile,0.1,49.91059014635288
25781,2020-12-27,11 day ahead inc hosp,2021-01-07,06079,quantile,0.15,52.41511894032023
25782,2020-12-27,11 day ahead inc hosp,2021-01-07,06079,quantile,0.2,54.40563903058701
25783,2020-12-27,11 day ahead inc hosp,2021-01-07,06079,quantile,0.25,56.11332802876633
25784,2020-12-27,11 day ahead inc hosp,2021-01-07,06079,quantile,0.3,57.64688552747863
25785,2020-12-27,11 day ahead inc hosp,2021-01-07,06079,quantile,0.35,59.06795509579021
25786,2020-12-27,11 day ahead inc hosp,2021-01-07,06079,quantile,0.4,60.41641114942182
25787,2020-12-27,11 day ahead inc hosp,2021-01-07,06079,quantile,0.45,61.721057986865176
25788,2020-12-27,11 day ahead inc hosp,2021-01-07,06079,quantile,0.5,63.00502014160156
25789,2020-12-27,11 day ahead inc hosp,2021-01-07,06079,quantile,0.55,66.08777013631915
25790,2020-12-27,11 day ahead inc hosp,2021-01-07,06079,quantile,0.6,69.2201833592483
25791,2020-12-27,11 day ahead inc hosp,2021-01-07,06079,quantile,0.65,72.45778103833507
25792,2020-12-27,11 day ahead inc hosp,2021-01-07,06079,quantile,0.7,75.86972132648577
25793,2020-12-27,11 day ahead inc hosp,2021-01-07,06079,quantile,0.75,79.55174135613774
25794,2020-12-27,11 day ahead inc hosp,2021-01-07,06079,quantile,0.8,83.65184526550682
25795,2020-12-27,11 day ahead inc hosp,2021-01-07,06079,quantile,0.85,88.43101712436513
25796,2020-12-27,11 day ahead inc hosp,2021-01-07,06079,quantile,0.9,94.44430661104637
25797,2020-12-27,11 day ahead inc hosp,2021-01-07,06079,quantile,0.95,103.35690746972247
25798,2020-12-27,11 day ahead inc hosp,2021-01-07,06079,quantile,0.975,111.08725954299754
25799,2020-12-27,11 day ahead inc hosp,2021-01-07,06079,quantile,0.99,120.07546444204087
25800,2020-12-27,12 day ahead inc hosp,2021-01-08,06079,point,NA,63.241485595703125
25801,2020-12-27,12 day ahead inc hosp,2021-01-08,06079,quantile,0.01,42.57627476868589
25802,2020-12-27,12 day ahead inc hosp,2021-01-08,06079,quantile,0.025,45.83090422657729
25803,2020-12-27,12 day ahead inc hosp,2021-01-08,06079,quantile,0.05,48.63006511133089
25804,2020-12-27,12 day ahead inc hosp,2021-01-08,06079,quantile,0.1,51.85731834230282
25805,2020-12-27,12 day ahead inc hosp,2021-01-08,06079,quantile,0.15,54.03473077582049
25806,2020-12-27,12 day ahead inc hosp,2021-01-08,06079,quantile,0.2,55.765269152601526
25807,2020-12-27,12 day ahead inc hosp,2021-01-08,06079,quantile,0.25,57.24991698982079
25808,2020-12-27,12 day ahead inc hosp,2021-01-08,06079,quantile,0.3,58.583176632614084
25809,2020-12-27,12 day ahead inc hosp,2021-01-08,06079,quantile,0.35,59.818640387068946
25810,2020-12-27,12 day ahead inc hosp,2021-01-08,06079,quantile,0.4,60.99097467378265
25811,2020-12-27,12 day ahead inc hosp,2021-01-08,06079,quantile,0.45,62.12522166349233
25812,2020-12-27,12 day ahead inc hosp,2021-01-08,06079,quantile,0.5,63.241485595703125
25813,2020-12-27,12 day ahead inc hosp,2021-01-08,06079,quantile,0.55,66.2203592379549
25814,2020-12-27,12 day ahead inc hosp,2021-01-08,06079,quantile,0.6,69.24722265614115
25815,2020-12-27,12 day ahead inc hosp,2021-01-08,06079,quantile,0.65,72.3757262347554
25816,2020-12-27,12 day ahead inc hosp,2021-01-08,06079,quantile,0.7,75.67269777338973
25817,2020-12-27,12 day ahead inc hosp,2021-01-08,06079,quantile,0.75,79.23064844579842
25818,2020-12-27,12 day ahead inc hosp,2021-01-08,06079,quantile,0.8,83.19259524234099
25819,2020-12-27,12 day ahead inc hosp,2021-01-08,06079,quantile,0.85,87.81072811284274
25820,2020-12-27,12 day ahead inc hosp,2021-01-08,06079,quantile,0.9,93.62139378011992
25821,2020-12-27,12 day ahead inc hosp,2021-01-08,06079,quantile,0.95,102.23367561527175
25822,2020-12-27,12 day ahead inc hosp,2021-01-08,06079,quantile,0.975,109.70354572341037
25823,2020-12-27,12 day ahead inc hosp,2021-01-08,06079,quantile,0.99,118.38888404497322
25824,2020-12-27,13 day ahead inc hosp,2021-01-09,06079,point,NA,62.78104782104492
25825,2020-12-27,13 day ahead inc hosp,2021-01-09,06079,quantile,0.01,24.349744379721194
25826,2020-12-27,13 day ahead inc hosp,2021-01-09,06079,quantile,0.025,30.402411992565902
25827,2020-12-27,13 day ahead inc hosp,2021-01-09,06079,quantile,0.05,35.60804005237782
25828,2020-12-27,13 day ahead inc hosp,2021-01-09,06079,quantile,0.1,41.60979581667536
25829,2020-12-27,13 day ahead inc hosp,2021-01-09,06079,quantile,0.15,45.65915193744749
25830,2020-12-27,13 day ahead inc hosp,2021-01-09,06079,quantile,0.2,48.87745181503588
25831,2020-12-27,13 day ahead inc hosp,2021-01-09,06079,quantile,0.25,51.63846654715192
25832,2020-12-27,13 day ahead inc hosp,2021-01-09,06079,quantile,0.3,54.11794310933978
25833,2020-12-27,13 day ahead inc hosp,2021-01-09,06079,quantile,0.35,56.415547660082474
25834,2020-12-27,13 day ahead inc hosp,2021-01-09,06079,quantile,0.4,58.595749695498405
25835,2020-12-27,13 day ahead inc hosp,2021-01-09,06079,quantile,0.45,60.705120396035916
25836,2020-12-27,13 day ahead inc hosp,2021-01-09,06079,quantile,0.5,62.78104782104492
25837,2020-12-27,13 day ahead inc hosp,2021-01-09,06079,quantile,0.55,65.7876313472395
25838,2020-12-27,13 day ahead inc hosp,2021-01-09,06079,quantile,0.6,68.84265105672964
25839,2020-12-27,13 day ahead inc hosp,2021-01-09,06079,quantile,0.65,72.00025639711333
25840,2020-12-27,13 day ahead inc hosp,2021-01-09,06079,quantile,0.7,75.3278968091777
25841,2020-12-27,13 day ahead inc hosp,2021-01-09,06079,quantile,0.75,78.91894401807866
25842,2020-12-27,13 day ahead inc hosp,2021-01-09,06079,quantile,0.8,82.91774537748776
25843,2020-12-27,13 day ahead inc hosp,2021-01-09,06079,quantile,0.85,87.57883674211931
25844,2020-12-27,13 day ahead inc hosp,2021-01-09,06079,quantile,0.9,93.44355400426342
25845,2020-12-27,13 day ahead inc hosp,2021-01-09,06079,quantile,0.95,102.13594844531767
25846,2020-12-27,13 day ahead inc hosp,2021-01-09,06079,quantile,0.975,109.67530429156497
25847,2020-12-27,13 day ahead inc hosp,2021-01-09,06079,quantile,0.99,118.44143480030924
25848,2020-12-27,14 day ahead inc hosp,2021-01-10,06079,point,NA,65.53976440429688
25849,2020-12-27,14 day ahead inc hosp,2021-01-10,06079,quantile,0.01,26.51176103963852
25850,2020-12-27,14 day ahead inc hosp,2021-01-10,06079,quantile,0.025,32.65840481194575
25851,2020-12-27,14 day ahead inc hosp,2021-01-10,06079,quantile,0.05,37.94485755335977
25852,2020-12-27,14 day ahead inc hosp,2021-01-10,06079,quantile,0.1,44.03979899921758
25853,2020-12-27,14 day ahead inc hosp,2021-01-10,06079,quantile,0.15,48.15202705693841
25854,2020-12-27,14 day ahead inc hosp,2021-01-10,06079,quantile,0.2,51.420295556932665
25855,2020-12-27,14 day ahead inc hosp,2021-01-10,06079,quantile,0.25,54.22417891778244
25856,2020-12-27,14 day ahead inc hosp,2021-01-10,06079,quantile,0.3,56.74215283348385
25857,2020-12-27,14 day ahead inc hosp,2021-01-10,06079,quantile,0.35,59.07543091950944
25858,2020-12-27,14 day ahead inc hosp,2021-01-10,06079,quantile,0.4,61.289483651386206
25859,2020-12-27,14 day ahead inc hosp,2021-01-10,06079,quantile,0.45,63.4316052925005
25860,2020-12-27,14 day ahead inc hosp,2021-01-10,06079,quantile,0.5,65.53976440429688
25861,2020-12-27,14 day ahead inc hosp,2021-01-10,06079,quantile,0.55,68.55638596849278
25862,2020-12-27,14 day ahead inc hosp,2021-01-10,06079,quantile,0.6,71.62160542918605
25863,2020-12-27,14 day ahead inc hosp,2021-01-10,06079,quantile,0.65,74.78975302197145
25864,2020-12-27,14 day ahead inc hosp,2021-01-10,06079,quantile,0.7,78.12850338013246
25865,2020-12-27,14 day ahead inc hosp,2021-01-10,06079,quantile,0.75,81.73153996768644
25866,2020-12-27,14 day ahead inc hosp,2021-01-10,06079,quantile,0.8,85.74369206877817
25867,2020-12-27,14 day ahead inc hosp,2021-01-10,06079,quantile,0.85,90.42034535338905
25868,2020-12-27,14 day ahead inc hosp,2021-01-10,06079,quantile,0.9,96.30464306431547
25869,2020-12-27,14 day ahead inc hosp,2021-01-10,06079,quantile,0.95,105.02605868005574
25870,2020-12-27,14 day ahead inc hosp,2021-01-10,06079,quantile,0.975,112.59058606729991
25871,2020-12-27,14 day ahead inc hosp,2021-01-10,06079,quantile,0.99,121.38598393229911
25872,2020-12-27,15 day ahead inc hosp,2021-01-11,06079,point,NA,63.97601318359375
25873,2020-12-27,15 day ahead inc hosp,2021-01-11,06079,quantile,0.01,44.766901831520016
25874,2020-12-27,15 day ahead inc hosp,2021-01-11,06079,quantile,0.025,47.79220557459337
25875,2020-12-27,15 day ahead inc hosp,2021-01-11,06079,quantile,0.05,50.394133693192785
25876,2020-12-27,15 day ahead inc hosp,2021-01-11,06079,quantile,0.1,53.393990176342314
25877,2020-12-27,15 day ahead inc hosp,2021-01-11,06079,quantile,0.15,55.41797910367269
25878,2020-12-27,15 day ahead inc hosp,2021-01-11,06079,quantile,0.2,57.02658134136019
25879,2020-12-27,15 day ahead inc hosp,2021-01-11,06079,quantile,0.25,58.4066188286369
25880,2020-12-27,15 day ahead inc hosp,2021-01-11,06079,quantile,0.3,59.645935144062996
25881,2020-12-27,15 day ahead inc hosp,2021-01-11,06079,quantile,0.35,60.794346405357636
25882,2020-12-27,15 day ahead inc hosp,2021-01-11,06079,quantile,0.4,61.88407638894416
25883,2020-12-27,15 day ahead inc hosp,2021-01-11,06079,quantile,0.45,62.93840275940648
25884,2020-12-27,15 day ahead inc hosp,2021-01-11,06079,quantile,0.5,63.97601318359375
25885,2020-12-27,15 day ahead inc hosp,2021-01-11,06079,quantile,0.55,66.58470777978697
25886,2020-12-27,15 day ahead inc hosp,2021-01-11,06079,quantile,0.6,69.23542855237689
25887,2020-12-27,15 day ahead inc hosp,2021-01-11,06079,quantile,0.65,71.97515885309986
25888,2020-12-27,15 day ahead inc hosp,2021-01-11,06079,quantile,0.7,74.86242191610668
25889,2020-12-27,15 day ahead inc hosp,2021-01-11,06079,quantile,0.75,77.97823272492583
25890,2020-12-27,15 day ahead inc hosp,2021-01-11,06079,quantile,0.8,81.44783581649332
25891,2020-12-27,15 day ahead inc hosp,2021-01-11,06079,quantile,0.85,85.49208196809357
25892,2020-12-27,15 day ahead inc hosp,2021-01-11,06079,quantile,0.9,90.58066710024207
25893,2020-12-27,15 day ahead inc hosp,2021-01-11,06079,quantile,0.95,98.12271680842323
25894,2020-12-27,15 day ahead inc hosp,2021-01-11,06079,quantile,0.975,104.66432015439
25895,2020-12-27,15 day ahead inc hosp,2021-01-11,06079,quantile,0.99,112.27034775630057
25896,2020-12-27,16 day ahead inc hosp,2021-01-12,06079,point,NA,67.77947998046875
25897,2020-12-27,16 day ahead inc hosp,2021-01-12,06079,quantile,0.01,47.538181767973
25898,2020-12-27,16 day ahead inc hosp,2021-01-12,06079,quantile,0.025,50.726047886533266
25899,2020-12-27,16 day ahead inc hosp,2021-01-12,06079,quantile,0.05,53.467788616271044
25900,2020-12-27,16 day ahead inc hosp,2021-01-12,06079,quantile,0.1,56.62884008591975
25901,2020-12-27,16 day ahead inc hosp,2021-01-12,06079,quantile,0.15,58.76158650536621
25902,2020-12-27,16 day ahead inc hosp,2021-01-12,06079,quantile,0.2,60.45662575010491
25903,2020-12-27,16 day ahead inc hosp,2021-01-12,06079,quantile,0.25,61.9108184929345
25904,2020-12-27,16 day ahead inc hosp,2021-01-12,06079,quantile,0.3,63.21672851971161
25905,2020-12-27,16 day ahead inc hosp,2021-01-12,06079,quantile,0.35,64.42684877901989
25906,2020-12-27,16 day ahead inc hosp,2021-01-12,06079,quantile,0.4,65.5751345671853
25907,2020-12-27,16 day ahead inc hosp,2021-01-12,06079,quantile,0.45,66.68611435623848
25908,2020-12-27,16 day ahead inc hosp,2021-01-12,06079,quantile,0.5,67.77947998046875
25909,2020-12-27,16 day ahead inc hosp,2021-01-12,06079,quantile,0.55,70.0349133432708
25910,2020-12-27,16 day ahead inc hosp,2021-01-12,06079,quantile,0.6,72.32668182958423
25911,2020-12-27,16 day ahead inc hosp,2021-01-12,06079,quantile,0.65,74.69540645313637
25912,2020-12-27,16 day ahead inc hosp,2021-01-12,06079,quantile,0.7,77.19168541541677
25913,2020-12-27,16 day ahead inc hosp,2021-01-12,06079,quantile,0.75,79.8855629051946
25914,2020-12-27,16 day ahead inc hosp,2021-01-12,06079,quantile,0.8,82.885323237363
25915,2020-12-27,16 day ahead inc hosp,2021-01-12,06079,quantile,0.85,86.38191027020838
25916,2020-12-27,16 day ahead inc hosp,2021-01-12,06079,quantile,0.9,90.78141517708946
25917,2020-12-27,16 day ahead inc hosp,2021-01-12,06079,quantile,0.95,97.30214418866724
25918,2020-12-27,16 day ahead inc hosp,2021-01-12,06079,quantile,0.975,102.95790414394958
25919,2020-12-27,16 day ahead inc hosp,2021-01-12,06079,quantile,0.99,109.5339473637178
25920,2020-12-27,17 day ahead inc hosp,2021-01-13,06079,point,NA,69.38207244873047
25921,2020-12-27,17 day ahead inc hosp,2021-01-13,06079,quantile,0.01,49.06807364659272
25922,2020-12-27,17 day ahead inc hosp,2021-01-13,06079,quantile,0.025,52.2673896111108
25923,2020-12-27,17 day ahead inc hosp,2021-01-13,06079,quantile,0.05,55.01897784003587
25924,2020-12-27,17 day ahead inc hosp,2021-01-13,06079,quantile,0.1,58.19138284557539
25925,2020-12-27,17 day ahead inc hosp,2021-01-13,06079,quantile,0.15,60.33178944178634
25926,2020-12-27,17 day ahead inc hosp,2021-01-13,06079,quantile,0.2,62.03291675218492
25927,2020-12-27,17 day ahead inc hosp,2021-01-13,06079,quantile,0.25,63.49233251325904
25928,2020-12-27,17 day ahead inc hosp,2021-01-13,06079,quantile,0.3,64.8029329718439
25929,2020-12-27,17 day ahead inc hosp,2021-01-13,06079,quantile,0.35,66.01739961523614
25930,2020-12-27,17 day ahead inc hosp,2021-01-13,06079,quantile,0.4,67.1698096968634
25931,2020-12-27,17 day ahead inc hosp,2021-01-13,06079,quantile,0.45,68.28477978757098
25932,2020-12-27,17 day ahead inc hosp,2021-01-13,06079,quantile,0.5,69.38207244873047
25933,2020-12-27,17 day ahead inc hosp,2021-01-13,06079,quantile,0.55,71.88617788414345
25934,2020-12-27,17 day ahead inc hosp,2021-01-13,06079,quantile,0.6,74.43062456030503
25935,2020-12-27,17 day ahead inc hosp,2021-01-13,06079,quantile,0.65,77.06051214761304
25936,2020-12-27,17 day ahead inc hosp,2021-01-13,06079,quantile,0.7,79.83201753582256
25937,2020-12-27,17 day ahead inc hosp,2021-01-13,06079,quantile,0.75,82.8229076129777
25938,2020-12-27,17 day ahead inc hosp,2021-01-13,06079,quantile,0.8,86.15340554592788
25939,2020-12-27,17 day ahead inc hosp,2021-01-13,06079,quantile,0.85,90.035507646016
25940,2020-12-27,17 day ahead inc hosp,2021-01-13,06079,quantile,0.9,94.9200785369778
25941,2020-12-27,17 day ahead inc hosp,2021-01-13,06079,quantile,0.95,102.15974840710027
25942,2020-12-27,17 day ahead inc hosp,2021-01-13,06079,quantile,0.975,108.43908233865943
25943,2020-12-27,17 day ahead inc hosp,2021-01-13,06079,quantile,0.99,115.74016506702445
25944,2020-12-27,18 day ahead inc hosp,2021-01-14,06079,point,NA,71.71947479248047
25945,2020-12-27,18 day ahead inc hosp,2021-01-14,06079,quantile,0.01,49.153144322827444
25946,2020-12-27,18 day ahead inc hosp,2021-01-14,06079,quantile,0.025,52.70718713022163
25947,2020-12-27,18 day ahead inc hosp,2021-01-14,06079,quantile,0.05,55.76386001354364
25948,2020-12-27,18 day ahead inc hosp,2021-01-14,06079,quantile,0.1,59.2880080867951
25949,2020-12-27,18 day ahead inc hosp,2021-01-14,06079,quantile,0.15,61.665734060887345
25950,2020-12-27,18 day ahead inc hosp,2021-01-14,06079,quantile,0.2,63.55547528964859
25951,2020-12-27,18 day ahead inc hosp,2021-01-14,06079,quantile,0.25,65.17670499817615
25952,2020-12-27,18 day ahead inc hosp,2021-01-14,06079,quantile,0.3,66.63261938264446
25953,2020-12-27,18 day ahead inc hosp,2021-01-14,06079,quantile,0.35,67.98174103447187
25954,2020-12-27,18 day ahead inc hosp,2021-01-14,06079,quantile,0.4,69.26192555116208
25955,2020-12-27,18 day ahead inc hosp,2021-01-14,06079,quantile,0.45,70.50051888651457
25956,2020-12-27,18 day ahead inc hosp,2021-01-14,06079,quantile,0.5,71.71947479248047
25957,2020-12-27,18 day ahead inc hosp,2021-01-14,06079,quantile,0.55,74.77094175384326
25958,2020-12-27,18 day ahead inc hosp,2021-01-14,06079,quantile,0.6,77.87156797247368
25959,2020-12-27,18 day ahead inc hosp,2021-01-14,06079,quantile,0.65,81.07631125974865
25960,2020-12-27,18 day ahead inc hosp,2021-01-14,06079,quantile,0.7,84.45362796764739
25961,2020-12-27,18 day ahead inc hosp,2021-01-14,06079,quantile,0.75,88.09828371034841
25962,2020-12-27,18 day ahead inc hosp,2021-01-14,06079,quantile,0.8,92.15678071433278
25963,2020-12-27,18 day ahead inc hosp,2021-01-14,06079,quantile,0.85,96.88745464344485
25964,2020-12-27,18 day ahead inc hosp,2021-01-14,06079,quantile,0.9,102.83972266036491
25965,2020-12-27,18 day ahead inc hosp,2021-01-14,06079,quantile,0.95,111.66188050860623
25966,2020-12-27,18 day ahead inc hosp,2021-01-14,06079,quantile,0.975,119.31378675845514
25967,2020-12-27,18 day ahead inc hosp,2021-01-14,06079,quantile,0.99,128.2107814347628
25968,2020-12-27,19 day ahead inc hosp,2021-01-15,06079,point,NA,72.00114440917969
25969,2020-12-27,19 day ahead inc hosp,2021-01-15,06079,quantile,0.01,52.170465090520175
25970,2020-12-27,19 day ahead inc hosp,2021-01-15,06079,quantile,0.025,55.293661539894245
25971,2020-12-27,19 day ahead inc hosp,2021-01-15,06079,quantile,0.05,57.97978278644415
25972,2020-12-27,19 day ahead inc hosp,2021-01-15,06079,quantile,0.1,61.07670855406524
25973,2020-12-27,19 day ahead inc hosp,2021-01-15,06079,quantile,0.15,63.16618966679113
25974,2020-12-27,19 day ahead inc hosp,2021-01-15,06079,quantile,0.2,64.82684301728645
25975,2020-12-27,19 day ahead inc hosp,2021-01-15,06079,quantile,0.25,66.2515357246333
25976,2020-12-27,19 day ahead inc hosp,2021-01-15,06079,quantile,0.3,67.53095380780996
25977,2020-12-27,19 day ahead inc hosp,2021-01-15,06079,quantile,0.35,68.71652533328363
25978,2020-12-27,19 day ahead inc hosp,2021-01-15,06079,quantile,0.4,69.84151677366587
25979,2020-12-27,19 day ahead inc hosp,2021-01-15,06079,quantile,0.45,70.92995901165557
25980,2020-12-27,19 day ahead inc hosp,2021-01-15,06079,quantile,0.5,72.00114440917969
25981,2020-12-27,19 day ahead inc hosp,2021-01-15,06079,quantile,0.55,74.92217607748482
25982,2020-12-27,19 day ahead inc hosp,2021-01-15,06079,quantile,0.6,77.89026568516381
25983,2020-12-27,19 day ahead inc hosp,2021-01-15,06079,quantile,0.65,80.95802186586248
25984,2020-12-27,19 day ahead inc hosp,2021-01-15,06079,quantile,0.7,84.19097479721665
25985,2020-12-27,19 day ahead inc hosp,2021-01-15,06079,quantile,0.75,87.67983932673633
25986,2020-12-27,19 day ahead inc hosp,2021-01-15,06079,quantile,0.8,91.56485542701401
25987,2020-12-27,19 day ahead inc hosp,2021-01-15,06079,quantile,0.85,96.09331617534554
25988,2020-12-27,19 day ahead inc hosp,2021-01-15,06079,quantile,0.9,101.7911538369725
25989,2020-12-27,19 day ahead inc hosp,2021-01-15,06079,quantile,0.95,110.2362075713871
25990,2020-12-27,19 day ahead inc hosp,2021-01-15,06079,quantile,0.975,117.56103224152817
25991,2020-12-27,19 day ahead inc hosp,2021-01-15,06079,quantile,0.99,126.07772389550905
25992,2020-12-27,20 day ahead inc hosp,2021-01-16,06079,point,NA,72.90794372558594
25993,2020-12-27,20 day ahead inc hosp,2021-01-16,06079,quantile,0.01,36.3419498558732
25994,2020-12-27,20 day ahead inc hosp,2021-01-16,06079,quantile,0.025,42.10084396063857
25995,2020-12-27,20 day ahead inc hosp,2021-01-16,06079,quantile,0.05,47.05381059664427
25996,2020-12-27,20 day ahead inc hosp,2021-01-16,06079,quantile,0.1,52.76426392071341
25997,2020-12-27,20 day ahead inc hosp,2021-01-16,06079,quantile,0.15,56.61707966802488
25998,2020-12-27,20 day ahead inc hosp,2021-01-16,06079,quantile,0.2,59.67917548724336
25999,2020-12-27,20 day ahead inc hosp,2021-01-16,06079,quantile,0.25,62.306181045951114
26000,2020-12-27,20 day ahead inc hosp,2021-01-16,06079,quantile,0.3,64.6653132286907
26001,2020-12-27,20 day ahead inc hosp,2021-01-16,06079,quantile,0.35,66.85140077697677
26002,2020-12-27,20 day ahead inc hosp,2021-01-16,06079,quantile,0.4,68.92578408233281
26003,2020-12-27,20 day ahead inc hosp,2021-01-16,06079,quantile,0.45,70.9327739369072
26004,2020-12-27,20 day ahead inc hosp,2021-01-16,06079,quantile,0.5,72.90794372558594
26005,2020-12-27,20 day ahead inc hosp,2021-01-16,06079,quantile,0.55,75.87904095029866
26006,2020-12-27,20 day ahead inc hosp,2021-01-16,06079,quantile,0.6,78.89800267254198
26007,2020-12-27,20 day ahead inc hosp,2021-01-16,06079,quantile,0.65,82.01833922125788
26008,2020-12-27,20 day ahead inc hosp,2021-01-16,06079,quantile,0.7,85.3067039405444
26009,2020-12-27,20 day ahead inc hosp,2021-01-16,06079,quantile,0.75,88.85536650162821
26010,2020-12-27,20 day ahead inc hosp,2021-01-16,06079,quantile,0.8,92.80697054575577
26011,2020-12-27,20 day ahead inc hosp,2021-01-16,06079,quantile,0.85,97.41304767514032
26012,2020-12-27,20 day ahead inc hosp,2021-01-16,06079,quantile,0.9,103.20854446725353
26013,2020-12-27,20 day ahead inc hosp,2021-01-16,06079,quantile,0.95,111.79834374437934
26014,2020-12-27,20 day ahead inc hosp,2021-01-16,06079,quantile,0.975,119.24871358634371
26015,2020-12-27,20 day ahead inc hosp,2021-01-16,06079,quantile,0.99,127.91137863425763
26016,2020-12-27,21 day ahead inc hosp,2021-01-17,06079,point,NA,82.13495635986328
26017,2020-12-27,21 day ahead inc hosp,2021-01-17,06079,quantile,0.01,44.734426544636385
26018,2020-12-27,21 day ahead inc hosp,2021-01-17,06079,quantile,0.025,50.624754356740894
26019,2020-12-27,21 day ahead inc hosp,2021-01-17,06079,quantile,0.05,55.6907612319756
26020,2020-12-27,21 day ahead inc hosp,2021-01-17,06079,quantile,0.1,61.531542712339274
26021,2020-12-27,21 day ahead inc hosp,2021-01-17,06079,quantile,0.15,65.47229024796835
26022,2020-12-27,21 day ahead inc hosp,2021-01-17,06079,quantile,0.2,68.60427146504723
26023,2020-12-27,21 day ahead inc hosp,2021-01-17,06079,quantile,0.25,71.29123247240541
26024,2020-12-27,21 day ahead inc hosp,2021-01-17,06079,quantile,0.3,73.70420650103412
26025,2020-12-27,21 day ahead inc hosp,2021-01-17,06079,quantile,0.35,75.94018654357554
26026,2020-12-27,21 day ahead inc hosp,2021-01-17,06079,quantile,0.4,78.06191294698225
26027,2020-12-27,21 day ahead inc hosp,2021-01-17,06079,quantile,0.45,80.11470779681787
26028,2020-12-27,21 day ahead inc hosp,2021-01-17,06079,quantile,0.5,82.13495635986328
26029,2020-12-27,21 day ahead inc hosp,2021-01-17,06079,quantile,0.55,85.05235711587687
26030,2020-12-27,21 day ahead inc hosp,2021-01-17,06079,quantile,0.6,88.01675731711914
26031,2020-12-27,21 day ahead inc hosp,2021-01-17,06079,quantile,0.65,91.08070020344485
26032,2020-12-27,21 day ahead inc hosp,2021-01-17,06079,quantile,0.7,94.3096344969103
26033,2020-12-27,21 day ahead inc hosp,2021-01-17,06079,quantile,0.75,97.79416228429837
26034,2020-12-27,21 day ahead inc hosp,2021-01-17,06079,quantile,0.8,101.67434921655831
26035,2020-12-27,21 day ahead inc hosp,2021-01-17,06079,quantile,0.85,106.19718097977088
26036,2020-12-27,21 day ahead inc hosp,2021-01-17,06079,quantile,0.9,111.88793609278144
26037,2020-12-27,21 day ahead inc hosp,2021-01-17,06079,quantile,0.95,120.32249242323438
26038,2020-12-27,21 day ahead inc hosp,2021-01-17,06079,quantile,0.975,127.63821216095833
26039,2020-12-27,21 day ahead inc hosp,2021-01-17,06079,quantile,0.99,136.14431736332855
26040,2020-12-27,22 day ahead inc hosp,2021-01-18,06079,point,NA,71.35067749023438
26041,2020-12-27,22 day ahead inc hosp,2021-01-18,06079,quantile,0.01,49.87698791887925
26042,2020-12-27,22 day ahead inc hosp,2021-01-18,06079,quantile,0.025,53.25894725302631
26043,2020-12-27,22 day ahead inc hosp,2021-01-18,06079,quantile,0.05,56.16761885587752
26044,2020-12-27,22 day ahead inc hosp,2021-01-18,06079,quantile,0.1,59.52113093132373
26045,2020-12-27,22 day ahead inc hosp,2021-01-18,06079,quantile,0.15,61.78372960779299
26046,2020-12-27,22 day ahead inc hosp,2021-01-18,06079,quantile,0.2,63.581971310013095
26047,2020-12-27,22 day ahead inc hosp,2021-01-18,06079,quantile,0.25,65.12470257204068
26048,2020-12-27,22 day ahead inc hosp,2021-01-18,06079,quantile,0.3,66.51012292545553
26049,2020-12-27,22 day ahead inc hosp,2021-01-18,06079,quantile,0.35,67.79392135180113
26050,2020-12-27,22 day ahead inc hosp,2021-01-18,06079,quantile,0.4,69.01212051548127
26051,2020-12-27,22 day ahead inc hosp,2021-01-18,06079,quantile,0.45,70.19074230444588
26052,2020-12-27,22 day ahead inc hosp,2021-01-18,06079,quantile,0.5,71.35067749023438
26053,2020-12-27,22 day ahead inc hosp,2021-01-18,06079,quantile,0.55,74.35353375277818
26054,2020-12-27,22 day ahead inc hosp,2021-01-18,06079,quantile,0.6,77.404766152248
26055,2020-12-27,22 day ahead inc hosp,2021-01-18,06079,quantile,0.65,80.55845700713472
26056,2020-12-27,22 day ahead inc hosp,2021-01-18,06079,quantile,0.7,83.88197214110762
26057,2020-12-27,22 day ahead inc hosp,2021-01-18,06079,quantile,0.75,87.4685675263312
26058,2020-12-27,22 day ahead inc hosp,2021-01-18,06079,quantile,0.8,91.46241156896403
26059,2020-12-27,22 day ahead inc hosp,2021-01-18,06079,quantile,0.85,96.11772457544753
26060,2020-12-27,22 day ahead inc hosp,2021-01-18,06079,quantile,0.9,101.9751713435964
26061,2020-12-27,22 day ahead inc hosp,2021-01-18,06079,quantile,0.95,110.65678981732556
26062,2020-12-27,22 day ahead inc hosp,2021-01-18,06079,quantile,0.975,118.18679911898124
26063,2020-12-27,22 day ahead inc hosp,2021-01-18,06079,quantile,0.99,126.94206224974694
26064,2020-12-27,23 day ahead inc hosp,2021-01-19,06079,point,NA,74.45925903320312
26065,2020-12-27,23 day ahead inc hosp,2021-01-19,06079,quantile,0.01,53.83380290928318
26066,2020-12-27,23 day ahead inc hosp,2021-01-19,06079,quantile,0.025,57.08217127316139
26067,2020-12-27,23 day ahead inc hosp,2021-01-19,06079,quantile,0.05,59.87594727165245
26068,2020-12-27,23 day ahead inc hosp,2021-01-19,06079,quantile,0.1,63.096992073632734
26069,2020-12-27,23 day ahead inc hosp,2021-01-19,06079,quantile,0.15,65.27021570958432
26070,2020-12-27,23 day ahead inc hosp,2021-01-19,06079,quantile,0.2,66.99742496284742
26071,2020-12-27,23 day ahead inc hosp,2021-01-19,06079,quantile,0.25,68.47921670851906
26072,2020-12-27,23 day ahead inc hosp,2021-01-19,06079,quantile,0.3,69.80991149283138
26073,2020-12-27,23 day ahead inc hosp,2021-01-19,06079,quantile,0.35,71.0429985236633
26074,2020-12-27,23 day ahead inc hosp,2021-01-19,06079,quantile,0.4,72.21307753207914
26075,2020-12-27,23 day ahead inc hosp,2021-01-19,06079,quantile,0.45,73.3451425139355
26076,2020-12-27,23 day ahead inc hosp,2021-01-19,06079,quantile,0.5,74.45925903320312
26077,2020-12-27,23 day ahead inc hosp,2021-01-19,06079,quantile,0.55,76.92229817709797
26078,2020-12-27,23 day ahead inc hosp,2021-01-19,06079,quantile,0.6,79.4250169821093
26079,2020-12-27,23 day ahead inc hosp,2021-01-19,06079,quantile,0.65,82.01177550272828
26080,2020-12-27,23 day ahead inc hosp,2021-01-19,06079,quantile,0.7,84.73782935099595
26081,2020-12-27,23 day ahead inc hosp,2021-01-19,06079,quantile,0.75,87.67967007021667
26082,2020-12-27,23 day ahead inc hosp,2021-01-19,06079,quantile,0.8,90.95554921712021
26083,2020-12-27,23 day ahead inc hosp,2021-01-19,06079,quantile,0.85,94.77398645138807
26084,2020-12-27,23 day ahead inc hosp,2021-01-19,06079,quantile,0.9,99.57845240375087
26085,2020-12-27,23 day ahead inc hosp,2021-01-19,06079,quantile,0.95,106.69939468789515
26086,2020-12-27,23 day ahead inc hosp,2021-01-19,06079,quantile,0.975,112.87575014493552
26087,2020-12-27,23 day ahead inc hosp,2021-01-19,06079,quantile,0.99,120.05709814189473
26088,2020-12-27,24 day ahead inc hosp,2021-01-20,06079,point,NA,78.18894958496094
26089,2020-12-27,24 day ahead inc hosp,2021-01-20,06079,quantile,0.01,57.53563921150773
26090,2020-12-27,24 day ahead inc hosp,2021-01-20,06079,quantile,0.025,60.78839442930276
26091,2020-12-27,24 day ahead inc hosp,2021-01-20,06079,quantile,0.05,63.58594336417567
26092,2020-12-27,24 day ahead inc hosp,2021-01-20,06079,quantile,0.1,66.81133812017069
26093,2020-12-27,24 day ahead inc hosp,2021-01-20,06079,quantile,0.15,68.98749664944457
26094,2020-12-27,24 day ahead inc hosp,2021-01-20,06079,quantile,0.2,70.71703846288221
26095,2020-12-27,24 day ahead inc hosp,2021-01-20,06079,quantile,0.25,72.20083133748854
26096,2020-12-27,24 day ahead inc hosp,2021-01-20,06079,quantile,0.3,73.53332319743167
26097,2020-12-27,24 day ahead inc hosp,2021-01-20,06079,quantile,0.35,74.76807548665334
26098,2020-12-27,24 day ahead inc hosp,2021-01-20,06079,quantile,0.4,75.9397346624351
26099,2020-12-27,24 day ahead inc hosp,2021-01-20,06079,quantile,0.45,77.0733284745051
26100,2020-12-27,24 day ahead inc hosp,2021-01-20,06079,quantile,0.5,78.18894958496094
26101,2020-12-27,24 day ahead inc hosp,2021-01-20,06079,quantile,0.55,80.8109188578501
26102,2020-12-27,24 day ahead inc hosp,2021-01-20,06079,quantile,0.6,83.47512816271924
26103,2020-12-27,24 day ahead inc hosp,2021-01-20,06079,quantile,0.65,86.22879993210982
26104,2020-12-27,24 day ahead inc hosp,2021-01-20,06079,quantile,0.7,89.13075520314804
26105,2020-12-27,24 day ahead inc hosp,2021-01-20,06079,quantile,0.75,92.26242121448618
26106,2020-12-27,24 day ahead inc hosp,2021-01-20,06079,quantile,0.8,95.74967982593361
26107,2020-12-27,24 day ahead inc hosp,2021-01-20,06079,quantile,0.85,99.81450564225189
26108,2020-12-27,24 day ahead inc hosp,2021-01-20,06079,quantile,0.9,104.92898469182855
26109,2020-12-27,24 day ahead inc hosp,2021-01-20,06079,quantile,0.95,112.50941308628713
26110,2020-12-27,24 day ahead inc hosp,2021-01-20,06079,quantile,0.975,119.08430421903338
26111,2020-12-27,24 day ahead inc hosp,2021-01-20,06079,quantile,0.99,126.7290360669309
26112,2020-12-27,25 day ahead inc hosp,2021-01-21,06079,point,NA,83.17130279541016
26113,2020-12-27,25 day ahead inc hosp,2021-01-21,06079,quantile,0.01,59.334865137183286
26114,2020-12-27,25 day ahead inc hosp,2021-01-21,06079,quantile,0.025,63.08894114555539
26115,2020-12-27,25 day ahead inc hosp,2021-01-21,06079,quantile,0.05,66.31765361712357
26116,2020-12-27,25 day ahead inc hosp,2021-01-21,06079,quantile,0.1,70.04015231753857
26117,2020-12-27,25 day ahead inc hosp,2021-01-21,06079,quantile,0.15,72.55170451810635
26118,2020-12-27,25 day ahead inc hosp,2021-01-21,06079,quantile,0.2,74.54780658929263
26119,2020-12-27,25 day ahead inc hosp,2021-01-21,06079,quantile,0.25,76.26028443007188
26120,2020-12-27,25 day ahead inc hosp,2021-01-21,06079,quantile,0.3,77.7981424574443
26121,2020-12-27,25 day ahead inc hosp,2021-01-21,06079,quantile,0.35,79.22319710646639
26122,2020-12-27,25 day ahead inc hosp,2021-01-21,06079,quantile,0.4,80.57543461199037
26123,2020-12-27,25 day ahead inc hosp,2021-01-21,06079,quantile,0.45,81.883740047902
26124,2020-12-27,25 day ahead inc hosp,2021-01-21,06079,quantile,0.5,83.17130279541016
26125,2020-12-27,25 day ahead inc hosp,2021-01-21,06079,quantile,0.55,86.35301066935213
26126,2020-12-27,25 day ahead inc hosp,2021-01-21,06079,quantile,0.6,89.58597598697808
26127,2020-12-27,25 day ahead inc hosp,2021-01-21,06079,quantile,0.65,92.92750223654679
26128,2020-12-27,25 day ahead inc hosp,2021-01-21,06079,quantile,0.7,96.44896758366566
26129,2020-12-27,25 day ahead inc hosp,2021-01-21,06079,quantile,0.75,100.24918237254896
26130,2020-12-27,25 day ahead inc hosp,2021-01-21,06079,quantile,0.8,104.48090175127689
26131,2020-12-27,25 day ahead inc hosp,2021-01-21,06079,quantile,0.85,109.41348751408843
26132,2020-12-27,25 day ahead inc hosp,2021-01-21,06079,quantile,0.9,115.61980672286322
26133,2020-12-27,25 day ahead inc hosp,2021-01-21,06079,quantile,0.95,124.81850670759857
26134,2020-12-27,25 day ahead inc hosp,2021-01-21,06079,quantile,0.975,132.7970071056291
26135,2020-12-27,25 day ahead inc hosp,2021-01-21,06079,quantile,0.99,142.07373805977505
26136,2020-12-27,26 day ahead inc hosp,2021-01-22,06079,point,NA,79.2803726196289
26137,2020-12-27,26 day ahead inc hosp,2021-01-22,06079,quantile,0.01,59.34197689130483
26138,2020-12-27,26 day ahead inc hosp,2021-01-22,06079,quantile,0.025,62.48213793895603
26139,2020-12-27,26 day ahead inc hosp,2021-01-22,06079,quantile,0.05,65.18284967592498
26140,2020-12-27,26 day ahead inc hosp,2021-01-22,06079,quantile,0.1,68.29659734456749
26141,2020-12-27,26 day ahead inc hosp,2021-01-22,06079,quantile,0.15,70.39742811405036
26142,2020-12-27,26 day ahead inc hosp,2021-01-22,06079,quantile,0.2,72.0671018119447
26143,2020-12-27,26 day ahead inc hosp,2021-01-22,06079,quantile,0.25,73.49953317417294
26144,2020-12-27,26 day ahead inc hosp,2021-01-22,06079,quantile,0.3,74.78590080860629
26145,2020-12-27,26 day ahead inc hosp,2021-01-22,06079,quantile,0.35,75.97791212900943
26146,2020-12-27,26 day ahead inc hosp,2021-01-22,06079,quantile,0.4,77.10901430503084
26147,2020-12-27,26 day ahead inc hosp,2021-01-22,06079,quantile,0.45,78.2033687504704
26148,2020-12-27,26 day ahead inc hosp,2021-01-22,06079,quantile,0.5,79.2803726196289
26149,2020-12-27,26 day ahead inc hosp,2021-01-22,06079,quantile,0.55,82.22287721896573
26150,2020-12-27,26 day ahead inc hosp,2021-01-22,06079,quantile,0.6,85.21278568747158
26151,2020-12-27,26 day ahead inc hosp,2021-01-22,06079,quantile,0.65,88.30309339255287
26152,2020-12-27,26 day ahead inc hosp,2021-01-22,06079,quantile,0.7,91.55981223376587
26153,2020-12-27,26 day ahead inc hosp,2021-01-22,06079,quantile,0.75,95.0743239167328
26154,2020-12-27,26 day ahead inc hosp,2021-01-22,06079,quantile,0.8,98.98789933859658
26155,2020-12-27,26 day ahead inc hosp,2021-01-22,06079,quantile,0.85,103.54964946423398
26156,2020-12-27,26 day ahead inc hosp,2021-01-22,06079,quantile,0.9,109.2893727638927
26157,2020-12-27,26 day ahead inc hosp,2021-01-22,06079,quantile,0.95,117.79650732350535
26158,2020-12-27,26 day ahead inc hosp,2021-01-22,06079,quantile,0.975,125.17517785114529
26159,2020-12-27,26 day ahead inc hosp,2021-01-22,06079,quantile,0.99,133.75447695114892
26160,2020-12-27,27 day ahead inc hosp,2021-01-23,06079,point,NA,81.18260192871094
26161,2020-12-27,27 day ahead inc hosp,2021-01-23,06079,quantile,0.01,43.10864931819728
26162,2020-12-27,27 day ahead inc hosp,2021-01-23,06079,quantile,0.025,49.105036617693536
26163,2020-12-27,27 day ahead inc hosp,2021-01-23,06079,quantile,0.05,54.26226050316091
26164,2020-12-27,27 day ahead inc hosp,2021-01-23,06079,quantile,0.1,60.20820935443076
26165,2020-12-27,27 day ahead inc hosp,2021-01-23,06079,quantile,0.15,64.21991281592702
26166,2020-12-27,27 day ahead inc hosp,2021-01-23,06079,quantile,0.2,67.40828755353652
26167,2020-12-27,27 day ahead inc hosp,2021-01-23,06079,quantile,0.25,70.14362918013569
26168,2020-12-27,27 day ahead inc hosp,2021-01-23,06079,quantile,0.3,72.6000505001087
26169,2020-12-27,27 day ahead inc hosp,2021-01-23,06079,quantile,0.35,74.8762909330214
26170,2020-12-27,27 day ahead inc hosp,2021-01-23,06079,quantile,0.4,77.03622050981829
26171,2020-12-27,27 day ahead inc hosp,2021-01-23,06079,quantile,0.45,79.12597737203063
26172,2020-12-27,27 day ahead inc hosp,2021-01-23,06079,quantile,0.5,81.18260192871094
26173,2020-12-27,27 day ahead inc hosp,2021-01-23,06079,quantile,0.55,84.23476300334829
26174,2020-12-27,27 day ahead inc hosp,2021-01-23,06079,quantile,0.6,87.33609451744645
26175,2020-12-27,27 day ahead inc hosp,2021-01-23,06079,quantile,0.65,90.54156678356517
26176,2020-12-27,27 day ahead inc hosp,2021-01-23,06079,quantile,0.7,93.91965172536224
26177,2020-12-27,27 day ahead inc hosp,2021-01-23,06079,quantile,0.75,97.56513651322882
26178,2020-12-27,27 day ahead inc hosp,2021-01-23,06079,quantile,0.8,101.6245566983195
26179,2020-12-27,27 day ahead inc hosp,2021-01-23,06079,quantile,0.85,106.3563067077606
26180,2020-12-27,27 day ahead inc hosp,2021-01-23,06079,quantile,0.9,112.3099286794495
26181,2020-12-27,27 day ahead inc hosp,2021-01-23,06079,quantile,0.95,121.13409329261742
26182,2020-12-27,27 day ahead inc hosp,2021-01-23,06079,quantile,0.975,128.7877401117633
26183,2020-12-27,27 day ahead inc hosp,2021-01-23,06079,quantile,0.99,137.6867585760348
26184,2020-12-27,28 day ahead inc hosp,2021-01-24,06079,point,NA,81.40643310546875
26185,2020-12-27,28 day ahead inc hosp,2021-01-24,06079,quantile,0.01,43.85032771124783
26186,2020-12-27,28 day ahead inc hosp,2021-01-24,06079,quantile,0.025,49.76515761367993
26187,2020-12-27,28 day ahead inc hosp,2021-01-24,06079,quantile,0.05,54.85223763832445
26188,2020-12-27,28 day ahead inc hosp,2021-01-24,06079,quantile,0.1,60.717315110351194
26189,2020-12-27,28 day ahead inc hosp,2021-01-24,06079,quantile,0.15,64.67445503620986
26190,2020-12-27,28 day ahead inc hosp,2021-01-24,06079,quantile,0.2,67.81946440539389
26191,2020-12-27,28 day ahead inc hosp,2021-01-24,06079,quantile,0.25,70.51760240720961
26192,2020-12-27,28 day ahead inc hosp,2021-01-24,06079,quantile,0.3,72.94061372230072
26193,2020-12-27,28 day ahead inc hosp,2021-01-24,06079,quantile,0.35,75.18589480660428
26194,2020-12-27,28 day ahead inc hosp,2021-01-24,06079,quantile,0.4,77.31644698909241
26195,2020-12-27,28 day ahead inc hosp,2021-01-24,06079,quantile,0.45,79.3777808823292
26196,2020-12-27,28 day ahead inc hosp,2021-01-24,06079,quantile,0.5,81.40643310546875
26197,2020-12-27,28 day ahead inc hosp,2021-01-24,06079,quantile,0.55,84.2986156908
26198,2020-12-27,28 day ahead inc hosp,2021-01-24,06079,quantile,0.6,87.23739145560117
26199,2020-12-27,28 day ahead inc hosp,2021-01-24,06079,quantile,0.65,90.27484945310623
26200,2020-12-27,28 day ahead inc hosp,2021-01-24,06079,quantile,0.7,93.47587266306118
26201,2020-12-27,28 day ahead inc hosp,2021-01-24,06079,quantile,0.75,96.93028000288695
26202,2020-12-27,28 day ahead inc hosp,2021-01-24,06079,quantile,0.8,100.77692638843406
26203,2020-12-27,28 day ahead inc hosp,2021-01-24,06079,quantile,0.85,105.26066254809024
26204,2020-12-27,28 day ahead inc hosp,2021-01-24,06079,quantile,0.9,110.9022264646375
26205,2020-12-27,28 day ahead inc hosp,2021-01-24,06079,quantile,0.95,119.26387403179051
26206,2020-12-27,28 day ahead inc hosp,2021-01-24,06079,quantile,0.975,126.51635629052574
26207,2020-12-27,28 day ahead inc hosp,2021-01-24,06079,quantile,0.99,134.94893425725883
26208,2020-12-27,1 day ahead inc hosp,2020-12-28,06081,point,NA,159.21566772460938
26209,2020-12-27,1 day ahead inc hosp,2020-12-28,06081,quantile,0.01,104.8455836514419
26210,2020-12-27,1 day ahead inc hosp,2020-12-28,06081,quantile,0.025,113.40850027173673
26211,2020-12-27,1 day ahead inc hosp,2020-12-28,06081,quantile,0.05,120.77308096304063
26212,2020-12-27,1 day ahead inc hosp,2020-12-28,06081,quantile,0.1,129.26397084372576
26213,2020-12-27,1 day ahead inc hosp,2020-12-28,06081,quantile,0.15,134.99273393563385
26214,2020-12-27,1 day ahead inc hosp,2020-12-28,06081,quantile,0.2,139.5457732355967
26215,2020-12-27,1 day ahead inc hosp,2020-12-28,06081,quantile,0.25,143.45187554465835
26216,2020-12-27,1 day ahead inc hosp,2020-12-28,06081,quantile,0.3,146.9596761413627
26217,2020-12-27,1 day ahead inc hosp,2020-12-28,06081,quantile,0.35,150.21017616100164
26218,2020-12-27,1 day ahead inc hosp,2020-12-28,06081,quantile,0.4,153.29458281254904
26219,2020-12-27,1 day ahead inc hosp,2020-12-28,06081,quantile,0.45,156.27878194346852
26220,2020-12-27,1 day ahead inc hosp,2020-12-28,06081,quantile,0.5,159.21566772460938
26221,2020-12-27,1 day ahead inc hosp,2020-12-28,06081,quantile,0.55,167.09404273805916
26222,2020-12-27,1 day ahead inc hosp,2020-12-28,06081,quantile,0.6,175.09933869446556
26223,2020-12-27,1 day ahead inc hosp,2020-12-28,06081,quantile,0.65,183.37344742927294
26224,2020-12-27,1 day ahead inc hosp,2020-12-28,06081,quantile,0.7,192.0931117418542
26225,2020-12-27,1 day ahead inc hosp,2020-12-28,06081,quantile,0.75,201.50300052632863
26226,2020-12-27,1 day ahead inc hosp,2020-12-28,06081,quantile,0.8,211.98135791744764
26227,2020-12-27,1 day ahead inc hosp,2020-12-28,06081,quantile,0.85,224.19516319595866
26228,2020-12-27,1 day ahead inc hosp,2020-12-28,06081,quantile,0.9,239.56291916763607
26229,2020-12-27,1 day ahead inc hosp,2020-12-28,06081,quantile,0.95,262.3402485099972
26230,2020-12-27,1 day ahead inc hosp,2020-12-28,06081,quantile,0.975,282.096184840747
26231,2020-12-27,1 day ahead inc hosp,2020-12-28,06081,quantile,0.99,305.06673029974615
26232,2020-12-27,2 day ahead inc hosp,2020-12-29,06081,point,NA,166.13121032714844
26233,2020-12-27,2 day ahead inc hosp,2020-12-29,06081,quantile,0.01,105.99934994300231
26234,2020-12-27,2 day ahead inc hosp,2020-12-29,06081,quantile,0.025,115.46970695035458
26235,2020-12-27,2 day ahead inc hosp,2020-12-29,06081,quantile,0.05,123.61473643607899
26236,2020-12-27,2 day ahead inc hosp,2020-12-29,06081,quantile,0.1,133.005433793755
26237,2020-12-27,2 day ahead inc hosp,2020-12-29,06081,quantile,0.15,139.3412927185433
26238,2020-12-27,2 day ahead inc hosp,2020-12-29,06081,quantile,0.2,144.37683254114975
26239,2020-12-27,2 day ahead inc hosp,2020-12-29,06081,quantile,0.25,148.69687733597846
26240,2020-12-27,2 day ahead inc hosp,2020-12-29,06081,quantile,0.3,152.57641107833197
26241,2020-12-27,2 day ahead inc hosp,2020-12-29,06081,quantile,0.35,156.17137725672814
26242,2020-12-27,2 day ahead inc hosp,2020-12-29,06081,quantile,0.4,159.58264860751703
26243,2020-12-27,2 day ahead inc hosp,2020-12-29,06081,quantile,0.45,162.883093117727
26244,2020-12-27,2 day ahead inc hosp,2020-12-29,06081,quantile,0.5,166.13121032714844
26245,2020-12-27,2 day ahead inc hosp,2020-12-29,06081,quantile,0.55,172.80544836955616
26246,2020-12-27,2 day ahead inc hosp,2020-12-29,06081,quantile,0.6,179.58720865918028
26247,2020-12-27,2 day ahead inc hosp,2020-12-29,06081,quantile,0.65,186.59669617286087
26248,2020-12-27,2 day ahead inc hosp,2020-12-29,06081,quantile,0.7,193.9836402029054
26249,2020-12-27,2 day ahead inc hosp,2020-12-29,06081,quantile,0.75,201.9553142591604
26250,2020-12-27,2 day ahead inc hosp,2020-12-29,06081,quantile,0.8,210.8321513483265
26251,2020-12-27,2 day ahead inc hosp,2020-12-29,06081,quantile,0.85,221.17918911858158
26252,2020-12-27,2 day ahead inc hosp,2020-12-29,06081,quantile,0.9,234.19812530244008
26253,2020-12-27,2 day ahead inc hosp,2020-12-29,06081,quantile,0.95,253.49414989402266
26254,2020-12-27,2 day ahead inc hosp,2020-12-29,06081,quantile,0.975,270.2305735343005
26255,2020-12-27,2 day ahead inc hosp,2020-12-29,06081,quantile,0.99,289.6902829408189
26256,2020-12-27,3 day ahead inc hosp,2020-12-30,06081,point,NA,171.34866333007812
26257,2020-12-27,3 day ahead inc hosp,2020-12-30,06081,quantile,0.01,112.822370254034
26258,2020-12-27,3 day ahead inc hosp,2020-12-30,06081,quantile,0.025,122.03986138446308
26259,2020-12-27,3 day ahead inc hosp,2020-12-30,06081,quantile,0.05,129.96741226596234
26260,2020-12-27,3 day ahead inc hosp,2020-12-30,06081,quantile,0.1,139.10737072114233
26261,2020-12-27,3 day ahead inc hosp,2020-12-30,06081,quantile,0.15,145.27405729880215
26262,2020-12-27,3 day ahead inc hosp,2020-12-30,06081,quantile,0.2,150.17514430278348
26263,2020-12-27,3 day ahead inc hosp,2020-12-30,06081,quantile,0.25,154.3798405511378
26264,2020-12-27,3 day ahead inc hosp,2020-12-30,06081,quantile,0.3,158.15578773376058
26265,2020-12-27,3 day ahead inc hosp,2020-12-30,06081,quantile,0.35,161.65476552708282
26266,2020-12-27,3 day ahead inc hosp,2020-12-30,06081,quantile,0.4,164.97495328716118
26267,2020-12-27,3 day ahead inc hosp,2020-12-30,06081,quantile,0.45,168.1872733692569
26268,2020-12-27,3 day ahead inc hosp,2020-12-30,06081,quantile,0.5,171.34866333007812
26269,2020-12-27,3 day ahead inc hosp,2020-12-30,06081,quantile,0.55,178.63425937537406
26270,2020-12-27,3 day ahead inc hosp,2020-12-30,06081,quantile,0.6,186.03722667026037
26271,2020-12-27,3 day ahead inc hosp,2020-12-30,06081,quantile,0.65,193.68878092780074
26272,2020-12-27,3 day ahead inc hosp,2020-12-30,06081,quantile,0.7,201.752366594083
26273,2020-12-27,3 day ahead inc hosp,2020-12-30,06081,quantile,0.75,210.45424336407723
26274,2020-12-27,3 day ahead inc hosp,2020-12-30,06081,quantile,0.8,220.1441958021887
26275,2020-12-27,3 day ahead inc hosp,2020-12-30,06081,quantile,0.85,231.43901881876533
26276,2020-12-27,3 day ahead inc hosp,2020-12-30,06081,quantile,0.9,245.65048526218607
26277,2020-12-27,3 day ahead inc hosp,2020-12-30,06081,quantile,0.95,266.7140193406997
26278,2020-12-27,3 day ahead inc hosp,2020-12-30,06081,quantile,0.975,284.9834938651681
26279,2020-12-27,3 day ahead inc hosp,2020-12-30,06081,quantile,0.99,306.2257062336669
26280,2020-12-27,4 day ahead inc hosp,2020-12-31,06081,point,NA,183.88673400878906
26281,2020-12-27,4 day ahead inc hosp,2020-12-31,06081,quantile,0.01,117.46628260421237
26282,2020-12-27,4 day ahead inc hosp,2020-12-31,06081,quantile,0.025,127.92704971456568
26283,2020-12-27,4 day ahead inc hosp,2020-12-31,06081,quantile,0.05,136.92388652768443
26284,2020-12-27,4 day ahead inc hosp,2020-12-31,06081,quantile,0.1,147.2966631807922
26285,2020-12-27,4 day ahead inc hosp,2020-12-31,06081,quantile,0.15,154.29512634377636
26286,2020-12-27,4 day ahead inc hosp,2020-12-31,06081,quantile,0.2,159.85728300991912
26287,2020-12-27,4 day ahead inc hosp,2020-12-31,06081,quantile,0.25,164.6291181656491
26288,2020-12-27,4 day ahead inc hosp,2020-12-31,06081,quantile,0.3,168.91437361526005
26289,2020-12-27,4 day ahead inc hosp,2020-12-31,06081,quantile,0.35,172.88530142005175
26290,2020-12-27,4 day ahead inc hosp,2020-12-31,06081,quantile,0.4,176.6533235889224
26291,2020-12-27,4 day ahead inc hosp,2020-12-31,06081,quantile,0.45,180.29892864427006
26292,2020-12-27,4 day ahead inc hosp,2020-12-31,06081,quantile,0.5,183.88673400878906
26293,2020-12-27,4 day ahead inc hosp,2020-12-31,06081,quantile,0.55,192.86240863411828
26294,2020-12-27,4 day ahead inc hosp,2020-12-31,06081,quantile,0.6,201.9826817439286
26295,2020-12-27,4 day ahead inc hosp,2020-12-31,06081,quantile,0.65,211.40920786022042
26296,2020-12-27,4 day ahead inc hosp,2020-12-31,06081,quantile,0.7,221.34334650914388
26297,2020-12-27,4 day ahead inc hosp,2020-12-31,06081,quantile,0.75,232.06384405410572
26298,2020-12-27,4 day ahead inc hosp,2020-12-31,06081,quantile,0.8,244.00162645086104
26299,2020-12-27,4 day ahead inc hosp,2020-12-31,06081,quantile,0.85,257.9165698154369
26300,2020-12-27,4 day ahead inc hosp,2020-12-31,06081,quantile,0.9,275.424745941574
26301,2020-12-27,4 day ahead inc hosp,2020-12-31,06081,quantile,0.95,301.37450038484167
26302,2020-12-27,4 day ahead inc hosp,2020-12-31,06081,quantile,0.975,323.88204237425055
26303,2020-12-27,4 day ahead inc hosp,2020-12-31,06081,quantile,0.99,350.05192406360027
26304,2020-12-27,5 day ahead inc hosp,2021-01-01,06081,point,NA,179.2699432373047
26305,2020-12-27,5 day ahead inc hosp,2021-01-01,06081,quantile,0.01,120.34003753743835
26306,2020-12-27,5 day ahead inc hosp,2021-01-01,06081,quantile,0.025,129.62109489741448
26307,2020-12-27,5 day ahead inc hosp,2021-01-01,06081,quantile,0.05,137.60331624313756
26308,2020-12-27,5 day ahead inc hosp,2021-01-01,06081,quantile,0.1,146.80630624225847
26309,2020-12-27,5 day ahead inc hosp,2021-01-01,06081,quantile,0.15,153.01551990337228
26310,2020-12-27,5 day ahead inc hosp,2021-01-01,06081,quantile,0.2,157.95040608514688
26311,2020-12-27,5 day ahead inc hosp,2021-01-01,06081,quantile,0.25,162.18409901851194
26312,2020-12-27,5 day ahead inc hosp,2021-01-01,06081,quantile,0.3,165.98608612045464
26313,2020-12-27,5 day ahead inc hosp,2021-01-01,06081,quantile,0.35,169.5091937797505
26314,2020-12-27,5 day ahead inc hosp,2021-01-01,06081,quantile,0.4,172.85227842297311
26315,2020-12-27,5 day ahead inc hosp,2021-01-01,06081,quantile,0.45,176.08675150449434
26316,2020-12-27,5 day ahead inc hosp,2021-01-01,06081,quantile,0.5,179.2699432373047
26317,2020-12-27,5 day ahead inc hosp,2021-01-01,06081,quantile,0.55,187.94725461377246
26318,2020-12-27,5 day ahead inc hosp,2021-01-01,06081,quantile,0.6,196.76435783060697
26319,2020-12-27,5 day ahead inc hosp,2021-01-01,06081,quantile,0.65,205.87753380053795
26320,2020-12-27,5 day ahead inc hosp,2021-01-01,06081,quantile,0.7,215.48144859380062
26321,2020-12-27,5 day ahead inc hosp,2021-01-01,06081,quantile,0.75,225.84558267746905
26322,2020-12-27,5 day ahead inc hosp,2021-01-01,06081,quantile,0.8,237.38653746083855
26323,2020-12-27,5 day ahead inc hosp,2021-01-01,06081,quantile,0.85,250.8389297767989
26324,2020-12-27,5 day ahead inc hosp,2021-01-01,06081,quantile,0.9,267.7651110636967
26325,2020-12-27,5 day ahead inc hosp,2021-01-01,06081,quantile,0.95,292.85226148375244
26326,2020-12-27,5 day ahead inc hosp,2021-01-01,06081,quantile,0.975,314.61162312659496
26327,2020-12-27,5 day ahead inc hosp,2021-01-01,06081,quantile,0.99,339.9115834730832
26328,2020-12-27,6 day ahead inc hosp,2021-01-02,06081,point,NA,189.8206787109375
26329,2020-12-27,6 day ahead inc hosp,2021-01-02,06081,quantile,0.01,75.1907444761987
26330,2020-12-27,6 day ahead inc hosp,2021-01-02,06081,quantile,0.025,93.24417561897612
26331,2020-12-27,6 day ahead inc hosp,2021-01-02,06081,quantile,0.05,108.77112237106363
26332,2020-12-27,6 day ahead inc hosp,2021-01-02,06081,quantile,0.1,126.67269757016635
26333,2020-12-27,6 day ahead inc hosp,2021-01-02,06081,quantile,0.15,138.750805369082
26334,2020-12-27,6 day ahead inc hosp,2021-01-02,06081,quantile,0.2,148.35010256385124
26335,2020-12-27,6 day ahead inc hosp,2021-01-02,06081,quantile,0.25,156.58544481933384
26336,2020-12-27,6 day ahead inc hosp,2021-01-02,06081,quantile,0.3,163.9810366887097
26337,2020-12-27,6 day ahead inc hosp,2021-01-02,06081,quantile,0.35,170.83415471920242
26338,2020-12-27,6 day ahead inc hosp,2021-01-02,06081,quantile,0.4,177.33709356226663
26339,2020-12-27,6 day ahead inc hosp,2021-01-02,06081,quantile,0.45,183.62876215082937
26340,2020-12-27,6 day ahead inc hosp,2021-01-02,06081,quantile,0.5,189.8206787109375
26341,2020-12-27,6 day ahead inc hosp,2021-01-02,06081,quantile,0.55,198.63563926904638
26342,2020-12-27,6 day ahead inc hosp,2021-01-02,06081,quantile,0.6,207.59260920145525
26343,2020-12-27,6 day ahead inc hosp,2021-01-02,06081,quantile,0.65,216.85034852286563
26344,2020-12-27,6 day ahead inc hosp,2021-01-02,06081,quantile,0.7,226.6066113136231
26345,2020-12-27,6 day ahead inc hosp,2021-01-02,06081,quantile,0.75,237.13515284023572
26346,2020-12-27,6 day ahead inc hosp,2021-01-02,06081,quantile,0.8,248.8591831077461
26347,2020-12-27,6 day ahead inc hosp,2021-01-02,06081,quantile,0.85,262.52497225978505
26348,2020-12-27,6 day ahead inc hosp,2021-01-02,06081,quantile,0.9,279.7196554940451
26349,2020-12-27,6 day ahead inc hosp,2021-01-02,06081,quantile,0.95,305.20476624711296
26350,2020-12-27,6 day ahead inc hosp,2021-01-02,06081,quantile,0.975,327.30929912943554
26351,2020-12-27,6 day ahead inc hosp,2021-01-02,06081,quantile,0.99,353.01059563710976
26352,2020-12-27,7 day ahead inc hosp,2021-01-03,06081,point,NA,185.0609588623047
26353,2020-12-27,7 day ahead inc hosp,2021-01-03,06081,quantile,0.01,72.85607260939132
26354,2020-12-27,7 day ahead inc hosp,2021-01-03,06081,quantile,0.025,90.5275752703102
26355,2020-12-27,7 day ahead inc hosp,2021-01-03,06081,quantile,0.05,105.72604245781946
26356,2020-12-27,7 day ahead inc hosp,2021-01-03,06081,quantile,0.1,123.24890175607223
26357,2020-12-27,7 day ahead inc hosp,2021-01-03,06081,quantile,0.15,135.0714917346422
26358,2020-12-27,7 day ahead inc hosp,2021-01-03,06081,quantile,0.2,144.46771146588043
26359,2020-12-27,7 day ahead inc hosp,2021-01-03,06081,quantile,0.25,152.52883134001365
26360,2020-12-27,7 day ahead inc hosp,2021-01-03,06081,quantile,0.3,159.7679661263687
26361,2020-12-27,7 day ahead inc hosp,2021-01-03,06081,quantile,0.35,166.47610335267612
26362,2020-12-27,7 day ahead inc hosp,2021-01-03,06081,quantile,0.4,172.84146959027225
26363,2020-12-27,7 day ahead inc hosp,2021-01-03,06081,quantile,0.45,179.00003509092983
26364,2020-12-27,7 day ahead inc hosp,2021-01-03,06081,quantile,0.5,185.0609588623047
26365,2020-12-27,7 day ahead inc hosp,2021-01-03,06081,quantile,0.55,193.8062300641598
26366,2020-12-27,7 day ahead inc hosp,2021-01-03,06081,quantile,0.6,202.69238794194183
26367,2020-12-27,7 day ahead inc hosp,2021-01-03,06081,quantile,0.65,211.8769373846884
26368,2020-12-27,7 day ahead inc hosp,2021-01-03,06081,quantile,0.7,221.5560690676152
26369,2020-12-27,7 day ahead inc hosp,2021-01-03,06081,quantile,0.75,232.00137400156876
26370,2020-12-27,7 day ahead inc hosp,2021-01-03,06081,quantile,0.8,243.6327163759619
26371,2020-12-27,7 day ahead inc hosp,2021-01-03,06081,quantile,0.85,257.1904664684467
26372,2020-12-27,7 day ahead inc hosp,2021-01-03,06081,quantile,0.9,274.2492118958744
26373,2020-12-27,7 day ahead inc hosp,2021-01-03,06081,quantile,0.95,299.5328423416022
26374,2020-12-27,7 day ahead inc hosp,2021-01-03,06081,quantile,0.975,321.46262110486725
26375,2020-12-27,7 day ahead inc hosp,2021-01-03,06081,quantile,0.99,346.9607281828554
26376,2020-12-27,8 day ahead inc hosp,2021-01-04,06081,point,NA,163.65744018554688
26377,2020-12-27,8 day ahead inc hosp,2021-01-04,06081,quantile,0.01,106.5321570687027
26378,2020-12-27,8 day ahead inc hosp,2021-01-04,06081,quantile,0.025,115.52899870650478
26379,2020-12-27,8 day ahead inc hosp,2021-01-04,06081,quantile,0.05,123.26677885158281
26380,2020-12-27,8 day ahead inc hosp,2021-01-04,06081,quantile,0.1,132.18794380132513
26381,2020-12-27,8 day ahead inc hosp,2021-01-04,06081,quantile,0.15,138.20701143959064
26382,2020-12-27,8 day ahead inc hosp,2021-01-04,06081,quantile,0.2,142.990775590157
26383,2020-12-27,8 day ahead inc hosp,2021-01-04,06081,quantile,0.25,147.09481927690618
26384,2020-12-27,8 day ahead inc hosp,2021-01-04,06081,quantile,0.3,150.78037734840942
26385,2020-12-27,8 day ahead inc hosp,2021-01-04,06081,quantile,0.35,154.19559615960895
26386,2020-12-27,8 day ahead inc hosp,2021-01-04,06081,quantile,0.4,157.4363048364616
26387,2020-12-27,8 day ahead inc hosp,2021-01-04,06081,quantile,0.45,160.5717279857325
26388,2020-12-27,8 day ahead inc hosp,2021-01-04,06081,quantile,0.5,163.65744018554688
26389,2020-12-27,8 day ahead inc hosp,2021-01-04,06081,quantile,0.55,171.04792067738074
26390,2020-12-27,8 day ahead inc hosp,2021-01-04,06081,quantile,0.6,178.55746211151867
26391,2020-12-27,8 day ahead inc hosp,2021-01-04,06081,quantile,0.65,186.31916920054564
26392,2020-12-27,8 day ahead inc hosp,2021-01-04,06081,quantile,0.7,194.498839359361
26393,2020-12-27,8 day ahead inc hosp,2021-01-04,06081,quantile,0.75,203.3259895487416
26394,2020-12-27,8 day ahead inc hosp,2021-01-04,06081,quantile,0.8,213.15543987997415
26395,2020-12-27,8 day ahead inc hosp,2021-01-04,06081,quantile,0.85,224.61286472809238
26396,2020-12-27,8 day ahead inc hosp,2021-01-04,06081,quantile,0.9,239.02892140450757
26397,2020-12-27,8 day ahead inc hosp,2021-01-04,06081,quantile,0.95,260.3956890277061
26398,2020-12-27,8 day ahead inc hosp,2021-01-04,06081,quantile,0.975,278.9281734297637
26399,2020-12-27,8 day ahead inc hosp,2021-01-04,06081,quantile,0.99,300.4761916202789
26400,2020-12-27,9 day ahead inc hosp,2021-01-05,06081,point,NA,169.460205078125
26401,2020-12-27,9 day ahead inc hosp,2021-01-05,06081,quantile,0.01,109.0519098479539
26402,2020-12-27,9 day ahead inc hosp,2021-01-05,06081,quantile,0.025,118.56580345411425
26403,2020-12-27,9 day ahead inc hosp,2021-01-05,06081,quantile,0.05,126.74827681663494
26404,2020-12-27,9 day ahead inc hosp,2021-01-05,06081,quantile,0.1,136.18214456620558
26405,2020-12-27,9 day ahead inc hosp,2021-01-05,06081,quantile,0.15,142.54713034945325
26406,2020-12-27,9 day ahead inc hosp,2021-01-05,06081,quantile,0.2,147.60581927582308
26407,2020-12-27,9 day ahead inc hosp,2021-01-05,06081,quantile,0.25,151.94572394044545
26408,2020-12-27,9 day ahead inc hosp,2021-01-05,06081,quantile,0.3,155.84309245966875
26409,2020-12-27,9 day ahead inc hosp,2021-01-05,06081,quantile,0.35,159.45458521674783
26410,2020-12-27,9 day ahead inc hosp,2021-01-05,06081,quantile,0.4,162.88153867456919
26411,2020-12-27,9 day ahead inc hosp,2021-01-05,06081,quantile,0.45,166.19715580482057
26412,2020-12-27,9 day ahead inc hosp,2021-01-05,06081,quantile,0.5,169.460205078125
26413,2020-12-27,9 day ahead inc hosp,2021-01-05,06081,quantile,0.55,176.04714878905693
26414,2020-12-27,9 day ahead inc hosp,2021-01-05,06081,quantile,0.6,182.74020843196297
26415,2020-12-27,9 day ahead inc hosp,2021-01-05,06081,quantile,0.65,189.65801678727274
26416,2020-12-27,9 day ahead inc hosp,2021-01-05,06081,quantile,0.7,196.94834479363718
26417,2020-12-27,9 day ahead inc hosp,2021-01-05,06081,quantile,0.75,204.8157549694219
26418,2020-12-27,9 day ahead inc hosp,2021-01-05,06081,quantile,0.8,213.57648928335067
26419,2020-12-27,9 day ahead inc hosp,2021-01-05,06081,quantile,0.85,223.78819508924215
26420,2020-12-27,9 day ahead inc hosp,2021-01-05,06081,quantile,0.9,236.6368527598869
26421,2020-12-27,9 day ahead inc hosp,2021-01-05,06081,quantile,0.95,255.6804989442026
26422,2020-12-27,9 day ahead inc hosp,2021-01-05,06081,quantile,0.975,272.1980219543725
26423,2020-12-27,9 day ahead inc hosp,2021-01-05,06081,quantile,0.99,291.40321207156353
26424,2020-12-27,10 day ahead inc hosp,2021-01-06,06081,point,NA,167.9019317626953
26425,2020-12-27,10 day ahead inc hosp,2021-01-06,06081,quantile,0.01,108.23280023758153
26426,2020-12-27,10 day ahead inc hosp,2021-01-06,06081,quantile,0.025,117.63028061240246
26427,2020-12-27,10 day ahead inc hosp,2021-01-06,06081,quantile,0.05,125.71263217370151
26428,2020-12-27,10 day ahead inc hosp,2021-01-06,06081,quantile,0.1,135.0310658986531
26429,2020-12-27,10 day ahead inc hosp,2021-01-06,06081,quantile,0.15,141.31816889351458
26430,2020-12-27,10 day ahead inc hosp,2021-01-06,06081,quantile,0.2,146.3149590486097
26431,2020-12-27,10 day ahead inc hosp,2021-01-06,06081,quantile,0.25,150.60176007904943
26432,2020-12-27,10 day ahead inc hosp,2021-01-06,06081,quantile,0.3,154.45143989353994
26433,2020-12-27,10 day ahead inc hosp,2021-01-06,06081,quantile,0.35,158.0187419586464
26434,2020-12-27,10 day ahead inc hosp,2021-01-06,06081,quantile,0.4,161.40376277120285
26435,2020-12-27,10 day ahead inc hosp,2021-01-06,06081,quantile,0.45,164.67880958187794
26436,2020-12-27,10 day ahead inc hosp,2021-01-06,06081,quantile,0.5,167.9019317626953
26437,2020-12-27,10 day ahead inc hosp,2021-01-06,06081,quantile,0.55,175.20697160815885
26438,2020-12-27,10 day ahead inc hosp,2021-01-06,06081,quantile,0.6,182.6296959436269
26439,2020-12-27,10 day ahead inc hosp,2021-01-06,06081,quantile,0.65,190.30167067068413
26440,2020-12-27,10 day ahead inc hosp,2021-01-06,06081,quantile,0.7,198.38677643598848
26441,2020-12-27,10 day ahead inc hosp,2021-01-06,06081,quantile,0.75,207.1118767764287
26442,2020-12-27,10 day ahead inc hosp,2021-01-06,06081,quantile,0.8,216.82768976152474
26443,2020-12-27,10 day ahead inc hosp,2021-01-06,06081,quantile,0.85,228.15265640400338
26444,2020-12-27,10 day ahead inc hosp,2021-01-06,06081,quantile,0.9,242.40205041188096
26445,2020-12-27,10 day ahead inc hosp,2021-01-06,06081,quantile,0.95,263.5217988543121
26446,2020-12-27,10 day ahead inc hosp,2021-01-06,06081,quantile,0.975,281.8400309560071
26447,2020-12-27,10 day ahead inc hosp,2021-01-06,06081,quantile,0.99,303.1389345450791
26448,2020-12-27,11 day ahead inc hosp,2021-01-07,06081,point,NA,169.6802520751953
26449,2020-12-27,11 day ahead inc hosp,2021-01-07,06081,quantile,0.01,100.6144789317913
26450,2020-12-27,11 day ahead inc hosp,2021-01-07,06081,quantile,0.025,111.4918661351529
26451,2020-12-27,11 day ahead inc hosp,2021-01-07,06081,quantile,0.05,120.8470192123009
26452,2020-12-27,11 day ahead inc hosp,2021-01-07,06081,quantile,0.1,131.63291156986736
26453,2020-12-27,11 day ahead inc hosp,2021-01-07,06081,quantile,0.15,138.9101019373786
26454,2020-12-27,11 day ahead inc hosp,2021-01-07,06081,quantile,0.2,144.69378214984732
26455,2020-12-27,11 day ahead inc hosp,2021-01-07,06081,quantile,0.25,149.65566478349433
26456,2020-12-27,11 day ahead inc hosp,2021-01-07,06081,quantile,0.3,154.11158874193904
26457,2020-12-27,11 day ahead inc hosp,2021-01-07,06081,quantile,0.35,158.24066635485755
26458,2020-12-27,11 day ahead inc hosp,2021-01-07,06081,quantile,0.4,162.15875722613708
26459,2020-12-27,11 day ahead inc hosp,2021-01-07,06081,quantile,0.45,165.9495554877963
26460,2020-12-27,11 day ahead inc hosp,2021-01-07,06081,quantile,0.5,169.6802520751953
26461,2020-12-27,11 day ahead inc hosp,2021-01-07,06081,quantile,0.55,178.64635388139956
26462,2020-12-27,11 day ahead inc hosp,2021-01-07,06081,quantile,0.6,187.75689995357817
26463,2020-12-27,11 day ahead inc hosp,2021-01-07,06081,quantile,0.65,197.17337240446267
26464,2020-12-27,11 day ahead inc hosp,2021-01-07,06081,quantile,0.7,207.0969160043878
26465,2020-12-27,11 day ahead inc hosp,2021-01-07,06081,quantile,0.75,217.80597982562284
26466,2020-12-27,11 day ahead inc hosp,2021-01-07,06081,quantile,0.8,229.7310302288058
26467,2020-12-27,11 day ahead inc hosp,2021-01-07,06081,quantile,0.85,243.6311328998936
26468,2020-12-27,11 day ahead inc hosp,2021-01-07,06081,quantile,0.9,261.12063604486104
26469,2020-12-27,11 day ahead inc hosp,2021-01-07,06081,quantile,0.95,287.0427143171452
26470,2020-12-27,11 day ahead inc hosp,2021-01-07,06081,quantile,0.975,309.52625135568337
26471,2020-12-27,11 day ahead inc hosp,2021-01-07,06081,quantile,0.99,335.6682221019128
26472,2020-12-27,12 day ahead inc hosp,2021-01-08,06081,point,NA,168.14349365234375
26473,2020-12-27,12 day ahead inc hosp,2021-01-08,06081,quantile,0.01,108.04525360252076
26474,2020-12-27,12 day ahead inc hosp,2021-01-08,06081,quantile,0.025,117.51031563701316
26475,2020-12-27,12 day ahead inc hosp,2021-01-08,06081,quantile,0.05,125.65079115396574
26476,2020-12-27,12 day ahead inc hosp,2021-01-08,06081,quantile,0.1,135.0362380773017
26477,2020-12-27,12 day ahead inc hosp,2021-01-08,06081,quantile,0.15,141.36855455896722
26478,2020-12-27,12 day ahead inc hosp,2021-01-08,06081,quantile,0.2,146.4012789600775
26479,2020-12-27,12 day ahead inc hosp,2021-01-08,06081,quantile,0.25,150.7189083739523
26480,2020-12-27,12 day ahead inc hosp,2021-01-08,06081,quantile,0.3,154.59627302955877
26481,2020-12-27,12 day ahead inc hosp,2021-01-08,06081,quantile,0.35,158.18922922582522
26482,2020-12-27,12 day ahead inc hosp,2021-01-08,06081,quantile,0.4,161.59859330012958
26483,2020-12-27,12 day ahead inc hosp,2021-01-08,06081,quantile,0.45,164.89719249826805
26484,2020-12-27,12 day ahead inc hosp,2021-01-08,06081,quantile,0.5,168.14349365234375
26485,2020-12-27,12 day ahead inc hosp,2021-01-08,06081,quantile,0.55,176.80771178987413
26486,2020-12-27,12 day ahead inc hosp,2021-01-08,06081,quantile,0.6,185.6115108351577
26487,2020-12-27,12 day ahead inc hosp,2021-01-08,06081,quantile,0.65,194.71093588786607
26488,2020-12-27,12 day ahead inc hosp,2021-01-08,06081,quantile,0.7,204.30035928561847
26489,2020-12-27,12 day ahead inc hosp,2021-01-08,06081,quantile,0.75,214.64885487505182
26490,2020-12-27,12 day ahead inc hosp,2021-01-08,06081,quantile,0.8,226.17239545349216
26491,2020-12-27,12 day ahead inc hosp,2021-01-08,06081,quantile,0.85,239.60448938678184
26492,2020-12-27,12 day ahead inc hosp,2021-01-08,06081,quantile,0.9,256.50513067329564
26493,2020-12-27,12 day ahead inc hosp,2021-01-08,06081,quantile,0.95,281.5544269654474
26494,2020-12-27,12 day ahead inc hosp,2021-01-08,06081,quantile,0.975,303.2809557976699
26495,2020-12-27,12 day ahead inc hosp,2021-01-08,06081,quantile,0.99,328.54274090628195
26496,2020-12-27,13 day ahead inc hosp,2021-01-09,06081,point,NA,164.76995849609375
26497,2020-12-27,13 day ahead inc hosp,2021-01-09,06081,quantile,0.01,53.214911552004494
26498,2020-12-27,13 day ahead inc hosp,2021-01-09,06081,quantile,0.025,70.78406896345562
26499,2020-12-27,13 day ahead inc hosp,2021-01-09,06081,quantile,0.05,85.89451359025345
26500,2020-12-27,13 day ahead inc hosp,2021-01-09,06081,quantile,0.1,103.31588851331303
26501,2020-12-27,13 day ahead inc hosp,2021-01-09,06081,quantile,0.15,115.07000746573831
26502,2020-12-27,13 day ahead inc hosp,2021-01-09,06081,quantile,0.2,124.41180859597245
26503,2020-12-27,13 day ahead inc hosp,2021-01-09,06081,quantile,0.25,132.42624215596825
26504,2020-12-27,13 day ahead inc hosp,2021-01-09,06081,quantile,0.3,139.62345118932672
26505,2020-12-27,13 day ahead inc hosp,2021-01-09,06081,quantile,0.35,146.29273795729657
26506,2020-12-27,13 day ahead inc hosp,2021-01-09,06081,quantile,0.4,152.62123890912497
26507,2020-12-27,13 day ahead inc hosp,2021-01-09,06081,quantile,0.45,158.74413681916377
26508,2020-12-27,13 day ahead inc hosp,2021-01-09,06081,quantile,0.5,164.76995849609375
26509,2020-12-27,13 day ahead inc hosp,2021-01-09,06081,quantile,0.55,173.51484429251187
26510,2020-12-27,13 day ahead inc hosp,2021-01-09,06081,quantile,0.6,182.40061055595962
26511,2020-12-27,13 day ahead inc hosp,2021-01-09,06081,quantile,0.65,191.58475523421006
26512,2020-12-27,13 day ahead inc hosp,2021-01-09,06081,quantile,0.7,201.26346035632594
26513,2020-12-27,13 day ahead inc hosp,2021-01-09,06081,quantile,0.75,211.70830496409638
26514,2020-12-27,13 day ahead inc hosp,2021-01-09,06081,quantile,0.8,223.3391347434554
26515,2020-12-27,13 day ahead inc hosp,2021-01-09,06081,quantile,0.85,236.89628734382376
26516,2020-12-27,13 day ahead inc hosp,2021-01-09,06081,quantile,0.9,253.95428098973616
26517,2020-12-27,13 day ahead inc hosp,2021-01-09,06081,quantile,0.95,279.23679718201026
26518,2020-12-27,13 day ahead inc hosp,2021-01-09,06081,quantile,0.975,301.1656094965773
26519,2020-12-27,13 day ahead inc hosp,2021-01-09,06081,quantile,0.99,326.66259286909377
26520,2020-12-27,14 day ahead inc hosp,2021-01-10,06081,point,NA,170.60476684570312
26521,2020-12-27,14 day ahead inc hosp,2021-01-10,06081,quantile,0.01,57.27278073760212
26522,2020-12-27,14 day ahead inc hosp,2021-01-10,06081,quantile,0.025,75.12179392195021
26523,2020-12-27,14 day ahead inc hosp,2021-01-10,06081,quantile,0.05,90.47292995248566
26524,2020-12-27,14 day ahead inc hosp,2021-01-10,06081,quantile,0.1,108.17180664924115
26525,2020-12-27,14 day ahead inc hosp,2021-01-10,06081,quantile,0.15,120.11315473093644
26526,2020-12-27,14 day ahead inc hosp,2021-01-10,06081,quantile,0.2,129.60375963783022
26527,2020-12-27,14 day ahead inc hosp,2021-01-10,06081,quantile,0.25,137.74585358846048
26528,2020-12-27,14 day ahead inc hosp,2021-01-10,06081,quantile,0.3,145.0577055981189
26529,2020-12-27,14 day ahead inc hosp,2021-01-10,06081,quantile,0.35,151.83322616884956
26530,2020-12-27,14 day ahead inc hosp,2021-01-10,06081,quantile,0.4,158.26253261087174
26531,2020-12-27,14 day ahead inc hosp,2021-01-10,06081,quantile,0.45,164.48296099928547
26532,2020-12-27,14 day ahead inc hosp,2021-01-10,06081,quantile,0.5,170.60476684570312
26533,2020-12-27,14 day ahead inc hosp,2021-01-10,06081,quantile,0.55,179.37834713149633
26534,2020-12-27,14 day ahead inc hosp,2021-01-10,06081,quantile,0.6,188.29327015371393
26535,2020-12-27,14 day ahead inc hosp,2021-01-10,06081,quantile,0.65,197.50755065626495
26536,2020-12-27,14 day ahead inc hosp,2021-01-10,06081,quantile,0.7,207.2180143979622
26537,2020-12-27,14 day ahead inc hosp,2021-01-10,06081,quantile,0.75,217.69713154966286
26538,2020-12-27,14 day ahead inc hosp,2021-01-10,06081,quantile,0.8,229.36612543193831
26539,2020-12-27,14 day ahead inc hosp,2021-01-10,06081,quantile,0.85,242.967762955301
26540,2020-12-27,14 day ahead inc hosp,2021-01-10,06081,quantile,0.9,260.08172879214055
26541,2020-12-27,14 day ahead inc hosp,2021-01-10,06081,quantile,0.95,285.4472042029961
26542,2020-12-27,14 day ahead inc hosp,2021-01-10,06081,quantile,0.975,307.4479712676442
26543,2020-12-27,14 day ahead inc hosp,2021-01-10,06081,quantile,0.99,333.02861758734053
26544,2020-12-27,15 day ahead inc hosp,2021-01-11,06081,point,NA,163.59072875976562
26545,2020-12-27,15 day ahead inc hosp,2021-01-11,06081,quantile,0.01,107.88244267676392
26546,2020-12-27,15 day ahead inc hosp,2021-01-11,06081,quantile,0.025,116.65611696695495
26547,2020-12-27,15 day ahead inc hosp,2021-01-11,06081,quantile,0.05,124.2019608814208
26548,2020-12-27,15 day ahead inc hosp,2021-01-11,06081,quantile,0.1,132.90183564960992
26549,2020-12-27,15 day ahead inc hosp,2021-01-11,06081,quantile,0.15,138.77159985295899
26550,2020-12-27,15 day ahead inc hosp,2021-01-11,06081,quantile,0.2,143.43670236646895
26551,2020-12-27,15 day ahead inc hosp,2021-01-11,06081,quantile,0.25,147.43894493445626
26552,2020-12-27,15 day ahead inc hosp,2021-01-11,06081,quantile,0.3,151.0330824550155
26553,2020-12-27,15 day ahead inc hosp,2021-01-11,06081,quantile,0.35,154.36358650137973
26554,2020-12-27,15 day ahead inc hosp,2021-01-11,06081,quantile,0.4,157.5239091506786
26555,2020-12-27,15 day ahead inc hosp,2021-01-11,06081,quantile,0.45,160.58155788799132
26556,2020-12-27,15 day ahead inc hosp,2021-01-11,06081,quantile,0.5,163.59072875976562
26557,2020-12-27,15 day ahead inc hosp,2021-01-11,06081,quantile,0.55,171.16291497241528
26558,2020-12-27,15 day ahead inc hosp,2021-01-11,06081,quantile,0.6,178.85708941394617
26559,2020-12-27,15 day ahead inc hosp,2021-01-11,06081,quantile,0.65,186.80962937005546
26560,2020-12-27,15 day ahead inc hosp,2021-01-11,06081,quantile,0.7,195.19040862643024
26561,2020-12-27,15 day ahead inc hosp,2021-01-11,06081,quantile,0.75,204.23458715242344
26562,2020-12-27,15 day ahead inc hosp,2021-01-11,06081,quantile,0.8,214.30570882825035
26563,2020-12-27,15 day ahead inc hosp,2021-01-11,06081,quantile,0.85,226.0448311442153
26564,2020-12-27,15 day ahead inc hosp,2021-01-11,06081,quantile,0.9,240.81532755869677
26565,2020-12-27,15 day ahead inc hosp,2021-01-11,06081,quantile,0.95,262.70742826636354
26566,2020-12-27,15 day ahead inc hosp,2021-01-11,06081,quantile,0.975,281.6955607741842
26567,2020-12-27,15 day ahead inc hosp,2021-01-11,06081,quantile,0.99,303.77336835820176
26568,2020-12-27,16 day ahead inc hosp,2021-01-12,06081,point,NA,172.45680236816406
26569,2020-12-27,16 day ahead inc hosp,2021-01-12,06081,quantile,0.01,113.74275101748836
26570,2020-12-27,16 day ahead inc hosp,2021-01-12,06081,quantile,0.025,122.98981279283822
26571,2020-12-27,16 day ahead inc hosp,2021-01-12,06081,quantile,0.05,130.94279606031876
26572,2020-12-27,16 day ahead inc hosp,2021-01-12,06081,quantile,0.1,140.1120764277463
26573,2020-12-27,16 day ahead inc hosp,2021-01-12,06081,quantile,0.15,146.29854636039343
26574,2020-12-27,16 day ahead inc hosp,2021-01-12,06081,quantile,0.2,151.21535654777358
26575,2020-12-27,16 day ahead inc hosp,2021-01-12,06081,quantile,0.25,155.43354188746525
26576,2020-12-27,16 day ahead inc hosp,2021-01-12,06081,quantile,0.3,159.22160269100692
26577,2020-12-27,16 day ahead inc hosp,2021-01-12,06081,quantile,0.35,162.73180555940087
26578,2020-12-27,16 day ahead inc hosp,2021-01-12,06081,quantile,0.4,166.0626448180198
26579,2020-12-27,16 day ahead inc hosp,2021-01-12,06081,quantile,0.45,169.28527034822233
26580,2020-12-27,16 day ahead inc hosp,2021-01-12,06081,quantile,0.5,172.45680236816406
26581,2020-12-27,16 day ahead inc hosp,2021-01-12,06081,quantile,0.55,179.00182460934457
26582,2020-12-27,16 day ahead inc hosp,2021-01-12,06081,quantile,0.6,185.65228742591083
26583,2020-12-27,16 day ahead inc hosp,2021-01-12,06081,quantile,0.65,192.52606858037598
26584,2020-12-27,16 day ahead inc hosp,2021-01-12,06081,quantile,0.7,199.76999854868075
26585,2020-12-27,16 day ahead inc hosp,2021-01-12,06081,quantile,0.75,207.5873379462442
26586,2020-12-27,16 day ahead inc hosp,2021-01-12,06081,quantile,0.8,216.29231607419976
26587,2020-12-27,16 day ahead inc hosp,2021-01-12,06081,quantile,0.85,226.43903123574407
26588,2020-12-27,16 day ahead inc hosp,2021-01-12,06081,quantile,0.9,239.20591583567128
26589,2020-12-27,16 day ahead inc hosp,2021-01-12,06081,quantile,0.95,258.1283620109225
26590,2020-12-27,16 day ahead inc hosp,2021-01-12,06081,quantile,0.975,274.5407620882684
26591,2020-12-27,16 day ahead inc hosp,2021-01-12,06081,quantile,0.99,293.623724077833
26592,2020-12-27,17 day ahead inc hosp,2021-01-13,06081,point,NA,174.9505615234375
26593,2020-12-27,17 day ahead inc hosp,2021-01-13,06081,quantile,0.01,115.99428580286607
26594,2020-12-27,17 day ahead inc hosp,2021-01-13,06081,quantile,0.025,125.27949626086334
26595,2020-12-27,17 day ahead inc hosp,2021-01-13,06081,quantile,0.05,133.26528950000215
26596,2020-12-27,17 day ahead inc hosp,2021-01-13,06081,quantile,0.1,142.47239766347346
26597,2020-12-27,17 day ahead inc hosp,2021-01-13,06081,quantile,0.15,148.68438983052346
26598,2020-12-27,17 day ahead inc hosp,2021-01-13,06081,quantile,0.2,153.62148428073573
26599,2020-12-27,17 day ahead inc hosp,2021-01-13,06081,quantile,0.25,157.85707171179232
26600,2020-12-27,17 day ahead inc hosp,2021-01-13,06081,quantile,0.3,161.66076013121395
26601,2020-12-27,17 day ahead inc hosp,2021-01-13,06081,quantile,0.35,165.18544431470102
26602,2020-12-27,17 day ahead inc hosp,2021-01-13,06081,quantile,0.4,168.53002492521244
26603,2020-12-27,17 day ahead inc hosp,2021-01-13,06081,quantile,0.45,171.76594537239833
26604,2020-12-27,17 day ahead inc hosp,2021-01-13,06081,quantile,0.5,174.9505615234375
26605,2020-12-27,17 day ahead inc hosp,2021-01-13,06081,quantile,0.55,182.21872708055005
26606,2020-12-27,17 day ahead inc hosp,2021-01-13,06081,quantile,0.6,189.60398308137707
26607,2020-12-27,17 day ahead inc hosp,2021-01-13,06081,quantile,0.65,197.2372313107982
26608,2020-12-27,17 day ahead inc hosp,2021-01-13,06081,quantile,0.7,205.2815251808022
26609,2020-12-27,17 day ahead inc hosp,2021-01-13,06081,quantile,0.75,213.9625830693666
26610,2020-12-27,17 day ahead inc hosp,2021-01-13,06081,quantile,0.8,223.62935269574655
26611,2020-12-27,17 day ahead inc hosp,2021-01-13,06081,quantile,0.85,234.89715331389482
26612,2020-12-27,17 day ahead inc hosp,2021-01-13,06081,quantile,0.9,249.07461940972968
26613,2020-12-27,17 day ahead inc hosp,2021-01-13,06081,quantile,0.95,270.08775985132286
26614,2020-12-27,17 day ahead inc hosp,2021-01-13,06081,quantile,0.975,288.3135254111663
26615,2020-12-27,17 day ahead inc hosp,2021-01-13,06081,quantile,0.99,309.50491666230204
26616,2020-12-27,18 day ahead inc hosp,2021-01-14,06081,point,NA,179.5692596435547
26617,2020-12-27,18 day ahead inc hosp,2021-01-14,06081,quantile,0.01,114.21482619865391
26618,2020-12-27,18 day ahead inc hosp,2021-01-14,06081,quantile,0.025,124.50770276662443
26619,2020-12-27,18 day ahead inc hosp,2021-01-14,06081,quantile,0.05,133.36014445113076
26620,2020-12-27,18 day ahead inc hosp,2021-01-14,06081,quantile,0.1,143.566442768574
26621,2020-12-27,18 day ahead inc hosp,2021-01-14,06081,quantile,0.15,150.45258378884301
26622,2020-12-27,18 day ahead inc hosp,2021-01-14,06081,quantile,0.2,155.92547037664013
26623,2020-12-27,18 day ahead inc hosp,2021-01-14,06081,quantile,0.25,160.62071975390802
26624,2020-12-27,18 day ahead inc hosp,2021-01-14,06081,quantile,0.3,164.83719880747708
26625,2020-12-27,18 day ahead inc hosp,2021-01-14,06081,quantile,0.35,168.74439503160397
26626,2020-12-27,18 day ahead inc hosp,2021-01-14,06081,quantile,0.4,172.45194216274857
26627,2020-12-27,18 day ahead inc hosp,2021-01-14,06081,quantile,0.45,176.03903691922437
26628,2020-12-27,18 day ahead inc hosp,2021-01-14,06081,quantile,0.5,179.5692596435547
26629,2020-12-27,18 day ahead inc hosp,2021-01-14,06081,quantile,0.55,188.4244701431081
26630,2020-12-27,18 day ahead inc hosp,2021-01-14,06081,quantile,0.6,197.42233844516062
26631,2020-12-27,18 day ahead inc hosp,2021-01-14,06081,quantile,0.65,206.72234947761714
26632,2020-12-27,18 day ahead inc hosp,2021-01-14,06081,quantile,0.7,216.52316028460868
26633,2020-12-27,18 day ahead inc hosp,2021-01-14,06081,quantile,0.75,227.09977612501416
26634,2020-12-27,18 day ahead inc hosp,2021-01-14,06081,quantile,0.8,238.87733942068166
26635,2020-12-27,18 day ahead inc hosp,2021-01-14,06081,quantile,0.85,252.6055278551152
26636,2020-12-27,18 day ahead inc hosp,2021-01-14,06081,quantile,0.9,269.87872363503834
26637,2020-12-27,18 day ahead inc hosp,2021-01-14,06081,quantile,0.95,295.48020180787574
26638,2020-12-27,18 day ahead inc hosp,2021-01-14,06081,quantile,0.975,317.6856660725122
26639,2020-12-27,18 day ahead inc hosp,2021-01-14,06081,quantile,0.99,343.50431712450495
26640,2020-12-27,19 day ahead inc hosp,2021-01-15,06081,point,NA,178.2723388671875
26641,2020-12-27,19 day ahead inc hosp,2021-01-15,06081,quantile,0.01,120.76836663422773
26642,2020-12-27,19 day ahead inc hosp,2021-01-15,06081,quantile,0.025,129.82484921946605
26643,2020-12-27,19 day ahead inc hosp,2021-01-15,06081,quantile,0.05,137.61392386960313
26644,2020-12-27,19 day ahead inc hosp,2021-01-15,06081,quantile,0.1,146.59422809857892
26645,2020-12-27,19 day ahead inc hosp,2021-01-15,06081,quantile,0.15,152.65319672777892
26646,2020-12-27,19 day ahead inc hosp,2021-01-15,06081,quantile,0.2,157.46867292105284
26647,2020-12-27,19 day ahead inc hosp,2021-01-15,06081,quantile,0.25,161.59992271675128
26648,2020-12-27,19 day ahead inc hosp,2021-01-15,06081,quantile,0.3,165.3099127149311
26649,2020-12-27,19 day ahead inc hosp,2021-01-15,06081,quantile,0.35,168.74777134728146
26650,2020-12-27,19 day ahead inc hosp,2021-01-15,06081,quantile,0.4,172.00996300045327
26651,2020-12-27,19 day ahead inc hosp,2021-01-15,06081,quantile,0.45,175.16617117793345
26652,2020-12-27,19 day ahead inc hosp,2021-01-15,06081,quantile,0.5,178.2723388671875
26653,2020-12-27,19 day ahead inc hosp,2021-01-15,06081,quantile,0.55,186.74610152589065
26654,2020-12-27,19 day ahead inc hosp,2021-01-15,06081,quantile,0.6,195.35637684681126
26655,2020-12-27,19 day ahead inc hosp,2021-01-15,06081,quantile,0.65,204.25577977081088
26656,2020-12-27,19 day ahead inc hosp,2021-01-15,06081,quantile,0.7,213.6344099733891
26657,2020-12-27,19 day ahead inc hosp,2021-01-15,06081,quantile,0.75,223.75542656225466
26658,2020-12-27,19 day ahead inc hosp,2021-01-15,06081,quantile,0.8,235.02565848620196
26659,2020-12-27,19 day ahead inc hosp,2021-01-15,06081,quantile,0.85,248.16249024567406
26660,2020-12-27,19 day ahead inc hosp,2021-01-15,06081,quantile,0.9,264.6916242966109
26661,2020-12-27,19 day ahead inc hosp,2021-01-15,06081,quantile,0.95,289.19029090194283
26662,2020-12-27,19 day ahead inc hosp,2021-01-15,06081,quantile,0.975,310.43923059844514
26663,2020-12-27,19 day ahead inc hosp,2021-01-15,06081,quantile,0.99,335.14571512453256
26664,2020-12-27,20 day ahead inc hosp,2021-01-16,06081,point,NA,178.82608032226562
26665,2020-12-27,20 day ahead inc hosp,2021-01-16,06081,quantile,0.01,73.0054279967823
26666,2020-12-27,20 day ahead inc hosp,2021-01-16,06081,quantile,0.025,89.67145745056999
26667,2020-12-27,20 day ahead inc hosp,2021-01-16,06081,quantile,0.05,104.00516221013366
26668,2020-12-27,20 day ahead inc hosp,2021-01-16,06081,quantile,0.1,120.53100581171407
26669,2020-12-27,20 day ahead inc hosp,2021-01-16,06081,quantile,0.15,131.68091403308188
26670,2020-12-27,20 day ahead inc hosp,2021-01-16,06081,quantile,0.2,140.54250762814146
26671,2020-12-27,20 day ahead inc hosp,2021-01-16,06081,quantile,0.25,148.1449658814472
26672,2020-12-27,20 day ahead inc hosp,2021-01-16,06081,quantile,0.3,154.97220835676586
26673,2020-12-27,20 day ahead inc hosp,2021-01-16,06081,quantile,0.35,161.29866597267275
26674,2020-12-27,20 day ahead inc hosp,2021-01-16,06081,quantile,0.4,167.30185558452928
26675,2020-12-27,20 day ahead inc hosp,2021-01-16,06081,quantile,0.45,173.11001100834784
26676,2020-12-27,20 day ahead inc hosp,2021-01-16,06081,quantile,0.5,178.82608032226562
26677,2020-12-27,20 day ahead inc hosp,2021-01-16,06081,quantile,0.55,187.4470323852551
26678,2020-12-27,20 day ahead inc hosp,2021-01-16,06081,quantile,0.6,196.20686833777143
26679,2020-12-27,20 day ahead inc hosp,2021-01-16,06081,quantile,0.65,205.26085404484465
26680,2020-12-27,20 day ahead inc hosp,2021-01-16,06081,quantile,0.7,214.80239121663348
26681,2020-12-27,20 day ahead inc hosp,2021-01-16,06081,quantile,0.75,225.09921003910978
26682,2020-12-27,20 day ahead inc hosp,2021-01-16,06081,quantile,0.8,236.56520608696147
26683,2020-12-27,20 day ahead inc hosp,2021-01-16,06081,quantile,0.85,249.93022484184115
26684,2020-12-27,20 day ahead inc hosp,2021-01-16,06081,quantile,0.9,266.7464702377987
26685,2020-12-27,20 day ahead inc hosp,2021-01-16,06081,quantile,0.95,291.6706791067843
26686,2020-12-27,20 day ahead inc hosp,2021-01-16,06081,quantile,0.975,313.2887132541953
26687,2020-12-27,20 day ahead inc hosp,2021-01-16,06081,quantile,0.99,338.4243498448227
26688,2020-12-27,21 day ahead inc hosp,2021-01-17,06081,point,NA,204.3169708251953
26689,2020-12-27,21 day ahead inc hosp,2021-01-17,06081,quantile,0.01,95.96175262270859
26690,2020-12-27,21 day ahead inc hosp,2021-01-17,06081,quantile,0.025,113.02695887828708
26691,2020-12-27,21 day ahead inc hosp,2021-01-17,06081,quantile,0.05,127.70397770912379
26692,2020-12-27,21 day ahead inc hosp,2021-01-17,06081,quantile,0.1,144.62564044771378
26693,2020-12-27,21 day ahead inc hosp,2021-01-17,06081,quantile,0.15,156.04260596166634
26694,2020-12-27,21 day ahead inc hosp,2021-01-17,06081,quantile,0.2,165.11644822698386
26695,2020-12-27,21 day ahead inc hosp,2021-01-17,06081,quantile,0.25,172.90099694039094
26696,2020-12-27,21 day ahead inc hosp,2021-01-17,06081,quantile,0.3,179.89176227662287
26697,2020-12-27,21 day ahead inc hosp,2021-01-17,06081,quantile,0.35,186.3697481929438
26698,2020-12-27,21 day ahead inc hosp,2021-01-17,06081,quantile,0.4,192.51672334390844
26699,2020-12-27,21 day ahead inc hosp,2021-01-17,06081,quantile,0.45,198.4639929408306
26700,2020-12-27,21 day ahead inc hosp,2021-01-17,06081,quantile,0.5,204.3169708251953
26701,2020-12-27,21 day ahead inc hosp,2021-01-17,06081,quantile,0.55,212.7801166187017
26702,2020-12-27,21 day ahead inc hosp,2021-01-17,06081,quantile,0.6,221.37960403629393
26703,2020-12-27,21 day ahead inc hosp,2021-01-17,06081,quantile,0.65,230.26785680599002
26704,2020-12-27,21 day ahead inc hosp,2021-01-17,06081,quantile,0.7,239.63473642543278
26705,2020-12-27,21 day ahead inc hosp,2021-01-17,06081,quantile,0.75,249.7430722875532
26706,2020-12-27,21 day ahead inc hosp,2021-01-17,06081,quantile,0.8,260.9991836209326
26707,2020-12-27,21 day ahead inc hosp,2021-01-17,06081,quantile,0.85,274.1195561075267
26708,2020-12-27,21 day ahead inc hosp,2021-01-17,06081,quantile,0.9,290.6279806348308
26709,2020-12-27,21 day ahead inc hosp,2021-01-17,06081,quantile,0.95,315.0959526064651
26710,2020-12-27,21 day ahead inc hosp,2021-01-17,06081,quantile,0.975,336.3182692858475
26711,2020-12-27,21 day ahead inc hosp,2021-01-17,06081,quantile,0.99,360.9937988010071
26712,2020-12-27,22 day ahead inc hosp,2021-01-18,06081,point,NA,169.75436401367188
26713,2020-12-27,22 day ahead inc hosp,2021-01-18,06081,quantile,0.01,107.32195782016606
26714,2020-12-27,22 day ahead inc hosp,2021-01-18,06081,quantile,0.025,117.15463506818973
26715,2020-12-27,22 day ahead inc hosp,2021-01-18,06081,quantile,0.05,125.61127994932664
26716,2020-12-27,22 day ahead inc hosp,2021-01-18,06081,quantile,0.1,135.36124990085148
26717,2020-12-27,22 day ahead inc hosp,2021-01-18,06081,quantile,0.15,141.93950833905907
26718,2020-12-27,22 day ahead inc hosp,2021-01-18,06081,quantile,0.2,147.1676996107103
26719,2020-12-27,22 day ahead inc hosp,2021-01-18,06081,quantile,0.25,151.65302219480907
26720,2020-12-27,22 day ahead inc hosp,2021-01-18,06081,quantile,0.3,155.68098050005196
26721,2020-12-27,22 day ahead inc hosp,2021-01-18,06081,quantile,0.35,159.4134841556468
26722,2020-12-27,22 day ahead inc hosp,2021-01-18,06081,quantile,0.4,162.955265122478
26723,2020-12-27,22 day ahead inc hosp,2021-01-18,06081,quantile,0.45,166.3819791965844
26724,2020-12-27,22 day ahead inc hosp,2021-01-18,06081,quantile,0.5,169.75436401367188
26725,2020-12-27,22 day ahead inc hosp,2021-01-18,06081,quantile,0.55,178.50109151119557
26726,2020-12-27,22 day ahead inc hosp,2021-01-18,06081,quantile,0.6,187.38872914562884
26727,2020-12-27,22 day ahead inc hosp,2021-01-18,06081,quantile,0.65,196.5748080343197
26728,2020-12-27,22 day ahead inc hosp,2021-01-18,06081,quantile,0.7,206.2555515228978
26729,2020-12-27,22 day ahead inc hosp,2021-01-18,06081,quantile,0.75,216.70259584857308
26730,2020-12-27,22 day ahead inc hosp,2021-01-18,06081,quantile,0.8,228.3358751181326
26731,2020-12-27,22 day ahead inc hosp,2021-01-18,06081,quantile,0.85,241.89588289849002
26732,2020-12-27,22 day ahead inc hosp,2021-01-18,06081,quantile,0.9,258.95746901278767
26733,2020-12-27,22 day ahead inc hosp,2021-01-18,06081,quantile,0.95,284.2453097843767
26734,2020-12-27,22 day ahead inc hosp,2021-01-18,06081,quantile,0.975,306.17874037742365
26735,2020-12-27,22 day ahead inc hosp,2021-01-18,06081,quantile,0.99,331.68109349673375
26736,2020-12-27,23 day ahead inc hosp,2021-01-19,06081,point,NA,176.59442138671875
26737,2020-12-27,23 day ahead inc hosp,2021-01-19,06081,quantile,0.01,116.77182193191851
26738,2020-12-27,23 day ahead inc hosp,2021-01-19,06081,quantile,0.025,126.19347245670694
26739,2020-12-27,23 day ahead inc hosp,2021-01-19,06081,quantile,0.05,134.29661168039368
26740,2020-12-27,23 day ahead inc hosp,2021-01-19,06081,quantile,0.1,143.63901224875553
26741,2020-12-27,23 day ahead inc hosp,2021-01-19,06081,quantile,0.15,149.94228555908307
26742,2020-12-27,23 day ahead inc hosp,2021-01-19,06081,quantile,0.2,154.9519273683012
26743,2020-12-27,23 day ahead inc hosp,2021-01-19,06081,quantile,0.25,159.24975397364548
26744,2020-12-27,23 day ahead inc hosp,2021-01-19,06081,quantile,0.3,163.10933509516
26745,2020-12-27,23 day ahead inc hosp,2021-01-19,06081,quantile,0.35,166.68581219681388
26746,2020-12-27,23 day ahead inc hosp,2021-01-19,06081,quantile,0.4,170.07953922182512
26747,2020-12-27,23 day ahead inc hosp,2021-01-19,06081,quantile,0.45,173.36300939380635
26748,2020-12-27,23 day ahead inc hosp,2021-01-19,06081,quantile,0.5,176.59442138671875
26749,2020-12-27,23 day ahead inc hosp,2021-01-19,06081,quantile,0.55,183.75662058178187
26750,2020-12-27,23 day ahead inc hosp,2021-01-19,06081,quantile,0.6,191.03420309814268
26751,2020-12-27,23 day ahead inc hosp,2021-01-19,06081,quantile,0.65,198.55616223554517
26752,2020-12-27,23 day ahead inc hosp,2021-01-19,06081,quantile,0.7,206.4831741655655
26753,2020-12-27,23 day ahead inc hosp,2021-01-19,06081,quantile,0.75,215.03766640066982
26754,2020-12-27,23 day ahead inc hosp,2021-01-19,06081,quantile,0.8,224.56349917000816
26755,2020-12-27,23 day ahead inc hosp,2021-01-19,06081,quantile,0.85,235.66702066842242
26756,2020-12-27,23 day ahead inc hosp,2021-01-19,06081,quantile,0.9,249.63778611972052
26757,2020-12-27,23 day ahead inc hosp,2021-01-19,06081,quantile,0.95,270.34456506881156
26758,2020-12-27,23 day ahead inc hosp,2021-01-19,06081,quantile,0.975,288.3046077228177
26759,2020-12-27,23 day ahead inc hosp,2021-01-19,06081,quantile,0.99,309.18703867028347
26760,2020-12-27,24 day ahead inc hosp,2021-01-20,06081,point,NA,185.50418090820312
26761,2020-12-27,24 day ahead inc hosp,2021-01-20,06081,quantile,0.01,125.57607918480039
26762,2020-12-27,24 day ahead inc hosp,2021-01-20,06081,quantile,0.025,135.0143455957824
26763,2020-12-27,24 day ahead inc hosp,2021-01-20,06081,quantile,0.05,143.1317753982586
26764,2020-12-27,24 day ahead inc hosp,2021-01-20,06081,quantile,0.1,152.49065208874052
26765,2020-12-27,24 day ahead inc hosp,2021-01-20,06081,quantile,0.15,158.8050417604419
26766,2020-12-27,24 day ahead inc hosp,2021-01-20,06081,quantile,0.2,163.82351850128407
26767,2020-12-27,24 day ahead inc hosp,2021-01-20,06081,quantile,0.25,168.12892469128462
26768,2020-12-27,24 day ahead inc hosp,2021-01-20,06081,quantile,0.3,171.99531251407734
26769,2020-12-27,24 day ahead inc hosp,2021-01-20,06081,quantile,0.35,175.5780970388668
26770,2020-12-27,24 day ahead inc hosp,2021-01-20,06081,quantile,0.4,178.97780919162938
26771,2020-12-27,24 day ahead inc hosp,2021-01-20,06081,quantile,0.45,182.2670700439754
26772,2020-12-27,24 day ahead inc hosp,2021-01-20,06081,quantile,0.5,185.50418090820312
26773,2020-12-27,24 day ahead inc hosp,2021-01-20,06081,quantile,0.55,193.11999607091082
26774,2020-12-27,24 day ahead inc hosp,2021-01-20,06081,quantile,0.6,200.85850232666553
26775,2020-12-27,24 day ahead inc hosp,2021-01-20,06081,quantile,0.65,208.8568627313
26776,2020-12-27,24 day ahead inc hosp,2021-01-20,06081,quantile,0.7,217.28592983868046
26777,2020-12-27,24 day ahead inc hosp,2021-01-20,06081,quantile,0.75,226.38221854819867
26778,2020-12-27,24 day ahead inc hosp,2021-01-20,06081,quantile,0.8,236.51136738451575
26779,2020-12-27,24 day ahead inc hosp,2021-01-20,06081,quantile,0.85,248.31812744298537
26780,2020-12-27,24 day ahead inc hosp,2021-01-20,06081,quantile,0.9,263.1737275821115
26781,2020-12-27,24 day ahead inc hosp,2021-01-20,06081,quantile,0.95,285.19196482969124
26782,2020-12-27,24 day ahead inc hosp,2021-01-20,06081,quantile,0.975,304.2895019746424
26783,2020-12-27,24 day ahead inc hosp,2021-01-20,06081,quantile,0.99,326.494516092866
26784,2020-12-27,25 day ahead inc hosp,2021-01-21,06081,point,NA,197.9558868408203
26785,2020-12-27,25 day ahead inc hosp,2021-01-21,06081,quantile,0.01,128.85644011721593
26786,2020-12-27,25 day ahead inc hosp,2021-01-21,06081,quantile,0.025,139.7391306792991
26787,2020-12-27,25 day ahead inc hosp,2021-01-21,06081,quantile,0.05,149.09884493752267
26788,2020-12-27,25 day ahead inc hosp,2021-01-21,06081,quantile,0.1,159.88999604475347
26789,2020-12-27,25 day ahead inc hosp,2021-01-21,06081,quantile,0.15,167.17073446569725
26790,2020-12-27,25 day ahead inc hosp,2021-01-21,06081,quantile,0.2,172.95723455855858
26791,2020-12-27,25 day ahead inc hosp,2021-01-21,06081,quantile,0.25,177.92153639849556
26792,2020-12-27,25 day ahead inc hosp,2021-01-21,06081,quantile,0.3,182.37963287895738
26793,2020-12-27,25 day ahead inc hosp,2021-01-21,06081,quantile,0.35,186.51072365729522
26794,2020-12-27,25 day ahead inc hosp,2021-01-21,06081,quantile,0.4,190.43072482568982
26795,2020-12-27,25 day ahead inc hosp,2021-01-21,06081,quantile,0.45,194.22337132191555
26796,2020-12-27,25 day ahead inc hosp,2021-01-21,06081,quantile,0.5,197.9558868408203
26797,2020-12-27,25 day ahead inc hosp,2021-01-21,06081,quantile,0.55,207.19458054376798
26798,2020-12-27,25 day ahead inc hosp,2021-01-21,06081,quantile,0.6,216.58210997927014
26799,2020-12-27,25 day ahead inc hosp,2021-01-21,06081,quantile,0.65,226.2848667197489
26800,2020-12-27,25 day ahead inc hosp,2021-01-21,06081,quantile,0.7,236.51011083911806
26801,2020-12-27,25 day ahead inc hosp,2021-01-21,06081,quantile,0.75,247.5447569571498
26802,2020-12-27,25 day ahead inc hosp,2021-01-21,06081,quantile,0.8,259.8323586873671
26803,2020-12-27,25 day ahead inc hosp,2021-01-21,06081,quantile,0.85,274.15505920910823
26804,2020-12-27,25 day ahead inc hosp,2021-01-21,06081,quantile,0.9,292.17628694726375
26805,2020-12-27,25 day ahead inc hosp,2021-01-21,06081,quantile,0.95,318.88646116542316
26806,2020-12-27,25 day ahead inc hosp,2021-01-21,06081,quantile,0.975,342.0535539051241
26807,2020-12-27,25 day ahead inc hosp,2021-01-21,06081,quantile,0.99,368.9903058778387
26808,2020-12-27,26 day ahead inc hosp,2021-01-22,06081,point,NA,184.19570922851562
26809,2020-12-27,26 day ahead inc hosp,2021-01-22,06081,quantile,0.01,126.41693058594325
26810,2020-12-27,26 day ahead inc hosp,2021-01-22,06081,quantile,0.025,135.5166933023851
26811,2020-12-27,26 day ahead inc hosp,2021-01-22,06081,quantile,0.05,143.34299125302982
26812,2020-12-27,26 day ahead inc hosp,2021-01-22,06081,quantile,0.1,152.36621156356597
26813,2020-12-27,26 day ahead inc hosp,2021-01-22,06081,quantile,0.15,158.45413546925016
26814,2020-12-27,26 day ahead inc hosp,2021-01-22,06081,quantile,0.2,163.2926243983728
26815,2020-12-27,26 day ahead inc hosp,2021-01-22,06081,quantile,0.25,167.4436170723366
26816,2020-12-27,26 day ahead inc hosp,2021-01-22,06081,quantile,0.3,171.171336785378
26817,2020-12-27,26 day ahead inc hosp,2021-01-22,06081,quantile,0.35,174.6256246408033
26818,2020-12-27,26 day ahead inc hosp,2021-01-22,06081,quantile,0.4,177.90340602005602
26819,2020-12-27,26 day ahead inc hosp,2021-01-22,06081,quantile,0.45,181.0746974379379
26820,2020-12-27,26 day ahead inc hosp,2021-01-22,06081,quantile,0.5,184.19570922851562
26821,2020-12-27,26 day ahead inc hosp,2021-01-22,06081,quantile,0.55,192.7275195066038
26822,2020-12-27,26 day ahead inc hosp,2021-01-22,06081,quantile,0.6,201.39677759642646
26823,2020-12-27,26 day ahead inc hosp,2021-01-22,06081,quantile,0.65,210.3571438934273
26824,2020-12-27,26 day ahead inc hosp,2021-01-22,06081,quantile,0.7,219.80002030849448
26825,2020-12-27,26 day ahead inc hosp,2021-01-22,06081,quantile,0.75,229.9903686620557
26826,2020-12-27,26 day ahead inc hosp,2021-01-22,06081,quantile,0.8,241.33780479379732
26827,2020-12-27,26 day ahead inc hosp,2021-01-22,06081,quantile,0.85,254.5646274865316
26828,2020-12-27,26 day ahead inc hosp,2021-01-22,06081,quantile,0.9,271.20699068027045
26829,2020-12-27,26 day ahead inc hosp,2021-01-22,06081,quantile,0.95,295.8734799320258
26830,2020-12-27,26 day ahead inc hosp,2021-01-22,06081,quantile,0.975,317.2679807462414
26831,2020-12-27,26 day ahead inc hosp,2021-01-22,06081,quantile,0.99,342.14371152902436
26832,2020-12-27,27 day ahead inc hosp,2021-01-23,06081,point,NA,187.63417053222656
26833,2020-12-27,27 day ahead inc hosp,2021-01-23,06081,quantile,0.01,77.41450356647762
26834,2020-12-27,27 day ahead inc hosp,2021-01-23,06081,quantile,0.025,94.77334775870416
26835,2020-12-27,27 day ahead inc hosp,2021-01-23,06081,quantile,0.05,109.70291141443703
26836,2020-12-27,27 day ahead inc hosp,2021-01-23,06081,quantile,0.1,126.91574216217951
26837,2020-12-27,27 day ahead inc hosp,2021-01-23,06081,quantile,0.15,138.52915734958404
26838,2020-12-27,27 day ahead inc hosp,2021-01-23,06081,quantile,0.2,147.75913158777982
26839,2020-12-27,27 day ahead inc hosp,2021-01-23,06081,quantile,0.25,155.67762763166198
26840,2020-12-27,27 day ahead inc hosp,2021-01-23,06081,quantile,0.3,162.78868181047682
26841,2020-12-27,27 day ahead inc hosp,2021-01-23,06081,quantile,0.35,169.37813326607196
26842,2020-12-27,27 day ahead inc hosp,2021-01-23,06081,quantile,0.4,175.63087831356896
26843,2020-12-27,27 day ahead inc hosp,2021-01-23,06081,quantile,0.45,181.68048150945123
26844,2020-12-27,27 day ahead inc hosp,2021-01-23,06081,quantile,0.5,187.63417053222656
26845,2020-12-27,27 day ahead inc hosp,2021-01-23,06081,quantile,0.55,196.49172606088158
26846,2020-12-27,27 day ahead inc hosp,2021-01-23,06081,quantile,0.6,205.49197717055026
26847,2020-12-27,27 day ahead inc hosp,2021-01-23,06081,quantile,0.65,214.7944510237966
26848,2020-12-27,27 day ahead inc hosp,2021-01-23,06081,quantile,0.7,224.59785727293635
26849,2020-12-27,27 day ahead inc hosp,2021-01-23,06081,quantile,0.75,235.17727400350066
26850,2020-12-27,27 day ahead inc hosp,2021-01-23,06081,quantile,0.8,246.95795622318195
26851,2020-12-27,27 day ahead inc hosp,2021-01-23,06081,quantile,0.85,260.689780144473
26852,2020-12-27,27 day ahead inc hosp,2021-01-23,06081,quantile,0.9,277.96755019699907
26853,2020-12-27,27 day ahead inc hosp,2021-01-23,06081,quantile,0.95,303.57580813090067
26854,2020-12-27,27 day ahead inc hosp,2021-01-23,06081,quantile,0.975,325.7871528271676
26855,2020-12-27,27 day ahead inc hosp,2021-01-23,06081,quantile,0.99,351.6126411517564
26856,2020-12-27,28 day ahead inc hosp,2021-01-24,06081,point,NA,186.12696838378906
26857,2020-12-27,28 day ahead inc hosp,2021-01-24,06081,quantile,0.01,77.445406199674
26858,2020-12-27,28 day ahead inc hosp,2021-01-24,06081,quantile,0.025,94.5620094017876
26859,2020-12-27,28 day ahead inc hosp,2021-01-24,06081,quantile,0.05,109.28323244210446
26860,2020-12-27,28 day ahead inc hosp,2021-01-24,06081,quantile,0.1,126.25585980321557
26861,2020-12-27,28 day ahead inc hosp,2021-01-24,06081,quantile,0.15,137.70721090602802
26862,2020-12-27,28 day ahead inc hosp,2021-01-24,06081,quantile,0.2,146.80838174732605
26863,2020-12-27,28 day ahead inc hosp,2021-01-24,06081,quantile,0.25,154.6163759455419
26864,2020-12-27,28 day ahead inc hosp,2021-01-24,06081,quantile,0.3,161.62819605174522
26865,2020-12-27,28 day ahead inc hosp,2021-01-24,06081,quantile,0.35,168.12569235023267
26866,2020-12-27,28 day ahead inc hosp,2021-01-24,06081,quantile,0.4,174.29118094594887
26867,2020-12-27,28 day ahead inc hosp,2021-01-24,06081,quantile,0.45,180.2563625149225
26868,2020-12-27,28 day ahead inc hosp,2021-01-24,06081,quantile,0.5,186.12696838378906
26869,2020-12-27,28 day ahead inc hosp,2021-01-24,06081,quantile,0.55,194.50579763011632
26870,2020-12-27,28 day ahead inc hosp,2021-01-24,06081,quantile,0.6,203.01961015751368
26871,2020-12-27,28 day ahead inc hosp,2021-01-24,06081,quantile,0.65,211.81931112835372
26872,2020-12-27,28 day ahead inc hosp,2021-01-24,06081,quantile,0.7,221.09287048998408
26873,2020-12-27,28 day ahead inc hosp,2021-01-24,06081,quantile,0.75,231.10049912119808
26874,2020-12-27,28 day ahead inc hosp,2021-01-24,06081,quantile,0.8,242.24446817729066
26875,2020-12-27,28 day ahead inc hosp,2021-01-24,06081,quantile,0.85,255.23412514358463
26876,2020-12-27,28 day ahead inc hosp,2021-01-24,06081,quantile,0.9,271.5780796984374
26877,2020-12-27,28 day ahead inc hosp,2021-01-24,06081,quantile,0.95,295.80228239521097
26878,2020-12-27,28 day ahead inc hosp,2021-01-24,06081,quantile,0.975,316.8131655829335
26879,2020-12-27,28 day ahead inc hosp,2021-01-24,06081,quantile,0.99,341.24285797094217
26880,2020-12-27,1 day ahead inc hosp,2020-12-28,06083,point,NA,130.79513549804688
26881,2020-12-27,1 day ahead inc hosp,2020-12-28,06083,quantile,0.01,83.31869309705903
26882,2020-12-27,1 day ahead inc hosp,2020-12-28,06083,quantile,0.025,90.7959082722425
26883,2020-12-27,1 day ahead inc hosp,2020-12-28,06083,quantile,0.05,97.22672582491705
26884,2020-12-27,1 day ahead inc hosp,2020-12-28,06083,quantile,0.1,104.64104660858534
26885,2020-12-27,1 day ahead inc hosp,2020-12-28,06083,quantile,0.15,109.64345364175944
26886,2020-12-27,1 day ahead inc hosp,2020-12-28,06083,quantile,0.2,113.61920817219615
26887,2020-12-27,1 day ahead inc hosp,2020-12-28,06083,quantile,0.25,117.03005155141491
26888,2020-12-27,1 day ahead inc hosp,2020-12-28,06083,quantile,0.3,120.09309432249967
26889,2020-12-27,1 day ahead inc hosp,2020-12-28,06083,quantile,0.35,122.93145993453591
26890,2020-12-27,1 day ahead inc hosp,2020-12-28,06083,quantile,0.4,125.62479133597992
26891,2020-12-27,1 day ahead inc hosp,2020-12-28,06083,quantile,0.45,128.2306206365474
26892,2020-12-27,1 day ahead inc hosp,2020-12-28,06083,quantile,0.5,130.79513549804688
26893,2020-12-27,1 day ahead inc hosp,2020-12-28,06083,quantile,0.55,137.66097085479288
26894,2020-12-27,1 day ahead inc hosp,2020-12-28,06083,quantile,0.6,144.63741509930767
26895,2020-12-27,1 day ahead inc hosp,2020-12-28,06083,quantile,0.65,151.84812393203256
26896,2020-12-27,1 day ahead inc hosp,2020-12-28,06083,quantile,0.7,159.44712492323595
26897,2020-12-27,1 day ahead inc hosp,2020-12-28,06083,quantile,0.75,167.6476417822579
26898,2020-12-27,1 day ahead inc hosp,2020-12-28,06083,quantile,0.8,176.77930618433913
26899,2020-12-27,1 day ahead inc hosp,2020-12-28,06083,quantile,0.85,187.42337631027902
26900,2020-12-27,1 day ahead inc hosp,2020-12-28,06083,quantile,0.9,200.8160470227113
26901,2020-12-27,1 day ahead inc hosp,2020-12-28,06083,quantile,0.95,220.66600248485344
26902,2020-12-27,1 day ahead inc hosp,2020-12-28,06083,quantile,0.975,237.88287854542702
26903,2020-12-27,1 day ahead inc hosp,2020-12-28,06083,quantile,0.99,257.90121772157636
26904,2020-12-27,2 day ahead inc hosp,2020-12-29,06083,point,NA,136.74960327148438
26905,2020-12-27,2 day ahead inc hosp,2020-12-29,06083,quantile,0.01,84.32354836227668
26906,2020-12-27,2 day ahead inc hosp,2020-12-29,06083,quantile,0.025,92.58029367674811
26907,2020-12-27,2 day ahead inc hosp,2020-12-29,06083,quantile,0.05,99.68155015422585
26908,2020-12-27,2 day ahead inc hosp,2020-12-29,06083,quantile,0.1,107.8688440806761
26909,2020-12-27,2 day ahead inc hosp,2020-12-29,06083,quantile,0.15,113.39277242358696
26910,2020-12-27,2 day ahead inc hosp,2020-12-29,06083,quantile,0.2,117.78301555844052
26911,2020-12-27,2 day ahead inc hosp,2020-12-29,06083,quantile,0.25,121.54945325348376
26912,2020-12-27,2 day ahead inc hosp,2020-12-29,06083,quantile,0.3,124.93183071028325
26913,2020-12-27,2 day ahead inc hosp,2020-12-29,06083,quantile,0.35,128.0661074990159
26914,2020-12-27,2 day ahead inc hosp,2020-12-29,06083,quantile,0.4,131.04022966992775
26915,2020-12-27,2 day ahead inc hosp,2020-12-29,06083,quantile,0.45,133.91772728952046
26916,2020-12-27,2 day ahead inc hosp,2020-12-29,06083,quantile,0.5,136.74960327148438
26917,2020-12-27,2 day ahead inc hosp,2020-12-29,06083,quantile,0.55,142.56853605019595
26918,2020-12-27,2 day ahead inc hosp,2020-12-29,06083,quantile,0.6,148.4812120734236
26919,2020-12-27,2 day ahead inc hosp,2020-12-29,06083,quantile,0.65,154.59243202035424
26920,2020-12-27,2 day ahead inc hosp,2020-12-29,06083,quantile,0.7,161.03273733727806
26921,2020-12-27,2 day ahead inc hosp,2020-12-29,06083,quantile,0.75,167.98283938224688
26922,2020-12-27,2 day ahead inc hosp,2020-12-29,06083,quantile,0.8,175.72210759252445
26923,2020-12-27,2 day ahead inc hosp,2020-12-29,06083,quantile,0.85,184.74316990126158
26924,2020-12-27,2 day ahead inc hosp,2020-12-29,06083,quantile,0.9,196.09372617792667
26925,2020-12-27,2 day ahead inc hosp,2020-12-29,06083,quantile,0.95,212.9169604229969
26926,2020-12-27,2 day ahead inc hosp,2020-12-29,06083,quantile,0.975,227.5086072147381
26927,2020-12-27,2 day ahead inc hosp,2020-12-29,06083,quantile,0.99,244.47455002503415
26928,2020-12-27,3 day ahead inc hosp,2020-12-30,06083,point,NA,141.23587036132812
26929,2020-12-27,3 day ahead inc hosp,2020-12-30,06083,quantile,0.01,90.19732758143904
26930,2020-12-27,3 day ahead inc hosp,2020-12-30,06083,quantile,0.025,98.2355492192317
26931,2020-12-27,3 day ahead inc hosp,2020-12-30,06083,quantile,0.05,105.14886327928042
26932,2020-12-27,3 day ahead inc hosp,2020-12-30,06083,quantile,0.1,113.11947163499833
26933,2020-12-27,3 day ahead inc hosp,2020-12-30,06083,quantile,0.15,118.49720325205314
26934,2020-12-27,3 day ahead inc hosp,2020-12-30,06083,quantile,0.2,122.77125386372683
26935,2020-12-27,3 day ahead inc hosp,2020-12-30,06083,quantile,0.25,126.43800871986019
26936,2020-12-27,3 day ahead inc hosp,2020-12-30,06083,quantile,0.3,129.73086790649094
26937,2020-12-27,3 day ahead inc hosp,2020-12-30,06083,quantile,0.35,132.78219267702312
26938,2020-12-27,3 day ahead inc hosp,2020-12-30,06083,quantile,0.4,135.67760149455825
26939,2020-12-27,3 day ahead inc hosp,2020-12-30,06083,quantile,0.45,138.47894303381676
26940,2020-12-27,3 day ahead inc hosp,2020-12-30,06083,quantile,0.5,141.23587036132812
26941,2020-12-27,3 day ahead inc hosp,2020-12-30,06083,quantile,0.55,147.5883725201776
26942,2020-12-27,3 day ahead inc hosp,2020-12-30,06083,quantile,0.6,154.04321374803035
26943,2020-12-27,3 day ahead inc hosp,2020-12-30,06083,quantile,0.65,160.7148044644773
26944,2020-12-27,3 day ahead inc hosp,2020-12-30,06083,quantile,0.7,167.745656166199
26945,2020-12-27,3 day ahead inc hosp,2020-12-30,06083,quantile,0.75,175.3330506118631
26946,2020-12-27,3 day ahead inc hosp,2020-12-30,06083,quantile,0.8,183.78197413157923
26947,2020-12-27,3 day ahead inc hosp,2020-12-30,06083,quantile,0.85,193.6302263748466
26948,2020-12-27,3 day ahead inc hosp,2020-12-30,06083,quantile,0.9,206.0215764718008
26949,2020-12-27,3 day ahead inc hosp,2020-12-30,06083,quantile,0.95,224.3874239432855
26950,2020-12-27,3 day ahead inc hosp,2020-12-30,06083,quantile,0.975,240.31705765289325
26951,2020-12-27,3 day ahead inc hosp,2020-12-30,06083,quantile,0.99,258.83869940885563
26952,2020-12-27,4 day ahead inc hosp,2020-12-31,06083,point,NA,152.0201873779297
26953,2020-12-27,4 day ahead inc hosp,2020-12-31,06083,quantile,0.01,94.04288148205315
26954,2020-12-27,4 day ahead inc hosp,2020-12-31,06083,quantile,0.025,103.17391088395041
26955,2020-12-27,4 day ahead inc hosp,2020-12-31,06083,quantile,0.05,111.02709990900313
26956,2020-12-27,4 day ahead inc hosp,2020-12-31,06083,quantile,0.1,120.08132390612273
26957,2020-12-27,4 day ahead inc hosp,2020-12-31,06083,quantile,0.15,126.19016585195448
26958,2020-12-27,4 day ahead inc hosp,2020-12-31,06083,quantile,0.2,131.04527977627097
26959,2020-12-27,4 day ahead inc hosp,2020-12-31,06083,quantile,0.25,135.21053521579347
26960,2020-12-27,4 day ahead inc hosp,2020-12-31,06083,quantile,0.3,138.9510633331159
26961,2020-12-27,4 day ahead inc hosp,2020-12-31,06083,quantile,0.35,142.4172200839414
26962,2020-12-27,4 day ahead inc hosp,2020-12-31,06083,quantile,0.4,145.70626388426712
26963,2020-12-27,4 day ahead inc hosp,2020-12-31,06083,quantile,0.45,148.88845182487603
26964,2020-12-27,4 day ahead inc hosp,2020-12-31,06083,quantile,0.5,152.0201873779297
26965,2020-12-27,4 day ahead inc hosp,2020-12-31,06083,quantile,0.55,159.8457882113131
26966,2020-12-27,4 day ahead inc hosp,2020-12-31,06083,quantile,0.6,167.79745979345876
26967,2020-12-27,4 day ahead inc hosp,2020-12-31,06083,quantile,0.65,176.0161434814114
26968,2020-12-27,4 day ahead inc hosp,2020-12-31,06083,quantile,0.7,184.67739814304755
26969,2020-12-27,4 day ahead inc hosp,2020-12-31,06083,quantile,0.75,194.02425373041365
26970,2020-12-27,4 day ahead inc hosp,2020-12-31,06083,quantile,0.8,204.43242066743335
26971,2020-12-27,4 day ahead inc hosp,2020-12-31,06083,quantile,0.85,216.56441039921512
26972,2020-12-27,4 day ahead inc hosp,2020-12-31,06083,quantile,0.9,231.8292237311374
26973,2020-12-27,4 day ahead inc hosp,2020-12-31,06083,quantile,0.95,254.4539765741453
26974,2020-12-27,4 day ahead inc hosp,2020-12-31,06083,quantile,0.975,274.0775755460465
26975,2020-12-27,4 day ahead inc hosp,2020-12-31,06083,quantile,0.99,296.89425022582964
26976,2020-12-27,5 day ahead inc hosp,2021-01-01,06083,point,NA,148.05218505859375
26977,2020-12-27,5 day ahead inc hosp,2021-01-01,06083,quantile,0.01,96.65602521850838
26978,2020-12-27,5 day ahead inc hosp,2021-01-01,06083,quantile,0.025,104.75056909895812
26979,2020-12-27,5 day ahead inc hosp,2021-01-01,06083,quantile,0.05,111.71232339486997
26980,2020-12-27,5 day ahead inc hosp,2021-01-01,06083,quantile,0.1,119.73878024023699
26981,2020-12-27,5 day ahead inc hosp,2021-01-01,06083,quantile,0.15,125.15419256811676
26982,2020-12-27,5 day ahead inc hosp,2021-01-01,06083,quantile,0.2,129.45819061425127
26983,2020-12-27,5 day ahead inc hosp,2021-01-01,06083,quantile,0.25,133.1506377025819
26984,2020-12-27,5 day ahead inc hosp,2021-01-01,06083,quantile,0.3,136.46656930777763
26985,2020-12-27,5 day ahead inc hosp,2021-01-01,06083,quantile,0.35,139.53927411258795
26986,2020-12-27,5 day ahead inc hosp,2021-01-01,06083,quantile,0.4,142.45497049189495
26987,2020-12-27,5 day ahead inc hosp,2021-01-01,06083,quantile,0.45,145.2759404819538
26988,2020-12-27,5 day ahead inc hosp,2021-01-01,06083,quantile,0.5,148.05218505859375
26989,2020-12-27,5 day ahead inc hosp,2021-01-01,06083,quantile,0.55,155.61852355864926
26990,2020-12-27,5 day ahead inc hosp,2021-01-01,06083,quantile,0.6,163.30675608069743
26991,2020-12-27,5 day ahead inc hosp,2021-01-01,06083,quantile,0.65,171.25315459142348
26992,2020-12-27,5 day ahead inc hosp,2021-01-01,06083,quantile,0.7,179.62746168942414
26993,2020-12-27,5 day ahead inc hosp,2021-01-01,06083,quantile,0.75,188.66465573891546
26994,2020-12-27,5 day ahead inc hosp,2021-01-01,06083,quantile,0.8,198.72799986894418
26995,2020-12-27,5 day ahead inc hosp,2021-01-01,06083,quantile,0.85,210.45805650539683
26996,2020-12-27,5 day ahead inc hosp,2021-01-01,06083,quantile,0.9,225.2171462249715
26997,2020-12-27,5 day ahead inc hosp,2021-01-01,06083,quantile,0.95,247.0923404924866
26998,2020-12-27,5 day ahead inc hosp,2021-01-01,06083,quantile,0.975,266.0658091848005
26999,2020-12-27,5 day ahead inc hosp,2021-01-01,06083,quantile,0.99,288.12656691428003
27000,2020-12-27,6 day ahead inc hosp,2021-01-02,06083,point,NA,157.043701171875
27001,2020-12-27,6 day ahead inc hosp,2021-01-02,06083,quantile,0.01,57.05836215100071
27002,2020-12-27,6 day ahead inc hosp,2021-01-02,06083,quantile,0.025,72.80536964386184
27003,2020-12-27,6 day ahead inc hosp,2021-01-02,06083,quantile,0.05,86.3486648165468
27004,2020-12-27,6 day ahead inc hosp,2021-01-02,06083,quantile,0.1,101.96321678535992
27005,2020-12-27,6 day ahead inc hosp,2021-01-02,06083,quantile,0.15,112.49828086846634
27006,2020-12-27,6 day ahead inc hosp,2021-01-02,06083,quantile,0.2,120.87121583339163
27007,2020-12-27,6 day ahead inc hosp,2021-01-02,06083,quantile,0.25,128.05444849303163
27008,2020-12-27,6 day ahead inc hosp,2021-01-02,06083,quantile,0.3,134.50521342852676
27009,2020-12-27,6 day ahead inc hosp,2021-01-02,06083,quantile,0.35,140.4828084974178
27010,2020-12-27,6 day ahead inc hosp,2021-01-02,06083,quantile,0.4,146.15496166749912
27011,2020-12-27,6 day ahead inc hosp,2021-01-02,06083,quantile,0.45,151.64283550284665
27012,2020-12-27,6 day ahead inc hosp,2021-01-02,06083,quantile,0.5,157.043701171875
27013,2020-12-27,6 day ahead inc hosp,2021-01-02,06083,quantile,0.55,164.72897799483826
27014,2020-12-27,6 day ahead inc hosp,2021-01-02,06083,quantile,0.6,172.53806494102975
27015,2020-12-27,6 day ahead inc hosp,2021-01-02,06083,quantile,0.65,180.60937609107472
27016,2020-12-27,6 day ahead inc hosp,2021-01-02,06083,quantile,0.7,189.11532229585652
27017,2020-12-27,6 day ahead inc hosp,2021-01-02,06083,quantile,0.75,198.29457563915693
27018,2020-12-27,6 day ahead inc hosp,2021-01-02,06083,quantile,0.8,208.51610952948525
27019,2020-12-27,6 day ahead inc hosp,2021-01-02,06083,quantile,0.85,220.43055565154475
27020,2020-12-27,6 day ahead inc hosp,2021-01-02,06083,quantile,0.9,235.42164944797625
27021,2020-12-27,6 day ahead inc hosp,2021-01-02,06083,quantile,0.95,257.64070870639034
27022,2020-12-27,6 day ahead inc hosp,2021-01-02,06083,quantile,0.975,276.91242899635483
27023,2020-12-27,6 day ahead inc hosp,2021-01-02,06083,quantile,0.99,299.3199686635443
27024,2020-12-27,7 day ahead inc hosp,2021-01-03,06083,point,NA,153.00042724609375
27025,2020-12-27,7 day ahead inc hosp,2021-01-03,06083,quantile,0.01,55.07235805860786
27026,2020-12-27,7 day ahead inc hosp,2021-01-03,06083,quantile,0.025,70.49535961421411
27027,2020-12-27,7 day ahead inc hosp,2021-01-03,06083,quantile,0.05,83.75999180614325
27028,2020-12-27,7 day ahead inc hosp,2021-01-03,06083,quantile,0.1,99.0532632048059
27029,2020-12-27,7 day ahead inc hosp,2021-01-03,06083,quantile,0.15,109.37156081251473
27030,2020-12-27,7 day ahead inc hosp,2021-01-03,06083,quantile,0.2,117.57221665443112
27031,2020-12-27,7 day ahead inc hosp,2021-01-03,06083,quantile,0.25,124.60764916655344
27032,2020-12-27,7 day ahead inc hosp,2021-01-03,06083,quantile,0.3,130.92568500162213
27033,2020-12-27,7 day ahead inc hosp,2021-01-03,06083,quantile,0.35,136.7802867783779
27034,2020-12-27,7 day ahead inc hosp,2021-01-03,06083,quantile,0.4,142.33573134176308
27035,2020-12-27,7 day ahead inc hosp,2021-01-03,06083,quantile,0.45,147.7106882494744
27036,2020-12-27,7 day ahead inc hosp,2021-01-03,06083,quantile,0.5,153.00042724609375
27037,2020-12-27,7 day ahead inc hosp,2021-01-03,06083,quantile,0.55,160.62620734440335
27038,2020-12-27,7 day ahead inc hosp,2021-01-03,06083,quantile,0.6,168.37483907127913
27039,2020-12-27,7 day ahead inc hosp,2021-01-03,06083,quantile,0.65,176.38366495395502
27040,2020-12-27,7 day ahead inc hosp,2021-01-03,06083,quantile,0.7,184.8237610988206
27041,2020-12-27,7 day ahead inc hosp,2021-01-03,06083,quantile,0.75,193.93195187387875
27042,2020-12-27,7 day ahead inc hosp,2021-01-03,06083,quantile,0.8,204.07435422458653
27043,2020-12-27,7 day ahead inc hosp,2021-01-03,06083,quantile,0.85,215.89656287275218
27044,2020-12-27,7 day ahead inc hosp,2021-01-03,06083,quantile,0.9,230.7716008652862
27045,2020-12-27,7 day ahead inc hosp,2021-01-03,06083,quantile,0.95,252.81864793972645
27046,2020-12-27,7 day ahead inc hosp,2021-01-03,06083,quantile,0.975,271.941173312955
27047,2020-12-27,7 day ahead inc hosp,2021-01-03,06083,quantile,0.99,294.1752416467813
27048,2020-12-27,8 day ahead inc hosp,2021-01-04,06083,point,NA,134.4306640625
27049,2020-12-27,8 day ahead inc hosp,2021-01-04,06083,quantile,0.01,84.60991661537079
27050,2020-12-27,8 day ahead inc hosp,2021-01-04,06083,quantile,0.025,92.45634381192303
27051,2020-12-27,8 day ahead inc hosp,2021-01-04,06083,quantile,0.05,99.20470407161466
27052,2020-12-27,8 day ahead inc hosp,2021-01-04,06083,quantile,0.1,106.98513125980374
27053,2020-12-27,8 day ahead inc hosp,2021-01-04,06083,quantile,0.15,112.23454854601397
27054,2020-12-27,8 day ahead inc hosp,2021-01-04,06083,quantile,0.2,116.40661899517943
27055,2020-12-27,8 day ahead inc hosp,2021-01-04,06083,quantile,0.25,119.98588395236659
27056,2020-12-27,8 day ahead inc hosp,2021-01-04,06083,quantile,0.3,123.20017450575466
27057,2020-12-27,8 day ahead inc hosp,2021-01-04,06083,quantile,0.35,126.17869372852043
27058,2020-12-27,8 day ahead inc hosp,2021-01-04,06083,quantile,0.4,129.00501720089528
27059,2020-12-27,8 day ahead inc hosp,2021-01-04,06083,quantile,0.45,131.73951786919304
27060,2020-12-27,8 day ahead inc hosp,2021-01-04,06083,quantile,0.5,134.4306640625
27061,2020-12-27,8 day ahead inc hosp,2021-01-04,06083,quantile,0.55,140.87584568302307
27062,2020-12-27,8 day ahead inc hosp,2021-01-04,06083,quantile,0.6,147.4248594424589
27063,2020-12-27,8 day ahead inc hosp,2021-01-04,06083,quantile,0.65,154.19378494457695
27064,2020-12-27,8 day ahead inc hosp,2021-01-04,06083,quantile,0.7,161.32721284927007
27065,2020-12-27,8 day ahead inc hosp,2021-01-04,06083,quantile,0.75,169.02530314597757
27066,2020-12-27,8 day ahead inc hosp,2021-01-04,06083,quantile,0.8,177.59749174517705
27067,2020-12-27,8 day ahead inc hosp,2021-01-04,06083,quantile,0.85,187.58942449315077
27068,2020-12-27,8 day ahead inc hosp,2021-01-04,06083,quantile,0.9,200.16155747339687
27069,2020-12-27,8 day ahead inc hosp,2021-01-04,06083,quantile,0.95,218.79535241097807
27070,2020-12-27,8 day ahead inc hosp,2021-01-04,06083,quantile,0.975,234.95739058735282
27071,2020-12-27,8 day ahead inc hosp,2021-01-04,06083,quantile,0.99,253.74925276108593
27072,2020-12-27,9 day ahead inc hosp,2021-01-05,06083,point,NA,139.46775817871094
27073,2020-12-27,9 day ahead inc hosp,2021-01-05,06083,quantile,0.01,86.7865224028115
27074,2020-12-27,9 day ahead inc hosp,2021-01-05,06083,quantile,0.025,95.08345695961765
27075,2020-12-27,9 day ahead inc hosp,2021-01-05,06083,quantile,0.05,102.21927840265805
27076,2020-12-27,9 day ahead inc hosp,2021-01-05,06083,quantile,0.1,110.44642352072724
27077,2020-12-27,9 day ahead inc hosp,2021-01-05,06083,quantile,0.15,115.99723927342944
27078,2020-12-27,9 day ahead inc hosp,2021-01-05,06083,quantile,0.2,120.40885166923692
27079,2020-12-27,9 day ahead inc hosp,2021-01-05,06083,quantile,0.25,124.19362228742355
27080,2020-12-27,9 day ahead inc hosp,2021-01-05,06083,quantile,0.3,127.59246327580861
27081,2020-12-27,9 day ahead inc hosp,2021-01-05,06083,quantile,0.35,130.741995980112
27082,2020-12-27,9 day ahead inc hosp,2021-01-05,06083,quantile,0.4,133.7305945230212
27083,2020-12-27,9 day ahead inc hosp,2021-01-05,06083,quantile,0.45,136.62209820005504
27084,2020-12-27,9 day ahead inc hosp,2021-01-05,06083,quantile,0.5,139.46775817871094
27085,2020-12-27,9 day ahead inc hosp,2021-01-05,06083,quantile,0.55,145.21204837432754
27086,2020-12-27,9 day ahead inc hosp,2021-01-05,06083,quantile,0.6,151.04887931940067
27087,2020-12-27,9 day ahead inc hosp,2021-01-05,06083,quantile,0.65,157.08170735839087
27088,2020-12-27,9 day ahead inc hosp,2021-01-05,06083,quantile,0.7,163.4393994121861
27089,2020-12-27,9 day ahead inc hosp,2021-01-05,06083,quantile,0.75,170.30034875697115
27090,2020-12-27,9 day ahead inc hosp,2021-01-05,06083,quantile,0.8,177.9403412078529
27091,2020-12-27,9 day ahead inc hosp,2021-01-05,06083,quantile,0.85,186.8456854943011
27092,2020-12-27,9 day ahead inc hosp,2021-01-05,06083,quantile,0.9,198.0506420755797
27093,2020-12-27,9 day ahead inc hosp,2021-01-05,06083,quantile,0.95,214.6580756390099
27094,2020-12-27,9 day ahead inc hosp,2021-01-05,06083,quantile,0.975,229.0625475226426
27095,2020-12-27,9 day ahead inc hosp,2021-01-05,06083,quantile,0.99,245.81085905171216
27096,2020-12-27,10 day ahead inc hosp,2021-01-06,06083,point,NA,138.126953125
27097,2020-12-27,10 day ahead inc hosp,2021-01-06,06083,quantile,0.01,86.09028087892108
27098,2020-12-27,10 day ahead inc hosp,2021-01-06,06083,quantile,0.025,94.28570108539245
27099,2020-12-27,10 day ahead inc hosp,2021-01-06,06083,quantile,0.05,101.33421458681467
27100,2020-12-27,10 day ahead inc hosp,2021-01-06,06083,quantile,0.1,109.46069923973823
27101,2020-12-27,10 day ahead inc hosp,2021-01-06,06083,quantile,0.15,114.94359985449331
27102,2020-12-27,10 day ahead inc hosp,2021-01-06,06083,quantile,0.2,119.3012354516141
27103,2020-12-27,10 day ahead inc hosp,2021-01-06,06083,quantile,0.25,123.03969878271285
27104,2020-12-27,10 day ahead inc hosp,2021-01-06,06083,quantile,0.3,126.39695439610611
27105,2020-12-27,10 day ahead inc hosp,2021-01-06,06083,quantile,0.35,129.5079520530198
27106,2020-12-27,10 day ahead inc hosp,2021-01-06,06083,quantile,0.4,132.45998460430673
27107,2020-12-27,10 day ahead inc hosp,2021-01-06,06083,quantile,0.45,135.3161102612712
27108,2020-12-27,10 day ahead inc hosp,2021-01-06,06083,quantile,0.5,138.126953125
27109,2020-12-27,10 day ahead inc hosp,2021-01-06,06083,quantile,0.55,144.4975434539477
27110,2020-12-27,10 day ahead inc hosp,2021-01-06,06083,quantile,0.6,150.9707642530571
27111,2020-12-27,10 day ahead inc hosp,2021-01-06,06083,quantile,0.65,157.6613517151465
27112,2020-12-27,10 day ahead inc hosp,2021-01-06,06083,quantile,0.7,164.71222312537614
27113,2020-12-27,10 day ahead inc hosp,2021-01-06,06083,quantile,0.75,172.3212219842153
27114,2020-12-27,10 day ahead inc hosp,2021-01-06,06083,quantile,0.8,180.7942030425123
27115,2020-12-27,10 day ahead inc hosp,2021-01-06,06083,quantile,0.85,190.67049728518276
27116,2020-12-27,10 day ahead inc hosp,2021-01-06,06083,quantile,0.9,203.09713062056738
27117,2020-12-27,10 day ahead inc hosp,2021-01-06,06083,quantile,0.95,221.51527316645823
27118,2020-12-27,10 day ahead inc hosp,2021-01-06,06083,quantile,0.975,237.49026505414076
27119,2020-12-27,10 day ahead inc hosp,2021-01-06,06083,quantile,0.99,256.0646454945149
27120,2020-12-27,11 day ahead inc hosp,2021-01-07,06083,point,NA,139.64483642578125
27121,2020-12-27,11 day ahead inc hosp,2021-01-07,06083,quantile,0.01,79.37565048706648
27122,2020-12-27,11 day ahead inc hosp,2021-01-07,06083,quantile,0.025,88.86763533063882
27123,2020-12-27,11 day ahead inc hosp,2021-01-07,06083,quantile,0.05,97.03126594867412
27124,2020-12-27,11 day ahead inc hosp,2021-01-07,06083,quantile,0.1,106.44340922061573
27125,2020-12-27,11 day ahead inc hosp,2021-01-07,06083,quantile,0.15,112.7937376019443
27126,2020-12-27,11 day ahead inc hosp,2021-01-07,06083,quantile,0.2,117.84077728991791
27127,2020-12-27,11 day ahead inc hosp,2021-01-07,06083,quantile,0.25,122.17068794526415
27128,2020-12-27,11 day ahead inc hosp,2021-01-07,06083,quantile,0.3,126.05908153527969
27129,2020-12-27,11 day ahead inc hosp,2021-01-07,06083,quantile,0.35,129.66225768291594
27130,2020-12-27,11 day ahead inc hosp,2021-01-07,06083,quantile,0.4,133.08131949165903
27131,2020-12-27,11 day ahead inc hosp,2021-01-07,06083,quantile,0.45,136.38930136009793
27132,2020-12-27,11 day ahead inc hosp,2021-01-07,06083,quantile,0.5,139.64483642578125
27133,2020-12-27,11 day ahead inc hosp,2021-01-07,06083,quantile,0.55,147.46402390177494
27134,2020-12-27,11 day ahead inc hosp,2021-01-07,06083,quantile,0.6,155.4091788070816
27135,2020-12-27,11 day ahead inc hosp,2021-01-07,06083,quantile,0.65,163.62112699230593
27136,2020-12-27,11 day ahead inc hosp,2021-01-07,06083,quantile,0.7,172.27528344860664
27137,2020-12-27,11 day ahead inc hosp,2021-01-07,06083,quantile,0.75,181.61447895636627
27138,2020-12-27,11 day ahead inc hosp,2021-01-07,06083,quantile,0.8,192.0141160314929
27139,2020-12-27,11 day ahead inc hosp,2021-01-07,06083,quantile,0.85,204.13616316747212
27140,2020-12-27,11 day ahead inc hosp,2021-01-07,06083,quantile,0.9,219.3884664435572
27141,2020-12-27,11 day ahead inc hosp,2021-01-07,06083,quantile,0.95,241.99467749930483
27142,2020-12-27,11 day ahead inc hosp,2021-01-07,06083,quantile,0.975,261.6021942359682
27143,2020-12-27,11 day ahead inc hosp,2021-01-07,06083,quantile,0.99,284.40016984173997
27144,2020-12-27,12 day ahead inc hosp,2021-01-08,06083,point,NA,138.3304901123047
27145,2020-12-27,12 day ahead inc hosp,2021-01-08,06083,quantile,0.01,85.91965021251946
27146,2020-12-27,12 day ahead inc hosp,2021-01-08,06083,quantile,0.025,94.17399926700193
27147,2020-12-27,12 day ahead inc hosp,2021-01-08,06083,quantile,0.05,101.27319482869258
27148,2020-12-27,12 day ahead inc hosp,2021-01-08,06083,quantile,0.1,109.45811265122941
27149,2020-12-27,12 day ahead inc hosp,2021-01-08,06083,quantile,0.15,114.98043784811045
27150,2020-12-27,12 day ahead inc hosp,2021-01-08,06083,quantile,0.2,119.36940685332029
27151,2020-12-27,12 day ahead inc hosp,2021-01-08,06083,quantile,0.25,123.13475145857987
27152,2020-12-27,12 day ahead inc hosp,2021-01-08,06083,quantile,0.3,126.51614728697027
27153,2020-12-27,12 day ahead inc hosp,2021-01-08,06083,quantile,0.35,129.64951445069
27154,2020-12-27,12 day ahead inc hosp,2021-01-08,06083,quantile,0.4,132.62277347641702
27155,2020-12-27,12 day ahead inc hosp,2021-01-08,06083,quantile,0.45,135.4994359930543
27156,2020-12-27,12 day ahead inc hosp,2021-01-08,06083,quantile,0.5,138.3304901123047
27157,2020-12-27,12 day ahead inc hosp,2021-01-08,06083,quantile,0.55,145.88629803196272
27158,2020-12-27,12 day ahead inc hosp,2021-01-08,06083,quantile,0.6,153.56383032553353
27159,2020-12-27,12 day ahead inc hosp,2021-01-08,06083,quantile,0.65,161.4991693008731
27160,2020-12-27,12 day ahead inc hosp,2021-01-08,06083,quantile,0.7,169.86182131442732
27161,2020-12-27,12 day ahead inc hosp,2021-01-08,06083,quantile,0.75,178.88643769527414
27162,2020-12-27,12 day ahead inc hosp,2021-01-08,06083,quantile,0.8,188.93577599481725
27163,2020-12-27,12 day ahead inc hosp,2021-01-08,06083,quantile,0.85,200.6495071252836
27164,2020-12-27,12 day ahead inc hosp,2021-01-08,06083,quantile,0.9,215.38805563052
27165,2020-12-27,12 day ahead inc hosp,2021-01-08,06083,quantile,0.95,237.23280472406594
27166,2020-12-27,12 day ahead inc hosp,2021-01-08,06083,quantile,0.975,256.1798667683714
27167,2020-12-27,12 day ahead inc hosp,2021-01-08,06083,quantile,0.99,278.209921062775
27168,2020-12-27,13 day ahead inc hosp,2021-01-09,06083,point,NA,135.3402557373047
27169,2020-12-27,13 day ahead inc hosp,2021-01-09,06083,quantile,0.01,37.97978760123959
27170,2020-12-27,13 day ahead inc hosp,2021-01-09,06083,quantile,0.025,53.313395870818056
27171,2020-12-27,13 day ahead inc hosp,2021-01-09,06083,quantile,0.05,66.50114490512631
27172,2020-12-27,13 day ahead inc hosp,2021-01-09,06083,quantile,0.1,81.70577494694851
27173,2020-12-27,13 day ahead inc hosp,2021-01-09,06083,quantile,0.15,91.96426665202287
27174,2020-12-27,13 day ahead inc hosp,2021-01-09,06083,quantile,0.2,100.11739065841108
27175,2020-12-27,13 day ahead inc hosp,2021-01-09,06083,quantile,0.25,107.11204508796513
27176,2020-12-27,13 day ahead inc hosp,2021-01-09,06083,quantile,0.3,113.39346094458786
27177,2020-12-27,13 day ahead inc hosp,2021-01-09,06083,quantile,0.35,119.21412885384566
27178,2020-12-27,13 day ahead inc hosp,2021-01-09,06083,quantile,0.4,124.73737349537546
27179,2020-12-27,13 day ahead inc hosp,2021-01-09,06083,quantile,0.45,130.08117660604503
27180,2020-12-27,13 day ahead inc hosp,2021-01-09,06083,quantile,0.5,135.3402557373047
27181,2020-12-27,13 day ahead inc hosp,2021-01-09,06083,quantile,0.55,142.96649841801067
27182,2020-12-27,13 day ahead inc hosp,2021-01-09,06083,quantile,0.6,150.7156001795041
27183,2020-12-27,13 day ahead inc hosp,2021-01-09,06083,quantile,0.65,158.72491188026302
27184,2020-12-27,13 day ahead inc hosp,2021-01-09,06083,quantile,0.7,167.16552000421137
27185,2020-12-27,13 day ahead inc hosp,2021-01-09,06083,quantile,0.75,176.27426328519823
27186,2020-12-27,13 day ahead inc hosp,2021-01-09,06083,quantile,0.8,186.41728087745824
27187,2020-12-27,13 day ahead inc hosp,2021-01-09,06083,quantile,0.85,198.24020666479345
27188,2020-12-27,13 day ahead inc hosp,2021-01-09,06083,quantile,0.9,213.11614698215612
27189,2020-12-27,13 day ahead inc hosp,2021-01-09,06083,quantile,0.95,235.1645314379183
27190,2020-12-27,13 day ahead inc hosp,2021-01-09,06083,quantile,0.975,254.28821678999464
27191,2020-12-27,13 day ahead inc hosp,2021-01-09,06083,quantile,0.99,276.5236338499156
27192,2020-12-27,14 day ahead inc hosp,2021-01-10,06083,point,NA,140.38002014160156
27193,2020-12-27,14 day ahead inc hosp,2021-01-10,06083,quantile,0.01,41.456980743308975
27194,2020-12-27,14 day ahead inc hosp,2021-01-10,06083,quantile,0.025,57.03668330646471
27195,2020-12-27,14 day ahead inc hosp,2021-01-10,06083,quantile,0.05,70.43608700974683
27196,2020-12-27,14 day ahead inc hosp,2021-01-10,06083,quantile,0.1,85.88474132970775
27197,2020-12-27,14 day ahead inc hosp,2021-01-10,06083,quantile,0.15,96.30787505673445
27198,2020-12-27,14 day ahead inc hosp,2021-01-10,06083,quantile,0.2,104.59185132291208
27199,2020-12-27,14 day ahead inc hosp,2021-01-10,06083,quantile,0.25,111.6987653400593
27200,2020-12-27,14 day ahead inc hosp,2021-01-10,06083,quantile,0.3,118.08099377586912
27201,2020-12-27,14 day ahead inc hosp,2021-01-10,06083,quantile,0.35,123.99507956382143
27202,2020-12-27,14 day ahead inc hosp,2021-01-10,06083,quantile,0.4,129.60696863687807
27203,2020-12-27,14 day ahead inc hosp,2021-01-10,06083,quantile,0.45,135.03653626092347
27204,2020-12-27,14 day ahead inc hosp,2021-01-10,06083,quantile,0.5,140.38002014160156
27205,2020-12-27,14 day ahead inc hosp,2021-01-10,06083,quantile,0.55,148.03133430883102
27206,2020-12-27,14 day ahead inc hosp,2021-01-10,06083,quantile,0.6,155.80591145951894
27207,2020-12-27,14 day ahead inc hosp,2021-01-10,06083,quantile,0.65,163.84155399693952
27208,2020-12-27,14 day ahead inc hosp,2021-01-10,06083,quantile,0.7,172.30991085662706
27209,2020-12-27,14 day ahead inc hosp,2021-01-10,06083,quantile,0.75,181.44859938640502
27210,2020-12-27,14 day ahead inc hosp,2021-01-10,06083,quantile,0.8,191.624962433238
27211,2020-12-27,14 day ahead inc hosp,2021-01-10,06083,quantile,0.85,203.48675642041366
27212,2020-12-27,14 day ahead inc hosp,2021-01-10,06083,quantile,0.9,218.41160180843906
27213,2020-12-27,14 day ahead inc hosp,2021-01-10,06083,quantile,0.95,240.5324709459628
27214,2020-12-27,14 day ahead inc hosp,2021-01-10,06083,quantile,0.975,259.7190259495383
27215,2020-12-27,14 day ahead inc hosp,2021-01-10,06083,quantile,0.99,282.0275425661482
27216,2020-12-27,15 day ahead inc hosp,2021-01-11,06083,point,NA,134.26406860351562
27217,2020-12-27,15 day ahead inc hosp,2021-01-11,06083,quantile,0.01,85.58787234784074
27218,2020-12-27,15 day ahead inc hosp,2021-01-11,06083,quantile,0.025,93.25404055478222
27219,2020-12-27,15 day ahead inc hosp,2021-01-11,06083,quantile,0.05,99.8473681389045
27220,2020-12-27,15 day ahead inc hosp,2021-01-11,06083,quantile,0.1,107.44905258105757
27221,2020-12-27,15 day ahead inc hosp,2021-01-11,06083,quantile,0.15,112.57787298510041
27222,2020-12-27,15 day ahead inc hosp,2021-01-11,06083,quantile,0.2,116.65409685531819
27223,2020-12-27,15 day ahead inc hosp,2021-01-11,06083,quantile,0.25,120.15113398210947
27224,2020-12-27,15 day ahead inc hosp,2021-01-11,06083,quantile,0.3,123.29158140244408
27225,2020-12-27,15 day ahead inc hosp,2021-01-11,06083,quantile,0.35,126.20167395760909
27226,2020-12-27,15 day ahead inc hosp,2021-01-11,06083,quantile,0.4,128.96306721388925
27227,2020-12-27,15 day ahead inc hosp,2021-01-11,06083,quantile,0.45,131.63474714668408
27228,2020-12-27,15 day ahead inc hosp,2021-01-11,06083,quantile,0.5,134.26406860351562
27229,2020-12-27,15 day ahead inc hosp,2021-01-11,06083,quantile,0.55,140.87644380032822
27230,2020-12-27,15 day ahead inc hosp,2021-01-11,06083,quantile,0.6,147.59534463139025
27231,2020-12-27,15 day ahead inc hosp,2021-01-11,06083,quantile,0.65,154.5398619056211
27232,2020-12-27,15 day ahead inc hosp,2021-01-11,06083,quantile,0.7,161.85833708947726
27233,2020-12-27,15 day ahead inc hosp,2021-01-11,06083,quantile,0.75,169.75612249535098
27234,2020-12-27,15 day ahead inc hosp,2021-01-11,06083,quantile,0.8,178.5506810684182
27235,2020-12-27,15 day ahead inc hosp,2021-01-11,06083,quantile,0.85,188.80181317934841
27236,2020-12-27,15 day ahead inc hosp,2021-01-11,06083,quantile,0.9,201.70007814443443
27237,2020-12-27,15 day ahead inc hosp,2021-01-11,06083,quantile,0.95,220.8172498119343
27238,2020-12-27,15 day ahead inc hosp,2021-01-11,06083,quantile,0.975,237.39854521361855
27239,2020-12-27,15 day ahead inc hosp,2021-01-11,06083,quantile,0.99,256.6778845178583
27240,2020-12-27,16 day ahead inc hosp,2021-01-12,06083,point,NA,142.006591796875
27241,2020-12-27,16 day ahead inc hosp,2021-01-12,06083,quantile,0.01,90.71115097075304
27242,2020-12-27,16 day ahead inc hosp,2021-01-12,06083,quantile,0.025,98.78983229492118
27243,2020-12-27,16 day ahead inc hosp,2021-01-12,06083,quantile,0.05,105.73794391732741
27244,2020-12-27,16 day ahead inc hosp,2021-01-12,06083,quantile,0.1,113.74867163387236
27245,2020-12-27,16 day ahead inc hosp,2021-01-12,06083,quantile,0.15,119.15347159321007
27246,2020-12-27,16 day ahead inc hosp,2021-01-12,06083,quantile,0.2,123.44903526524628
27247,2020-12-27,16 day ahead inc hosp,2021-01-12,06083,quantile,0.25,127.13424641161149
27248,2020-12-27,16 day ahead inc hosp,2021-01-12,06083,quantile,0.3,130.44367991728606
27249,2020-12-27,16 day ahead inc hosp,2021-01-12,06083,quantile,0.35,133.51036326447962
27250,2020-12-27,16 day ahead inc hosp,2021-01-12,06083,quantile,0.4,136.42034586934795
27251,2020-12-27,16 day ahead inc hosp,2021-01-12,06083,quantile,0.45,139.2357877165124
27252,2020-12-27,16 day ahead inc hosp,2021-01-12,06083,quantile,0.5,142.006591796875
27253,2020-12-27,16 day ahead inc hosp,2021-01-12,06083,quantile,0.55,147.72307959206952
27254,2020-12-27,16 day ahead inc hosp,2021-01-12,06083,quantile,0.6,153.53166023891524
27255,2020-12-27,16 day ahead inc hosp,2021-01-12,06083,quantile,0.65,159.53528935251938
27256,2020-12-27,16 day ahead inc hosp,2021-01-12,06083,quantile,0.7,165.86221013706802
27257,2020-12-27,16 day ahead inc hosp,2021-01-12,06083,quantile,0.75,172.68995244417505
27258,2020-12-27,16 day ahead inc hosp,2021-01-12,06083,quantile,0.8,180.29296728387982
27259,2020-12-27,16 day ahead inc hosp,2021-01-12,06083,quantile,0.85,189.15520964836432
27260,2020-12-27,16 day ahead inc hosp,2021-01-12,06083,quantile,0.9,200.30593416981029
27261,2020-12-27,16 day ahead inc hosp,2021-01-12,06083,quantile,0.95,216.83298765107367
27262,2020-12-27,16 day ahead inc hosp,2021-01-12,06083,quantile,0.975,231.1677418008281
27263,2020-12-27,16 day ahead inc hosp,2021-01-12,06083,quantile,0.99,247.83499139749733
27264,2020-12-27,17 day ahead inc hosp,2021-01-13,06083,point,NA,144.17666625976562
27265,2020-12-27,17 day ahead inc hosp,2021-01-13,06083,quantile,0.01,92.68877708465818
27266,2020-12-27,17 day ahead inc hosp,2021-01-13,06083,quantile,0.025,100.79776770840104
27267,2020-12-27,17 day ahead inc hosp,2021-01-13,06083,quantile,0.05,107.77194700054096
27268,2020-12-27,17 day ahead inc hosp,2021-01-13,06083,quantile,0.1,115.81272907081389
27269,2020-12-27,17 day ahead inc hosp,2021-01-13,06083,quantile,0.15,121.2378065599285
27270,2020-12-27,17 day ahead inc hosp,2021-01-13,06083,quantile,0.2,125.54948616982063
27271,2020-12-27,17 day ahead inc hosp,2021-01-13,06083,quantile,0.25,129.24852335587588
27272,2020-12-27,17 day ahead inc hosp,2021-01-13,06083,quantile,0.3,132.57037307250386
27273,2020-12-27,17 day ahead inc hosp,2021-01-13,06083,quantile,0.35,135.64856188953107
27274,2020-12-27,17 day ahead inc hosp,2021-01-13,06083,quantile,0.4,138.5694620601492
27275,2020-12-27,17 day ahead inc hosp,2021-01-13,06083,quantile,0.45,141.3954667785245
27276,2020-12-27,17 day ahead inc hosp,2021-01-13,06083,quantile,0.5,144.17666625976562
27277,2020-12-27,17 day ahead inc hosp,2021-01-13,06083,quantile,0.55,150.52377945353734
27278,2020-12-27,17 day ahead inc hosp,2021-01-13,06083,quantile,0.6,156.97314489986502
27279,2020-12-27,17 day ahead inc hosp,2021-01-13,06083,quantile,0.65,163.63907596150432
27280,2020-12-27,17 day ahead inc hosp,2021-01-13,06083,quantile,0.7,170.66396323954854
27281,2020-12-27,17 day ahead inc hosp,2021-01-13,06083,quantile,0.75,178.24492113427937
27282,2020-12-27,17 day ahead inc hosp,2021-01-13,06083,quantile,0.8,186.68667724930145
27283,2020-12-27,17 day ahead inc hosp,2021-01-13,06083,quantile,0.85,196.52657500703086
27284,2020-12-27,17 day ahead inc hosp,2021-01-13,06083,quantile,0.9,208.9074132534939
27285,2020-12-27,17 day ahead inc hosp,2021-01-13,06083,quantile,0.95,227.25768057904986
27286,2020-12-27,17 day ahead inc hosp,2021-01-13,06083,quantile,0.975,243.17380083559357
27287,2020-12-27,17 day ahead inc hosp,2021-01-13,06083,quantile,0.99,261.67973028196366
27288,2020-12-27,18 day ahead inc hosp,2021-01-14,06083,point,NA,148.20542907714844
27289,2020-12-27,18 day ahead inc hosp,2021-01-14,06083,quantile,0.01,91.04544295981052
27290,2020-12-27,18 day ahead inc hosp,2021-01-14,06083,quantile,0.025,100.04775008299424
27291,2020-12-27,18 day ahead inc hosp,2021-01-14,06083,quantile,0.05,107.7902308470197
27292,2020-12-27,18 day ahead inc hosp,2021-01-14,06083,quantile,0.1,116.71681530936246
27293,2020-12-27,18 day ahead inc hosp,2021-01-14,06083,quantile,0.15,122.7395394670503
27294,2020-12-27,18 day ahead inc hosp,2021-01-14,06083,quantile,0.2,127.5262097033395
27295,2020-12-27,18 day ahead inc hosp,2021-01-14,06083,quantile,0.25,131.63274655287609
27296,2020-12-27,18 day ahead inc hosp,2021-01-14,06083,quantile,0.3,135.32054356161686
27297,2020-12-27,18 day ahead inc hosp,2021-01-14,06083,quantile,0.35,138.73783708183532
27298,2020-12-27,18 day ahead inc hosp,2021-01-14,06083,quantile,0.4,141.9805144546607
27299,2020-12-27,18 day ahead inc hosp,2021-01-14,06083,quantile,0.45,145.11784234006876
27300,2020-12-27,18 day ahead inc hosp,2021-01-14,06083,quantile,0.5,148.20542907714844
27301,2020-12-27,18 day ahead inc hosp,2021-01-14,06083,quantile,0.55,155.93947886228943
27302,2020-12-27,18 day ahead inc hosp,2021-01-14,06083,quantile,0.6,163.79812450506955
27303,2020-12-27,18 day ahead inc hosp,2021-01-14,06083,quantile,0.65,171.92065850141068
27304,2020-12-27,18 day ahead inc hosp,2021-01-14,06083,quantile,0.7,180.48058587070847
27305,2020-12-27,18 day ahead inc hosp,2021-01-14,06083,quantile,0.75,189.71809337797015
27306,2020-12-27,18 day ahead inc hosp,2021-01-14,06083,quantile,0.8,200.00449604236027
27307,2020-12-27,18 day ahead inc hosp,2021-01-14,06083,quantile,0.85,211.99455464311976
27308,2020-12-27,18 day ahead inc hosp,2021-01-14,06083,quantile,0.9,227.0807862033012
27309,2020-12-27,18 day ahead inc hosp,2021-01-14,06083,quantile,0.95,249.44085395910565
27310,2020-12-27,18 day ahead inc hosp,2021-01-14,06083,quantile,0.975,268.834878091398
27311,2020-12-27,18 day ahead inc hosp,2021-01-14,06083,quantile,0.99,291.38462240649534
27312,2020-12-27,19 day ahead inc hosp,2021-01-15,06083,point,NA,147.0374755859375
27313,2020-12-27,19 day ahead inc hosp,2021-01-15,06083,quantile,0.01,96.78836505638048
27314,2020-12-27,19 day ahead inc hosp,2021-01-15,06083,quantile,0.025,104.70225651054002
27315,2020-12-27,19 day ahead inc hosp,2021-01-15,06083,quantile,0.05,111.50863975363313
27316,2020-12-27,19 day ahead inc hosp,2021-01-15,06083,quantile,0.1,119.35596372566664
27317,2020-12-27,19 day ahead inc hosp,2021-01-15,06083,quantile,0.15,124.65051595434349
27318,2020-12-27,19 day ahead inc hosp,2021-01-15,06083,quantile,0.2,128.85845822497464
27319,2020-12-27,19 day ahead inc hosp,2021-01-15,06083,quantile,0.25,132.4684980108918
27320,2020-12-27,19 day ahead inc hosp,2021-01-15,06083,quantile,0.3,135.7104253116155
27321,2020-12-27,19 day ahead inc hosp,2021-01-15,06083,quantile,0.35,138.7145540994864
27322,2020-12-27,19 day ahead inc hosp,2021-01-15,06083,quantile,0.4,141.56517854478122
27323,2020-12-27,19 day ahead inc hosp,2021-01-15,06083,quantile,0.45,144.3231906856119
27324,2020-12-27,19 day ahead inc hosp,2021-01-15,06083,quantile,0.5,147.0374755859375
27325,2020-12-27,19 day ahead inc hosp,2021-01-15,06083,quantile,0.55,154.44017640215557
27326,2020-12-27,19 day ahead inc hosp,2021-01-15,06083,quantile,0.6,161.96213503060224
27327,2020-12-27,19 day ahead inc hosp,2021-01-15,06083,quantile,0.65,169.7366762754744
27328,2020-12-27,19 day ahead inc hosp,2021-01-15,06083,quantile,0.7,177.92987170139617
27329,2020-12-27,19 day ahead inc hosp,2021-01-15,06083,quantile,0.75,186.77161778055978
27330,2020-12-27,19 day ahead inc hosp,2021-01-15,06083,quantile,0.8,196.61732132722253
27331,2020-12-27,19 day ahead inc hosp,2021-01-15,06083,quantile,0.85,208.09369128295674
27332,2020-12-27,19 day ahead inc hosp,2021-01-15,06083,quantile,0.9,222.53358523072686
27333,2020-12-27,19 day ahead inc hosp,2021-01-15,06083,quantile,0.95,243.93568328090998
27334,2020-12-27,19 day ahead inc hosp,2021-01-15,06083,quantile,0.975,262.49881155940955
27335,2020-12-27,19 day ahead inc hosp,2021-01-15,06083,quantile,0.99,284.0824598787663
27336,2020-12-27,20 day ahead inc hosp,2021-01-16,06083,point,NA,147.4625701904297
27337,2020-12-27,20 day ahead inc hosp,2021-01-16,06083,quantile,0.01,54.86137830006297
27338,2020-12-27,20 day ahead inc hosp,2021-01-16,06083,quantile,0.025,69.44543309074626
27339,2020-12-27,20 day ahead inc hosp,2021-01-16,06083,quantile,0.05,81.98852478193761
27340,2020-12-27,20 day ahead inc hosp,2021-01-16,06083,quantile,0.1,96.44990619350932
27341,2020-12-27,20 day ahead inc hosp,2021-01-16,06083,quantile,0.15,106.20693157633448
27342,2020-12-27,20 day ahead inc hosp,2021-01-16,06083,quantile,0.2,113.96150604660492
27343,2020-12-27,20 day ahead inc hosp,2021-01-16,06083,quantile,0.25,120.61424046169353
27344,2020-12-27,20 day ahead inc hosp,2021-01-16,06083,quantile,0.3,126.588601577844
27345,2020-12-27,20 day ahead inc hosp,2021-01-16,06083,quantile,0.35,132.12473750975025
27346,2020-12-27,20 day ahead inc hosp,2021-01-16,06083,quantile,0.4,137.3779891292161
27347,2020-12-27,20 day ahead inc hosp,2021-01-16,06083,quantile,0.45,142.46057086643506
27348,2020-12-27,20 day ahead inc hosp,2021-01-16,06083,quantile,0.5,147.4625701904297
27349,2020-12-27,20 day ahead inc hosp,2021-01-16,06083,quantile,0.55,154.9926719509292
27350,2020-12-27,20 day ahead inc hosp,2021-01-16,06083,quantile,0.6,162.64408395806848
27351,2020-12-27,20 day ahead inc hosp,2021-01-16,06083,quantile,0.65,170.55242554426766
27352,2020-12-27,20 day ahead inc hosp,2021-01-16,06083,quantile,0.7,178.88662637617017
27353,2020-12-27,20 day ahead inc hosp,2021-01-16,06083,quantile,0.75,187.88053945864078
27354,2020-12-27,20 day ahead inc hosp,2021-01-16,06083,quantile,0.8,197.8956881794502
27355,2020-12-27,20 day ahead inc hosp,2021-01-16,06083,quantile,0.85,209.5695671802725
27356,2020-12-27,20 day ahead inc hosp,2021-01-16,06083,quantile,0.9,224.2579726064802
27357,2020-12-27,20 day ahead inc hosp,2021-01-16,06083,quantile,0.95,246.02840210337314
27358,2020-12-27,20 day ahead inc hosp,2021-01-16,06083,quantile,0.975,264.9110029811593
27359,2020-12-27,20 day ahead inc hosp,2021-01-16,06083,quantile,0.99,286.8661072387191
27360,2020-12-27,21 day ahead inc hosp,2021-01-17,06083,point,NA,169.18626403808594
27361,2020-12-27,21 day ahead inc hosp,2021-01-17,06083,quantile,0.01,74.43991111962676
27362,2020-12-27,21 day ahead inc hosp,2021-01-17,06083,quantile,0.025,89.36181410999174
27363,2020-12-27,21 day ahead inc hosp,2021-01-17,06083,quantile,0.05,102.19547389127409
27364,2020-12-27,21 day ahead inc hosp,2021-01-17,06083,quantile,0.1,116.99186170161022
27365,2020-12-27,21 day ahead inc hosp,2021-01-17,06083,quantile,0.15,126.97491431123527
27366,2020-12-27,21 day ahead inc hosp,2021-01-17,06083,quantile,0.2,134.90912805615739
27367,2020-12-27,21 day ahead inc hosp,2021-01-17,06083,quantile,0.25,141.7159769735128
27368,2020-12-27,21 day ahead inc hosp,2021-01-17,06083,quantile,0.3,147.8287376758078
27369,2020-12-27,21 day ahead inc hosp,2021-01-17,06083,quantile,0.35,153.49312144993846
27370,2020-12-27,21 day ahead inc hosp,2021-01-17,06083,quantile,0.4,158.86806773029144
27371,2020-12-27,21 day ahead inc hosp,2021-01-17,06083,quantile,0.45,164.06839046027952
27372,2020-12-27,21 day ahead inc hosp,2021-01-17,06083,quantile,0.5,169.18626403808594
27373,2020-12-27,21 day ahead inc hosp,2021-01-17,06083,quantile,0.55,176.57965760061697
27374,2020-12-27,21 day ahead inc hosp,2021-01-17,06083,quantile,0.6,184.09215903513987
27375,2020-12-27,21 day ahead inc hosp,2021-01-17,06083,quantile,0.65,191.85692551949384
27376,2020-12-27,21 day ahead inc hosp,2021-01-17,06083,quantile,0.7,200.03981982016015
27377,2020-12-27,21 day ahead inc hosp,2021-01-17,06083,quantile,0.75,208.8704493655291
27378,2020-12-27,21 day ahead inc hosp,2021-01-17,06083,quantile,0.8,218.70377412465047
27379,2020-12-27,21 day ahead inc hosp,2021-01-17,06083,quantile,0.85,230.16571509166337
27380,2020-12-27,21 day ahead inc hosp,2021-01-17,06083,quantile,0.9,244.58745407687013
27381,2020-12-27,21 day ahead inc hosp,2021-01-17,06083,quantile,0.95,265.96264373767843
27382,2020-12-27,21 day ahead inc hosp,2021-01-17,06083,quantile,0.975,284.5024330013505
27383,2020-12-27,21 day ahead inc hosp,2021-01-17,06083,quantile,0.99,306.05894467215325
27384,2020-12-27,22 day ahead inc hosp,2021-01-18,06083,point,NA,139.47650146484375
27385,2020-12-27,22 day ahead inc hosp,2021-01-18,06083,quantile,0.01,85.0223244028823
27386,2020-12-27,22 day ahead inc hosp,2021-01-18,06083,quantile,0.025,93.59848509413396
27387,2020-12-27,22 day ahead inc hosp,2021-01-18,06083,quantile,0.05,100.97445641710789
27388,2020-12-27,22 day ahead inc hosp,2021-01-18,06083,quantile,0.1,109.47847896660821
27389,2020-12-27,22 day ahead inc hosp,2021-01-18,06083,quantile,0.15,115.21610260781843
27390,2020-12-27,22 day ahead inc hosp,2021-01-18,06083,quantile,0.2,119.7761839914815
27391,2020-12-27,22 day ahead inc hosp,2021-01-18,06083,quantile,0.25,123.6883277813189
27392,2020-12-27,22 day ahead inc hosp,2021-01-18,06083,quantile,0.3,127.20155381447971
27393,2020-12-27,22 day ahead inc hosp,2021-01-18,06083,quantile,0.35,130.4570813095472
27394,2020-12-27,22 day ahead inc hosp,2021-01-18,06083,quantile,0.4,133.54625854363837
27395,2020-12-27,22 day ahead inc hosp,2021-01-18,06083,quantile,0.45,136.53507326837848
27396,2020-12-27,22 day ahead inc hosp,2021-01-18,06083,quantile,0.5,139.47650146484375
27397,2020-12-27,22 day ahead inc hosp,2021-01-18,06083,quantile,0.55,147.09535768736762
27398,2020-12-27,22 day ahead inc hosp,2021-01-18,06083,quantile,0.6,154.8369539945362
27399,2020-12-27,22 day ahead inc hosp,2021-01-18,06083,quantile,0.65,162.83850821255797
27400,2020-12-27,22 day ahead inc hosp,2021-01-18,06083,quantile,0.7,171.27094111817806
27401,2020-12-27,22 day ahead inc hosp,2021-01-18,06083,quantile,0.75,180.37086205320065
27402,2020-12-27,22 day ahead inc hosp,2021-01-18,06083,quantile,0.8,190.50405554486193
27403,2020-12-27,22 day ahead inc hosp,2021-01-18,06083,quantile,0.85,202.3155301431156
27404,2020-12-27,22 day ahead inc hosp,2021-01-18,06083,quantile,0.9,217.17706224982015
27405,2020-12-27,22 day ahead inc hosp,2021-01-18,06083,quantile,0.95,239.20409156694018
27406,2020-12-27,22 day ahead inc hosp,2021-01-18,06083,quantile,0.975,258.3092545210212
27407,2020-12-27,22 day ahead inc hosp,2021-01-18,06083,quantile,0.99,280.5231352903793
27408,2020-12-27,23 day ahead inc hosp,2021-01-19,06083,point,NA,145.43841552734375
27409,2020-12-27,23 day ahead inc hosp,2021-01-19,06083,quantile,0.01,93.17206718977293
27410,2020-12-27,23 day ahead inc hosp,2021-01-19,06083,quantile,0.025,101.40365981081098
27411,2020-12-27,23 day ahead inc hosp,2021-01-19,06083,quantile,0.05,108.48328358431553
27412,2020-12-27,23 day ahead inc hosp,2021-01-19,06083,quantile,0.1,116.64563638852722
27413,2020-12-27,23 day ahead inc hosp,2021-01-19,06083,quantile,0.15,122.15273707467196
27414,2020-12-27,23 day ahead inc hosp,2021-01-19,06083,quantile,0.2,126.52960612137537
27415,2020-12-27,23 day ahead inc hosp,2021-01-19,06083,quantile,0.25,130.2845700396372
27416,2020-12-27,23 day ahead inc hosp,2021-01-19,06083,quantile,0.3,133.656643690275
27417,2020-12-27,23 day ahead inc hosp,2021-01-19,06083,quantile,0.35,136.7813724670247
27418,2020-12-27,23 day ahead inc hosp,2021-01-19,06083,quantile,0.4,139.74643450826693
27419,2020-12-27,23 day ahead inc hosp,2021-01-19,06083,quantile,0.45,142.61516634755222
27420,2020-12-27,23 day ahead inc hosp,2021-01-19,06083,quantile,0.5,145.43841552734375
27421,2020-12-27,23 day ahead inc hosp,2021-01-19,06083,quantile,0.55,151.68453188414708
27422,2020-12-27,23 day ahead inc hosp,2021-01-19,06083,quantile,0.6,158.03127343034146
27423,2020-12-27,23 day ahead inc hosp,2021-01-19,06083,quantile,0.65,164.59113454614527
27424,2020-12-27,23 day ahead inc hosp,2021-01-19,06083,quantile,0.7,171.50424007814502
27425,2020-12-27,23 day ahead inc hosp,2021-01-19,06083,quantile,0.75,178.96456789347064
27426,2020-12-27,23 day ahead inc hosp,2021-01-19,06083,quantile,0.8,187.2719966946341
27427,2020-12-27,23 day ahead inc hosp,2021-01-19,06083,quantile,0.85,196.95531956244378
27428,2020-12-27,23 day ahead inc hosp,2021-01-19,06083,quantile,0.9,209.13915084467982
27429,2020-12-27,23 day ahead inc hosp,2021-01-19,06083,quantile,0.95,227.19742417220465
27430,2020-12-27,23 day ahead inc hosp,2021-01-19,06083,quantile,0.975,242.86028318168303
27431,2020-12-27,23 day ahead inc hosp,2021-01-19,06083,quantile,0.99,261.0717416958067
27432,2020-12-27,24 day ahead inc hosp,2021-01-20,06083,point,NA,153.0319061279297
27433,2020-12-27,24 day ahead inc hosp,2021-01-20,06083,quantile,0.01,100.68846663442247
27434,2020-12-27,24 day ahead inc hosp,2021-01-20,06083,quantile,0.025,108.93220058560004
27435,2020-12-27,24 day ahead inc hosp,2021-01-20,06083,quantile,0.05,116.02226657283586
27436,2020-12-27,24 day ahead inc hosp,2021-01-20,06083,quantile,0.1,124.19665858071974
27437,2020-12-27,24 day ahead inc hosp,2021-01-20,06083,quantile,0.15,129.71188206042586
27438,2020-12-27,24 day ahead inc hosp,2021-01-20,06083,quantile,0.2,134.09520684595404
27439,2020-12-27,24 day ahead inc hosp,2021-01-20,06083,quantile,0.25,137.85570921329764
27440,2020-12-27,24 day ahead inc hosp,2021-01-20,06083,quantile,0.3,141.23275656238383
27441,2020-12-27,24 day ahead inc hosp,2021-01-20,06083,quantile,0.35,144.36209421197526
27442,2020-12-27,24 day ahead inc hosp,2021-01-20,06083,quantile,0.4,147.33152962284157
27443,2020-12-27,24 day ahead inc hosp,2021-01-20,06083,quantile,0.45,150.2044927478508
27444,2020-12-27,24 day ahead inc hosp,2021-01-20,06083,quantile,0.5,153.0319061279297
27445,2020-12-27,24 day ahead inc hosp,2021-01-20,06083,quantile,0.55,159.67893761439066
27446,2020-12-27,24 day ahead inc hosp,2021-01-20,06083,quantile,0.6,166.43305304934148
27447,2020-12-27,24 day ahead inc hosp,2021-01-20,06083,quantile,0.65,173.41396741160207
27448,2020-12-27,24 day ahead inc hosp,2021-01-20,06083,quantile,0.7,180.7707996439025
27449,2020-12-27,24 day ahead inc hosp,2021-01-20,06083,quantile,0.75,188.70997833591923
27450,2020-12-27,24 day ahead inc hosp,2021-01-20,06083,quantile,0.8,197.55063029603212
27451,2020-12-27,24 day ahead inc hosp,2021-01-20,06083,quantile,0.85,207.8554898790258
27452,2020-12-27,24 day ahead inc hosp,2021-01-20,06083,quantile,0.9,220.8213562722351
27453,2020-12-27,24 day ahead inc hosp,2021-01-20,06083,quantile,0.95,240.03872343966452
27454,2020-12-27,24 day ahead inc hosp,2021-01-20,06083,quantile,0.975,256.7069234949841
27455,2020-12-27,24 day ahead inc hosp,2021-01-20,06083,quantile,0.99,276.08730824012366
27456,2020-12-27,25 day ahead inc hosp,2021-01-21,06083,point,NA,163.82810974121094
27457,2020-12-27,25 day ahead inc hosp,2021-01-21,06083,quantile,0.01,103.43323690926175
27458,2020-12-27,25 day ahead inc hosp,2021-01-21,06083,quantile,0.025,112.94501657944465
27459,2020-12-27,25 day ahead inc hosp,2021-01-21,06083,quantile,0.05,121.12567184040341
27460,2020-12-27,25 day ahead inc hosp,2021-01-21,06083,quantile,0.1,130.55744343531143
27461,2020-12-27,25 day ahead inc hosp,2021-01-21,06083,quantile,0.15,136.92101495295978
27462,2020-12-27,25 day ahead inc hosp,2021-01-21,06083,quantile,0.2,141.97857986586436
27463,2020-12-27,25 day ahead inc hosp,2021-01-21,06083,quantile,0.25,146.31752022701758
27464,2020-12-27,25 day ahead inc hosp,2021-01-21,06083,quantile,0.3,150.2140227719226
27465,2020-12-27,25 day ahead inc hosp,2021-01-21,06083,quantile,0.35,153.82471307473978
27466,2020-12-27,25 day ahead inc hosp,2021-01-21,06083,quantile,0.4,157.25090508193875
27467,2020-12-27,25 day ahead inc hosp,2021-01-21,06083,quantile,0.45,160.56578549990084
27468,2020-12-27,25 day ahead inc hosp,2021-01-21,06083,quantile,0.5,163.82810974121094
27469,2020-12-27,25 day ahead inc hosp,2021-01-21,06083,quantile,0.55,171.8934231691955
27470,2020-12-27,25 day ahead inc hosp,2021-01-21,06083,quantile,0.6,180.08866912562317
27471,2020-12-27,25 day ahead inc hosp,2021-01-21,06083,quantile,0.65,188.55910626139303
27472,2020-12-27,25 day ahead inc hosp,2021-01-21,06083,quantile,0.7,197.4856711364744
27473,2020-12-27,25 day ahead inc hosp,2021-01-21,06083,quantile,0.75,207.11883815882342
27474,2020-12-27,25 day ahead inc hosp,2021-01-21,06083,quantile,0.8,217.84582645597072
27475,2020-12-27,25 day ahead inc hosp,2021-01-21,06083,quantile,0.85,230.3494414211625
27476,2020-12-27,25 day ahead inc hosp,2021-01-21,06083,quantile,0.9,246.08184415456407
27477,2020-12-27,25 day ahead inc hosp,2021-01-21,06083,quantile,0.95,269.39963492803616
27478,2020-12-27,25 day ahead inc hosp,2021-01-21,06083,quantile,0.975,289.6243409491111
27479,2020-12-27,25 day ahead inc hosp,2021-01-21,06083,quantile,0.99,313.13993247938436
27480,2020-12-27,26 day ahead inc hosp,2021-01-22,06083,point,NA,151.96641540527344
27481,2020-12-27,26 day ahead inc hosp,2021-01-22,06083,quantile,0.01,101.45373778335875
27482,2020-12-27,26 day ahead inc hosp,2021-01-22,06083,quantile,0.025,109.40913925307527
27483,2020-12-27,26 day ahead inc hosp,2021-01-22,06083,quantile,0.05,116.25122339956644
27484,2020-12-27,26 day ahead inc hosp,2021-01-22,06083,quantile,0.1,124.1397082267932
27485,2020-12-27,26 day ahead inc hosp,2021-01-22,06083,quantile,0.15,129.46203148905735
27486,2020-12-27,26 day ahead inc hosp,2021-01-22,06083,quantile,0.2,133.69204529682403
27487,2020-12-27,26 day ahead inc hosp,2021-01-22,06083,quantile,0.25,137.32102049631652
27488,2020-12-27,26 day ahead inc hosp,2021-01-22,06083,quantile,0.3,140.57995238365442
27489,2020-12-27,26 day ahead inc hosp,2021-01-22,06083,quantile,0.35,143.5998384552134
27490,2020-12-27,26 day ahead inc hosp,2021-01-22,06083,quantile,0.4,146.46541502182006
27491,2020-12-27,26 day ahead inc hosp,2021-01-22,06083,quantile,0.45,149.23789351305942
27492,2020-12-27,26 day ahead inc hosp,2021-01-22,06083,quantile,0.5,151.96641540527344
27493,2020-12-27,26 day ahead inc hosp,2021-01-22,06083,quantile,0.55,159.42211474203611
27494,2020-12-27,26 day ahead inc hosp,2021-01-22,06083,quantile,0.6,166.99792569935605
27495,2020-12-27,26 day ahead inc hosp,2021-01-22,06083,quantile,0.65,174.82812760026724
27496,2020-12-27,26 day ahead inc hosp,2021-01-22,06083,quantile,0.7,183.07998097372555
27497,2020-12-27,26 day ahead inc hosp,2021-01-22,06083,quantile,0.75,191.98502820105932
27498,2020-12-27,26 day ahead inc hosp,2021-01-22,06083,quantile,0.8,201.90122057803526
27499,2020-12-27,26 day ahead inc hosp,2021-01-22,06083,quantile,0.85,213.45975387441726
27500,2020-12-27,26 day ahead inc hosp,2021-01-22,06083,quantile,0.9,228.00302806610807
27501,2020-12-27,26 day ahead inc hosp,2021-01-22,06083,quantile,0.95,249.55835121093844
27502,2020-12-27,26 day ahead inc hosp,2021-01-22,06083,quantile,0.975,268.2543794079765
27503,2020-12-27,26 day ahead inc hosp,2021-01-22,06083,quantile,0.99,289.9925526037641
27504,2020-12-27,27 day ahead inc hosp,2021-01-23,06083,point,NA,154.93040466308594
27505,2020-12-27,27 day ahead inc hosp,2021-01-23,06083,quantile,0.01,58.501730504477564
27506,2020-12-27,27 day ahead inc hosp,2021-01-23,06083,quantile,0.025,73.68858759144763
27507,2020-12-27,27 day ahead inc hosp,2021-01-23,06083,quantile,0.05,86.75012251276287
27508,2020-12-27,27 day ahead inc hosp,2021-01-23,06083,quantile,0.1,101.80923576554676
27509,2020-12-27,27 day ahead inc hosp,2021-01-23,06083,quantile,0.15,111.96954798389947
27510,2020-12-27,27 day ahead inc hosp,2021-01-23,06083,quantile,0.2,120.04464204659439
27511,2020-12-27,27 day ahead inc hosp,2021-01-23,06083,quantile,0.25,126.9723537323775
27512,2020-12-27,27 day ahead inc hosp,2021-01-23,06083,quantile,0.3,133.19365293614146
27513,2020-12-27,27 day ahead inc hosp,2021-01-23,06083,quantile,0.35,138.9586138073534
27514,2020-12-27,27 day ahead inc hosp,2021-01-23,06083,quantile,0.4,144.42899791738077
27515,2020-12-27,27 day ahead inc hosp,2021-01-23,06083,quantile,0.45,149.7216578520718
27516,2020-12-27,27 day ahead inc hosp,2021-01-23,06083,quantile,0.5,154.93040466308594
27517,2020-12-27,27 day ahead inc hosp,2021-01-23,06083,quantile,0.55,162.66594621653525
27518,2020-12-27,27 day ahead inc hosp,2021-01-23,06083,quantile,0.6,170.526107660072
27519,2020-12-27,27 day ahead inc hosp,2021-01-23,06083,quantile,0.65,178.65020835680107
27520,2020-12-27,27 day ahead inc hosp,2021-01-23,06083,quantile,0.7,187.21178679232236
27521,2020-12-27,27 day ahead inc hosp,2021-01-23,06083,quantile,0.75,196.45107605963597
27522,2020-12-27,27 day ahead inc hosp,2021-01-23,06083,quantile,0.8,206.73946279833746
27523,2020-12-27,27 day ahead inc hosp,2021-01-23,06083,quantile,0.85,218.73183408002507
27524,2020-12-27,27 day ahead inc hosp,2021-01-23,06083,quantile,0.9,233.82097552089752
27525,2020-12-27,27 day ahead inc hosp,2021-01-23,06083,quantile,0.95,256.1853561582293
27526,2020-12-27,27 day ahead inc hosp,2021-01-23,06083,quantile,0.975,275.5831210720495
27527,2020-12-27,27 day ahead inc hosp,2021-01-23,06083,quantile,0.99,298.1372148540967
27528,2020-12-27,28 day ahead inc hosp,2021-01-24,06083,point,NA,153.60092163085938
27529,2020-12-27,28 day ahead inc hosp,2021-01-24,06083,quantile,0.01,58.493907762888114
27530,2020-12-27,28 day ahead inc hosp,2021-01-24,06083,quantile,0.025,73.47261238767236
27531,2020-12-27,28 day ahead inc hosp,2021-01-24,06083,quantile,0.05,86.35512470818031
27532,2020-12-27,28 day ahead inc hosp,2021-01-24,06083,quantile,0.1,101.20783636753697
27533,2020-12-27,28 day ahead inc hosp,2021-01-24,06083,quantile,0.15,111.2288904106981
27534,2020-12-27,28 day ahead inc hosp,2021-01-24,06083,quantile,0.2,119.19330649032472
27535,2020-12-27,28 day ahead inc hosp,2021-01-24,06083,quantile,0.25,126.02606632158974
27536,2020-12-27,28 day ahead inc hosp,2021-01-24,06083,quantile,0.3,132.16209582538602
27537,2020-12-27,28 day ahead inc hosp,2021-01-24,06083,quantile,0.35,137.84804161185224
27538,2020-12-27,28 day ahead inc hosp,2021-01-24,06083,quantile,0.4,143.24344813335793
27539,2020-12-27,28 day ahead inc hosp,2021-01-24,06083,quantile,0.45,148.46356638344565
27540,2020-12-27,28 day ahead inc hosp,2021-01-24,06083,quantile,0.5,153.60092163085938
27541,2020-12-27,28 day ahead inc hosp,2021-01-24,06083,quantile,0.55,160.92728628511577
27542,2020-12-27,28 day ahead inc hosp,2021-01-24,06083,quantile,0.6,168.37167897291653
27543,2020-12-27,28 day ahead inc hosp,2021-01-24,06083,quantile,0.65,176.06604966188212
27544,2020-12-27,28 day ahead inc hosp,2021-01-24,06083,quantile,0.7,184.17475739762915
27545,2020-12-27,28 day ahead inc hosp,2021-01-24,06083,quantile,0.75,192.9253279751104
27546,2020-12-27,28 day ahead inc hosp,2021-01-24,06083,quantile,0.8,202.66950327698467
27547,2020-12-27,28 day ahead inc hosp,2021-01-24,06083,quantile,0.85,214.02752966360507
27548,2020-12-27,28 day ahead inc hosp,2021-01-24,06083,quantile,0.9,228.3185203785589
27549,2020-12-27,28 day ahead inc hosp,2021-01-24,06083,quantile,0.95,249.4999214069876
27550,2020-12-27,28 day ahead inc hosp,2021-01-24,06083,quantile,0.975,267.8716279325401
27551,2020-12-27,28 day ahead inc hosp,2021-01-24,06083,quantile,0.99,289.2327070957558
27552,2020-12-27,1 day ahead inc hosp,2020-12-28,06085,point,NA,689.2354125976562
27553,2020-12-27,1 day ahead inc hosp,2020-12-28,06085,quantile,0.01,462.39981117047114
27554,2020-12-27,1 day ahead inc hosp,2020-12-28,06085,quantile,0.025,498.12486796680616
27555,2020-12-27,1 day ahead inc hosp,2020-12-28,06085,quantile,0.05,528.8503876868574
27556,2020-12-27,1 day ahead inc hosp,2020-12-28,06085,quantile,0.1,564.2749441423024
27557,2020-12-27,1 day ahead inc hosp,2020-12-28,06085,quantile,0.15,588.1757242043319
27558,2020-12-27,1 day ahead inc hosp,2020-12-28,06085,quantile,0.2,607.1713065274865
27559,2020-12-27,1 day ahead inc hosp,2020-12-28,06085,quantile,0.25,623.4678247620315
27560,2020-12-27,1 day ahead inc hosp,2020-12-28,06085,quantile,0.3,638.1026018017227
27561,2020-12-27,1 day ahead inc hosp,2020-12-28,06085,quantile,0.35,651.6639037467708
27562,2020-12-27,1 day ahead inc hosp,2020-12-28,06085,quantile,0.4,664.5322531300128
27563,2020-12-27,1 day ahead inc hosp,2020-12-28,06085,quantile,0.45,676.9825300824936
27564,2020-12-27,1 day ahead inc hosp,2020-12-28,06085,quantile,0.5,689.2354125976562
27565,2020-12-27,1 day ahead inc hosp,2020-12-28,06085,quantile,0.55,722.1270515488136
27566,2020-12-27,1 day ahead inc hosp,2020-12-28,06085,quantile,0.6,755.5485761456711
27567,2020-12-27,1 day ahead inc hosp,2020-12-28,06085,quantile,0.65,790.0923744141331
27568,2020-12-27,1 day ahead inc hosp,2020-12-28,06085,quantile,0.7,826.4963346032698
27569,2020-12-27,1 day ahead inc hosp,2020-12-28,06085,quantile,0.75,865.7819314352428
27570,2020-12-27,1 day ahead inc hosp,2020-12-28,06085,quantile,0.8,909.5283064835869
27571,2020-12-27,1 day ahead inc hosp,2020-12-28,06085,quantile,0.85,960.5200494197504
27572,2020-12-27,1 day ahead inc hosp,2020-12-28,06085,quantile,0.9,1024.679305617504
27573,2020-12-27,1 day ahead inc hosp,2020-12-28,06085,quantile,0.95,1119.7729882261076
27574,2020-12-27,1 day ahead inc hosp,2020-12-28,06085,quantile,0.975,1202.2525761898364
27575,2020-12-27,1 day ahead inc hosp,2020-12-28,06085,quantile,0.99,1298.152921941176
27576,2020-12-27,2 day ahead inc hosp,2020-12-29,06085,point,NA,721.362548828125
27577,2020-12-27,2 day ahead inc hosp,2020-12-29,06085,quantile,0.01,470.3583597418869
27578,2020-12-27,2 day ahead inc hosp,2020-12-29,06085,quantile,0.025,509.88980390146844
27579,2020-12-27,2 day ahead inc hosp,2020-12-29,06085,quantile,0.05,543.8890267441859
27580,2020-12-27,2 day ahead inc hosp,2020-12-29,06085,quantile,0.1,583.0879532393855
27581,2020-12-27,2 day ahead inc hosp,2020-12-29,06085,quantile,0.15,609.5352828483755
27582,2020-12-27,2 day ahead inc hosp,2020-12-29,06085,quantile,0.2,630.5547820241908
27583,2020-12-27,2 day ahead inc hosp,2020-12-29,06085,quantile,0.25,648.5876407053449
27584,2020-12-27,2 day ahead inc hosp,2020-12-29,06085,quantile,0.3,664.7817051299488
27585,2020-12-27,2 day ahead inc hosp,2020-12-29,06085,quantile,0.35,679.7879192173926
27586,2020-12-27,2 day ahead inc hosp,2020-12-29,06085,quantile,0.4,694.0273489255018
27587,2020-12-27,2 day ahead inc hosp,2020-12-29,06085,quantile,0.45,707.8041619596748
27588,2020-12-27,2 day ahead inc hosp,2020-12-29,06085,quantile,0.5,721.362548828125
27589,2020-12-27,2 day ahead inc hosp,2020-12-29,06085,quantile,0.55,749.2228559377576
27590,2020-12-27,2 day ahead inc hosp,2020-12-29,06085,quantile,0.6,777.5319937318118
27591,2020-12-27,2 day ahead inc hosp,2020-12-29,06085,quantile,0.65,806.7917344799597
27592,2020-12-27,2 day ahead inc hosp,2020-12-29,06085,quantile,0.7,837.6270939578582
27593,2020-12-27,2 day ahead inc hosp,2020-12-29,06085,quantile,0.75,870.9032950723504
27594,2020-12-27,2 day ahead inc hosp,2020-12-29,06085,quantile,0.8,907.9579230156367
27595,2020-12-27,2 day ahead inc hosp,2020-12-29,06085,quantile,0.85,951.149617426686
27596,2020-12-27,2 day ahead inc hosp,2020-12-29,06085,quantile,0.9,1005.49463149696
27597,2020-12-27,2 day ahead inc hosp,2020-12-29,06085,quantile,0.95,1086.042128859307
27598,2020-12-27,2 day ahead inc hosp,2020-12-29,06085,quantile,0.975,1155.905070452389
27599,2020-12-27,2 day ahead inc hosp,2020-12-29,06085,quantile,0.99,1237.1358382022052
27600,2020-12-27,3 day ahead inc hosp,2020-12-30,06085,point,NA,746.3956909179688
27601,2020-12-27,3 day ahead inc hosp,2020-12-30,06085,quantile,0.01,502.11304839150125
27602,2020-12-27,3 day ahead inc hosp,2020-12-30,06085,quantile,0.025,540.5858949099004
27603,2020-12-27,3 day ahead inc hosp,2020-12-30,06085,quantile,0.05,573.6746653806264
27604,2020-12-27,3 day ahead inc hosp,2020-12-30,06085,quantile,0.1,611.8238985998305
27605,2020-12-27,3 day ahead inc hosp,2020-12-30,06085,quantile,0.15,637.5630051389365
27606,2020-12-27,3 day ahead inc hosp,2020-12-30,06085,quantile,0.2,658.0196310699362
27607,2020-12-27,3 day ahead inc hosp,2020-12-30,06085,quantile,0.25,675.5695946262225
27608,2020-12-27,3 day ahead inc hosp,2020-12-30,06085,quantile,0.3,691.3300043041938
27609,2020-12-27,3 day ahead inc hosp,2020-12-30,06085,quantile,0.35,705.934372641406
27610,2020-12-27,3 day ahead inc hosp,2020-12-30,06085,quantile,0.4,719.792490029127
27611,2020-12-27,3 day ahead inc hosp,2020-12-30,06085,quantile,0.45,733.2003789804328
27612,2020-12-27,3 day ahead inc hosp,2020-12-30,06085,quantile,0.5,746.3956909179688
27613,2020-12-27,3 day ahead inc hosp,2020-12-30,06085,quantile,0.55,776.8068489720879
27614,2020-12-27,3 day ahead inc hosp,2020-12-30,06085,quantile,0.6,807.707932023436
27615,2020-12-27,3 day ahead inc hosp,2020-12-30,06085,quantile,0.65,839.6466539123568
27616,2020-12-27,3 day ahead inc hosp,2020-12-30,06085,quantile,0.7,873.3052559890631
27617,2020-12-27,3 day ahead inc hosp,2020-12-30,06085,quantile,0.75,909.6281797655779
27618,2020-12-27,3 day ahead inc hosp,2020-12-30,06085,quantile,0.8,950.0754778727207
27619,2020-12-27,3 day ahead inc hosp,2020-12-30,06085,quantile,0.85,997.2217437121772
27620,2020-12-27,3 day ahead inc hosp,2020-12-30,06085,quantile,0.9,1056.5425116362685
27621,2020-12-27,3 day ahead inc hosp,2020-12-30,06085,quantile,0.95,1144.464825755454
27622,2020-12-27,3 day ahead inc hosp,2020-12-30,06085,quantile,0.975,1220.724321049328
27623,2020-12-27,3 day ahead inc hosp,2020-12-30,06085,quantile,0.99,1309.3924648417199
27624,2020-12-27,4 day ahead inc hosp,2020-12-31,06085,point,NA,802.1132202148438
27625,2020-12-27,4 day ahead inc hosp,2020-12-31,06085,quantile,0.01,524.9744991899505
27626,2020-12-27,4 day ahead inc hosp,2020-12-31,06085,quantile,0.025,568.6219534995251
27627,2020-12-27,4 day ahead inc hosp,2020-12-31,06085,quantile,0.05,606.1611721427396
27628,2020-12-27,4 day ahead inc hosp,2020-12-31,06085,quantile,0.1,649.4414870808142
27629,2020-12-27,4 day ahead inc hosp,2020-12-31,06085,quantile,0.15,678.642510095777
27630,2020-12-27,4 day ahead inc hosp,2020-12-31,06085,quantile,0.2,701.8505574968019
27631,2020-12-27,4 day ahead inc hosp,2020-12-31,06085,quantile,0.25,721.760995683157
27632,2020-12-27,4 day ahead inc hosp,2020-12-31,06085,quantile,0.3,739.6411845324653
27633,2020-12-27,4 day ahead inc hosp,2020-12-31,06085,quantile,0.35,756.2098441821697
27634,2020-12-27,4 day ahead inc hosp,2020-12-31,06085,quantile,0.4,771.9318819369794
27635,2020-12-27,4 day ahead inc hosp,2020-12-31,06085,quantile,0.45,787.1431354144183
27636,2020-12-27,4 day ahead inc hosp,2020-12-31,06085,quantile,0.5,802.1132202148438
27637,2020-12-27,4 day ahead inc hosp,2020-12-31,06085,quantile,0.55,839.5796907307838
27638,2020-12-27,4 day ahead inc hosp,2020-12-31,06085,quantile,0.6,877.6497476156162
27639,2020-12-27,4 day ahead inc hosp,2020-12-31,06085,quantile,0.65,916.9981729481391
27640,2020-12-27,4 day ahead inc hosp,2020-12-31,06085,quantile,0.7,958.4654863621992
27641,2020-12-27,4 day ahead inc hosp,2020-12-31,06085,quantile,0.75,1003.2152374339508
27642,2020-12-27,4 day ahead inc hosp,2020-12-31,06085,quantile,0.8,1053.0462073458461
27643,2020-12-27,4 day ahead inc hosp,2020-12-31,06085,quantile,0.85,1111.1302887171378
27644,2020-12-27,4 day ahead inc hosp,2020-12-31,06085,quantile,0.9,1184.2133261488495
27645,2020-12-27,4 day ahead inc hosp,2020-12-31,06085,quantile,0.95,1292.5333968208538
27646,2020-12-27,4 day ahead inc hosp,2020-12-31,06085,quantile,0.975,1386.484903925707
27647,2020-12-27,4 day ahead inc hosp,2020-12-31,06085,quantile,0.99,1495.7238348861417
27648,2020-12-27,5 day ahead inc hosp,2021-01-01,06085,point,NA,785.885009765625
27649,2020-12-27,5 day ahead inc hosp,2021-01-01,06085,quantile,0.01,539.9291510440171
27650,2020-12-27,5 day ahead inc hosp,2021-01-01,06085,quantile,0.025,578.6655176766657
27651,2020-12-27,5 day ahead inc hosp,2021-01-01,06085,quantile,0.05,611.980929983489
27652,2020-12-27,5 day ahead inc hosp,2021-01-01,06085,quantile,0.1,650.3914667246887
27653,2020-12-27,5 day ahead inc hosp,2021-01-01,06085,quantile,0.15,676.306873509544
27654,2020-12-27,5 day ahead inc hosp,2021-01-01,06085,quantile,0.2,696.9036172870335
27655,2020-12-27,5 day ahead inc hosp,2021-01-01,06085,quantile,0.25,714.5737894792786
27656,2020-12-27,5 day ahead inc hosp,2021-01-01,06085,quantile,0.3,730.4421502275449
27657,2020-12-27,5 day ahead inc hosp,2021-01-01,06085,quantile,0.35,745.146551319311
27658,2020-12-27,5 day ahead inc hosp,2021-01-01,06085,quantile,0.4,759.0995900088791
27659,2020-12-27,5 day ahead inc hosp,2021-01-01,06085,quantile,0.45,772.5993164182374
27660,2020-12-27,5 day ahead inc hosp,2021-01-01,06085,quantile,0.5,785.885009765625
27661,2020-12-27,5 day ahead inc hosp,2021-01-01,06085,quantile,0.55,822.1047876474966
27662,2020-12-27,5 day ahead inc hosp,2021-01-01,06085,quantile,0.6,858.9080676290523
27663,2020-12-27,5 day ahead inc hosp,2021-01-01,06085,quantile,0.65,896.9471784905636
27664,2020-12-27,5 day ahead inc hosp,2021-01-01,06085,quantile,0.7,937.0346716686629
27665,2020-12-27,5 day ahead inc hosp,2021-01-01,06085,quantile,0.75,980.2953797569338
27666,2020-12-27,5 day ahead inc hosp,2021-01-01,06085,quantile,0.8,1028.4682296942983
27667,2020-12-27,5 day ahead inc hosp,2021-01-01,06085,quantile,0.85,1084.6195697263324
27668,2020-12-27,5 day ahead inc hosp,2021-01-01,06085,quantile,0.9,1155.2707772261936
27669,2020-12-27,5 day ahead inc hosp,2021-01-01,06085,quantile,0.95,1259.9865096093506
27670,2020-12-27,5 day ahead inc hosp,2021-01-01,06085,quantile,0.975,1350.8117907779385
27671,2020-12-27,5 day ahead inc hosp,2021-01-01,06085,quantile,0.99,1456.4158084757546
27672,2020-12-27,6 day ahead inc hosp,2021-01-02,06085,point,NA,833.38525390625
27673,2020-12-27,6 day ahead inc hosp,2021-01-02,06085,quantile,0.01,354.9852812669687
27674,2020-12-27,6 day ahead inc hosp,2021-01-02,06085,quantile,0.025,430.3300070788455
27675,2020-12-27,6 day ahead inc hosp,2021-01-02,06085,quantile,0.05,495.1306278849172
27676,2020-12-27,6 day ahead inc hosp,2021-01-02,06085,quantile,0.1,569.8415935905523
27677,2020-12-27,6 day ahead inc hosp,2021-01-02,06085,quantile,0.15,620.2487274610387
27678,2020-12-27,6 day ahead inc hosp,2021-01-02,06085,quantile,0.2,660.3107195226396
27679,2020-12-27,6 day ahead inc hosp,2021-01-02,06085,quantile,0.25,694.6803415240804
27680,2020-12-27,6 day ahead inc hosp,2021-01-02,06085,quantile,0.3,725.5453243191982
27681,2020-12-27,6 day ahead inc hosp,2021-01-02,06085,quantile,0.35,754.1463306808325
27682,2020-12-27,6 day ahead inc hosp,2021-01-02,06085,quantile,0.4,781.2858888195132
27683,2020-12-27,6 day ahead inc hosp,2021-01-02,06085,quantile,0.45,807.5437254022344
27684,2020-12-27,6 day ahead inc hosp,2021-01-02,06085,quantile,0.5,833.38525390625
27685,2020-12-27,6 day ahead inc hosp,2021-01-02,06085,quantile,0.55,870.1813298802446
27686,2020-12-27,6 day ahead inc hosp,2021-01-02,06085,quantile,0.6,907.5701921397042
27687,2020-12-27,6 day ahead inc hosp,2021-01-02,06085,quantile,0.65,946.2145487618892
27688,2020-12-27,6 day ahead inc hosp,2021-01-02,06085,quantile,0.7,986.9398798061366
27689,2020-12-27,6 day ahead inc hosp,2021-01-02,06085,quantile,0.75,1030.8889152391105
27690,2020-12-27,6 day ahead inc hosp,2021-01-02,06085,quantile,0.8,1079.828250316212
27691,2020-12-27,6 day ahead inc hosp,2021-01-02,06085,quantile,0.85,1136.8730223907107
27692,2020-12-27,6 day ahead inc hosp,2021-01-02,06085,quantile,0.9,1208.6483714085334
27693,2020-12-27,6 day ahead inc hosp,2021-01-02,06085,quantile,0.95,1315.0302508615177
27694,2020-12-27,6 day ahead inc hosp,2021-01-02,06085,quantile,0.975,1407.3006661340391
27695,2020-12-27,6 day ahead inc hosp,2021-01-02,06085,quantile,0.99,1514.5849645370067
27696,2020-12-27,7 day ahead inc hosp,2021-01-03,06085,point,NA,816.4973754882812
27697,2020-12-27,7 day ahead inc hosp,2021-01-03,06085,quantile,0.01,348.30570243421516
27698,2020-12-27,7 day ahead inc hosp,2021-01-03,06085,quantile,0.025,422.0426908354682
27699,2020-12-27,7 day ahead inc hosp,2021-01-03,06085,quantile,0.05,485.46056877295894
27700,2020-12-27,7 day ahead inc hosp,2021-01-03,06085,quantile,0.1,558.5773205073509
27701,2020-12-27,7 day ahead inc hosp,2021-01-03,06085,quantile,0.15,607.9088457799875
27702,2020-12-27,7 day ahead inc hosp,2021-01-03,06085,quantile,0.2,647.1159782255037
27703,2020-12-27,7 day ahead inc hosp,2021-01-03,06085,quantile,0.25,680.7522067944874
27704,2020-12-27,7 day ahead inc hosp,2021-01-03,06085,quantile,0.3,710.9585796207818
27705,2020-12-27,7 day ahead inc hosp,2021-01-03,06085,quantile,0.35,738.9492856937946
27706,2020-12-27,7 day ahead inc hosp,2021-01-03,06085,quantile,0.4,765.509728539969
27707,2020-12-27,7 day ahead inc hosp,2021-01-03,06085,quantile,0.45,791.2072643751436
27708,2020-12-27,7 day ahead inc hosp,2021-01-03,06085,quantile,0.5,816.4973754882812
27709,2020-12-27,7 day ahead inc hosp,2021-01-03,06085,quantile,0.55,853.0003094024935
27710,2020-12-27,7 day ahead inc hosp,2021-01-03,06085,quantile,0.6,890.0913070716255
27711,2020-12-27,7 day ahead inc hosp,2021-01-03,06085,quantile,0.65,928.4277969988075
27712,2020-12-27,7 day ahead inc hosp,2021-01-03,06085,quantile,0.7,968.8286829191763
27713,2020-12-27,7 day ahead inc hosp,2021-01-03,06085,quantile,0.75,1012.4275910510387
27714,2020-12-27,7 day ahead inc hosp,2021-01-03,06085,quantile,0.8,1060.977042774844
27715,2020-12-27,7 day ahead inc hosp,2021-01-03,06085,quantile,0.85,1117.5673581839756
27716,2020-12-27,7 day ahead inc hosp,2021-01-03,06085,quantile,0.9,1188.7708969449777
27717,2020-12-27,7 day ahead inc hosp,2021-01-03,06085,quantile,0.95,1294.3052674600956
27718,2020-12-27,7 day ahead inc hosp,2021-01-03,06085,quantile,0.975,1385.840595121398
27719,2020-12-27,7 day ahead inc hosp,2021-01-03,06085,quantile,0.99,1492.270195315829
27720,2020-12-27,8 day ahead inc hosp,2021-01-04,06085,point,NA,730.3008422851562
27721,2020-12-27,8 day ahead inc hosp,2021-01-04,06085,quantile,0.01,491.87048962382573
27722,2020-12-27,8 day ahead inc hosp,2021-01-04,06085,quantile,0.025,529.4216404890506
27723,2020-12-27,8 day ahead inc hosp,2021-01-04,06085,quantile,0.05,561.7177018500628
27724,2020-12-27,8 day ahead inc hosp,2021-01-04,06085,quantile,0.1,598.9529922339412
27725,2020-12-27,8 day ahead inc hosp,2021-01-04,06085,quantile,0.15,624.0754658810063
27726,2020-12-27,8 day ahead inc hosp,2021-01-04,06085,quantile,0.2,644.0420115370723
27727,2020-12-27,8 day ahead inc hosp,2021-01-04,06085,quantile,0.25,661.1715298550407
27728,2020-12-27,8 day ahead inc hosp,2021-01-04,06085,quantile,0.3,676.5543667145961
27729,2020-12-27,8 day ahead inc hosp,2021-01-04,06085,quantile,0.35,690.8088575659475
27730,2020-12-27,8 day ahead inc hosp,2021-01-04,06085,quantile,0.4,704.3349754341804
27731,2020-12-27,8 day ahead inc hosp,2021-01-04,06085,quantile,0.45,717.4216510081826
27732,2020-12-27,8 day ahead inc hosp,2021-01-04,06085,quantile,0.5,730.3008422851562
27733,2020-12-27,8 day ahead inc hosp,2021-01-04,06085,quantile,0.55,761.1478670443391
27734,2020-12-27,8 day ahead inc hosp,2021-01-04,06085,quantile,0.6,792.4918386311557
27735,2020-12-27,8 day ahead inc hosp,2021-01-04,06085,quantile,0.65,824.8883209726346
27736,2020-12-27,8 day ahead inc hosp,2021-01-04,06085,quantile,0.7,859.0293336158217
27737,2020-12-27,8 day ahead inc hosp,2021-01-04,06085,quantile,0.75,895.872854242893
27738,2020-12-27,8 day ahead inc hosp,2021-01-04,06085,quantile,0.8,936.8998616305346
27739,2020-12-27,8 day ahead inc hosp,2021-01-04,06085,quantile,0.85,984.721849437268
27740,2020-12-27,8 day ahead inc hosp,2021-01-04,06085,quantile,0.9,1044.8928298922638
27741,2020-12-27,8 day ahead inc hosp,2021-01-04,06085,quantile,0.95,1134.0752870579095
27742,2020-12-27,8 day ahead inc hosp,2021-01-04,06085,quantile,0.975,1211.4277685144416
27743,2020-12-27,8 day ahead inc hosp,2021-01-04,06085,quantile,0.99,1301.3667449272202
27744,2020-12-27,9 day ahead inc hosp,2021-01-05,06085,point,NA,757.7308349609375
27745,2020-12-27,9 day ahead inc hosp,2021-01-05,06085,quantile,0.01,505.59453203273796
27746,2020-12-27,9 day ahead inc hosp,2021-01-05,06085,quantile,0.025,545.3042763843948
27747,2020-12-27,9 day ahead inc hosp,2021-01-05,06085,quantile,0.05,579.4568472287384
27748,2020-12-27,9 day ahead inc hosp,2021-01-05,06085,quantile,0.1,618.8325741488105
27749,2020-12-27,9 day ahead inc hosp,2021-01-05,06085,quantile,0.15,645.3991901651002
27750,2020-12-27,9 day ahead inc hosp,2021-01-05,06085,quantile,0.2,666.5134943959813
27751,2020-12-27,9 day ahead inc hosp,2021-01-05,06085,quantile,0.25,684.6276873727796
27752,2020-12-27,9 day ahead inc hosp,2021-01-05,06085,quantile,0.3,700.894792508614
27753,2020-12-27,9 day ahead inc hosp,2021-01-05,06085,quantile,0.35,715.9686897002549
27754,2020-12-27,9 day ahead inc hosp,2021-01-05,06085,quantile,0.4,730.2723440555019
27755,2020-12-27,9 day ahead inc hosp,2021-01-05,06085,quantile,0.45,744.1112951790466
27756,2020-12-27,9 day ahead inc hosp,2021-01-05,06085,quantile,0.5,757.7308349609375
27757,2020-12-27,9 day ahead inc hosp,2021-01-05,06085,quantile,0.55,785.2240750296072
27758,2020-12-27,9 day ahead inc hosp,2021-01-05,06085,quantile,0.6,813.1602323176896
27759,2020-12-27,9 day ahead inc hosp,2021-01-05,06085,quantile,0.65,842.0344681102209
27760,2020-12-27,9 day ahead inc hosp,2021-01-05,06085,quantile,0.7,872.4635634318759
27761,2020-12-27,9 day ahead inc hosp,2021-01-05,06085,quantile,0.75,905.3013416449435
27762,2020-12-27,9 day ahead inc hosp,2021-01-05,06085,quantile,0.8,941.8677648968887
27763,2020-12-27,9 day ahead inc hosp,2021-01-05,06085,quantile,0.85,984.4903971149316
27764,2020-12-27,9 day ahead inc hosp,2021-01-05,06085,quantile,0.9,1038.1194010052973
27765,2020-12-27,9 day ahead inc hosp,2021-01-05,06085,quantile,0.95,1117.6056634215465
27766,2020-12-27,9 day ahead inc hosp,2021-01-05,06085,quantile,0.975,1186.548141965078
27767,2020-12-27,9 day ahead inc hosp,2021-01-05,06085,quantile,0.99,1266.7086724976323
27768,2020-12-27,10 day ahead inc hosp,2021-01-06,06085,point,NA,754.3609008789062
27769,2020-12-27,10 day ahead inc hosp,2021-01-06,06085,quantile,0.01,505.31010779386645
27770,2020-12-27,10 day ahead inc hosp,2021-01-06,06085,quantile,0.025,544.5339054347821
27771,2020-12-27,10 day ahead inc hosp,2021-01-06,06085,quantile,0.05,578.2685352992446
27772,2020-12-27,10 day ahead inc hosp,2021-01-06,06085,quantile,0.1,617.1624030360795
27773,2020-12-27,10 day ahead inc hosp,2021-01-06,06085,quantile,0.15,643.4039109490705
27774,2020-12-27,10 day ahead inc hosp,2021-01-06,06085,quantile,0.2,664.2598295655864
27775,2020-12-27,10 day ahead inc hosp,2021-01-06,06085,quantile,0.25,682.1523506923509
27776,2020-12-27,10 day ahead inc hosp,2021-01-06,06085,quantile,0.3,698.2203876557983
27777,2020-12-27,10 day ahead inc hosp,2021-01-06,06085,quantile,0.35,713.1098185186344
27778,2020-12-27,10 day ahead inc hosp,2021-01-06,06085,quantile,0.4,727.2384323668472
27779,2020-12-27,10 day ahead inc hosp,2021-01-06,06085,quantile,0.45,740.9080297741091
27780,2020-12-27,10 day ahead inc hosp,2021-01-06,06085,quantile,0.5,754.3609008789062
27781,2020-12-27,10 day ahead inc hosp,2021-01-06,06085,quantile,0.55,784.8512549567247
27782,2020-12-27,10 day ahead inc hosp,2021-01-06,06085,quantile,0.6,815.8328098829455
27783,2020-12-27,10 day ahead inc hosp,2021-01-06,06085,quantile,0.65,847.8547058414345
27784,2020-12-27,10 day ahead inc hosp,2021-01-06,06085,quantile,0.7,881.6009608593081
27785,2020-12-27,10 day ahead inc hosp,2021-01-06,06085,quantile,0.75,918.0184759409983
27786,2020-12-27,10 day ahead inc hosp,2021-01-06,06085,quantile,0.8,958.5711059521009
27787,2020-12-27,10 day ahead inc hosp,2021-01-06,06085,quantile,0.85,1005.8401489899826
27788,2020-12-27,10 day ahead inc hosp,2021-01-06,06085,quantile,0.9,1065.3153986649504
27789,2020-12-27,10 day ahead inc hosp,2021-01-06,06085,quantile,0.95,1153.4666780100006
27790,2020-12-27,10 day ahead inc hosp,2021-01-06,06085,quantile,0.975,1229.9247664908173
27791,2020-12-27,10 day ahead inc hosp,2021-01-06,06085,quantile,0.99,1318.8238177811959
27792,2020-12-27,11 day ahead inc hosp,2021-01-07,06085,point,NA,764.9978637695312
27793,2020-12-27,11 day ahead inc hosp,2021-01-07,06085,quantile,0.01,476.78625435336085
27794,2020-12-27,11 day ahead inc hosp,2021-01-07,06085,quantile,0.025,522.1776129010224
27795,2020-12-27,11 day ahead inc hosp,2021-01-07,06085,quantile,0.05,561.2166853964696
27796,2020-12-27,11 day ahead inc hosp,2021-01-07,06085,quantile,0.1,606.2262357696951
27797,2020-12-27,11 day ahead inc hosp,2021-01-07,06085,quantile,0.15,636.5939657231904
27798,2020-12-27,11 day ahead inc hosp,2021-01-07,06085,quantile,0.2,660.7292748135985
27799,2020-12-27,11 day ahead inc hosp,2021-01-07,06085,quantile,0.25,681.435220964498
27800,2020-12-27,11 day ahead inc hosp,2021-01-07,06085,quantile,0.3,700.0298005521743
27801,2020-12-27,11 day ahead inc hosp,2021-01-07,06085,quantile,0.35,717.2604496864797
27802,2020-12-27,11 day ahead inc hosp,2021-01-07,06085,quantile,0.4,733.6106507260828
27803,2020-12-27,11 day ahead inc hosp,2021-01-07,06085,quantile,0.45,749.4296594512339
27804,2020-12-27,11 day ahead inc hosp,2021-01-07,06085,quantile,0.5,764.9978637695312
27805,2020-12-27,11 day ahead inc hosp,2021-01-07,06085,quantile,0.55,802.421253243889
27806,2020-12-27,11 day ahead inc hosp,2021-01-07,06085,quantile,0.6,840.4475350498012
27807,2020-12-27,11 day ahead inc hosp,2021-01-07,06085,quantile,0.65,879.7507153639222
27808,2020-12-27,11 day ahead inc hosp,2021-01-07,06085,quantile,0.7,921.1703473436517
27809,2020-12-27,11 day ahead inc hosp,2021-01-07,06085,quantile,0.75,965.8686426508178
27810,2020-12-27,11 day ahead inc hosp,2021-01-07,06085,quantile,0.8,1015.6423141287453
27811,2020-12-27,11 day ahead inc hosp,2021-01-07,06085,quantile,0.85,1073.6596071772947
27812,2020-12-27,11 day ahead inc hosp,2021-01-07,06085,quantile,0.9,1146.6586096483818
27813,2020-12-27,11 day ahead inc hosp,2021-01-07,06085,quantile,0.95,1254.8541278497487
27814,2020-12-27,11 day ahead inc hosp,2021-01-07,06085,quantile,0.975,1348.6976042613296
27815,2020-12-27,11 day ahead inc hosp,2021-01-07,06085,quantile,0.99,1457.8109261942172
27816,2020-12-27,12 day ahead inc hosp,2021-01-08,06085,point,NA,761.6945190429688
27817,2020-12-27,12 day ahead inc hosp,2021-01-08,06085,quantile,0.01,510.8525878933188
27818,2020-12-27,12 day ahead inc hosp,2021-01-08,06085,quantile,0.025,550.3584775369258
27819,2020-12-27,12 day ahead inc hosp,2021-01-08,06085,quantile,0.05,584.3357220861169
27820,2020-12-27,12 day ahead inc hosp,2021-01-08,06085,quantile,0.1,623.5093090164561
27821,2020-12-27,12 day ahead inc hosp,2021-01-08,06085,quantile,0.15,649.9395421413348
27822,2020-12-27,12 day ahead inc hosp,2021-01-08,06085,quantile,0.2,670.9454535735479
27823,2020-12-27,12 day ahead inc hosp,2021-01-08,06085,quantile,0.25,688.9666551805669
27824,2020-12-27,12 day ahead inc hosp,2021-01-08,06085,quantile,0.3,705.1502511923205
27825,2020-12-27,12 day ahead inc hosp,2021-01-08,06085,quantile,0.35,720.146764735153
27826,2020-12-27,12 day ahead inc hosp,2021-01-08,06085,quantile,0.4,734.3769895750445
27827,2020-12-27,12 day ahead inc hosp,2021-01-08,06085,quantile,0.45,748.1448967926899
27828,2020-12-27,12 day ahead inc hosp,2021-01-08,06085,quantile,0.5,761.6945190429688
27829,2020-12-27,12 day ahead inc hosp,2021-01-08,06085,quantile,0.55,797.858062244961
27830,2020-12-27,12 day ahead inc hosp,2021-01-08,06085,quantile,0.6,834.6042016036499
27831,2020-12-27,12 day ahead inc hosp,2021-01-08,06085,quantile,0.65,872.5842530962948
27832,2020-12-27,12 day ahead inc hosp,2021-01-08,06085,quantile,0.7,912.609506595471
27833,2020-12-27,12 day ahead inc hosp,2021-01-08,06085,quantile,0.75,955.8030482842508
27834,2020-12-27,12 day ahead inc hosp,2021-01-08,06085,quantile,0.8,1003.9011052506607
27835,2020-12-27,12 day ahead inc hosp,2021-01-08,06085,quantile,0.85,1059.965264940458
27836,2020-12-27,12 day ahead inc hosp,2021-01-08,06085,quantile,0.9,1130.506779662804
27837,2020-12-27,12 day ahead inc hosp,2021-01-08,06085,quantile,0.95,1235.0599308256099
27838,2020-12-27,12 day ahead inc hosp,2021-01-08,06085,quantile,0.975,1325.7441970319273
27839,2020-12-27,12 day ahead inc hosp,2021-01-08,06085,quantile,0.99,1431.1842543612242
27840,2020-12-27,13 day ahead inc hosp,2021-01-09,06085,point,NA,750.844970703125
27841,2020-12-27,13 day ahead inc hosp,2021-01-09,06085,quantile,0.01,285.35328959234647
27842,2020-12-27,13 day ahead inc hosp,2021-01-09,06085,quantile,0.025,358.6650477170613
27843,2020-12-27,13 day ahead inc hosp,2021-01-09,06085,quantile,0.05,421.7172041576816
27844,2020-12-27,13 day ahead inc hosp,2021-01-09,06085,quantile,0.1,494.41230242840885
27845,2020-12-27,13 day ahead inc hosp,2021-01-09,06085,quantile,0.15,543.4593401109152
27846,2020-12-27,13 day ahead inc hosp,2021-01-09,06085,quantile,0.2,582.440370838236
27847,2020-12-27,13 day ahead inc hosp,2021-01-09,06085,quantile,0.25,615.8826242654868
27848,2020-12-27,13 day ahead inc hosp,2021-01-09,06085,quantile,0.3,645.9148014194512
27849,2020-12-27,13 day ahead inc hosp,2021-01-09,06085,quantile,0.35,673.7440892417056
27850,2020-12-27,13 day ahead inc hosp,2021-01-09,06085,quantile,0.4,700.1513619530353
27851,2020-12-27,13 day ahead inc hosp,2021-01-09,06085,quantile,0.45,725.7007039101243
27852,2020-12-27,13 day ahead inc hosp,2021-01-09,06085,quantile,0.5,750.844970703125
27853,2020-12-27,13 day ahead inc hosp,2021-01-09,06085,quantile,0.55,787.3450821456794
27854,2020-12-27,13 day ahead inc hosp,2021-01-09,06085,quantile,0.6,824.4332118730199
27855,2020-12-27,13 day ahead inc hosp,2021-01-09,06085,quantile,0.65,862.7667375547378
27856,2020-12-27,13 day ahead inc hosp,2021-01-09,06085,quantile,0.7,903.1644996068792
27857,2020-12-27,13 day ahead inc hosp,2021-01-09,06085,quantile,0.75,946.760036593759
27858,2020-12-27,13 day ahead inc hosp,2021-01-09,06085,quantile,0.8,995.3057343877618
27859,2020-12-27,13 day ahead inc hosp,2021-01-09,06085,quantile,0.85,1051.891674133235
27860,2020-12-27,13 day ahead inc hosp,2021-01-09,06085,quantile,0.9,1123.0897073102046
27861,2020-12-27,13 day ahead inc hosp,2021-01-09,06085,quantile,0.95,1228.6159177204277
27862,2020-12-27,13 day ahead inc hosp,2021-01-09,06085,quantile,0.975,1320.1441677076828
27863,2020-12-27,13 day ahead inc hosp,2021-01-09,06085,quantile,0.99,1426.5655385764708
27864,2020-12-27,14 day ahead inc hosp,2021-01-10,06085,point,NA,778.4285278320312
27865,2020-12-27,14 day ahead inc hosp,2021-01-10,06085,quantile,0.01,305.543905146687
27866,2020-12-27,14 day ahead inc hosp,2021-01-10,06085,quantile,0.025,380.02000103840857
27867,2020-12-27,14 day ahead inc hosp,2021-01-10,06085,quantile,0.05,444.0735521926863
27868,2020-12-27,14 day ahead inc hosp,2021-01-10,06085,quantile,0.1,517.9231944350488
27869,2020-12-27,14 day ahead inc hosp,2021-01-10,06085,quantile,0.15,567.7491974540076
27870,2020-12-27,14 day ahead inc hosp,2021-01-10,06085,quantile,0.2,607.3493251370372
27871,2020-12-27,14 day ahead inc hosp,2021-01-10,06085,quantile,0.25,641.3227086268479
27872,2020-12-27,14 day ahead inc hosp,2021-01-10,06085,quantile,0.3,671.8318569922558
27873,2020-12-27,14 day ahead inc hosp,2021-01-10,06085,quantile,0.35,700.1031297248328
27874,2020-12-27,14 day ahead inc hosp,2021-01-10,06085,quantile,0.4,726.9298028942602
27875,2020-12-27,14 day ahead inc hosp,2021-01-10,06085,quantile,0.45,752.8849196482405
27876,2020-12-27,14 day ahead inc hosp,2021-01-10,06085,quantile,0.5,778.4285278320312
27877,2020-12-27,14 day ahead inc hosp,2021-01-10,06085,quantile,0.55,815.0483105389276
27878,2020-12-27,14 day ahead inc hosp,2021-01-10,06085,quantile,0.6,852.2580394395621
27879,2020-12-27,14 day ahead inc hosp,2021-01-10,06085,quantile,0.65,890.7172475179553
27880,2020-12-27,14 day ahead inc hosp,2021-01-10,06085,quantile,0.7,931.2474598851862
27881,2020-12-27,14 day ahead inc hosp,2021-01-10,06085,quantile,0.75,974.985931587186
27882,2020-12-27,14 day ahead inc hosp,2021-01-10,06085,quantile,0.8,1023.6907939646319
27883,2020-12-27,14 day ahead inc hosp,2021-01-10,06085,quantile,0.85,1080.4622594711423
27884,2020-12-27,14 day ahead inc hosp,2021-01-10,06085,quantile,0.9,1151.89372641892
27885,2020-12-27,14 day ahead inc hosp,2021-01-10,06085,quantile,0.95,1257.7659208418465
27886,2020-12-27,14 day ahead inc hosp,2021-01-10,06085,quantile,0.975,1349.5942603621493
27887,2020-12-27,14 day ahead inc hosp,2021-01-10,06085,quantile,0.99,1456.3645501657443
27888,2020-12-27,15 day ahead inc hosp,2021-01-11,06085,point,NA,753.029052734375
27889,2020-12-27,15 day ahead inc hosp,2021-01-11,06085,quantile,0.01,520.6512299338704
27890,2020-12-27,15 day ahead inc hosp,2021-01-11,06085,quantile,0.025,557.2491487152463
27891,2020-12-27,15 day ahead inc hosp,2021-01-11,06085,quantile,0.05,588.7253778963673
27892,2020-12-27,15 day ahead inc hosp,2021-01-11,06085,quantile,0.1,625.0154542820721
27893,2020-12-27,15 day ahead inc hosp,2021-01-11,06085,quantile,0.15,649.5001965319831
27894,2020-12-27,15 day ahead inc hosp,2021-01-11,06085,quantile,0.2,668.9598934900877
27895,2020-12-27,15 day ahead inc hosp,2021-01-11,06085,quantile,0.25,685.654580755869
27896,2020-12-27,15 day ahead inc hosp,2021-01-11,06085,quantile,0.3,700.6469258915417
27897,2020-12-27,15 day ahead inc hosp,2021-01-11,06085,quantile,0.35,714.5395679658155
27898,2020-12-27,15 day ahead inc hosp,2021-01-11,06085,quantile,0.4,727.7223267298709
27899,2020-12-27,15 day ahead inc hosp,2021-01-11,06085,quantile,0.45,740.4767983969188
27900,2020-12-27,15 day ahead inc hosp,2021-01-11,06085,quantile,0.5,753.029052734375
27901,2020-12-27,15 day ahead inc hosp,2021-01-11,06085,quantile,0.55,784.6208456976404
27902,2020-12-27,15 day ahead inc hosp,2021-01-11,06085,quantile,0.6,816.7215837346988
27903,2020-12-27,15 day ahead inc hosp,2021-01-11,06085,quantile,0.65,849.900244265498
27904,2020-12-27,15 day ahead inc hosp,2021-01-11,06085,quantile,0.7,884.8655549040454
27905,2020-12-27,15 day ahead inc hosp,2021-01-11,06085,quantile,0.75,922.5986226723312
27906,2020-12-27,15 day ahead inc hosp,2021-01-11,06085,quantile,0.8,964.6161829852392
27907,2020-12-27,15 day ahead inc hosp,2021-01-11,06085,quantile,0.85,1013.5927812042419
27908,2020-12-27,15 day ahead inc hosp,2021-01-11,06085,quantile,0.9,1075.2165252045456
27909,2020-12-27,15 day ahead inc hosp,2021-01-11,06085,quantile,0.95,1166.5521967880309
27910,2020-12-27,15 day ahead inc hosp,2021-01-11,06085,quantile,0.975,1245.7722706346058
27911,2020-12-27,15 day ahead inc hosp,2021-01-11,06085,quantile,0.99,1337.8827268080063
27912,2020-12-27,16 day ahead inc hosp,2021-01-12,06085,point,NA,793.2249145507812
27913,2020-12-27,16 day ahead inc hosp,2021-01-12,06085,quantile,0.01,548.3012094109221
27914,2020-12-27,16 day ahead inc hosp,2021-01-12,06085,quantile,0.025,586.8750189092473
27915,2020-12-27,16 day ahead inc hosp,2021-01-12,06085,quantile,0.05,620.0506231126221
27916,2020-12-27,16 day ahead inc hosp,2021-01-12,06085,quantile,0.1,658.2999700644003
27917,2020-12-27,16 day ahead inc hosp,2021-01-12,06085,quantile,0.15,684.1066228635831
27918,2020-12-27,16 day ahead inc hosp,2021-01-12,06085,quantile,0.2,704.6169324208316
27919,2020-12-27,16 day ahead inc hosp,2021-01-12,06085,quantile,0.25,722.2129517483589
27920,2020-12-27,16 day ahead inc hosp,2021-01-12,06085,quantile,0.3,738.014720932318
27921,2020-12-27,16 day ahead inc hosp,2021-01-12,06085,quantile,0.35,752.6574150156265
27922,2020-12-27,16 day ahead inc hosp,2021-01-12,06085,quantile,0.4,766.5518997885098
27923,2020-12-27,16 day ahead inc hosp,2021-01-12,06085,quantile,0.45,779.9949746058367
27924,2020-12-27,16 day ahead inc hosp,2021-01-12,06085,quantile,0.5,793.2249145507812
27925,2020-12-27,16 day ahead inc hosp,2021-01-12,06085,quantile,0.55,820.52944209357
27926,2020-12-27,16 day ahead inc hosp,2021-01-12,06085,quantile,0.6,848.2738466892789
27927,2020-12-27,16 day ahead inc hosp,2021-01-12,06085,quantile,0.65,876.9498908552257
27928,2020-12-27,16 day ahead inc hosp,2021-01-12,06085,quantile,0.7,907.1701220552247
27929,2020-12-27,16 day ahead inc hosp,2021-01-12,06085,quantile,0.75,939.7825030413585
27930,2020-12-27,16 day ahead inc hosp,2021-01-12,06085,quantile,0.8,976.0979357924726
27931,2020-12-27,16 day ahead inc hosp,2021-01-12,06085,quantile,0.85,1018.4280079279109
27932,2020-12-27,16 day ahead inc hosp,2021-01-12,06085,quantile,0.9,1071.688904430448
27933,2020-12-27,16 day ahead inc hosp,2021-01-12,06085,quantile,0.95,1150.629576246392
27934,2020-12-27,16 day ahead inc hosp,2021-01-12,06085,quantile,0.975,1219.0988363102556
27935,2020-12-27,16 day ahead inc hosp,2021-01-12,06085,quantile,0.99,1298.7091480924928
27936,2020-12-27,17 day ahead inc hosp,2021-01-13,06085,point,NA,806.833984375
27937,2020-12-27,17 day ahead inc hosp,2021-01-13,06085,quantile,0.01,560.868967362506
27938,2020-12-27,17 day ahead inc hosp,2021-01-13,06085,quantile,0.025,599.6067763633721
27939,2020-12-27,17 day ahead inc hosp,2021-01-13,06085,quantile,0.05,632.9234291864346
27940,2020-12-27,17 day ahead inc hosp,2021-01-13,06085,quantile,0.1,671.3353961634108
27941,2020-12-27,17 day ahead inc hosp,2021-01-13,06085,quantile,0.15,697.2517679215542
27942,2020-12-27,17 day ahead inc hosp,2021-01-13,06085,quantile,0.2,717.8492786292231
27943,2020-12-27,17 day ahead inc hosp,2021-01-13,06085,quantile,0.25,735.5201087792732
27944,2020-12-27,17 day ahead inc hosp,2021-01-13,06085,quantile,0.3,751.3890603939835
27945,2020-12-27,17 day ahead inc hosp,2021-01-13,06085,quantile,0.35,766.0940090115666
27946,2020-12-27,17 day ahead inc hosp,2021-01-13,06085,quantile,0.4,780.0475672495925
27947,2020-12-27,17 day ahead inc hosp,2021-01-13,06085,quantile,0.45,793.5477963280963
27948,2020-12-27,17 day ahead inc hosp,2021-01-13,06085,quantile,0.5,806.833984375
27949,2020-12-27,17 day ahead inc hosp,2021-01-13,06085,quantile,0.55,837.1570820803694
27950,2020-12-27,17 day ahead inc hosp,2021-01-13,06085,quantile,0.6,867.9686861271558
27951,2020-12-27,17 day ahead inc hosp,2021-01-13,06085,quantile,0.65,899.8149243630978
27952,2020-12-27,17 day ahead inc hosp,2021-01-13,06085,quantile,0.7,933.3760625999848
27953,2020-12-27,17 day ahead inc hosp,2021-01-13,06085,quantile,0.75,969.5938075691133
27954,2020-12-27,17 day ahead inc hosp,2021-01-13,06085,quantile,0.8,1009.9239840865105
27955,2020-12-27,17 day ahead inc hosp,2021-01-13,06085,quantile,0.85,1056.9337304088644
27956,2020-12-27,17 day ahead inc hosp,2021-01-13,06085,quantile,0.9,1116.082725607228
27957,2020-12-27,17 day ahead inc hosp,2021-01-13,06085,quantile,0.95,1203.750446671113
27958,2020-12-27,17 day ahead inc hosp,2021-01-13,06085,quantile,0.975,1279.789120457989
27959,2020-12-27,17 day ahead inc hosp,2021-01-13,06085,quantile,0.99,1368.2005115265465
27960,2020-12-27,18 day ahead inc hosp,2021-01-14,06085,point,NA,829.3236083984375
27961,2020-12-27,18 day ahead inc hosp,2021-01-14,06085,quantile,0.01,556.7994945707708
27962,2020-12-27,18 day ahead inc hosp,2021-01-14,06085,quantile,0.025,599.720179787767
27963,2020-12-27,18 day ahead inc hosp,2021-01-14,06085,quantile,0.05,636.6343369170631
27964,2020-12-27,18 day ahead inc hosp,2021-01-14,06085,quantile,0.1,679.1939959609599
27965,2020-12-27,18 day ahead inc hosp,2021-01-14,06085,quantile,0.15,707.9087958654426
27966,2020-12-27,18 day ahead inc hosp,2021-01-14,06085,quantile,0.2,730.7304085518442
27967,2020-12-27,18 day ahead inc hosp,2021-01-14,06085,quantile,0.25,750.3093201618517
27968,2020-12-27,18 day ahead inc hosp,2021-01-14,06085,quantile,0.3,767.8917878993404
27969,2020-12-27,18 day ahead inc hosp,2021-01-14,06085,quantile,0.35,784.1845645696287
27970,2020-12-27,18 day ahead inc hosp,2021-01-14,06085,quantile,0.4,799.6448163556279
27971,2020-12-27,18 day ahead inc hosp,2021-01-14,06085,quantile,0.45,814.6027888786184
27972,2020-12-27,18 day ahead inc hosp,2021-01-14,06085,quantile,0.5,829.3236083984375
27973,2020-12-27,18 day ahead inc hosp,2021-01-14,06085,quantile,0.55,866.2663762010424
27974,2020-12-27,18 day ahead inc hosp,2021-01-14,06085,quantile,0.6,903.8042935004571
27975,2020-12-27,18 day ahead inc hosp,2021-01-14,06085,quantile,0.65,942.6027103366274
27976,2020-12-27,18 day ahead inc hosp,2021-01-14,06085,quantile,0.7,983.4903976409788
27977,2020-12-27,18 day ahead inc hosp,2021-01-14,06085,quantile,0.75,1027.6146410058495
27978,2020-12-27,18 day ahead inc hosp,2021-01-14,06085,quantile,0.8,1076.7490784237143
27979,2020-12-27,18 day ahead inc hosp,2021-01-14,06085,quantile,0.85,1134.0212661045448
27980,2020-12-27,18 day ahead inc hosp,2021-01-14,06085,quantile,0.9,1206.08275588379
27981,2020-12-27,18 day ahead inc hosp,2021-01-14,06085,quantile,0.95,1312.8887390493273
27982,2020-12-27,18 day ahead inc hosp,2021-01-14,06085,quantile,0.975,1405.5270010442146
27983,2020-12-27,18 day ahead inc hosp,2021-01-14,06085,quantile,0.99,1513.2390007576432
27984,2020-12-27,19 day ahead inc hosp,2021-01-15,06085,point,NA,827.1670532226562
27985,2020-12-27,19 day ahead inc hosp,2021-01-15,06085,quantile,0.01,587.3049011736096
27986,2020-12-27,19 day ahead inc hosp,2021-01-15,06085,quantile,0.025,625.0815506560058
27987,2020-12-27,19 day ahead inc hosp,2021-01-15,06085,quantile,0.05,657.5715532680636
27988,2020-12-27,19 day ahead inc hosp,2021-01-15,06085,quantile,0.1,695.0304454936454
27989,2020-12-27,19 day ahead inc hosp,2021-01-15,06085,quantile,0.15,720.3037822417557
27990,2020-12-27,19 day ahead inc hosp,2021-01-15,06085,quantile,0.2,740.3902291080748
27991,2020-12-27,19 day ahead inc hosp,2021-01-15,06085,quantile,0.25,757.6226119882341
27992,2020-12-27,19 day ahead inc hosp,2021-01-15,06085,quantile,0.3,773.0978244037999
27993,2020-12-27,19 day ahead inc hosp,2021-01-15,06085,quantile,0.35,787.4379149745049
27994,2020-12-27,19 day ahead inc hosp,2021-01-15,06085,quantile,0.4,801.0452586055895
27995,2020-12-27,19 day ahead inc hosp,2021-01-15,06085,quantile,0.45,814.2105210451688
27996,2020-12-27,19 day ahead inc hosp,2021-01-15,06085,quantile,0.5,827.1670532226562
27997,2020-12-27,19 day ahead inc hosp,2021-01-15,06085,quantile,0.55,862.515542540477
27998,2020-12-27,19 day ahead inc hosp,2021-01-15,06085,quantile,0.6,898.4334974636606
27999,2020-12-27,19 day ahead inc hosp,2021-01-15,06085,quantile,0.65,935.5575546109168
28000,2020-12-27,19 day ahead inc hosp,2021-01-15,06085,quantile,0.7,974.6807190048512
28001,2020-12-27,19 day ahead inc hosp,2021-01-15,06085,quantile,0.75,1016.9007647137728
28002,2020-12-27,19 day ahead inc hosp,2021-01-15,06085,quantile,0.8,1063.9147877421194
28003,2020-12-27,19 day ahead inc hosp,2021-01-15,06085,quantile,0.85,1118.7153734822414
28004,2020-12-27,19 day ahead inc hosp,2021-01-15,06085,quantile,0.9,1187.667023648212
28005,2020-12-27,19 day ahead inc hosp,2021-01-15,06085,quantile,0.95,1289.8637560419372
28006,2020-12-27,19 day ahead inc hosp,2021-01-15,06085,quantile,0.975,1378.5041803881836
28007,2020-12-27,19 day ahead inc hosp,2021-01-15,06085,quantile,0.99,1481.5678298585076
28008,2020-12-27,20 day ahead inc hosp,2021-01-16,06085,point,NA,832.7843017578125
28009,2020-12-27,20 day ahead inc hosp,2021-01-16,06085,quantile,0.01,391.6014934439991
28010,2020-12-27,20 day ahead inc hosp,2021-01-16,06085,quantile,0.025,461.08477025509956
28011,2020-12-27,20 day ahead inc hosp,2021-01-16,06085,quantile,0.05,520.8442215568612
28012,2020-12-27,20 day ahead inc hosp,2021-01-16,06085,quantile,0.1,589.7430416801269
28013,2020-12-27,20 day ahead inc hosp,2021-01-16,06085,quantile,0.15,636.2287485194119
28014,2020-12-27,20 day ahead inc hosp,2021-01-16,06085,quantile,0.2,673.1741146883804
28015,2020-12-27,20 day ahead inc hosp,2021-01-16,06085,quantile,0.25,704.8699491835742
28016,2020-12-27,20 day ahead inc hosp,2021-01-16,06085,quantile,0.3,733.3337881612052
28017,2020-12-27,20 day ahead inc hosp,2021-01-16,06085,quantile,0.35,759.709776933975
28018,2020-12-27,20 day ahead inc hosp,2021-01-16,06085,quantile,0.4,784.7380109657677
28019,2020-12-27,20 day ahead inc hosp,2021-01-16,06085,quantile,0.45,808.9531170409199
28020,2020-12-27,20 day ahead inc hosp,2021-01-16,06085,quantile,0.5,832.7843017578125
28021,2020-12-27,20 day ahead inc hosp,2021-01-16,06085,quantile,0.55,868.7486306151263
28022,2020-12-27,20 day ahead inc hosp,2021-01-16,06085,quantile,0.6,905.2923462779146
28023,2020-12-27,20 day ahead inc hosp,2021-01-16,06085,quantile,0.65,943.063176814894
28024,2020-12-27,20 day ahead inc hosp,2021-01-16,06085,quantile,0.7,982.8679429408642
28025,2020-12-27,20 day ahead inc hosp,2021-01-16,06085,quantile,0.75,1025.8235440867659
28026,2020-12-27,20 day ahead inc hosp,2021-01-16,06085,quantile,0.8,1073.65664297522
28027,2020-12-27,20 day ahead inc hosp,2021-01-16,06085,quantile,0.85,1129.4119616653902
28028,2020-12-27,20 day ahead inc hosp,2021-01-16,06085,quantile,0.9,1199.5648838886675
28029,2020-12-27,20 day ahead inc hosp,2021-01-16,06085,quantile,0.95,1303.5420824304415
28030,2020-12-27,20 day ahead inc hosp,2021-01-16,06085,quantile,0.975,1393.72679563212
28031,2020-12-27,20 day ahead inc hosp,2021-01-16,06085,quantile,0.99,1498.5860146346413
28032,2020-12-27,21 day ahead inc hosp,2021-01-17,06085,point,NA,943.185546875
28033,2020-12-27,21 day ahead inc hosp,2021-01-17,06085,quantile,0.01,491.3218995640569
28034,2020-12-27,21 day ahead inc hosp,2021-01-17,06085,quantile,0.025,562.4873355133359
28035,2020-12-27,21 day ahead inc hosp,2021-01-17,06085,quantile,0.05,623.6935364750636
28036,2020-12-27,21 day ahead inc hosp,2021-01-17,06085,quantile,0.1,694.2603663007958
28037,2020-12-27,21 day ahead inc hosp,2021-01-17,06085,quantile,0.15,741.871471367441
28038,2020-12-27,21 day ahead inc hosp,2021-01-17,06085,quantile,0.2,779.7112683716657
28039,2020-12-27,21 day ahead inc hosp,2021-01-17,06085,quantile,0.25,812.1744448818774
28040,2020-12-27,21 day ahead inc hosp,2021-01-17,06085,quantile,0.3,841.3273807046967
28041,2020-12-27,21 day ahead inc hosp,2021-01-17,06085,quantile,0.35,868.3419204004925
28042,2020-12-27,21 day ahead inc hosp,2021-01-17,06085,quantile,0.4,893.9760768142062
28043,2020-12-27,21 day ahead inc hosp,2021-01-17,06085,quantile,0.45,918.7774198061494
28044,2020-12-27,21 day ahead inc hosp,2021-01-17,06085,quantile,0.5,943.185546875
28045,2020-12-27,21 day ahead inc hosp,2021-01-17,06085,quantile,0.55,978.4900616242054
28046,2020-12-27,21 day ahead inc hosp,2021-01-17,06085,quantile,0.6,1014.3633335466789
28047,2020-12-27,21 day ahead inc hosp,2021-01-17,06085,quantile,0.65,1051.4412072663033
28048,2020-12-27,21 day ahead inc hosp,2021-01-17,06085,quantile,0.7,1090.5157012839277
28049,2020-12-27,21 day ahead inc hosp,2021-01-17,06085,quantile,0.75,1132.6832240043766
28050,2020-12-27,21 day ahead inc hosp,2021-01-17,06085,quantile,0.8,1179.6387601943477
28051,2020-12-27,21 day ahead inc hosp,2021-01-17,06085,quantile,0.85,1234.3711723812487
28052,2020-12-27,21 day ahead inc hosp,2021-01-17,06085,quantile,0.9,1303.2370446503453
28053,2020-12-27,21 day ahead inc hosp,2021-01-17,06085,quantile,0.95,1405.3066412793562
28054,2020-12-27,21 day ahead inc hosp,2021-01-17,06085,quantile,0.975,1493.8367943099756
28055,2020-12-27,21 day ahead inc hosp,2021-01-17,06085,quantile,0.99,1596.7722295450426
28056,2020-12-27,22 day ahead inc hosp,2021-01-18,06085,point,NA,801.9366455078125
28057,2020-12-27,22 day ahead inc hosp,2021-01-18,06085,quantile,0.01,541.3665328480563
28058,2020-12-27,22 day ahead inc hosp,2021-01-18,06085,quantile,0.025,582.4045445870794
28059,2020-12-27,22 day ahead inc hosp,2021-01-18,06085,quantile,0.05,617.6994986622374
28060,2020-12-27,22 day ahead inc hosp,2021-01-18,06085,quantile,0.1,658.3923202847736
28061,2020-12-27,22 day ahead inc hosp,2021-01-18,06085,quantile,0.15,685.8475738438948
28062,2020-12-27,22 day ahead inc hosp,2021-01-18,06085,quantile,0.2,707.6681390234348
28063,2020-12-27,22 day ahead inc hosp,2021-01-18,06085,quantile,0.25,726.3882410075153
28064,2020-12-27,22 day ahead inc hosp,2021-01-18,06085,quantile,0.3,743.1994711582942
28065,2020-12-27,22 day ahead inc hosp,2021-01-18,06085,quantile,0.35,758.7775812671189
28066,2020-12-27,22 day ahead inc hosp,2021-01-18,06085,quantile,0.4,773.5596843736845
28067,2020-12-27,22 day ahead inc hosp,2021-01-18,06085,quantile,0.45,787.8615402011724
28068,2020-12-27,22 day ahead inc hosp,2021-01-18,06085,quantile,0.5,801.9366455078125
28069,2020-12-27,22 day ahead inc hosp,2021-01-18,06085,quantile,0.55,838.4564989124522
28070,2020-12-27,22 day ahead inc hosp,2021-01-18,06085,quantile,0.6,875.5646886456927
28071,2020-12-27,22 day ahead inc hosp,2021-01-18,06085,quantile,0.65,913.9189479356297
28072,2020-12-27,22 day ahead inc hosp,2021-01-18,06085,quantile,0.7,954.3385600878185
28073,2020-12-27,22 day ahead inc hosp,2021-01-18,06085,quantile,0.75,997.9576767681366
28074,2020-12-27,22 day ahead inc hosp,2021-01-18,06085,quantile,0.8,1046.5296316689642
28075,2020-12-27,22 day ahead inc hosp,2021-01-18,06085,quantile,0.85,1103.1461772792652
28076,2020-12-27,22 day ahead inc hosp,2021-01-18,06085,quantile,0.9,1174.3827196228092
28077,2020-12-27,22 day ahead inc hosp,2021-01-18,06085,quantile,0.95,1279.9660064189002
28078,2020-12-27,22 day ahead inc hosp,2021-01-18,06085,quantile,0.975,1371.5437616588674
28079,2020-12-27,22 day ahead inc hosp,2021-01-18,06085,quantile,0.99,1478.0226930825609
28080,2020-12-27,23 day ahead inc hosp,2021-01-19,06085,point,NA,833.6692504882812
28081,2020-12-27,23 day ahead inc hosp,2021-01-19,06085,quantile,0.01,584.1268027213963
28082,2020-12-27,23 day ahead inc hosp,2021-01-19,06085,quantile,0.025,623.4280326142275
28083,2020-12-27,23 day ahead inc hosp,2021-01-19,06085,quantile,0.05,657.2292584871093
28084,2020-12-27,23 day ahead inc hosp,2021-01-19,06085,quantile,0.1,696.1999071565846
28085,2020-12-27,23 day ahead inc hosp,2021-01-19,06085,quantile,0.15,722.4932188003098
28086,2020-12-27,23 day ahead inc hosp,2021-01-19,06085,quantile,0.2,743.3903093798015
28087,2020-12-27,23 day ahead inc hosp,2021-01-19,06085,quantile,0.25,761.318152384778
28088,2020-12-27,23 day ahead inc hosp,2021-01-19,06085,quantile,0.3,777.4179094865285
28089,2020-12-27,23 day ahead inc hosp,2021-01-19,06085,quantile,0.35,792.3367337847479
28090,2020-12-27,23 day ahead inc hosp,2021-01-19,06085,quantile,0.4,806.4932391287493
28091,2020-12-27,23 day ahead inc hosp,2021-01-19,06085,quantile,0.45,820.1898218809722
28092,2020-12-27,23 day ahead inc hosp,2021-01-19,06085,quantile,0.5,833.6692504882812
28093,2020-12-27,23 day ahead inc hosp,2021-01-19,06085,quantile,0.55,863.5621475237425
28094,2020-12-27,23 day ahead inc hosp,2021-01-19,06085,quantile,0.6,893.9366203502736
28095,2020-12-27,23 day ahead inc hosp,2021-01-19,06085,quantile,0.65,925.3310487758765
28096,2020-12-27,23 day ahead inc hosp,2021-01-19,06085,quantile,0.7,958.4160475268617
28097,2020-12-27,23 day ahead inc hosp,2021-01-19,06085,quantile,0.75,994.119963127379
28098,2020-12-27,23 day ahead inc hosp,2021-01-19,06085,quantile,0.8,1033.8779662763468
28099,2020-12-27,23 day ahead inc hosp,2021-01-19,06085,quantile,0.85,1080.2207746573142
28100,2020-12-27,23 day ahead inc hosp,2021-01-19,06085,quantile,0.9,1138.53060963511
28101,2020-12-27,23 day ahead inc hosp,2021-01-19,06085,quantile,0.95,1224.954568841369
28102,2020-12-27,23 day ahead inc hosp,2021-01-19,06085,quantile,0.975,1299.914464703909
28103,2020-12-27,23 day ahead inc hosp,2021-01-19,06085,quantile,0.99,1387.0715432996858
28104,2020-12-27,24 day ahead inc hosp,2021-01-20,06085,point,NA,874.20751953125
28105,2020-12-27,24 day ahead inc hosp,2021-01-20,06085,quantile,0.01,624.1999157807617
28106,2020-12-27,24 day ahead inc hosp,2021-01-20,06085,quantile,0.025,663.5744045616547
28107,2020-12-27,24 day ahead inc hosp,2021-01-20,06085,quantile,0.05,697.4386371198063
28108,2020-12-27,24 day ahead inc hosp,2021-01-20,06085,quantile,0.1,736.4819284622045
28109,2020-12-27,24 day ahead inc hosp,2021-01-20,06085,quantile,0.15,762.8242517724789
28110,2020-12-27,24 day ahead inc hosp,2021-01-20,06085,quantile,0.2,783.7602952708424
28111,2020-12-27,24 day ahead inc hosp,2021-01-20,06085,quantile,0.25,801.7215564117774
28112,2020-12-27,24 day ahead inc hosp,2021-01-20,06085,quantile,0.3,817.8513240324494
28113,2020-12-27,24 day ahead inc hosp,2021-01-20,06085,quantile,0.35,832.7979575489111
28114,2020-12-27,24 day ahead inc hosp,2021-01-20,06085,quantile,0.4,846.9808511215549
28115,2020-12-27,24 day ahead inc hosp,2021-01-20,06085,quantile,0.45,860.7029647903779
28116,2020-12-27,24 day ahead inc hosp,2021-01-20,06085,quantile,0.5,874.20751953125
28117,2020-12-27,24 day ahead inc hosp,2021-01-20,06085,quantile,0.55,905.9860999106514
28118,2020-12-27,24 day ahead inc hosp,2021-01-20,06085,quantile,0.6,938.2766345167419
28119,2020-12-27,24 day ahead inc hosp,2021-01-20,06085,quantile,0.65,971.6514648653987
28120,2020-12-27,24 day ahead inc hosp,2021-01-20,06085,quantile,0.7,1006.8235089437404
28121,2020-12-27,24 day ahead inc hosp,2021-01-20,06085,quantile,0.75,1044.7796745982246
28122,2020-12-27,24 day ahead inc hosp,2021-01-20,06085,quantile,0.8,1087.045664987017
28123,2020-12-27,24 day ahead inc hosp,2021-01-20,06085,quantile,0.85,1136.3118388006399
28124,2020-12-27,24 day ahead inc hosp,2021-01-20,06085,quantile,0.9,1198.2999350214025
28125,2020-12-27,24 day ahead inc hosp,2021-01-20,06085,quantile,0.95,1290.1756314814738
28126,2020-12-27,24 day ahead inc hosp,2021-01-20,06085,quantile,0.975,1369.8640963724288
28127,2020-12-27,24 day ahead inc hosp,2021-01-20,06085,quantile,0.99,1462.5191583593623
28128,2020-12-27,25 day ahead inc hosp,2021-01-21,06085,point,NA,929.661865234375
28129,2020-12-27,25 day ahead inc hosp,2021-01-21,06085,quantile,0.01,641.456982547363
28130,2020-12-27,25 day ahead inc hosp,2021-01-21,06085,quantile,0.025,686.8472816811595
28131,2020-12-27,25 day ahead inc hosp,2021-01-21,06085,quantile,0.05,725.8854430222373
28132,2020-12-27,25 day ahead inc hosp,2021-01-21,06085,quantile,0.1,770.8939428928285
28133,2020-12-27,25 day ahead inc hosp,2021-01-21,06085,quantile,0.15,801.2609640771839
28134,2020-12-27,25 day ahead inc hosp,2021-01-21,06085,quantile,0.2,825.3957098603479
28135,2020-12-27,25 day ahead inc hosp,2021-01-21,06085,quantile,0.25,846.1011727437897
28136,2020-12-27,25 day ahead inc hosp,2021-01-21,06085,quantile,0.3,864.6953183423531
28137,2020-12-27,25 day ahead inc hosp,2021-01-21,06085,quantile,0.35,881.925565321068
28138,2020-12-27,25 day ahead inc hosp,2021-01-21,06085,quantile,0.4,898.2753847543427
28139,2020-12-27,25 day ahead inc hosp,2021-01-21,06085,quantile,0.45,914.0940242709548
28140,2020-12-27,25 day ahead inc hosp,2021-01-21,06085,quantile,0.5,929.661865234375
28141,2020-12-27,25 day ahead inc hosp,2021-01-21,06085,quantile,0.55,968.2096683600797
28142,2020-12-27,25 day ahead inc hosp,2021-01-21,06085,quantile,0.6,1007.3784781671454
28143,2020-12-27,25 day ahead inc hosp,2021-01-21,06085,quantile,0.65,1047.8625518505544
28144,2020-12-27,25 day ahead inc hosp,2021-01-21,06085,quantile,0.7,1090.5266675685536
28145,2020-12-27,25 day ahead inc hosp,2021-01-21,06085,quantile,0.75,1136.5679564992597
28146,2020-12-27,25 day ahead inc hosp,2021-01-21,06085,quantile,0.8,1187.8371150635662
28147,2020-12-27,25 day ahead inc hosp,2021-01-21,06085,quantile,0.85,1247.597580957608
28148,2020-12-27,25 day ahead inc hosp,2021-01-21,06085,quantile,0.9,1322.7898929088383
28149,2020-12-27,25 day ahead inc hosp,2021-01-21,06085,quantile,0.95,1434.2362261590004
28150,2020-12-27,25 day ahead inc hosp,2021-01-21,06085,quantile,0.975,1530.899299818429
28151,2020-12-27,25 day ahead inc hosp,2021-01-21,06085,quantile,0.99,1643.2910128978274
28152,2020-12-27,26 day ahead inc hosp,2021-01-22,06085,point,NA,875.1509399414062
28153,2020-12-27,26 day ahead inc hosp,2021-01-22,06085,quantile,0.01,634.1780788930502
28154,2020-12-27,26 day ahead inc hosp,2021-01-22,06085,quantile,0.025,672.1296574511068
28155,2020-12-27,26 day ahead inc hosp,2021-01-22,06085,quantile,0.05,704.7701087186966
28156,2020-12-27,26 day ahead inc hosp,2021-01-22,06085,quantile,0.1,742.4024586087899
28157,2020-12-27,26 day ahead inc hosp,2021-01-22,06085,quantile,0.15,767.7928264196539
28158,2020-12-27,26 day ahead inc hosp,2021-01-22,06085,quantile,0.2,787.9722858646895
28159,2020-12-27,26 day ahead inc hosp,2021-01-22,06085,quantile,0.25,805.2844652553906
28160,2020-12-27,26 day ahead inc hosp,2021-01-22,06085,quantile,0.3,820.8313374036377
28161,2020-12-27,26 day ahead inc hosp,2021-01-22,06085,quantile,0.35,835.2378313961069
28162,2020-12-27,26 day ahead inc hosp,2021-01-22,06085,quantile,0.4,848.908185380841
28163,2020-12-27,26 day ahead inc hosp,2021-01-22,06085,quantile,0.45,862.134411066789
28164,2020-12-27,26 day ahead inc hosp,2021-01-22,06085,quantile,0.5,875.1509399414062
28165,2020-12-27,26 day ahead inc hosp,2021-01-22,06085,quantile,0.55,910.7370537616845
28166,2020-12-27,26 day ahead inc hosp,2021-01-22,06085,quantile,0.6,946.8964613277568
28167,2020-12-27,26 day ahead inc hosp,2021-01-22,06085,quantile,0.65,984.2700789450379
28168,2020-12-27,26 day ahead inc hosp,2021-01-22,06085,quantile,0.7,1023.6562424841433
28169,2020-12-27,26 day ahead inc hosp,2021-01-22,06085,quantile,0.75,1066.160105622011
28170,2020-12-27,26 day ahead inc hosp,2021-01-22,06085,quantile,0.8,1113.4901728164941
28171,2020-12-27,26 day ahead inc hosp,2021-01-22,06085,quantile,0.85,1168.6591466312461
28172,2020-12-27,26 day ahead inc hosp,2021-01-22,06085,quantile,0.9,1238.0743131137701
28173,2020-12-27,26 day ahead inc hosp,2021-01-22,06085,quantile,0.95,1340.958046512531
28174,2020-12-27,26 day ahead inc hosp,2021-01-22,06085,quantile,0.975,1430.194341775453
28175,2020-12-27,26 day ahead inc hosp,2021-01-22,06085,quantile,0.99,1533.950819960652
28176,2020-12-27,27 day ahead inc hosp,2021-01-23,06085,point,NA,892.9093017578125
28177,2020-12-27,27 day ahead inc hosp,2021-01-23,06085,quantile,0.01,433.3567367893301
28178,2020-12-27,27 day ahead inc hosp,2021-01-23,06085,quantile,0.025,505.73312471567834
28179,2020-12-27,27 day ahead inc hosp,2021-01-23,06085,quantile,0.05,567.980811183324
28180,2020-12-27,27 day ahead inc hosp,2021-01-23,06085,quantile,0.1,639.7484070965972
28181,2020-12-27,27 day ahead inc hosp,2021-01-23,06085,quantile,0.15,688.1696633418567
28182,2020-12-27,27 day ahead inc hosp,2021-01-23,06085,quantile,0.2,726.6533428205289
28183,2020-12-27,27 day ahead inc hosp,2021-01-23,06085,quantile,0.25,759.6689131614341
28184,2020-12-27,27 day ahead inc hosp,2021-01-23,06085,quantile,0.3,789.3179157166651
28185,2020-12-27,27 day ahead inc hosp,2021-01-23,06085,quantile,0.35,816.7921351687622
28186,2020-12-27,27 day ahead inc hosp,2021-01-23,06085,quantile,0.4,842.8624827190243
28187,2020-12-27,27 day ahead inc hosp,2021-01-23,06085,quantile,0.45,868.0858456835772
28188,2020-12-27,27 day ahead inc hosp,2021-01-23,06085,quantile,0.5,892.9093017578125
28189,2020-12-27,27 day ahead inc hosp,2021-01-23,06085,quantile,0.55,929.8615340441831
28190,2020-12-27,27 day ahead inc hosp,2021-01-23,06085,quantile,0.6,967.4090683005834
28191,2020-12-27,27 day ahead inc hosp,2021-01-23,06085,quantile,0.65,1006.2174250250763
28192,2020-12-27,27 day ahead inc hosp,2021-01-23,06085,quantile,0.7,1047.1155874745164
28193,2020-12-27,27 day ahead inc hosp,2021-01-23,06085,quantile,0.75,1091.2511351679432
28194,2020-12-27,27 day ahead inc hosp,2021-01-23,06085,quantile,0.8,1140.3981604917215
28195,2020-12-27,27 day ahead inc hosp,2021-01-23,06085,quantile,0.85,1197.685020914276
28196,2020-12-27,27 day ahead inc hosp,2021-01-23,06085,quantile,0.9,1269.7649723530212
28197,2020-12-27,27 day ahead inc hosp,2021-01-23,06085,quantile,0.95,1376.598318478994
28198,2020-12-27,27 day ahead inc hosp,2021-01-23,06085,quantile,0.975,1469.2603137613119
28199,2020-12-27,27 day ahead inc hosp,2021-01-23,06085,quantile,0.99,1576.9999085504023
28200,2020-12-27,28 day ahead inc hosp,2021-01-24,06085,point,NA,889.8690185546875
28201,2020-12-27,28 day ahead inc hosp,2021-01-24,06085,quantile,0.01,436.76406785618127
28202,2020-12-27,28 day ahead inc hosp,2021-01-24,06085,quantile,0.025,508.1250006046539
28203,2020-12-27,28 day ahead inc hosp,2021-01-24,06085,quantile,0.05,569.4993395988298
28204,2020-12-27,28 day ahead inc hosp,2021-01-24,06085,quantile,0.1,640.260021807761
28205,2020-12-27,28 day ahead inc hosp,2021-01-24,06085,quantile,0.15,688.0019181570344
28206,2020-12-27,28 day ahead inc hosp,2021-01-24,06085,quantile,0.2,725.9456639265238
28207,2020-12-27,28 day ahead inc hosp,2021-01-24,06085,quantile,0.25,758.4980192215594
28208,2020-12-27,28 day ahead inc hosp,2021-01-24,06085,quantile,0.3,787.7310403493365
28209,2020-12-27,28 day ahead inc hosp,2021-01-24,06085,quantile,0.35,814.8197910152721
28210,2020-12-27,28 day ahead inc hosp,2021-01-24,06085,quantile,0.4,840.5243663825418
28211,2020-12-27,28 day ahead inc hosp,2021-01-24,06085,quantile,0.45,865.3938405270025
28212,2020-12-27,28 day ahead inc hosp,2021-01-24,06085,quantile,0.5,889.8690185546875
28213,2020-12-27,28 day ahead inc hosp,2021-01-24,06085,quantile,0.55,924.810412354419
28214,2020-12-27,28 day ahead inc hosp,2021-01-24,06085,quantile,0.6,960.3147134341048
28215,2020-12-27,28 day ahead inc hosp,2021-01-24,06085,quantile,0.65,997.0112265032519
28216,2020-12-27,28 day ahead inc hosp,2021-01-24,06085,quantile,0.7,1035.6838238380105
28217,2020-12-27,28 day ahead inc hosp,2021-01-24,06085,quantile,0.75,1077.4176368475064
28218,2020-12-27,28 day ahead inc hosp,2021-01-24,06085,quantile,0.8,1123.8902167072326
28219,2020-12-27,28 day ahead inc hosp,2021-01-24,06085,quantile,0.85,1178.0596843069757
28220,2020-12-27,28 day ahead inc hosp,2021-01-24,06085,quantile,0.9,1246.217243741231
28221,2020-12-27,28 day ahead inc hosp,2021-01-24,06085,quantile,0.95,1347.2370140490582
28222,2020-12-27,28 day ahead inc hosp,2021-01-24,06085,quantile,0.975,1434.8565993108268
28223,2020-12-27,28 day ahead inc hosp,2021-01-24,06085,quantile,0.99,1536.7333027309235
28224,2020-12-27,1 day ahead inc hosp,2020-12-28,06087,point,NA,69.6570053100586
28225,2020-12-27,1 day ahead inc hosp,2020-12-28,06087,quantile,0.01,46.23279945203281
28226,2020-12-27,1 day ahead inc hosp,2020-12-28,06087,quantile,0.025,49.92195176949052
28227,2020-12-27,1 day ahead inc hosp,2020-12-28,06087,quantile,0.05,53.09482628517074
28228,2020-12-27,1 day ahead inc hosp,2020-12-28,06087,quantile,0.1,56.75294739852677
28229,2020-12-27,1 day ahead inc hosp,2020-12-28,06087,quantile,0.15,59.221064346739134
28230,2020-12-27,1 day ahead inc hosp,2020-12-28,06087,quantile,0.2,61.182645456278856
28231,2020-12-27,1 day ahead inc hosp,2020-12-28,06087,quantile,0.25,62.86550738577006
28232,2020-12-27,1 day ahead inc hosp,2020-12-28,06087,quantile,0.3,64.37676940948762
28233,2020-12-27,1 day ahead inc hosp,2020-12-28,06087,quantile,0.35,65.77717889752657
28234,2020-12-27,1 day ahead inc hosp,2020-12-28,06087,quantile,0.4,67.10603055533312
28235,2020-12-27,1 day ahead inc hosp,2020-12-28,06087,quantile,0.45,68.39170991293591
28236,2020-12-27,1 day ahead inc hosp,2020-12-28,06087,quantile,0.5,69.6570053100586
28237,2020-12-27,1 day ahead inc hosp,2020-12-28,06087,quantile,0.55,73.0511626581754
28238,2020-12-27,1 day ahead inc hosp,2020-12-28,06087,quantile,0.6,76.50000001967449
28239,2020-12-27,1 day ahead inc hosp,2020-12-28,06087,quantile,0.65,80.06464715990583
28240,2020-12-27,1 day ahead inc hosp,2020-12-28,06087,quantile,0.7,83.8212483180297
28241,2020-12-27,1 day ahead inc hosp,2020-12-28,06087,quantile,0.75,87.87521161734725
28242,2020-12-27,1 day ahead inc hosp,2020-12-28,06087,quantile,0.8,92.38949199554003
28243,2020-12-27,1 day ahead inc hosp,2020-12-28,06087,quantile,0.85,97.65143711287119
28244,2020-12-27,1 day ahead inc hosp,2020-12-28,06087,quantile,0.9,104.27216559638302
28245,2020-12-27,1 day ahead inc hosp,2020-12-28,06087,quantile,0.95,114.08508255271855
28246,2020-12-27,1 day ahead inc hosp,2020-12-28,06087,quantile,0.975,122.59632457299148
28247,2020-12-27,1 day ahead inc hosp,2020-12-28,06087,quantile,0.99,132.4924827943013
28248,2020-12-27,2 day ahead inc hosp,2020-12-29,06087,point,NA,72.89926147460938
28249,2020-12-27,2 day ahead inc hosp,2020-12-29,06087,quantile,0.01,46.98868391422063
28250,2020-12-27,2 day ahead inc hosp,2020-12-29,06087,quantile,0.025,51.06942278037198
28251,2020-12-27,2 day ahead inc hosp,2020-12-29,06087,quantile,0.05,54.5790833309236
28252,2020-12-27,2 day ahead inc hosp,2020-12-29,06087,quantile,0.1,58.62549717339892
28253,2020-12-27,2 day ahead inc hosp,2020-12-29,06087,quantile,0.15,61.3555933825242
28254,2020-12-27,2 day ahead inc hosp,2020-12-29,06087,quantile,0.2,63.525387303725935
28255,2020-12-27,2 day ahead inc hosp,2020-12-29,06087,quantile,0.25,65.38687728600286
28256,2020-12-27,2 day ahead inc hosp,2020-12-29,06087,quantile,0.3,67.05855282185404
28257,2020-12-27,2 day ahead inc hosp,2020-12-29,06087,quantile,0.35,68.6076093352771
28258,2020-12-27,2 day ahead inc hosp,2020-12-29,06087,quantile,0.4,70.07751248394888
28259,2020-12-27,2 day ahead inc hosp,2020-12-29,06087,quantile,0.45,71.49966079133937
28260,2020-12-27,2 day ahead inc hosp,2020-12-29,06087,quantile,0.5,72.89926147460938
28261,2020-12-27,2 day ahead inc hosp,2020-12-29,06087,quantile,0.55,75.77495934902983
28262,2020-12-27,2 day ahead inc hosp,2020-12-29,06087,quantile,0.6,78.69698483355475
28263,2020-12-27,2 day ahead inc hosp,2020-12-29,06087,quantile,0.65,81.71713008695903
28264,2020-12-27,2 day ahead inc hosp,2020-12-29,06087,quantile,0.7,84.89990827237699
28265,2020-12-27,2 day ahead inc hosp,2020-12-29,06087,quantile,0.75,88.3346263620655
28266,2020-12-27,2 day ahead inc hosp,2020-12-29,06087,quantile,0.8,92.15934783389405
28267,2020-12-27,2 day ahead inc hosp,2020-12-29,06087,quantile,0.85,96.61752782888514
28268,2020-12-27,2 day ahead inc hosp,2020-12-29,06087,quantile,0.9,102.2269362547242
28269,2020-12-27,2 day ahead inc hosp,2020-12-29,06087,quantile,0.95,110.54092454075797
28270,2020-12-27,2 day ahead inc hosp,2020-12-29,06087,quantile,0.975,117.75206948074047
28271,2020-12-27,2 day ahead inc hosp,2020-12-29,06087,quantile,0.99,126.1365838809756
28272,2020-12-27,3 day ahead inc hosp,2020-12-30,06087,point,NA,75.43383026123047
28273,2020-12-27,3 day ahead inc hosp,2020-12-30,06087,quantile,0.01,50.214921083397414
28274,2020-12-27,3 day ahead inc hosp,2020-12-30,06087,quantile,0.025,54.18672690687132
28275,2020-12-27,3 day ahead inc hosp,2020-12-30,06087,quantile,0.05,57.60269903111667
28276,2020-12-27,3 day ahead inc hosp,2020-12-30,06087,quantile,0.1,61.54109611823202
28277,2020-12-27,3 day ahead inc hosp,2020-12-30,06087,quantile,0.15,64.19831393532662
28278,2020-12-27,3 day ahead inc hosp,2020-12-30,06087,quantile,0.2,66.31018642083443
28279,2020-12-27,3 day ahead inc hosp,2020-12-30,06087,quantile,0.25,68.12198496870838
28280,2020-12-27,3 day ahead inc hosp,2020-12-30,06087,quantile,0.3,69.74903606068736
28281,2020-12-27,3 day ahead inc hosp,2020-12-30,06087,quantile,0.35,71.25674137649125
28282,2020-12-27,3 day ahead inc hosp,2020-12-30,06087,quantile,0.4,72.68740628236485
28283,2020-12-27,3 day ahead inc hosp,2020-12-30,06087,quantile,0.45,74.07159113574761
28284,2020-12-27,3 day ahead inc hosp,2020-12-30,06087,quantile,0.5,75.43383026123047
28285,2020-12-27,3 day ahead inc hosp,2020-12-30,06087,quantile,0.55,78.5730682775853
28286,2020-12-27,3 day ahead inc hosp,2020-12-30,06087,quantile,0.6,81.76287954648537
28287,2020-12-27,3 day ahead inc hosp,2020-12-30,06087,quantile,0.65,85.05980266164784
28288,2020-12-27,3 day ahead inc hosp,2020-12-30,06087,quantile,0.7,88.53426302348349
28289,2020-12-27,3 day ahead inc hosp,2020-12-30,06087,quantile,0.75,92.2837520426611
28290,2020-12-27,3 day ahead inc hosp,2020-12-30,06087,quantile,0.8,96.45898587133739
28291,2020-12-27,3 day ahead inc hosp,2020-12-30,06087,quantile,0.85,101.32573082688987
28292,2020-12-27,3 day ahead inc hosp,2020-12-30,06087,quantile,0.9,107.44920726587563
28293,2020-12-27,3 day ahead inc hosp,2020-12-30,06087,quantile,0.95,116.52512178638344
28294,2020-12-27,3 day ahead inc hosp,2020-12-30,06087,quantile,0.975,124.39712410568137
28295,2020-12-27,3 day ahead inc hosp,2020-12-30,06087,quantile,0.99,133.55002802789792
28296,2020-12-27,4 day ahead inc hosp,2020-12-31,06087,point,NA,81.1469497680664
28297,2020-12-27,4 day ahead inc hosp,2020-12-31,06087,quantile,0.01,52.52677825786042
28298,2020-12-27,4 day ahead inc hosp,2020-12-31,06087,quantile,0.025,57.0342596509484
28299,2020-12-27,4 day ahead inc hosp,2020-12-31,06087,quantile,0.05,60.910942317140744
28300,2020-12-27,4 day ahead inc hosp,2020-12-31,06087,quantile,0.1,65.38050915342619
28301,2020-12-27,4 day ahead inc hosp,2020-12-31,06087,quantile,0.15,68.39610467855181
28302,2020-12-27,4 day ahead inc hosp,2020-12-31,06087,quantile,0.2,70.79280440559812
28303,2020-12-27,4 day ahead inc hosp,2020-12-31,06087,quantile,0.25,72.84895936521363
28304,2020-12-27,4 day ahead inc hosp,2020-12-31,06087,quantile,0.3,74.69545006708893
28305,2020-12-27,4 day ahead inc hosp,2020-12-31,06087,quantile,0.35,76.4064988845011
28306,2020-12-27,4 day ahead inc hosp,2020-12-31,06087,quantile,0.4,78.0301168883966
28307,2020-12-27,4 day ahead inc hosp,2020-12-31,06087,quantile,0.45,79.60098609714358
28308,2020-12-27,4 day ahead inc hosp,2020-12-31,06087,quantile,0.5,81.1469497680664
28309,2020-12-27,4 day ahead inc hosp,2020-12-31,06087,quantile,0.55,85.01445018575318
28310,2020-12-27,4 day ahead inc hosp,2020-12-31,06087,quantile,0.6,88.94425619298855
28311,2020-12-27,4 day ahead inc hosp,2020-12-31,06087,quantile,0.65,93.00602260207968
28312,2020-12-27,4 day ahead inc hosp,2020-12-31,06087,quantile,0.7,97.28651259061473
28313,2020-12-27,4 day ahead inc hosp,2020-12-31,06087,quantile,0.75,101.90583430888938
28314,2020-12-27,4 day ahead inc hosp,2020-12-31,06087,quantile,0.8,107.04966809664899
28315,2020-12-27,4 day ahead inc hosp,2020-12-31,06087,quantile,0.85,113.04543460123203
28316,2020-12-27,4 day ahead inc hosp,2020-12-31,06087,quantile,0.9,120.5894779525456
28317,2020-12-27,4 day ahead inc hosp,2020-12-31,06087,quantile,0.95,131.77088663072902
28318,2020-12-27,4 day ahead inc hosp,2020-12-31,06087,quantile,0.975,141.46909113108973
28319,2020-12-27,4 day ahead inc hosp,2020-12-31,06087,quantile,0.99,152.74534975111087
28320,2020-12-27,5 day ahead inc hosp,2021-01-01,06087,point,NA,79.46595001220703
28321,2020-12-27,5 day ahead inc hosp,2021-01-01,06087,quantile,0.01,54.07239213843552
28322,2020-12-27,5 day ahead inc hosp,2021-01-01,06087,quantile,0.025,58.07170393779042
28323,2020-12-27,5 day ahead inc hosp,2021-01-01,06087,quantile,0.05,61.51133271873945
28324,2020-12-27,5 day ahead inc hosp,2021-01-01,06087,quantile,0.1,65.47700441596987
28325,2020-12-27,5 day ahead inc hosp,2021-01-01,06087,quantile,0.15,68.1526242830226
28326,2020-12-27,5 day ahead inc hosp,2021-01-01,06087,quantile,0.2,70.27912213448028
28327,2020-12-27,5 day ahead inc hosp,2021-01-01,06087,quantile,0.25,72.10346794407194
28328,2020-12-27,5 day ahead inc hosp,2021-01-01,06087,quantile,0.3,73.74178686486285
28329,2020-12-27,5 day ahead inc hosp,2021-01-01,06087,quantile,0.35,75.25993350330316
28330,2020-12-27,5 day ahead inc hosp,2021-01-01,06087,quantile,0.4,76.70050620329957
28331,2020-12-27,5 day ahead inc hosp,2021-01-01,06087,quantile,0.45,78.09427696215812
28332,2020-12-27,5 day ahead inc hosp,2021-01-01,06087,quantile,0.5,79.46595001220703
28333,2020-12-27,5 day ahead inc hosp,2021-01-01,06087,quantile,0.55,83.20490381522134
28334,2020-12-27,5 day ahead inc hosp,2021-01-01,06087,quantile,0.6,87.00409231657632
28335,2020-12-27,5 day ahead inc hosp,2021-01-01,06087,quantile,0.65,90.93085516649751
28336,2020-12-27,5 day ahead inc hosp,2021-01-01,06087,quantile,0.7,95.06907173868096
28337,2020-12-27,5 day ahead inc hosp,2021-01-01,06087,quantile,0.75,99.53485807108942
28338,2020-12-27,5 day ahead inc hosp,2021-01-01,06087,quantile,0.8,104.50772292583213
28339,2020-12-27,5 day ahead inc hosp,2021-01-01,06087,quantile,0.85,110.30420425826472
28340,2020-12-27,5 day ahead inc hosp,2021-01-01,06087,quantile,0.9,117.59750135773078
28341,2020-12-27,5 day ahead inc hosp,2021-01-01,06087,quantile,0.95,128.40726631836566
28342,2020-12-27,5 day ahead inc hosp,2021-01-01,06087,quantile,0.975,137.7831253184592
28343,2020-12-27,5 day ahead inc hosp,2021-01-01,06087,quantile,0.99,148.68458763202204
28344,2020-12-27,6 day ahead inc hosp,2021-01-02,06087,point,NA,84.33662414550781
28345,2020-12-27,6 day ahead inc hosp,2021-01-02,06087,quantile,0.01,34.94637849020902
28346,2020-12-27,6 day ahead inc hosp,2021-01-02,06087,quantile,0.025,42.72500459704123
28347,2020-12-27,6 day ahead inc hosp,2021-01-02,06087,quantile,0.05,49.41505217913207
28348,2020-12-27,6 day ahead inc hosp,2021-01-02,06087,quantile,0.1,57.12824858461809
28349,2020-12-27,6 day ahead inc hosp,2021-01-02,06087,quantile,0.15,62.33230558091742
28350,2020-12-27,6 day ahead inc hosp,2021-01-02,06087,quantile,0.2,66.46832510961217
28351,2020-12-27,6 day ahead inc hosp,2021-01-02,06087,quantile,0.25,70.01666158707027
28352,2020-12-27,6 day ahead inc hosp,2021-01-02,06087,quantile,0.3,73.2031774097768
28353,2020-12-27,6 day ahead inc hosp,2021-01-02,06087,quantile,0.35,76.15595920530379
28354,2020-12-27,6 day ahead inc hosp,2021-01-02,06087,quantile,0.4,78.95786037609754
28355,2020-12-27,6 day ahead inc hosp,2021-01-02,06087,quantile,0.45,81.66873218497858
28356,2020-12-27,6 day ahead inc hosp,2021-01-02,06087,quantile,0.5,84.33662414550781
28357,2020-12-27,6 day ahead inc hosp,2021-01-02,06087,quantile,0.55,88.1348047934979
28358,2020-12-27,6 day ahead inc hosp,2021-01-02,06087,quantile,0.6,91.99417428671808
28359,2020-12-27,6 day ahead inc hosp,2021-01-02,06087,quantile,0.65,95.98313896817339
28360,2020-12-27,6 day ahead inc hosp,2021-01-02,06087,quantile,0.7,100.18690690159573
28361,2020-12-27,6 day ahead inc hosp,2021-01-02,06087,quantile,0.75,104.7234334594093
28362,2020-12-27,6 day ahead inc hosp,2021-01-02,06087,quantile,0.8,109.77507090973742
28363,2020-12-27,6 day ahead inc hosp,2021-01-02,06087,quantile,0.85,115.66337132295251
28364,2020-12-27,6 day ahead inc hosp,2021-01-02,06087,quantile,0.9,123.07219779224499
28365,2020-12-27,6 day ahead inc hosp,2021-01-02,06087,quantile,0.95,134.05319468225863
28366,2020-12-27,6 day ahead inc hosp,2021-01-02,06087,quantile,0.975,143.57757184458936
28367,2020-12-27,6 day ahead inc hosp,2021-01-02,06087,quantile,0.99,154.65171861815656
28368,2020-12-27,7 day ahead inc hosp,2021-01-03,06087,point,NA,82.60784149169922
28369,2020-12-27,7 day ahead inc hosp,2021-01-03,06087,quantile,0.01,34.24434052445247
28370,2020-12-27,7 day ahead inc hosp,2021-01-03,06087,quantile,0.025,41.86126136074861
28371,2020-12-27,7 day ahead inc hosp,2021-01-03,06087,quantile,0.05,48.41223348924348
28372,2020-12-27,7 day ahead inc hosp,2021-01-03,06087,quantile,0.1,55.96508480366626
28373,2020-12-27,7 day ahead inc hosp,2021-01-03,06087,quantile,0.15,61.06095772826525
28374,2020-12-27,7 day ahead inc hosp,2021-01-03,06087,quantile,0.2,65.11099598627742
28375,2020-12-27,7 day ahead inc hosp,2021-01-03,06087,quantile,0.25,68.5855681894074
28376,2020-12-27,7 day ahead inc hosp,2021-01-03,06087,quantile,0.3,71.70584141398652
28377,2020-12-27,7 day ahead inc hosp,2021-01-03,06087,quantile,0.35,74.59723957022786
28378,2020-12-27,7 day ahead inc hosp,2021-01-03,06087,quantile,0.4,77.34089367005872
28379,2020-12-27,7 day ahead inc hosp,2021-01-03,06087,quantile,0.45,79.99541076369529
28380,2020-12-27,7 day ahead inc hosp,2021-01-03,06087,quantile,0.5,82.60784149169922
28381,2020-12-27,7 day ahead inc hosp,2021-01-03,06087,quantile,0.55,86.3760674128841
28382,2020-12-27,7 day ahead inc hosp,2021-01-03,06087,quantile,0.6,90.20499960742787
28383,2020-12-27,7 day ahead inc hosp,2021-01-03,06087,quantile,0.65,94.16250492495537
28384,2020-12-27,7 day ahead inc hosp,2021-01-03,06087,quantile,0.7,98.33311942738837
28385,2020-12-27,7 day ahead inc hosp,2021-01-03,06087,quantile,0.75,102.83386822045665
28386,2020-12-27,7 day ahead inc hosp,2021-01-03,06087,quantile,0.8,107.84566543311107
28387,2020-12-27,7 day ahead inc hosp,2021-01-03,06087,quantile,0.85,113.68752718356318
28388,2020-12-27,7 day ahead inc hosp,2021-01-03,06087,quantile,0.9,121.03792321117766
28389,2020-12-27,7 day ahead inc hosp,2021-01-03,06087,quantile,0.95,131.93231738468717
28390,2020-12-27,7 day ahead inc hosp,2021-01-03,06087,quantile,0.975,141.38157960585826
28391,2020-12-27,7 day ahead inc hosp,2021-01-03,06087,quantile,0.99,152.36838902716482
28392,2020-12-27,8 day ahead inc hosp,2021-01-04,06087,point,NA,73.6710205078125
28393,2020-12-27,8 day ahead inc hosp,2021-01-04,06087,quantile,0.01,49.054042660753296
28394,2020-12-27,8 day ahead inc hosp,2021-01-04,06087,quantile,0.025,52.93104841384984
28395,2020-12-27,8 day ahead inc hosp,2021-01-04,06087,quantile,0.05,56.26548724765291
28396,2020-12-27,8 day ahead inc hosp,2021-01-04,06087,quantile,0.1,60.10988167259734
28397,2020-12-27,8 day ahead inc hosp,2021-01-04,06087,quantile,0.15,62.70367633980386
28398,2020-12-27,8 day ahead inc hosp,2021-01-04,06087,quantile,0.2,64.76514211633537
28399,2020-12-27,8 day ahead inc hosp,2021-01-04,06087,quantile,0.25,66.53369619620615
28400,2020-12-27,8 day ahead inc hosp,2021-01-04,06087,quantile,0.3,68.1219124193918
28401,2020-12-27,8 day ahead inc hosp,2021-01-04,06087,quantile,0.35,69.59363144170626
28402,2020-12-27,8 day ahead inc hosp,2021-01-04,06087,quantile,0.4,70.99014887416571
28403,2020-12-27,8 day ahead inc hosp,2021-01-04,06087,quantile,0.45,72.3412956518348
28404,2020-12-27,8 day ahead inc hosp,2021-01-04,06087,quantile,0.5,73.6710205078125
28405,2020-12-27,8 day ahead inc hosp,2021-01-04,06087,quantile,0.55,76.85567980125134
28406,2020-12-27,8 day ahead inc hosp,2021-01-04,06087,quantile,0.6,80.0916440858627
28407,2020-12-27,8 day ahead inc hosp,2021-01-04,06087,quantile,0.65,83.43627000583264
28408,2020-12-27,8 day ahead inc hosp,2021-01-04,06087,quantile,0.7,86.96100193866423
28409,2020-12-27,8 day ahead inc hosp,2021-01-04,06087,quantile,0.75,90.7647418871362
28410,2020-12-27,8 day ahead inc hosp,2021-01-04,06087,quantile,0.8,95.00038669823394
28411,2020-12-27,8 day ahead inc hosp,2021-01-04,06087,quantile,0.85,99.93754803189205
28412,2020-12-27,8 day ahead inc hosp,2021-01-04,06087,quantile,0.9,106.1496243535893
28413,2020-12-27,8 day ahead inc hosp,2021-01-04,06087,quantile,0.95,115.35685724692482
28414,2020-12-27,8 day ahead inc hosp,2021-01-04,06087,quantile,0.975,123.34275867061939
28415,2020-12-27,8 day ahead inc hosp,2021-01-04,06087,quantile,0.99,132.62809491654258
28416,2020-12-27,9 day ahead inc hosp,2021-01-05,06087,point,NA,76.48934173583984
28417,2020-12-27,9 day ahead inc hosp,2021-01-05,06087,quantile,0.01,50.458317563968784
28418,2020-12-27,9 day ahead inc hosp,2021-01-05,06087,quantile,0.025,54.55802594817223
28419,2020-12-27,9 day ahead inc hosp,2021-01-05,06087,quantile,0.05,58.08400133075652
28420,2020-12-27,9 day ahead inc hosp,2021-01-05,06087,quantile,0.1,62.14922512970021
28421,2020-12-27,9 day ahead inc hosp,2021-01-05,06087,quantile,0.15,64.89201232715423
28422,2020-12-27,9 day ahead inc hosp,2021-01-05,06087,quantile,0.2,67.07189264356714
28423,2020-12-27,9 day ahead inc hosp,2021-01-05,06087,quantile,0.25,68.94203585482558
28424,2020-12-27,9 day ahead inc hosp,2021-01-05,06087,quantile,0.3,70.62148225774146
28425,2020-12-27,9 day ahead inc hosp,2021-01-05,06087,quantile,0.35,72.17773963759066
28426,2020-12-27,9 day ahead inc hosp,2021-01-05,06087,quantile,0.4,73.65447570432656
28427,2020-12-27,9 day ahead inc hosp,2021-01-05,06087,quantile,0.45,75.08323493902083
28428,2020-12-27,9 day ahead inc hosp,2021-01-05,06087,quantile,0.5,76.48934173583984
28429,2020-12-27,9 day ahead inc hosp,2021-01-05,06087,quantile,0.55,79.3277350963127
28430,2020-12-27,9 day ahead inc hosp,2021-01-05,06087,quantile,0.6,82.21185508964803
28431,2020-12-27,9 day ahead inc hosp,2021-01-05,06087,quantile,0.65,85.19282200942708
28432,2020-12-27,9 day ahead inc hosp,2021-01-05,06087,quantile,0.7,88.33431213247026
28433,2020-12-27,9 day ahead inc hosp,2021-01-05,06087,quantile,0.75,91.72447391114203
28434,2020-12-27,9 day ahead inc hosp,2021-01-05,06087,quantile,0.8,95.4995798177331
28435,2020-12-27,9 day ahead inc hosp,2021-01-05,06087,quantile,0.85,99.89992681180868
28436,2020-12-27,9 day ahead inc hosp,2021-01-05,06087,quantile,0.9,105.43656811676173
28437,2020-12-27,9 day ahead inc hosp,2021-01-05,06087,quantile,0.95,113.64270456803379
28438,2020-12-27,9 day ahead inc hosp,2021-01-05,06087,quantile,0.975,120.76030412573374
28439,2020-12-27,9 day ahead inc hosp,2021-01-05,06087,quantile,0.99,129.03605180288238
28440,2020-12-27,10 day ahead inc hosp,2021-01-06,06087,point,NA,76.13713836669922
28441,2020-12-27,10 day ahead inc hosp,2021-01-06,06087,quantile,0.01,50.424542289372894
28442,2020-12-27,10 day ahead inc hosp,2021-01-06,06087,quantile,0.025,54.47410042515155
28443,2020-12-27,10 day ahead inc hosp,2021-01-06,06087,quantile,0.05,57.95694382740826
28444,2020-12-27,10 day ahead inc hosp,2021-01-06,06087,quantile,0.1,61.97243921537401
28445,2020-12-27,10 day ahead inc hosp,2021-01-06,06087,quantile,0.15,64.68167489002737
28446,2020-12-27,10 day ahead inc hosp,2021-01-06,06087,quantile,0.2,66.83488951972322
28447,2020-12-27,10 day ahead inc hosp,2021-01-06,06087,quantile,0.25,68.68215594613622
28448,2020-12-27,10 day ahead inc hosp,2021-01-06,06087,quantile,0.3,70.34105828922411
28449,2020-12-27,10 day ahead inc hosp,2021-01-06,06087,quantile,0.35,71.87827853596573
28450,2020-12-27,10 day ahead inc hosp,2021-01-06,06087,quantile,0.4,73.33695022502785
28451,2020-12-27,10 day ahead inc hosp,2021-01-06,06087,quantile,0.45,74.74823196526538
28452,2020-12-27,10 day ahead inc hosp,2021-01-06,06087,quantile,0.5,76.13713836669922
28453,2020-12-27,10 day ahead inc hosp,2021-01-06,06087,quantile,0.55,79.28499959002647
28454,2020-12-27,10 day ahead inc hosp,2021-01-06,06087,quantile,0.6,82.48357298611515
28455,2020-12-27,10 day ahead inc hosp,2021-01-06,06087,quantile,0.65,85.78955245515905
28456,2020-12-27,10 day ahead inc hosp,2021-01-06,06087,quantile,0.7,89.27355684986557
28457,2020-12-27,10 day ahead inc hosp,2021-01-06,06087,quantile,0.75,93.03334538111736
28458,2020-12-27,10 day ahead inc hosp,2021-01-06,06087,quantile,0.8,97.22004820490498
28459,2020-12-27,10 day ahead inc hosp,2021-01-06,06087,quantile,0.85,102.1001616749871
28460,2020-12-27,10 day ahead inc hosp,2021-01-06,06087,quantile,0.9,108.24045875785171
28461,2020-12-27,10 day ahead inc hosp,2021-01-06,06087,quantile,0.95,117.34130400644275
28462,2020-12-27,10 day ahead inc hosp,2021-01-06,06087,quantile,0.975,125.23493001433422
28463,2020-12-27,10 day ahead inc hosp,2021-01-06,06087,quantile,0.99,134.412976147657
28464,2020-12-27,11 day ahead inc hosp,2021-01-07,06087,point,NA,77.19806671142578
28465,2020-12-27,11 day ahead inc hosp,2021-01-07,06087,quantile,0.01,47.435999647893
28466,2020-12-27,11 day ahead inc hosp,2021-01-07,06087,quantile,0.025,52.12332178573804
28467,2020-12-27,11 day ahead inc hosp,2021-01-07,06087,quantile,0.05,56.154677413851864
28468,2020-12-27,11 day ahead inc hosp,2021-01-07,06087,quantile,0.1,60.80257226937476
28469,2020-12-27,11 day ahead inc hosp,2021-01-07,06087,quantile,0.15,63.93848486246572
28470,2020-12-27,11 day ahead inc hosp,2021-01-07,06087,quantile,0.2,66.43080878100221
28471,2020-12-27,11 day ahead inc hosp,2021-01-07,06087,quantile,0.25,68.56900078237685
28472,2020-12-27,11 day ahead inc hosp,2021-01-07,06087,quantile,0.3,70.48916328321319
28473,2020-12-27,11 day ahead inc hosp,2021-01-07,06087,quantile,0.35,72.26848000165563
28474,2020-12-27,11 day ahead inc hosp,2021-01-07,06087,quantile,0.4,73.95687756769625
28475,2020-12-27,11 day ahead inc hosp,2021-01-07,06087,quantile,0.45,75.5904217525064
28476,2020-12-27,11 day ahead inc hosp,2021-01-07,06087,quantile,0.5,77.19806671142578
28477,2020-12-27,11 day ahead inc hosp,2021-01-07,06087,quantile,0.55,81.06171475250274
28478,2020-12-27,11 day ahead inc hosp,2021-01-07,06087,quantile,0.6,84.98760632118392
28479,2020-12-27,11 day ahead inc hosp,2021-01-07,06087,quantile,0.65,89.04532684734838
28480,2020-12-27,11 day ahead inc hosp,2021-01-07,06087,quantile,0.7,93.32155308469288
28481,2020-12-27,11 day ahead inc hosp,2021-01-07,06087,quantile,0.75,97.93627354504412
28482,2020-12-27,11 day ahead inc hosp,2021-01-07,06087,quantile,0.8,103.07498361390816
28483,2020-12-27,11 day ahead inc hosp,2021-01-07,06087,quantile,0.85,109.06477779835016
28484,2020-12-27,11 day ahead inc hosp,2021-01-07,06087,quantile,0.9,116.60130660719152
28485,2020-12-27,11 day ahead inc hosp,2021-01-07,06087,quantile,0.95,127.77157760144362
28486,2020-12-27,11 day ahead inc hosp,2021-01-07,06087,quantile,0.975,137.46012182200099
28487,2020-12-27,11 day ahead inc hosp,2021-01-07,06087,quantile,0.99,148.72514827905837
28488,2020-12-27,12 day ahead inc hosp,2021-01-08,06087,point,NA,76.83831787109375
28489,2020-12-27,12 day ahead inc hosp,2021-01-08,06087,quantile,0.01,50.94086098228921
28490,2020-12-27,12 day ahead inc hosp,2021-01-08,06087,quantile,0.025,55.01953343234625
28491,2020-12-27,12 day ahead inc hosp,2021-01-08,06087,quantile,0.05,58.52741675105699
28492,2020-12-27,12 day ahead inc hosp,2021-01-08,06087,quantile,0.1,62.571781559040616
28493,2020-12-27,12 day ahead inc hosp,2021-01-08,06087,quantile,0.15,65.30049529432216
28494,2020-12-27,12 day ahead inc hosp,2021-01-08,06087,quantile,0.2,67.46919046913821
28495,2020-12-27,12 day ahead inc hosp,2021-01-08,06087,quantile,0.25,69.32973782485045
28496,2020-12-27,12 day ahead inc hosp,2021-01-08,06087,quantile,0.3,71.00056685291345
28497,2020-12-27,12 day ahead inc hosp,2021-01-08,06087,quantile,0.35,72.54883895071589
28498,2020-12-27,12 day ahead inc hosp,2021-01-08,06087,quantile,0.4,74.01799776567185
28499,2020-12-27,12 day ahead inc hosp,2021-01-08,06087,quantile,0.45,75.43942592157818
28500,2020-12-27,12 day ahead inc hosp,2021-01-08,06087,quantile,0.5,76.83831787109375
28501,2020-12-27,12 day ahead inc hosp,2021-01-08,06087,quantile,0.55,80.57181320183084
28502,2020-12-27,12 day ahead inc hosp,2021-01-08,06087,quantile,0.6,84.36545529469748
28503,2020-12-27,12 day ahead inc hosp,2021-01-08,06087,quantile,0.65,88.28648549123893
28504,2020-12-27,12 day ahead inc hosp,2021-01-08,06087,quantile,0.7,92.41866071024542
28505,2020-12-27,12 day ahead inc hosp,2021-01-08,06087,quantile,0.75,96.87792747269509
28506,2020-12-27,12 day ahead inc hosp,2021-01-08,06087,quantile,0.8,101.8435324771219
28507,2020-12-27,12 day ahead inc hosp,2021-01-08,06087,quantile,0.85,107.63155156735375
28508,2020-12-27,12 day ahead inc hosp,2021-01-08,06087,quantile,0.9,114.9142012338414
28509,2020-12-27,12 day ahead inc hosp,2021-01-08,06087,quantile,0.95,125.70818509487742
28510,2020-12-27,12 day ahead inc hosp,2021-01-08,06087,quantile,0.975,135.07035634456716
28511,2020-12-27,12 day ahead inc hosp,2021-01-08,06087,quantile,0.99,145.95590369021258
28512,2020-12-27,13 day ahead inc hosp,2021-01-09,06087,point,NA,75.68372344970703
28513,2020-12-27,13 day ahead inc hosp,2021-01-09,06087,quantile,0.01,27.6190294712406
28514,2020-12-27,13 day ahead inc hosp,2021-01-09,06087,quantile,0.025,35.18889024915897
28515,2020-12-27,13 day ahead inc hosp,2021-01-09,06087,quantile,0.05,41.6993881312459
28516,2020-12-27,13 day ahead inc hosp,2021-01-09,06087,quantile,0.1,49.20557523168846
28517,2020-12-27,13 day ahead inc hosp,2021-01-09,06087,quantile,0.15,54.269964032653846
28518,2020-12-27,13 day ahead inc hosp,2021-01-09,06087,quantile,0.2,58.294979707269064
28519,2020-12-27,13 day ahead inc hosp,2021-01-09,06087,quantile,0.25,61.74808476189753
28520,2020-12-27,13 day ahead inc hosp,2021-01-09,06087,quantile,0.3,64.84907982365218
28521,2020-12-27,13 day ahead inc hosp,2021-01-09,06087,quantile,0.35,67.72261388901605
28522,2020-12-27,13 day ahead inc hosp,2021-01-09,06087,quantile,0.4,70.44931671353744
28523,2020-12-27,13 day ahead inc hosp,2021-01-09,06087,quantile,0.45,73.08743325213659
28524,2020-12-27,13 day ahead inc hosp,2021-01-09,06087,quantile,0.5,75.68372344970703
28525,2020-12-27,13 day ahead inc hosp,2021-01-09,06087,quantile,0.55,79.45203277953125
28526,2020-12-27,13 day ahead inc hosp,2021-01-09,06087,quantile,0.6,83.28104972643095
28527,2020-12-27,13 day ahead inc hosp,2021-01-09,06087,quantile,0.65,87.23864264224494
28528,2020-12-27,13 day ahead inc hosp,2021-01-09,06087,quantile,0.7,91.40934946007732
28529,2020-12-27,13 day ahead inc hosp,2021-01-09,06087,quantile,0.75,95.91019787597627
28530,2020-12-27,13 day ahead inc hosp,2021-01-09,06087,quantile,0.8,100.92210602337688
28531,2020-12-27,13 day ahead inc hosp,2021-01-09,06087,quantile,0.85,106.76409708182433
28532,2020-12-27,13 day ahead inc hosp,2021-01-09,06087,quantile,0.9,114.11465580842346
28533,2020-12-27,13 day ahead inc hosp,2021-01-09,06087,quantile,0.95,125.00929112633715
28534,2020-12-27,13 day ahead inc hosp,2021-01-09,06087,quantile,0.975,134.45876250431604
28535,2020-12-27,13 day ahead inc hosp,2021-01-09,06087,quantile,0.99,145.44581511561273
28536,2020-12-27,14 day ahead inc hosp,2021-01-10,06087,point,NA,78.4883804321289
28537,2020-12-27,14 day ahead inc hosp,2021-01-10,06087,quantile,0.01,29.677933571296215
28538,2020-12-27,14 day ahead inc hosp,2021-01-10,06087,quantile,0.025,37.36524533094295
28539,2020-12-27,14 day ahead inc hosp,2021-01-10,06087,quantile,0.05,43.97675753683646
28540,2020-12-27,14 day ahead inc hosp,2021-01-10,06087,quantile,0.1,51.59940768327789
28541,2020-12-27,14 day ahead inc hosp,2021-01-10,06087,quantile,0.15,56.74237354846916
28542,2020-12-27,14 day ahead inc hosp,2021-01-10,06087,quantile,0.2,60.82983978278749
28543,2020-12-27,14 day ahead inc hosp,2021-01-10,06087,quantile,0.25,64.33652185693794
28544,2020-12-27,14 day ahead inc hosp,2021-01-10,06087,quantile,0.3,67.48563073809072
28545,2020-12-27,14 day ahead inc hosp,2021-01-10,06087,quantile,0.35,70.40374942751946
28546,2020-12-27,14 day ahead inc hosp,2021-01-10,06087,quantile,0.4,73.17275870033852
28547,2020-12-27,14 day ahead inc hosp,2021-01-10,06087,quantile,0.45,75.8518072172742
28548,2020-12-27,14 day ahead inc hosp,2021-01-10,06087,quantile,0.5,78.4883804321289
28549,2020-12-27,14 day ahead inc hosp,2021-01-10,06087,quantile,0.55,82.26907450681605
28550,2020-12-27,14 day ahead inc hosp,2021-01-10,06087,quantile,0.6,86.11067571732382
28551,2020-12-27,14 day ahead inc hosp,2021-01-10,06087,quantile,0.65,90.08127546836381
28552,2020-12-27,14 day ahead inc hosp,2021-01-10,06087,quantile,0.7,94.26568953136
28553,2020-12-27,14 day ahead inc hosp,2021-01-10,06087,quantile,0.75,98.78133021997829
28554,2020-12-27,14 day ahead inc hosp,2021-01-10,06087,quantile,0.8,103.8097102645214
28555,2020-12-27,14 day ahead inc hosp,2021-01-10,06087,quantile,0.85,109.67090133082854
28556,2020-12-27,14 day ahead inc hosp,2021-01-10,06087,quantile,0.9,117.04561805149373
28557,2020-12-27,14 day ahead inc hosp,2021-01-10,06087,quantile,0.95,127.97605915576341
28558,2020-12-27,14 day ahead inc hosp,2021-01-10,06087,quantile,0.975,137.45658671354676
28559,2020-12-27,14 day ahead inc hosp,2021-01-10,06087,quantile,0.99,148.47974884544715
28560,2020-12-27,15 day ahead inc hosp,2021-01-11,06087,point,NA,75.86894989013672
28561,2020-12-27,15 day ahead inc hosp,2021-01-11,06087,quantile,0.01,51.85953190679169
28562,2020-12-27,15 day ahead inc hosp,2021-01-11,06087,quantile,0.025,55.64085113404396
28563,2020-12-27,15 day ahead inc hosp,2021-01-11,06087,quantile,0.05,58.892994276799385
28564,2020-12-27,15 day ahead inc hosp,2021-01-11,06087,quantile,0.1,62.64250704050196
28565,2020-12-27,15 day ahead inc hosp,2021-01-11,06087,quantile,0.15,65.1722855013203
28566,2020-12-27,15 day ahead inc hosp,2021-01-11,06087,quantile,0.2,67.18287322636954
28567,2020-12-27,15 day ahead inc hosp,2021-01-11,06087,quantile,0.25,68.90777846833612
28568,2020-12-27,15 day ahead inc hosp,2021-01-11,06087,quantile,0.3,70.45679668605975
28569,2020-12-27,15 day ahead inc hosp,2021-01-11,06087,quantile,0.35,71.89219291464306
28570,2020-12-27,15 day ahead inc hosp,2021-01-11,06087,quantile,0.4,73.2542435678654
28571,2020-12-27,15 day ahead inc hosp,2021-01-11,06087,quantile,0.45,74.57204333774179
28572,2020-12-27,15 day ahead inc hosp,2021-01-11,06087,quantile,0.5,75.86894989013672
28573,2020-12-27,15 day ahead inc hosp,2021-01-11,06087,quantile,0.55,79.13232896311855
28574,2020-12-27,15 day ahead inc hosp,2021-01-11,06087,quantile,0.6,82.44828120613363
28575,2020-12-27,15 day ahead inc hosp,2021-01-11,06087,quantile,0.65,85.87558102959343
28576,2020-12-27,15 day ahead inc hosp,2021-01-11,06087,quantile,0.7,89.48743880388389
28577,2020-12-27,15 day ahead inc hosp,2021-01-11,06087,quantile,0.75,93.38520123406985
28578,2020-12-27,15 day ahead inc hosp,2021-01-11,06087,quantile,0.8,97.7255445372289
28579,2020-12-27,15 day ahead inc hosp,2021-01-11,06087,quantile,0.85,102.78474475038489
28580,2020-12-27,15 day ahead inc hosp,2021-01-11,06087,quantile,0.9,109.15037384915809
28581,2020-12-27,15 day ahead inc hosp,2021-01-11,06087,quantile,0.95,118.58519508924634
28582,2020-12-27,15 day ahead inc hosp,2021-01-11,06087,quantile,0.975,126.76849546259322
28583,2020-12-27,15 day ahead inc hosp,2021-01-11,06087,quantile,0.99,136.28335064756513
28584,2020-12-27,16 day ahead inc hosp,2021-01-12,06087,point,NA,80.00025939941406
28585,2020-12-27,16 day ahead inc hosp,2021-01-12,06087,quantile,0.01,54.69596158310742
28586,2020-12-27,16 day ahead inc hosp,2021-01-12,06087,quantile,0.025,58.6812155335069
28587,2020-12-27,16 day ahead inc hosp,2021-01-12,06087,quantile,0.05,62.10875378881272
28588,2020-12-27,16 day ahead inc hosp,2021-01-12,06087,quantile,0.1,66.06048588430079
28589,2020-12-27,16 day ahead inc hosp,2021-01-12,06087,quantile,0.15,68.72670076823637
28590,2020-12-27,16 day ahead inc hosp,2021-01-12,06087,quantile,0.2,70.84572383725656
28591,2020-12-27,16 day ahead inc hosp,2021-01-12,06087,quantile,0.25,72.6636569490841
28592,2020-12-27,16 day ahead inc hosp,2021-01-12,06087,quantile,0.3,74.29621706909008
28593,2020-12-27,16 day ahead inc hosp,2021-01-12,06087,quantile,0.35,75.80902732037028
28594,2020-12-27,16 day ahead inc hosp,2021-01-12,06087,quantile,0.4,77.24453631079817
28595,2020-12-27,16 day ahead inc hosp,2021-01-12,06087,quantile,0.45,78.63340787204736
28596,2020-12-27,16 day ahead inc hosp,2021-01-12,06087,quantile,0.5,80.00025939941406
28597,2020-12-27,16 day ahead inc hosp,2021-01-12,06087,quantile,0.55,82.82094424290571
28598,2020-12-27,16 day ahead inc hosp,2021-01-12,06087,quantile,0.6,85.68707043432865
28599,2020-12-27,16 day ahead inc hosp,2021-01-12,06087,quantile,0.65,88.64943933170022
28600,2020-12-27,16 day ahead inc hosp,2021-01-12,06087,quantile,0.7,91.77132994046717
28601,2020-12-27,16 day ahead inc hosp,2021-01-12,06087,quantile,0.75,95.14034076160688
28602,2020-12-27,16 day ahead inc hosp,2021-01-12,06087,quantile,0.8,98.8918940739791
28603,2020-12-27,16 day ahead inc hosp,2021-01-12,06087,quantile,0.85,103.26478764297522
28604,2020-12-27,16 day ahead inc hosp,2021-01-12,06087,quantile,0.9,108.76688627039351
28605,2020-12-27,16 day ahead inc hosp,2021-01-12,06087,quantile,0.95,116.92182527006459
28606,2020-12-27,16 day ahead inc hosp,2021-01-12,06087,quantile,0.975,123.99501867378032
28607,2020-12-27,16 day ahead inc hosp,2021-01-12,06087,quantile,0.99,132.21913460026545
28608,2020-12-27,17 day ahead inc hosp,2021-01-13,06087,point,NA,81.38209533691406
28609,2020-12-27,17 day ahead inc hosp,2021-01-13,06087,quantile,0.01,55.97341119684882
28610,2020-12-27,17 day ahead inc hosp,2021-01-13,06087,quantile,0.025,59.97510527975648
28611,2020-12-27,17 day ahead inc hosp,2021-01-13,06087,quantile,0.05,63.41678295598639
28612,2020-12-27,17 day ahead inc hosp,2021-01-13,06087,quantile,0.1,67.38481689825643
28613,2020-12-27,17 day ahead inc hosp,2021-01-13,06087,quantile,0.15,70.06203056082262
28614,2020-12-27,17 day ahead inc hosp,2021-01-13,06087,quantile,0.2,72.18979511043004
28615,2020-12-27,17 day ahead inc hosp,2021-01-13,06087,quantile,0.25,74.01522763424524
28616,2020-12-27,17 day ahead inc hosp,2021-01-13,06087,quantile,0.3,75.6545224579952
28617,2020-12-27,17 day ahead inc hosp,2021-01-13,06087,quantile,0.35,77.17357341596569
28618,2020-12-27,17 day ahead inc hosp,2021-01-13,06087,quantile,0.4,78.61500422676264
28619,2020-12-27,17 day ahead inc hosp,2021-01-13,06087,quantile,0.45,80.00960521775156
28620,2020-12-27,17 day ahead inc hosp,2021-01-13,06087,quantile,0.5,81.38209533691406
28621,2020-12-27,17 day ahead inc hosp,2021-01-13,06087,quantile,0.55,84.51446316580275
28622,2020-12-27,17 day ahead inc hosp,2021-01-13,06087,quantile,0.6,87.69729356823623
28623,2020-12-27,17 day ahead inc hosp,2021-01-13,06087,quantile,0.65,90.98700140384848
28624,2020-12-27,17 day ahead inc hosp,2021-01-13,06087,quantile,0.7,94.45385794784517
28625,2020-12-27,17 day ahead inc hosp,2021-01-13,06087,quantile,0.75,98.19514125202767
28626,2020-12-27,17 day ahead inc hosp,2021-01-13,06087,quantile,0.8,102.36123762793085
28627,2020-12-27,17 day ahead inc hosp,2021-01-13,06087,quantile,0.85,107.21733176630397
28628,2020-12-27,17 day ahead inc hosp,2021-01-13,06087,quantile,0.9,113.32740704524352
28629,2020-12-27,17 day ahead inc hosp,2021-01-13,06087,quantile,0.95,122.38345902781766
28630,2020-12-27,17 day ahead inc hosp,2021-01-13,06087,quantile,0.975,130.23823355763744
28631,2020-12-27,17 day ahead inc hosp,2021-01-13,06087,quantile,0.99,139.3711064514714
28632,2020-12-27,18 day ahead inc hosp,2021-01-14,06087,point,NA,83.68428039550781
28633,2020-12-27,18 day ahead inc hosp,2021-01-14,06087,quantile,0.01,55.51810098330972
28634,2020-12-27,18 day ahead inc hosp,2021-01-14,06087,quantile,0.025,59.95408172401167
28635,2020-12-27,18 day ahead inc hosp,2021-01-14,06087,quantile,0.05,63.76926988461352
28636,2020-12-27,18 day ahead inc hosp,2021-01-14,06087,quantile,0.1,68.1679374943004
28637,2020-12-27,18 day ahead inc hosp,2021-01-14,06087,quantile,0.15,71.1356976478348
28638,2020-12-27,18 day ahead inc hosp,2021-01-14,06087,quantile,0.2,73.49437933795257
28639,2020-12-27,18 day ahead inc hosp,2021-01-14,06087,quantile,0.25,75.51791820707356
28640,2020-12-27,18 day ahead inc hosp,2021-01-14,06087,quantile,0.3,77.33511865164215
28641,2020-12-27,18 day ahead inc hosp,2021-01-14,06087,quantile,0.35,79.0190256805387
28642,2020-12-27,18 day ahead inc hosp,2021-01-14,06087,quantile,0.4,80.61688878133415
28643,2020-12-27,18 day ahead inc hosp,2021-01-14,06087,quantile,0.45,82.16283982327278
28644,2020-12-27,18 day ahead inc hosp,2021-01-14,06087,quantile,0.5,83.68428039550781
28645,2020-12-27,18 day ahead inc hosp,2021-01-14,06087,quantile,0.55,87.5006307047955
28646,2020-12-27,18 day ahead inc hosp,2021-01-14,06087,quantile,0.6,91.37846257329821
28647,2020-12-27,18 day ahead inc hosp,2021-01-14,06087,quantile,0.65,95.38650958492873
28648,2020-12-27,18 day ahead inc hosp,2021-01-14,06087,quantile,0.7,99.6103874200653
28649,2020-12-27,18 day ahead inc hosp,2021-01-14,06087,quantile,0.75,104.16861572370462
28650,2020-12-27,18 day ahead inc hosp,2021-01-14,06087,quantile,0.8,109.24441909713575
28651,2020-12-27,18 day ahead inc hosp,2021-01-14,06087,quantile,0.85,115.16088784515165
28652,2020-12-27,18 day ahead inc hosp,2021-01-14,06087,quantile,0.9,122.60515651165267
28653,2020-12-27,18 day ahead inc hosp,2021-01-14,06087,quantile,0.95,133.6386840769271
28654,2020-12-27,18 day ahead inc hosp,2021-01-14,06087,quantile,0.975,143.20862376593794
28655,2020-12-27,18 day ahead inc hosp,2021-01-14,06087,quantile,0.99,154.3357468233325
28656,2020-12-27,19 day ahead inc hosp,2021-01-15,06087,point,NA,83.43379211425781
28657,2020-12-27,19 day ahead inc hosp,2021-01-15,06087,quantile,0.01,58.65042977512405
28658,2020-12-27,19 day ahead inc hosp,2021-01-15,06087,quantile,0.025,62.553639948479116
28659,2020-12-27,19 day ahead inc hosp,2021-01-15,06087,quantile,0.05,65.91061602934651
28660,2020-12-27,19 day ahead inc hosp,2021-01-15,06087,quantile,0.1,69.78099445678315
28661,2020-12-27,19 day ahead inc hosp,2021-01-15,06087,quantile,0.15,72.39232040711184
28662,2020-12-27,19 day ahead inc hosp,2021-01-15,06087,quantile,0.2,74.46771949171585
28663,2020-12-27,19 day ahead inc hosp,2021-01-15,06087,quantile,0.25,76.24822710926757
28664,2020-12-27,19 day ahead inc hosp,2021-01-15,06087,quantile,0.3,77.84717797873031
28665,2020-12-27,19 day ahead inc hosp,2021-01-15,06087,quantile,0.35,79.32884425060261
28666,2020-12-27,19 day ahead inc hosp,2021-01-15,06087,quantile,0.4,80.73480065014878
28667,2020-12-27,19 day ahead inc hosp,2021-01-15,06087,quantile,0.45,82.09507973771056
28668,2020-12-27,19 day ahead inc hosp,2021-01-15,06087,quantile,0.5,83.43379211425781
28669,2020-12-27,19 day ahead inc hosp,2021-01-15,06087,quantile,0.55,87.08574255731405
28670,2020-12-27,19 day ahead inc hosp,2021-01-15,06087,quantile,0.6,90.79652607103172
28671,2020-12-27,19 day ahead inc hosp,2021-01-15,06087,quantile,0.65,94.63191534970785
28672,2020-12-27,19 day ahead inc hosp,2021-01-15,06087,quantile,0.7,98.67383794101252
28673,2020-12-27,19 day ahead inc hosp,2021-01-15,06087,quantile,0.75,103.03570792776804
28674,2020-12-27,19 day ahead inc hosp,2021-01-15,06087,quantile,0.8,107.89285700377306
28675,2020-12-27,19 day ahead inc hosp,2021-01-15,06087,quantile,0.85,113.55445746352697
28676,2020-12-27,19 day ahead inc hosp,2021-01-15,06087,quantile,0.9,120.67804362612227
28677,2020-12-27,19 day ahead inc hosp,2021-01-15,06087,quantile,0.95,131.2362714131301
28678,2020-12-27,19 day ahead inc hosp,2021-01-15,06087,quantile,0.975,140.3939594278417
28679,2020-12-27,19 day ahead inc hosp,2021-01-15,06087,quantile,0.99,151.04175082175541
28680,2020-12-27,20 day ahead inc hosp,2021-01-16,06087,point,NA,83.98419952392578
28681,2020-12-27,20 day ahead inc hosp,2021-01-16,06087,quantile,0.01,38.37923877915279
28682,2020-12-27,20 day ahead inc hosp,2021-01-16,06087,quantile,0.025,45.56170838511821
28683,2020-12-27,20 day ahead inc hosp,2021-01-16,06087,quantile,0.05,51.73902848778071
28684,2020-12-27,20 day ahead inc hosp,2021-01-16,06087,quantile,0.1,58.861082946547626
28685,2020-12-27,20 day ahead inc hosp,2021-01-16,06087,quantile,0.15,63.66629927784827
28686,2020-12-27,20 day ahead inc hosp,2021-01-16,06087,quantile,0.2,67.48533288950843
28687,2020-12-27,20 day ahead inc hosp,2021-01-16,06087,quantile,0.25,70.76172367511211
28688,2020-12-27,20 day ahead inc hosp,2021-01-16,06087,quantile,0.3,73.70402386169842
28689,2020-12-27,20 day ahead inc hosp,2021-01-16,06087,quantile,0.35,76.43050347495463
28690,2020-12-27,20 day ahead inc hosp,2021-01-16,06087,quantile,0.4,79.01766600491209
28691,2020-12-27,20 day ahead inc hosp,2021-01-16,06087,quantile,0.45,81.52077569363395
28692,2020-12-27,20 day ahead inc hosp,2021-01-16,06087,quantile,0.5,83.98419952392578
28693,2020-12-27,20 day ahead inc hosp,2021-01-16,06087,quantile,0.55,87.69957288968492
28694,2020-12-27,20 day ahead inc hosp,2021-01-16,06087,quantile,0.6,91.47480107197829
28695,2020-12-27,20 day ahead inc hosp,2021-01-16,06087,quantile,0.65,95.37679903046812
28696,2020-12-27,20 day ahead inc hosp,2021-01-16,06087,quantile,0.7,99.48891713731348
28697,2020-12-27,20 day ahead inc hosp,2021-01-16,06087,quantile,0.75,103.92653912216528
28698,2020-12-27,20 day ahead inc hosp,2021-01-16,06087,quantile,0.8,108.86804164031233
28699,2020-12-27,20 day ahead inc hosp,2021-01-16,06087,quantile,0.85,114.62796633910853
28700,2020-12-27,20 day ahead inc hosp,2021-01-16,06087,quantile,0.9,121.87526684602543
28701,2020-12-27,20 day ahead inc hosp,2021-01-16,06087,quantile,0.95,132.616857927595
28702,2020-12-27,20 day ahead inc hosp,2021-01-16,06087,quantile,0.975,141.93358625464123
28703,2020-12-27,20 day ahead inc hosp,2021-01-16,06087,quantile,0.99,152.76629638199964
28704,2020-12-27,21 day ahead inc hosp,2021-01-17,06087,point,NA,95.27679443359375
28705,2020-12-27,21 day ahead inc hosp,2021-01-17,06087,quantile,0.01,48.58012015621819
28706,2020-12-27,21 day ahead inc hosp,2021-01-17,06087,quantile,0.025,55.9345271816723
28707,2020-12-27,21 day ahead inc hosp,2021-01-17,06087,quantile,0.05,62.25972295051586
28708,2020-12-27,21 day ahead inc hosp,2021-01-17,06087,quantile,0.1,69.5522685818568
28709,2020-12-27,21 day ahead inc hosp,2021-01-17,06087,quantile,0.15,74.47251449788446
28710,2020-12-27,21 day ahead inc hosp,2021-01-17,06087,quantile,0.2,78.38296997697363
28711,2020-12-27,21 day ahead inc hosp,2021-01-17,06087,quantile,0.25,81.73779258447397
28712,2020-12-27,21 day ahead inc hosp,2021-01-17,06087,quantile,0.3,84.75052697116082
28713,2020-12-27,21 day ahead inc hosp,2021-01-17,06087,quantile,0.35,87.54227436760438
28714,2020-12-27,21 day ahead inc hosp,2021-01-17,06087,quantile,0.4,90.19136964125617
28715,2020-12-27,21 day ahead inc hosp,2021-01-17,06087,quantile,0.45,92.75439997624413
28716,2020-12-27,21 day ahead inc hosp,2021-01-17,06087,quantile,0.5,95.27679443359375
28717,2020-12-27,21 day ahead inc hosp,2021-01-17,06087,quantile,0.55,98.92420485812556
28718,2020-12-27,21 day ahead inc hosp,2021-01-17,06087,quantile,0.6,102.63037521343513
28719,2020-12-27,21 day ahead inc hosp,2021-01-17,06087,quantile,0.65,106.4609964267596
28720,2020-12-27,21 day ahead inc hosp,2021-01-17,06087,quantile,0.7,110.49789419537707
28721,2020-12-27,21 day ahead inc hosp,2021-01-17,06087,quantile,0.75,114.85434160840119
28722,2020-12-27,21 day ahead inc hosp,2021-01-17,06087,quantile,0.8,119.70545239141052
28723,2020-12-27,21 day ahead inc hosp,2021-01-17,06087,quantile,0.85,125.36001448321122
28724,2020-12-27,21 day ahead inc hosp,2021-01-17,06087,quantile,0.9,132.47474477176257
28725,2020-12-27,21 day ahead inc hosp,2021-01-17,06087,quantile,0.95,143.0198468193921
28726,2020-12-27,21 day ahead inc hosp,2021-01-17,06087,quantile,0.975,152.16615021268677
28727,2020-12-27,21 day ahead inc hosp,2021-01-17,06087,quantile,0.99,162.80070452386173
28728,2020-12-27,22 day ahead inc hosp,2021-01-18,06087,point,NA,80.73600006103516
28729,2020-12-27,22 day ahead inc hosp,2021-01-18,06087,quantile,0.01,53.827508236543764
28730,2020-12-27,22 day ahead inc hosp,2021-01-18,06087,quantile,0.025,58.065411778516
28731,2020-12-27,22 day ahead inc hosp,2021-01-18,06087,quantile,0.05,61.710242620713615
28732,2020-12-27,22 day ahead inc hosp,2021-01-18,06087,quantile,0.1,65.91249915262561
28733,2020-12-27,22 day ahead inc hosp,2021-01-18,06087,quantile,0.15,68.74774168444898
28734,2020-12-27,22 day ahead inc hosp,2021-01-18,06087,quantile,0.2,71.0011025697249
28735,2020-12-27,22 day ahead inc hosp,2021-01-18,06087,quantile,0.25,72.93428556623391
28736,2020-12-27,22 day ahead inc hosp,2021-01-18,06087,quantile,0.3,74.67034364463126
28737,2020-12-27,22 day ahead inc hosp,2021-01-18,06087,quantile,0.35,76.27906017864024
28738,2020-12-27,22 day ahead inc hosp,2021-01-18,06087,quantile,0.4,77.80557485268191
28739,2020-12-27,22 day ahead inc hosp,2021-01-18,06087,quantile,0.45,79.28249546602764
28740,2020-12-27,22 day ahead inc hosp,2021-01-18,06087,quantile,0.5,80.73600006103516
28741,2020-12-27,22 day ahead inc hosp,2021-01-18,06087,quantile,0.55,84.50575657868804
28742,2020-12-27,22 day ahead inc hosp,2021-01-18,06087,quantile,0.6,88.33624402767137
28743,2020-12-27,22 day ahead inc hosp,2021-01-18,06087,quantile,0.65,92.2953568240995
28744,2020-12-27,22 day ahead inc hosp,2021-01-18,06087,quantile,0.7,96.46766536716603
28745,2020-12-27,22 day ahead inc hosp,2021-01-18,06087,quantile,0.75,100.97024229643159
28746,2020-12-27,22 day ahead inc hosp,2021-01-18,06087,quantile,0.8,105.98407522543437
28747,2020-12-27,22 day ahead inc hosp,2021-01-18,06087,quantile,0.85,111.82830985191589
28748,2020-12-27,22 day ahead inc hosp,2021-01-18,06087,quantile,0.9,119.18169149940391
28749,2020-12-27,22 day ahead inc hosp,2021-01-18,06087,quantile,0.95,130.08051081131856
28750,2020-12-27,22 day ahead inc hosp,2021-01-18,06087,quantile,0.975,139.5336111801176
28751,2020-12-27,22 day ahead inc hosp,2021-01-18,06087,quantile,0.99,150.52488327750743
28752,2020-12-27,23 day ahead inc hosp,2021-01-19,06087,point,NA,83.9955062866211
28753,2020-12-27,23 day ahead inc hosp,2021-01-19,06087,quantile,0.01,58.21195342213251
28754,2020-12-27,23 day ahead inc hosp,2021-01-19,06087,quantile,0.025,62.272686766897365
28755,2020-12-27,23 day ahead inc hosp,2021-01-19,06087,quantile,0.05,65.76514146539463
28756,2020-12-27,23 day ahead inc hosp,2021-01-19,06087,quantile,0.1,69.79171806238098
28757,2020-12-27,23 day ahead inc hosp,2021-01-19,06087,quantile,0.15,72.50843017615239
28758,2020-12-27,23 day ahead inc hosp,2021-01-19,06087,quantile,0.2,74.6675868426513
28759,2020-12-27,23 day ahead inc hosp,2021-01-19,06087,quantile,0.25,76.51995100755235
28760,2020-12-27,23 day ahead inc hosp,2021-01-19,06087,quantile,0.3,78.18343127735474
28761,2020-12-27,23 day ahead inc hosp,2021-01-19,06087,quantile,0.35,79.7248936554448
28762,2020-12-27,23 day ahead inc hosp,2021-01-19,06087,quantile,0.4,81.18759071231767
28763,2020-12-27,23 day ahead inc hosp,2021-01-19,06087,quantile,0.45,82.6027670424973
28764,2020-12-27,23 day ahead inc hosp,2021-01-19,06087,quantile,0.5,83.9955062866211
28765,2020-12-27,23 day ahead inc hosp,2021-01-19,06087,quantile,0.55,87.08237254562643
28766,2020-12-27,23 day ahead inc hosp,2021-01-19,06087,quantile,0.6,90.21896834602894
28767,2020-12-27,23 day ahead inc hosp,2021-01-19,06087,quantile,0.65,93.46088905089702
28768,2020-12-27,23 day ahead inc hosp,2021-01-19,06087,quantile,0.7,96.87738515706218
28769,2020-12-27,23 day ahead inc hosp,2021-01-19,06087,quantile,0.75,100.56432163066216
28770,2020-12-27,23 day ahead inc hosp,2021-01-19,06087,quantile,0.8,104.66990023351178
28771,2020-12-27,23 day ahead inc hosp,2021-01-19,06087,quantile,0.85,109.45545351625502
28772,2020-12-27,23 day ahead inc hosp,2021-01-19,06087,quantile,0.9,115.47677229133404
28773,2020-12-27,23 day ahead inc hosp,2021-01-19,06087,quantile,0.95,124.4012737649443
28774,2020-12-27,23 day ahead inc hosp,2021-01-19,06087,quantile,0.975,132.1419478468887
28775,2020-12-27,23 day ahead inc hosp,2021-01-19,06087,quantile,0.99,141.14215431170942
28776,2020-12-27,24 day ahead inc hosp,2021-01-20,06087,point,NA,88.1437759399414
28777,2020-12-27,24 day ahead inc hosp,2021-01-20,06087,quantile,0.01,62.31470228756566
28778,2020-12-27,24 day ahead inc hosp,2021-01-20,06087,quantile,0.025,66.38260484528672
28779,2020-12-27,24 day ahead inc hosp,2021-01-20,06087,quantile,0.05,69.88122546243655
28780,2020-12-27,24 day ahead inc hosp,2021-01-20,06087,quantile,0.1,73.91491096873985
28781,2020-12-27,24 day ahead inc hosp,2021-01-20,06087,quantile,0.15,76.63641942987778
28782,2020-12-27,24 day ahead inc hosp,2021-01-20,06087,quantile,0.2,78.79938808121632
28783,2020-12-27,24 day ahead inc hosp,2021-01-20,06087,quantile,0.25,80.65502258968418
28784,2020-12-27,24 day ahead inc hosp,2021-01-20,06087,quantile,0.3,82.3214397290838
28785,2020-12-27,24 day ahead inc hosp,2021-01-20,06087,quantile,0.35,83.86562355453677
28786,2020-12-27,24 day ahead inc hosp,2021-01-20,06087,quantile,0.4,85.3309029988261
28787,2020-12-27,24 day ahead inc hosp,2021-01-20,06087,quantile,0.45,86.74857781871688
28788,2020-12-27,24 day ahead inc hosp,2021-01-20,06087,quantile,0.5,88.1437759399414
28789,2020-12-27,24 day ahead inc hosp,2021-01-20,06087,quantile,0.55,91.42617625725416
28790,2020-12-27,24 day ahead inc hosp,2021-01-20,06087,quantile,0.6,94.7614561776225
28791,2020-12-27,24 day ahead inc hosp,2021-01-20,06087,quantile,0.65,98.2087326896249
28792,2020-12-27,24 day ahead inc hosp,2021-01-20,06087,quantile,0.7,101.84164288463536
28793,2020-12-27,24 day ahead inc hosp,2021-01-20,06087,quantile,0.75,105.76212418684639
28794,2020-12-27,24 day ahead inc hosp,2021-01-20,06087,quantile,0.8,110.1277660313649
28795,2020-12-27,24 day ahead inc hosp,2021-01-20,06087,quantile,0.85,115.21645478422815
28796,2020-12-27,24 day ahead inc hosp,2021-01-20,06087,quantile,0.9,121.61918719944111
28797,2020-12-27,24 day ahead inc hosp,2021-01-20,06087,quantile,0.95,131.10900114372117
28798,2020-12-27,24 day ahead inc hosp,2021-01-20,06087,quantile,0.975,139.33999948667366
28799,2020-12-27,24 day ahead inc hosp,2021-01-20,06087,quantile,0.99,148.91031386936643
28800,2020-12-27,25 day ahead inc hosp,2021-01-21,06087,point,NA,93.82135009765625
28801,2020-12-27,25 day ahead inc hosp,2021-01-21,06087,quantile,0.01,64.03993259490173
28802,2020-12-27,25 day ahead inc hosp,2021-01-21,06087,quantile,0.025,68.73030229466333
28803,2020-12-27,25 day ahead inc hosp,2021-01-21,06087,quantile,0.05,72.76427899415289
28804,2020-12-27,25 day ahead inc hosp,2021-01-21,06087,quantile,0.1,77.41519577710841
28805,2020-12-27,25 day ahead inc hosp,2021-01-21,06087,quantile,0.15,80.55314725029153
28806,2020-12-27,25 day ahead inc hosp,2021-01-21,06087,quantile,0.2,83.04709160609146
28807,2020-12-27,25 day ahead inc hosp,2021-01-21,06087,quantile,0.25,85.18667379835163
28808,2020-12-27,25 day ahead inc hosp,2021-01-21,06087,quantile,0.3,87.10808473356887
28809,2020-12-27,25 day ahead inc hosp,2021-01-21,06087,quantile,0.35,88.88855831251912
28810,2020-12-27,25 day ahead inc hosp,2021-01-21,06087,quantile,0.4,90.57805362605203
28811,2020-12-27,25 day ahead inc hosp,2021-01-21,06087,quantile,0.45,92.21265989426506
28812,2020-12-27,25 day ahead inc hosp,2021-01-21,06087,quantile,0.5,93.82135009765625
28813,2020-12-27,25 day ahead inc hosp,2021-01-21,06087,quantile,0.55,97.8032190994066
28814,2020-12-27,25 day ahead inc hosp,2021-01-21,06087,quantile,0.6,101.84923617326183
28815,2020-12-27,25 day ahead inc hosp,2021-01-21,06087,quantile,0.65,106.0311159431377
28816,2020-12-27,25 day ahead inc hosp,2021-01-21,06087,quantile,0.7,110.4381873217738
28817,2020-12-27,25 day ahead inc hosp,2021-01-21,06087,quantile,0.75,115.1941102623359
28818,2020-12-27,25 day ahead inc hosp,2021-01-21,06087,quantile,0.8,120.49005598892661
28819,2020-12-27,25 day ahead inc hosp,2021-01-21,06087,quantile,0.85,126.66312753590063
28820,2020-12-27,25 day ahead inc hosp,2021-01-21,06087,quantile,0.9,134.43026111682562
28821,2020-12-27,25 day ahead inc hosp,2021-01-21,06087,quantile,0.95,145.94232312151212
28822,2020-12-27,25 day ahead inc hosp,2021-01-21,06087,quantile,0.975,155.9273200709681
28823,2020-12-27,25 day ahead inc hosp,2021-01-21,06087,quantile,0.99,167.53703689205594
28824,2020-12-27,26 day ahead inc hosp,2021-01-22,06087,point,NA,88.20262908935547
28825,2020-12-27,26 day ahead inc hosp,2021-01-22,06087,quantile,0.01,63.299709788605014
28826,2020-12-27,26 day ahead inc hosp,2021-01-22,06087,quantile,0.025,67.22174936623912
28827,2020-12-27,26 day ahead inc hosp,2021-01-22,06087,quantile,0.05,70.59491977356458
28828,2020-12-27,26 day ahead inc hosp,2021-01-22,06087,quantile,0.1,74.48396922225973
28829,2020-12-27,26 day ahead inc hosp,2021-01-22,06087,quantile,0.15,77.10789242199066
28830,2020-12-27,26 day ahead inc hosp,2021-01-22,06087,quantile,0.2,79.19330340107864
28831,2020-12-27,26 day ahead inc hosp,2021-01-22,06087,quantile,0.25,80.98240033262161
28832,2020-12-27,26 day ahead inc hosp,2021-01-22,06087,quantile,0.3,82.58906467151242
28833,2020-12-27,26 day ahead inc hosp,2021-01-22,06087,quantile,0.35,84.07787862234655
28834,2020-12-27,26 day ahead inc hosp,2021-01-22,06087,quantile,0.4,85.49061747025445
28835,2020-12-27,26 day ahead inc hosp,2021-01-22,06087,quantile,0.45,86.85745865509884
28836,2020-12-27,26 day ahead inc hosp,2021-01-22,06087,quantile,0.5,88.20262908935547
28837,2020-12-27,26 day ahead inc hosp,2021-01-22,06087,quantile,0.55,91.8798286218138
28838,2020-12-27,26 day ahead inc hosp,2021-01-22,06087,quantile,0.6,95.61626798879418
28839,2020-12-27,26 day ahead inc hosp,2021-01-22,06087,quantile,0.65,99.47817462806957
28840,2020-12-27,26 day ahead inc hosp,2021-01-22,06087,quantile,0.7,103.54804252324828
28841,2020-12-27,26 day ahead inc hosp,2021-01-22,06087,quantile,0.75,107.94006988671886
28842,2020-12-27,26 day ahead inc hosp,2021-01-22,06087,quantile,0.8,112.83080063179953
28843,2020-12-27,26 day ahead inc hosp,2021-01-22,06087,quantile,0.85,118.53154462824602
28844,2020-12-27,26 day ahead inc hosp,2021-01-22,06087,quantile,0.9,125.70438229813516
28845,2020-12-27,26 day ahead inc hosp,2021-01-22,06087,quantile,0.95,136.33560823817893
28846,2020-12-27,26 day ahead inc hosp,2021-01-22,06087,quantile,0.975,145.55661126414424
28847,2020-12-27,26 day ahead inc hosp,2021-01-22,06087,quantile,0.99,156.27802004170866
28848,2020-12-27,27 day ahead inc hosp,2021-01-23,06087,point,NA,89.99520874023438
28849,2020-12-27,27 day ahead inc hosp,2021-01-23,06087,quantile,0.01,42.49232088688202
28850,2020-12-27,27 day ahead inc hosp,2021-01-23,06087,quantile,0.025,49.973701040057406
28851,2020-12-27,27 day ahead inc hosp,2021-01-23,06087,quantile,0.05,56.408100703577965
28852,2020-12-27,27 day ahead inc hosp,2021-01-23,06087,quantile,0.1,63.82655143163937
28853,2020-12-27,27 day ahead inc hosp,2021-01-23,06087,quantile,0.15,68.83174491868856
28854,2020-12-27,27 day ahead inc hosp,2021-01-23,06087,quantile,0.2,72.80971403433281
28855,2020-12-27,27 day ahead inc hosp,2021-01-23,06087,quantile,0.25,76.22245733046924
28856,2020-12-27,27 day ahead inc hosp,2021-01-23,06087,quantile,0.3,79.28720628566545
28857,2020-12-27,27 day ahead inc hosp,2021-01-23,06087,quantile,0.35,82.12715293155321
28858,2020-12-27,27 day ahead inc hosp,2021-01-23,06087,quantile,0.4,84.8219845795127
28859,2020-12-27,27 day ahead inc hosp,2021-01-23,06087,quantile,0.45,87.42926538594608
28860,2020-12-27,27 day ahead inc hosp,2021-01-23,06087,quantile,0.5,89.99520874023438
28861,2020-12-27,27 day ahead inc hosp,2021-01-23,06087,quantile,0.55,93.81279915383233
28862,2020-12-27,27 day ahead inc hosp,2021-01-23,06087,quantile,0.6,97.69189110477636
28863,2020-12-27,27 day ahead inc hosp,2021-01-23,06087,quantile,0.65,101.70124051162016
28864,2020-12-27,27 day ahead inc hosp,2021-01-23,06087,quantile,0.7,105.92649087513722
28865,2020-12-27,27 day ahead inc hosp,2021-01-23,06087,quantile,0.75,110.4862003527015
28866,2020-12-27,27 day ahead inc hosp,2021-01-23,06087,quantile,0.8,115.56365308353732
28867,2020-12-27,27 day ahead inc hosp,2021-01-23,06087,quantile,0.85,121.48204435904715
28868,2020-12-27,27 day ahead inc hosp,2021-01-23,06087,quantile,0.9,128.92873200413032
28869,2020-12-27,27 day ahead inc hosp,2021-01-23,06087,quantile,0.95,139.96584486005744
28870,2020-12-27,27 day ahead inc hosp,2021-01-23,06087,quantile,0.975,149.53889425402087
28871,2020-12-27,27 day ahead inc hosp,2021-01-23,06087,quantile,0.99,160.66963301546411
28872,2020-12-27,28 day ahead inc hosp,2021-01-24,06087,point,NA,89.65547943115234
28873,2020-12-27,28 day ahead inc hosp,2021-01-24,06087,quantile,0.01,42.81483717602195
28874,2020-12-27,28 day ahead inc hosp,2021-01-24,06087,quantile,0.025,50.191918173946796
28875,2020-12-27,28 day ahead inc hosp,2021-01-24,06087,quantile,0.05,56.536614809989906
28876,2020-12-27,28 day ahead inc hosp,2021-01-24,06087,quantile,0.1,63.851643692300556
28877,2020-12-27,28 day ahead inc hosp,2021-01-24,06087,quantile,0.15,68.78705895101803
28878,2020-12-27,28 day ahead inc hosp,2021-01-24,06087,quantile,0.2,72.70957054279907
28879,2020-12-27,28 day ahead inc hosp,2021-01-24,06087,quantile,0.25,76.07473622149243
28880,2020-12-27,28 day ahead inc hosp,2021-01-24,06087,quantile,0.3,79.09675900577668
28881,2020-12-27,28 day ahead inc hosp,2021-01-24,06087,quantile,0.35,81.89711348684216
28882,2020-12-27,28 day ahead inc hosp,2021-01-24,06087,quantile,0.4,84.55437604211153
28883,2020-12-27,28 day ahead inc hosp,2021-01-24,06087,quantile,0.45,87.12530831658367
28884,2020-12-27,28 day ahead inc hosp,2021-01-24,06087,quantile,0.5,89.65547943115234
28885,2020-12-27,28 day ahead inc hosp,2021-01-24,06087,quantile,0.55,93.26676312924732
28886,2020-12-27,28 day ahead inc hosp,2021-01-24,06087,quantile,0.6,96.93622475508293
28887,2020-12-27,28 day ahead inc hosp,2021-01-24,06087,quantile,0.65,100.72890458299979
28888,2020-12-27,28 day ahead inc hosp,2021-01-24,06087,quantile,0.7,104.72581784634758
28889,2020-12-27,28 day ahead inc hosp,2021-01-24,06087,quantile,0.75,109.0391156914294
28890,2020-12-27,28 day ahead inc hosp,2021-01-24,06087,quantile,0.8,113.84217738432432
28891,2020-12-27,28 day ahead inc hosp,2021-01-24,06087,quantile,0.85,119.4407323932816
28892,2020-12-27,28 day ahead inc hosp,2021-01-24,06087,quantile,0.9,126.48499298281646
28893,2020-12-27,28 day ahead inc hosp,2021-01-24,06087,quantile,0.95,136.92564832097753
28894,2020-12-27,28 day ahead inc hosp,2021-01-24,06087,quantile,0.975,145.98135977036168
28895,2020-12-27,28 day ahead inc hosp,2021-01-24,06087,quantile,0.99,156.51058136882807
28896,2020-12-27,1 day ahead inc hosp,2020-12-28,06089,point,NA,50.375186920166016
28897,2020-12-27,1 day ahead inc hosp,2020-12-28,06089,quantile,0.01,38.46147846057079
28898,2020-12-27,1 day ahead inc hosp,2020-12-28,06089,quantile,0.025,40.33780611238624
28899,2020-12-27,1 day ahead inc hosp,2020-12-28,06089,quantile,0.05,41.95155140594299
28900,2020-12-27,1 day ahead inc hosp,2020-12-28,06089,quantile,0.1,43.81209637888948
28901,2020-12-27,1 day ahead inc hosp,2020-12-28,06089,quantile,0.15,45.0673972391794
28902,2020-12-27,1 day ahead inc hosp,2020-12-28,06089,quantile,0.2,46.06507056909076
28903,2020-12-27,1 day ahead inc hosp,2020-12-28,06089,quantile,0.25,46.92098545163695
28904,2020-12-27,1 day ahead inc hosp,2020-12-28,06089,quantile,0.3,47.689623469324964
28905,2020-12-27,1 day ahead inc hosp,2020-12-28,06089,quantile,0.35,48.401881142676594
28906,2020-12-27,1 day ahead inc hosp,2020-12-28,06089,quantile,0.4,49.07774402285756
28907,2020-12-27,1 day ahead inc hosp,2020-12-28,06089,quantile,0.45,49.731649181130024
28908,2020-12-27,1 day ahead inc hosp,2020-12-28,06089,quantile,0.5,50.375186920166016
28909,2020-12-27,1 day ahead inc hosp,2020-12-28,06089,quantile,0.55,52.122883613027675
28910,2020-12-27,1 day ahead inc hosp,2020-12-28,06089,quantile,0.6,53.89873577092895
28911,2020-12-27,1 day ahead inc hosp,2020-12-28,06089,quantile,0.65,55.73421992185015
28912,2020-12-27,1 day ahead inc hosp,2020-12-28,06089,quantile,0.7,57.66854374572828
28913,2020-12-27,1 day ahead inc hosp,2020-12-28,06089,quantile,0.75,59.755983285068105
28914,2020-12-27,1 day ahead inc hosp,2020-12-28,06089,quantile,0.8,62.08044620131895
28915,2020-12-27,1 day ahead inc hosp,2020-12-28,06089,quantile,0.85,64.78989162071935
28916,2020-12-27,1 day ahead inc hosp,2020-12-28,06089,quantile,0.9,68.1989926399719
28917,2020-12-27,1 day ahead inc hosp,2020-12-28,06089,quantile,0.95,73.25179389605663
28918,2020-12-27,1 day ahead inc hosp,2020-12-28,06089,quantile,0.975,77.63434544135531
28919,2020-12-27,1 day ahead inc hosp,2020-12-28,06089,quantile,0.99,82.73000873021701
28920,2020-12-27,2 day ahead inc hosp,2020-12-29,06089,point,NA,51.25209045410156
28921,2020-12-27,2 day ahead inc hosp,2020-12-29,06089,quantile,0.01,37.98685964104822
28922,2020-12-27,2 day ahead inc hosp,2020-12-29,06089,quantile,0.025,40.07604282583567
28923,2020-12-27,2 day ahead inc hosp,2020-12-29,06089,quantile,0.05,41.8728556205342
28924,2020-12-27,2 day ahead inc hosp,2020-12-29,06089,quantile,0.1,43.94446569794244
28925,2020-12-27,2 day ahead inc hosp,2020-12-29,06089,quantile,0.15,45.34217118217887
28926,2020-12-27,2 day ahead inc hosp,2020-12-29,06089,quantile,0.2,46.45302319288447
28927,2020-12-27,2 day ahead inc hosp,2020-12-29,06089,quantile,0.25,47.406035305931304
28928,2020-12-27,2 day ahead inc hosp,2020-12-29,06089,quantile,0.3,48.261869637524946
28929,2020-12-27,2 day ahead inc hosp,2020-12-29,06089,quantile,0.35,49.05492769055865
28930,2020-12-27,2 day ahead inc hosp,2020-12-29,06089,quantile,0.4,49.80746222957154
28931,2020-12-27,2 day ahead inc hosp,2020-12-29,06089,quantile,0.45,50.53554810507778
28932,2020-12-27,2 day ahead inc hosp,2020-12-29,06089,quantile,0.5,51.25209045410156
28933,2020-12-27,2 day ahead inc hosp,2020-12-29,06089,quantile,0.55,52.72782105469488
28934,2020-12-27,2 day ahead inc hosp,2020-12-29,06089,quantile,0.6,54.22732573548335
28935,2020-12-27,2 day ahead inc hosp,2020-12-29,06089,quantile,0.65,55.77718283567805
28936,2020-12-27,2 day ahead inc hosp,2020-12-29,06089,quantile,0.7,57.410498770881674
28937,2020-12-27,2 day ahead inc hosp,2020-12-29,06089,quantile,0.75,59.173103470927316
28938,2020-12-27,2 day ahead inc hosp,2020-12-29,06089,quantile,0.8,61.13584738951827
28939,2020-12-27,2 day ahead inc hosp,2020-12-29,06089,quantile,0.85,63.423665139805124
28940,2020-12-27,2 day ahead inc hosp,2020-12-29,06089,quantile,0.9,66.30226227578031
28941,2020-12-27,2 day ahead inc hosp,2020-12-29,06089,quantile,0.95,70.56877686196472
28942,2020-12-27,2 day ahead inc hosp,2020-12-29,06089,quantile,0.975,74.26934198318438
28943,2020-12-27,2 day ahead inc hosp,2020-12-29,06089,quantile,0.99,78.57204866930866
28944,2020-12-27,3 day ahead inc hosp,2020-12-30,06089,point,NA,51.70557403564453
28945,2020-12-27,3 day ahead inc hosp,2020-12-30,06089,quantile,0.01,38.811397101767824
28946,2020-12-27,3 day ahead inc hosp,2020-12-30,06089,quantile,0.025,40.84214183674985
28947,2020-12-27,3 day ahead inc hosp,2020-12-30,06089,quantile,0.05,42.588694340691056
28948,2020-12-27,3 day ahead inc hosp,2020-12-30,06089,quantile,0.1,44.602357521720585
28949,2020-12-27,3 day ahead inc hosp,2020-12-30,06089,quantile,0.15,45.9609665100738
28950,2020-12-27,3 day ahead inc hosp,2020-12-30,06089,quantile,0.2,47.040745865235564
28951,2020-12-27,3 day ahead inc hosp,2020-12-30,06089,quantile,0.25,47.9671004065875
28952,2020-12-27,3 day ahead inc hosp,2020-12-30,06089,quantile,0.3,48.798995414912234
28953,2020-12-27,3 day ahead inc hosp,2020-12-30,06089,quantile,0.35,49.569870117264934
28954,2020-12-27,3 day ahead inc hosp,2020-12-30,06089,quantile,0.4,50.30135482579614
28955,2020-12-27,3 day ahead inc hosp,2020-12-30,06089,quantile,0.45,51.009074746703654
28956,2020-12-27,3 day ahead inc hosp,2020-12-30,06089,quantile,0.5,51.70557403564453
28957,2020-12-27,3 day ahead inc hosp,2020-12-30,06089,quantile,0.55,53.313721603519966
28958,2020-12-27,3 day ahead inc hosp,2020-12-30,06089,quantile,0.6,54.94777649433696
28959,2020-12-27,3 day ahead inc hosp,2020-12-30,06089,quantile,0.65,56.636701915569354
28960,2020-12-27,3 day ahead inc hosp,2020-12-30,06089,quantile,0.7,58.41657491387534
28961,2020-12-27,3 day ahead inc hosp,2020-12-30,06089,quantile,0.75,60.33733772814821
28962,2020-12-27,3 day ahead inc hosp,2020-12-30,06089,quantile,0.8,62.4761982070021
28963,2020-12-27,3 day ahead inc hosp,2020-12-30,06089,quantile,0.85,64.96930131768292
28964,2020-12-27,3 day ahead inc hosp,2020-12-30,06089,quantile,0.9,68.10619431241416
28965,2020-12-27,3 day ahead inc hosp,2020-12-30,06089,quantile,0.95,72.75554227085524
28966,2020-12-27,3 day ahead inc hosp,2020-12-30,06089,quantile,0.975,76.78815824904356
28967,2020-12-27,3 day ahead inc hosp,2020-12-30,06089,quantile,0.99,81.4769458162257
28968,2020-12-27,4 day ahead inc hosp,2020-12-31,06089,point,NA,53.841270446777344
28969,2020-12-27,4 day ahead inc hosp,2020-12-31,06089,quantile,0.01,39.285886481656895
28970,2020-12-27,4 day ahead inc hosp,2020-12-31,06089,quantile,0.025,41.57825996965768
28971,2020-12-27,4 day ahead inc hosp,2020-12-31,06089,quantile,0.05,43.54982763469542
28972,2020-12-27,4 day ahead inc hosp,2020-12-31,06089,quantile,0.1,45.82291888562325
28973,2020-12-27,4 day ahead inc hosp,2020-12-31,06089,quantile,0.15,47.35656276109933
28974,2020-12-27,4 day ahead inc hosp,2020-12-31,06089,quantile,0.2,48.575454295827505
28975,2020-12-27,4 day ahead inc hosp,2020-12-31,06089,quantile,0.25,49.621154700464075
28976,2020-12-27,4 day ahead inc hosp,2020-12-31,06089,quantile,0.3,50.56022598255739
28977,2020-12-27,4 day ahead inc hosp,2020-12-31,06089,quantile,0.35,51.430415475014435
28978,2020-12-27,4 day ahead inc hosp,2020-12-31,06089,quantile,0.4,52.25614020734016
28979,2020-12-27,4 day ahead inc hosp,2020-12-31,06089,quantile,0.45,53.05503844189978
28980,2020-12-27,4 day ahead inc hosp,2020-12-31,06089,quantile,0.5,53.841270446777344
28981,2020-12-27,4 day ahead inc hosp,2020-12-31,06089,quantile,0.55,55.82229549797019
28982,2020-12-27,4 day ahead inc hosp,2020-12-31,06089,quantile,0.6,57.835234943576715
28983,2020-12-27,4 day ahead inc hosp,2020-12-31,06089,quantile,0.65,59.91576762347127
28984,2020-12-27,4 day ahead inc hosp,2020-12-31,06089,quantile,0.7,62.10833568626673
28985,2020-12-27,4 day ahead inc hosp,2020-12-31,06089,quantile,0.75,64.47446136309203
28986,2020-12-27,4 day ahead inc hosp,2020-12-31,06089,quantile,0.8,67.10925450910516
28987,2020-12-27,4 day ahead inc hosp,2020-12-31,06089,quantile,0.85,70.18042771243898
28988,2020-12-27,4 day ahead inc hosp,2020-12-31,06089,quantile,0.9,74.04466488172051
28989,2020-12-27,4 day ahead inc hosp,2020-12-31,06089,quantile,0.95,79.77204647366749
28990,2020-12-27,4 day ahead inc hosp,2020-12-31,06089,quantile,0.975,84.73969585747727
28991,2020-12-27,4 day ahead inc hosp,2020-12-31,06089,quantile,0.99,90.51566182966772
28992,2020-12-27,5 day ahead inc hosp,2021-01-01,06089,point,NA,51.96085739135742
28993,2020-12-27,5 day ahead inc hosp,2021-01-01,06089,quantile,0.01,38.996807445778195
28994,2020-12-27,5 day ahead inc hosp,2021-01-01,06089,quantile,0.025,41.038556702519145
28995,2020-12-27,5 day ahead inc hosp,2021-01-01,06089,quantile,0.05,42.79457370226902
28996,2020-12-27,5 day ahead inc hosp,2021-01-01,06089,quantile,0.1,44.81914884082283
28997,2020-12-27,5 day ahead inc hosp,2021-01-01,06089,quantile,0.15,46.18512007511305
28998,2020-12-27,5 day ahead inc hosp,2021-01-01,06089,quantile,0.2,47.27075070995758
28999,2020-12-27,5 day ahead inc hosp,2021-01-01,06089,quantile,0.25,48.20212512826952
29000,2020-12-27,5 day ahead inc hosp,2021-01-01,06089,quantile,0.3,49.03852814125016
29001,2020-12-27,5 day ahead inc hosp,2021-01-01,06089,quantile,0.35,49.813580181743546
29002,2020-12-27,5 day ahead inc hosp,2021-01-01,06089,quantile,0.4,50.54902877566748
29003,2020-12-27,5 day ahead inc hosp,2021-01-01,06089,quantile,0.45,51.26058380156612
29004,2020-12-27,5 day ahead inc hosp,2021-01-01,06089,quantile,0.5,51.96085739135742
29005,2020-12-27,5 day ahead inc hosp,2021-01-01,06089,quantile,0.55,53.875877926587606
29006,2020-12-27,5 day ahead inc hosp,2021-01-01,06089,quantile,0.6,55.82174952078589
29007,2020-12-27,5 day ahead inc hosp,2021-01-01,06089,quantile,0.65,57.83296225321272
29008,2020-12-27,5 day ahead inc hosp,2021-01-01,06089,quantile,0.7,59.952477532746876
29009,2020-12-27,5 day ahead inc hosp,2021-01-01,06089,quantile,0.75,62.2397677703577
29010,2020-12-27,5 day ahead inc hosp,2021-01-01,06089,quantile,0.8,64.78677391632273
29011,2020-12-27,5 day ahead inc hosp,2021-01-01,06089,quantile,0.85,67.75562064952864
29012,2020-12-27,5 day ahead inc hosp,2021-01-01,06089,quantile,0.9,71.49110775390322
29013,2020-12-27,5 day ahead inc hosp,2021-01-01,06089,quantile,0.95,77.02766235480217
29014,2020-12-27,5 day ahead inc hosp,2021-01-01,06089,quantile,0.975,81.82979778266619
29015,2020-12-27,5 day ahead inc hosp,2021-01-01,06089,quantile,0.99,87.41331801168866
29016,2020-12-27,6 day ahead inc hosp,2021-01-02,06089,point,NA,53.621524810791016
29017,2020-12-27,6 day ahead inc hosp,2021-01-02,06089,quantile,0.01,28.55126259217562
29018,2020-12-27,6 day ahead inc hosp,2021-01-02,06089,quantile,0.025,32.499657535579374
29019,2020-12-27,6 day ahead inc hosp,2021-01-02,06089,quantile,0.05,35.895495011436054
29020,2020-12-27,6 day ahead inc hosp,2021-01-02,06089,quantile,0.1,39.81067813846046
29021,2020-12-27,6 day ahead inc hosp,2021-01-02,06089,quantile,0.15,42.45223360689023
29022,2020-12-27,6 day ahead inc hosp,2021-01-02,06089,quantile,0.2,44.55165815418577
29023,2020-12-27,6 day ahead inc hosp,2021-01-02,06089,quantile,0.25,46.35277747945904
29024,2020-12-27,6 day ahead inc hosp,2021-01-02,06089,quantile,0.3,47.97023829948736
29025,2020-12-27,6 day ahead inc hosp,2021-01-02,06089,quantile,0.35,49.469056799092726
29026,2020-12-27,6 day ahead inc hosp,2021-01-02,06089,quantile,0.4,50.89128898543758
29027,2020-12-27,6 day ahead inc hosp,2021-01-02,06089,quantile,0.45,52.26731508508523
29028,2020-12-27,6 day ahead inc hosp,2021-01-02,06089,quantile,0.5,53.621524810791016
29029,2020-12-27,6 day ahead inc hosp,2021-01-02,06089,quantile,0.55,55.568366101451794
29030,2020-12-27,6 day ahead inc hosp,2021-01-02,06089,quantile,0.6,57.546571084749154
29031,2020-12-27,6 day ahead inc hosp,2021-01-02,06089,quantile,0.65,59.59120294104441
29032,2020-12-27,6 day ahead inc hosp,2021-01-02,06089,quantile,0.7,61.745936943355005
29033,2020-12-27,6 day ahead inc hosp,2021-01-02,06089,quantile,0.75,64.07123372027485
29034,2020-12-27,6 day ahead inc hosp,2021-01-02,06089,quantile,0.8,66.66056195008177
29035,2020-12-27,6 day ahead inc hosp,2021-01-02,06089,quantile,0.85,69.67874024087169
29036,2020-12-27,6 day ahead inc hosp,2021-01-02,06089,quantile,0.9,73.47629770918006
29037,2020-12-27,6 day ahead inc hosp,2021-01-02,06089,quantile,0.95,79.10484993968257
29038,2020-12-27,6 day ahead inc hosp,2021-01-02,06089,quantile,0.975,83.98677959125516
29039,2020-12-27,6 day ahead inc hosp,2021-01-02,06089,quantile,0.99,89.66307784974563
29040,2020-12-27,7 day ahead inc hosp,2021-01-03,06089,point,NA,51.67819595336914
29041,2020-12-27,7 day ahead inc hosp,2021-01-03,06089,quantile,0.01,27.185054705310115
29042,2020-12-27,7 day ahead inc hosp,2021-01-03,06089,quantile,0.025,31.04255704049116
29043,2020-12-27,7 day ahead inc hosp,2021-01-03,06089,quantile,0.05,34.360221858924945
29044,2020-12-27,7 day ahead inc hosp,2021-01-03,06089,quantile,0.1,38.18527691842174
29045,2020-12-27,7 day ahead inc hosp,2021-01-03,06089,quantile,0.15,40.76602340757459
29046,2020-12-27,7 day ahead inc hosp,2021-01-03,06089,quantile,0.2,42.817118905824714
29047,2020-12-27,7 day ahead inc hosp,2021-01-03,06089,quantile,0.25,44.57677621031714
29048,2020-12-27,7 day ahead inc hosp,2021-01-03,06089,quantile,0.3,46.15700285424663
29049,2020-12-27,7 day ahead inc hosp,2021-01-03,06089,quantile,0.35,47.62131834069493
29050,2020-12-27,7 day ahead inc hosp,2021-01-03,06089,quantile,0.4,49.01081054161074
29051,2020-12-27,7 day ahead inc hosp,2021-01-03,06089,quantile,0.45,50.355160326459014
29052,2020-12-27,7 day ahead inc hosp,2021-01-03,06089,quantile,0.5,51.67819595336914
29053,2020-12-27,7 day ahead inc hosp,2021-01-03,06089,quantile,0.55,53.60663329553417
29054,2020-12-27,7 day ahead inc hosp,2021-01-03,06089,quantile,0.6,55.5661378419745
29055,2020-12-27,7 day ahead inc hosp,2021-01-03,06089,quantile,0.65,57.59144131256285
29056,2020-12-27,7 day ahead inc hosp,2021-01-03,06089,quantile,0.7,59.72580610769113
29057,2020-12-27,7 day ahead inc hosp,2021-01-03,06089,quantile,0.75,62.029121307414584
29058,2020-12-27,7 day ahead inc hosp,2021-01-03,06089,quantile,0.8,64.59397200861731
29059,2020-12-27,7 day ahead inc hosp,2021-01-03,06089,quantile,0.85,67.5836187503379
29060,2020-12-27,7 day ahead inc hosp,2021-01-03,06089,quantile,0.9,71.3452770149507
29061,2020-12-27,7 day ahead inc hosp,2021-01-03,06089,quantile,0.95,76.92062121773532
29062,2020-12-27,7 day ahead inc hosp,2021-01-03,06089,quantile,0.975,81.7564008403875
29063,2020-12-27,7 day ahead inc hosp,2021-01-03,06089,quantile,0.99,87.37903971673066
29064,2020-12-27,8 day ahead inc hosp,2021-01-04,06089,point,NA,46.09577560424805
29065,2020-12-27,8 day ahead inc hosp,2021-01-04,06089,quantile,0.01,33.52496310145223
29066,2020-12-27,8 day ahead inc hosp,2021-01-04,06089,quantile,0.025,35.50478014874504
29067,2020-12-27,8 day ahead inc hosp,2021-01-04,06089,quantile,0.05,37.20753203170159
29068,2020-12-27,8 day ahead inc hosp,2021-01-04,06089,quantile,0.1,39.170695901897915
29069,2020-12-27,8 day ahead inc hosp,2021-01-04,06089,quantile,0.15,40.49523324497798
29070,2020-12-27,8 day ahead inc hosp,2021-01-04,06089,quantile,0.2,41.547933536569786
29071,2020-12-27,8 day ahead inc hosp,2021-01-04,06089,quantile,0.25,42.45105665254423
29072,2020-12-27,8 day ahead inc hosp,2021-01-04,06089,quantile,0.3,43.2620891228826
29073,2020-12-27,8 day ahead inc hosp,2021-01-04,06089,quantile,0.35,44.013631574651235
29074,2020-12-27,8 day ahead inc hosp,2021-01-04,06089,quantile,0.4,44.72677186788308
29075,2020-12-27,8 day ahead inc hosp,2021-01-04,06089,quantile,0.45,45.41674335469026
29076,2020-12-27,8 day ahead inc hosp,2021-01-04,06089,quantile,0.5,46.09577560424805
29077,2020-12-27,8 day ahead inc hosp,2021-01-04,06089,quantile,0.55,47.721607721104874
29078,2020-12-27,8 day ahead inc hosp,2021-01-04,06089,quantile,0.6,49.373632059708996
29079,2020-12-27,8 day ahead inc hosp,2021-01-04,06089,quantile,0.65,51.08113033142746
29080,2020-12-27,8 day ahead inc hosp,2021-01-04,06089,quantile,0.7,52.88057631659608
29081,2020-12-27,8 day ahead inc hosp,2021-01-04,06089,quantile,0.75,54.822461461150816
29082,2020-12-27,8 day ahead inc hosp,2021-01-04,06089,quantile,0.8,56.98484265642292
29083,2020-12-27,8 day ahead inc hosp,2021-01-04,06089,quantile,0.85,59.50536203471327
29084,2020-12-27,8 day ahead inc hosp,2021-01-04,06089,quantile,0.9,62.67675095439746
29085,2020-12-27,8 day ahead inc hosp,2021-01-04,06089,quantile,0.95,67.37722707007053
29086,2020-12-27,8 day ahead inc hosp,2021-01-04,06089,quantile,0.975,71.4541890997121
29087,2020-12-27,8 day ahead inc hosp,2021-01-04,06089,quantile,0.99,76.19453853537668
29088,2020-12-27,9 day ahead inc hosp,2021-01-05,06089,point,NA,46.65148162841797
29089,2020-12-27,9 day ahead inc hosp,2021-01-05,06089,quantile,0.01,33.357971708102525
29090,2020-12-27,9 day ahead inc hosp,2021-01-05,06089,quantile,0.025,35.45160865899518
29091,2020-12-27,9 day ahead inc hosp,2021-01-05,06089,quantile,0.05,37.25225193824895
29092,2020-12-27,9 day ahead inc hosp,2021-01-05,06089,quantile,0.1,39.32827831903027
29093,2020-12-27,9 day ahead inc hosp,2021-01-05,06089,quantile,0.15,40.728963462186066
29094,2020-12-27,9 day ahead inc hosp,2021-01-05,06089,quantile,0.2,41.84218361134366
29095,2020-12-27,9 day ahead inc hosp,2021-01-05,06089,quantile,0.25,42.79722737631926
29096,2020-12-27,9 day ahead inc hosp,2021-01-05,06089,quantile,0.3,43.654886194135784
29097,2020-12-27,9 day ahead inc hosp,2021-01-05,06089,quantile,0.35,44.44963490555779
29098,2020-12-27,9 day ahead inc hosp,2021-01-05,06089,quantile,0.4,45.20377371405133
29099,2020-12-27,9 day ahead inc hosp,2021-01-05,06089,quantile,0.45,45.933411738846154
29100,2020-12-27,9 day ahead inc hosp,2021-01-05,06089,quantile,0.5,46.65148162841797
29101,2020-12-27,9 day ahead inc hosp,2021-01-05,06089,quantile,0.55,48.100632076739615
29102,2020-12-27,9 day ahead inc hosp,2021-01-05,06089,quantile,0.6,49.57312839791867
29103,2020-12-27,9 day ahead inc hosp,2021-01-05,06089,quantile,0.65,51.09507021485915
29104,2020-12-27,9 day ahead inc hosp,2021-01-05,06089,quantile,0.7,52.69896764627354
29105,2020-12-27,9 day ahead inc hosp,2021-01-05,06089,quantile,0.75,54.42982515526471
29106,2020-12-27,9 day ahead inc hosp,2021-01-05,06089,quantile,0.8,56.357217071121916
29107,2020-12-27,9 day ahead inc hosp,2021-01-05,06089,quantile,0.85,58.6038277446239
29108,2020-12-27,9 day ahead inc hosp,2021-01-05,06089,quantile,0.9,61.430576968675155
29109,2020-12-27,9 day ahead inc hosp,2021-01-05,06089,quantile,0.95,65.62024513904053
29110,2020-12-27,9 day ahead inc hosp,2021-01-05,06089,quantile,0.975,69.25415745494891
29111,2020-12-27,9 day ahead inc hosp,2021-01-05,06089,quantile,0.99,73.47936585049663
29112,2020-12-27,10 day ahead inc hosp,2021-01-06,06089,point,NA,45.50152587890625
29113,2020-12-27,10 day ahead inc hosp,2021-01-06,06089,quantile,0.01,32.370434742099796
29114,2020-12-27,10 day ahead inc hosp,2021-01-06,06089,quantile,0.025,34.43849184472725
29115,2020-12-27,10 day ahead inc hosp,2021-01-06,06089,quantile,0.05,36.217135043287286
29116,2020-12-27,10 day ahead inc hosp,2021-01-06,06089,quantile,0.1,38.26779673999944
29117,2020-12-27,10 day ahead inc hosp,2021-01-06,06089,quantile,0.15,39.651368451232884
29118,2020-12-27,10 day ahead inc hosp,2021-01-06,06089,quantile,0.2,40.75098738720542
29119,2020-12-27,10 day ahead inc hosp,2021-01-06,06089,quantile,0.25,41.69436252234323
29120,2020-12-27,10 day ahead inc hosp,2021-01-06,06089,quantile,0.3,42.54154254993125
29121,2020-12-27,10 day ahead inc hosp,2021-01-06,06089,quantile,0.35,43.32658110055462
29122,2020-12-27,10 day ahead inc hosp,2021-01-06,06089,quantile,0.4,44.07150591600895
29123,2020-12-27,10 day ahead inc hosp,2021-01-06,06089,quantile,0.45,44.79222929590567
29124,2020-12-27,10 day ahead inc hosp,2021-01-06,06089,quantile,0.5,45.50152587890625
29125,2020-12-27,10 day ahead inc hosp,2021-01-06,06089,quantile,0.55,47.108893048707806
29126,2020-12-27,10 day ahead inc hosp,2021-01-06,06089,quantile,0.6,48.742154969206105
29127,2020-12-27,10 day ahead inc hosp,2021-01-06,06089,quantile,0.65,50.43026079267769
29128,2020-12-27,10 day ahead inc hosp,2021-01-06,06089,quantile,0.7,52.209270058396335
29129,2020-12-27,10 day ahead inc hosp,2021-01-06,06089,quantile,0.75,54.12910076940295
29130,2020-12-27,10 day ahead inc hosp,2021-01-06,06089,quantile,0.8,56.266923307068254
29131,2020-12-27,10 day ahead inc hosp,2021-01-06,06089,quantile,0.85,58.75881657052832
29132,2020-12-27,10 day ahead inc hosp,2021-01-06,06089,quantile,0.9,61.894187301196254
29133,2020-12-27,10 day ahead inc hosp,2021-01-06,06089,quantile,0.95,66.5412790349823
29134,2020-12-27,10 day ahead inc hosp,2021-01-06,06089,quantile,0.975,70.57193807476213
29135,2020-12-27,10 day ahead inc hosp,2021-01-06,06089,quantile,0.99,75.25845027812855
29136,2020-12-27,11 day ahead inc hosp,2021-01-07,06089,point,NA,45.14903259277344
29137,2020-12-27,11 day ahead inc hosp,2021-01-07,06089,quantile,0.01,29.99431192410568
29138,2020-12-27,11 day ahead inc hosp,2021-01-07,06089,quantile,0.025,32.381076846430005
29139,2020-12-27,11 day ahead inc hosp,2021-01-07,06089,quantile,0.05,34.43382635236014
29140,2020-12-27,11 day ahead inc hosp,2021-01-07,06089,quantile,0.1,36.80051506663611
29141,2020-12-27,11 day ahead inc hosp,2021-01-07,06089,quantile,0.15,38.39730870627822
29142,2020-12-27,11 day ahead inc hosp,2021-01-07,06089,quantile,0.2,39.66638967167729
29143,2020-12-27,11 day ahead inc hosp,2021-01-07,06089,quantile,0.25,40.75514813887784
29144,2020-12-27,11 day ahead inc hosp,2021-01-07,06089,quantile,0.3,41.73288689191899
29145,2020-12-27,11 day ahead inc hosp,2021-01-07,06089,quantile,0.35,42.63890755881433
29146,2020-12-27,11 day ahead inc hosp,2021-01-07,06089,quantile,0.4,43.49863257174382
29147,2020-12-27,11 day ahead inc hosp,2021-01-07,06089,quantile,0.45,44.330426471269625
29148,2020-12-27,11 day ahead inc hosp,2021-01-07,06089,quantile,0.5,45.14903259277344
29149,2020-12-27,11 day ahead inc hosp,2021-01-07,06089,quantile,0.55,47.1219792296296
29150,2020-12-27,11 day ahead inc hosp,2021-01-07,06089,quantile,0.6,49.12671011731483
29151,2020-12-27,11 day ahead inc hosp,2021-01-07,06089,quantile,0.65,51.198758601101375
29152,2020-12-27,11 day ahead inc hosp,2021-01-07,06089,quantile,0.7,53.38238559913747
29153,2020-12-27,11 day ahead inc hosp,2021-01-07,06089,quantile,0.75,55.73886246128547
29154,2020-12-27,11 day ahead inc hosp,2021-01-07,06089,quantile,0.8,58.36291119459562
29155,2020-12-27,11 day ahead inc hosp,2021-01-07,06089,quantile,0.85,61.4215604726912
29156,2020-12-27,11 day ahead inc hosp,2021-01-07,06089,quantile,0.9,65.2700396842781
29157,2020-12-27,11 day ahead inc hosp,2021-01-07,06089,quantile,0.95,70.9740656091495
29158,2020-12-27,11 day ahead inc hosp,2021-01-07,06089,quantile,0.975,75.92145743489479
29159,2020-12-27,11 day ahead inc hosp,2021-01-07,06089,quantile,0.99,81.67386961795481
29160,2020-12-27,12 day ahead inc hosp,2021-01-08,06089,point,NA,44.006595611572266
29161,2020-12-27,12 day ahead inc hosp,2021-01-08,06089,quantile,0.01,30.779553185393944
29162,2020-12-27,12 day ahead inc hosp,2021-01-08,06089,quantile,0.025,32.86272196026741
29163,2020-12-27,12 day ahead inc hosp,2021-01-08,06089,quantile,0.05,34.65436203063773
29164,2020-12-27,12 day ahead inc hosp,2021-01-08,06089,quantile,0.1,36.720008288176935
29165,2020-12-27,12 day ahead inc hosp,2021-01-08,06089,quantile,0.15,38.113690011461024
29166,2020-12-27,12 day ahead inc hosp,2021-01-08,06089,quantile,0.2,39.22134406451751
29167,2020-12-27,12 day ahead inc hosp,2021-01-08,06089,quantile,0.25,40.171612614652965
29168,2020-12-27,12 day ahead inc hosp,2021-01-08,06089,quantile,0.3,41.02498314195881
29169,2020-12-27,12 day ahead inc hosp,2021-01-08,06089,quantile,0.35,41.81575811313963
29170,2020-12-27,12 day ahead inc hosp,2021-01-08,06089,quantile,0.4,42.56612623073719
29171,2020-12-27,12 day ahead inc hosp,2021-01-08,06089,quantile,0.45,43.292116068452316
29172,2020-12-27,12 day ahead inc hosp,2021-01-08,06089,quantile,0.5,44.006595611572266
29173,2020-12-27,12 day ahead inc hosp,2021-01-08,06089,quantile,0.55,45.913108225909134
29174,2020-12-27,12 day ahead inc hosp,2021-01-08,06089,quantile,0.6,47.85033483626133
29175,2020-12-27,12 day ahead inc hosp,2021-01-08,06089,quantile,0.65,49.852612291748656
29176,2020-12-27,12 day ahead inc hosp,2021-01-08,06089,quantile,0.7,51.96271113527145
29177,2020-12-27,12 day ahead inc hosp,2021-01-08,06089,quantile,0.75,54.239839557881524
29178,2020-12-27,12 day ahead inc hosp,2021-01-08,06089,quantile,0.8,56.775530040956255
29179,2020-12-27,12 day ahead inc hosp,2021-01-08,06089,quantile,0.85,59.731186987062856
29180,2020-12-27,12 day ahead inc hosp,2021-01-08,06089,quantile,0.9,63.45007832747703
29181,2020-12-27,12 day ahead inc hosp,2021-01-08,06089,quantile,0.95,68.96203550620771
29182,2020-12-27,12 day ahead inc hosp,2021-01-08,06089,quantile,0.975,73.74283633865218
29183,2020-12-27,12 day ahead inc hosp,2021-01-08,06089,quantile,0.99,79.30155048985938
29184,2020-12-27,13 day ahead inc hosp,2021-01-09,06089,point,NA,42.53804016113281
29185,2020-12-27,13 day ahead inc hosp,2021-01-09,06089,quantile,0.01,18.02245355723723
29186,2020-12-27,13 day ahead inc hosp,2021-01-09,06089,quantile,0.025,21.883490882547825
29187,2020-12-27,13 day ahead inc hosp,2021-01-09,06089,quantile,0.05,25.204195987510886
29188,2020-12-27,13 day ahead inc hosp,2021-01-09,06089,quantile,0.1,29.03275630266417
29189,2020-12-27,13 day ahead inc hosp,2021-01-09,06089,quantile,0.15,31.61586777116721
29190,2020-12-27,13 day ahead inc hosp,2021-01-09,06089,quantile,0.2,33.668842880033495
29191,2020-12-27,13 day ahead inc hosp,2021-01-09,06089,quantile,0.25,35.43011272307088
29192,2020-12-27,13 day ahead inc hosp,2021-01-09,06089,quantile,0.3,37.011787476451346
29193,2020-12-27,13 day ahead inc hosp,2021-01-09,06089,quantile,0.35,38.47744485211742
29194,2020-12-27,13 day ahead inc hosp,2021-01-09,06089,quantile,0.4,39.86821037467727
29195,2020-12-27,13 day ahead inc hosp,2021-01-09,06089,quantile,0.45,41.21379211295219
29196,2020-12-27,13 day ahead inc hosp,2021-01-09,06089,quantile,0.5,42.53804016113281
29197,2020-12-27,13 day ahead inc hosp,2021-01-09,06089,quantile,0.55,44.46218423533149
29198,2020-12-27,13 day ahead inc hosp,2021-01-09,06089,quantile,0.6,46.417326349083346
29199,2020-12-27,13 day ahead inc hosp,2021-01-09,06089,quantile,0.65,48.43812089925085
29200,2020-12-27,13 day ahead inc hosp,2021-01-09,06089,quantile,0.7,50.5677339714151
29201,2020-12-27,13 day ahead inc hosp,2021-01-09,06089,quantile,0.75,52.86592131494787
29202,2020-12-27,13 day ahead inc hosp,2021-01-09,06089,quantile,0.8,55.42506190511242
29203,2020-12-27,13 day ahead inc hosp,2021-01-09,06089,quantile,0.85,58.408052815032676
29204,2020-12-27,13 day ahead inc hosp,2021-01-09,06089,quantile,0.9,62.16133652343112
29205,2020-12-27,13 day ahead inc hosp,2021-01-09,06089,quantile,0.95,67.72426837236641
29206,2020-12-27,13 day ahead inc hosp,2021-01-09,06089,quantile,0.975,72.54928212915803
29207,2020-12-27,13 day ahead inc hosp,2021-01-09,06089,quantile,0.99,78.1594033598166
29208,2020-12-27,14 day ahead inc hosp,2021-01-10,06089,point,NA,43.08967208862305
29209,2020-12-27,14 day ahead inc hosp,2021-01-10,06089,quantile,0.01,18.20380256148176
29210,2020-12-27,14 day ahead inc hosp,2021-01-10,06089,quantile,0.025,22.123156916308165
29211,2020-12-27,14 day ahead inc hosp,2021-01-10,06089,quantile,0.05,25.494017883880982
29212,2020-12-27,14 day ahead inc hosp,2021-01-10,06089,quantile,0.1,29.380404696446824
29213,2020-12-27,14 day ahead inc hosp,2021-01-10,06089,quantile,0.15,32.002531428222206
29214,2020-12-27,14 day ahead inc hosp,2021-01-10,06089,quantile,0.2,34.086514631528324
29215,2020-12-27,14 day ahead inc hosp,2021-01-10,06089,quantile,0.25,35.87438665858201
29216,2020-12-27,14 day ahead inc hosp,2021-01-10,06089,quantile,0.3,37.47995099538418
29217,2020-12-27,14 day ahead inc hosp,2021-01-10,06089,quantile,0.35,38.9677456303501
29218,2020-12-27,14 day ahead inc hosp,2021-01-10,06089,quantile,0.4,40.3795172471782
29219,2020-12-27,14 day ahead inc hosp,2021-01-10,06089,quantile,0.45,41.74542262475919
29220,2020-12-27,14 day ahead inc hosp,2021-01-10,06089,quantile,0.5,43.08967208862305
29221,2020-12-27,14 day ahead inc hosp,2021-01-10,06089,quantile,0.55,45.02031065189082
29222,2020-12-27,14 day ahead inc hosp,2021-01-10,06089,quantile,0.6,46.982051881195694
29223,2020-12-27,14 day ahead inc hosp,2021-01-10,06089,quantile,0.65,49.009667141045455
29224,2020-12-27,14 day ahead inc hosp,2021-01-10,06089,quantile,0.7,51.14646821384025
29225,2020-12-27,14 day ahead inc hosp,2021-01-10,06089,quantile,0.75,53.45241254022136
29226,2020-12-27,14 day ahead inc hosp,2021-01-10,06089,quantile,0.8,56.02019089863413
29227,2020-12-27,14 day ahead inc hosp,2021-01-10,06089,quantile,0.85,59.01325018239263
29228,2020-12-27,14 day ahead inc hosp,2021-01-10,06089,quantile,0.9,62.77920220411764
29229,2020-12-27,14 day ahead inc hosp,2021-01-10,06089,quantile,0.95,68.36091040175235
29230,2020-12-27,14 day ahead inc hosp,2021-01-10,06089,quantile,0.975,73.20220984084911
29231,2020-12-27,14 day ahead inc hosp,2021-01-10,06089,quantile,0.99,78.83126669670195
29232,2020-12-27,15 day ahead inc hosp,2021-01-11,06089,point,NA,40.6375617980957
29233,2020-12-27,15 day ahead inc hosp,2021-01-11,06089,quantile,0.01,28.521426933977295
29234,2020-12-27,15 day ahead inc hosp,2021-01-11,06089,quantile,0.025,30.429635360914325
29235,2020-12-27,15 day ahead inc hosp,2021-01-11,06089,quantile,0.05,32.07079987987002
29236,2020-12-27,15 day ahead inc hosp,2021-01-11,06089,quantile,0.1,33.96295746366766
29237,2020-12-27,15 day ahead inc hosp,2021-01-11,06089,quantile,0.15,35.239587202417646
29238,2020-12-27,15 day ahead inc hosp,2021-01-11,06089,quantile,0.2,36.254212048789846
29239,2020-12-27,15 day ahead inc hosp,2021-01-11,06089,quantile,0.25,37.12466982306781
29240,2020-12-27,15 day ahead inc hosp,2021-01-11,06089,quantile,0.3,37.90636780699791
29241,2020-12-27,15 day ahead inc hosp,2021-01-11,06089,quantile,0.35,38.63072748539689
29242,2020-12-27,15 day ahead inc hosp,2021-01-11,06089,quantile,0.4,39.31807398491013
29243,2020-12-27,15 day ahead inc hosp,2021-01-11,06089,quantile,0.45,39.983089677785415
29244,2020-12-27,15 day ahead inc hosp,2021-01-11,06089,quantile,0.5,40.6375617980957
29245,2020-12-27,15 day ahead inc hosp,2021-01-11,06089,quantile,0.55,42.286234939413504
29246,2020-12-27,15 day ahead inc hosp,2021-01-11,06089,quantile,0.6,43.96146827231473
29247,2020-12-27,15 day ahead inc hosp,2021-01-11,06089,quantile,0.65,45.69295488168936
29248,2020-12-27,15 day ahead inc hosp,2021-01-11,06089,quantile,0.7,47.51768096148601
29249,2020-12-27,15 day ahead inc hosp,2021-01-11,06089,quantile,0.75,49.48684730292897
29250,2020-12-27,15 day ahead inc hosp,2021-01-11,06089,quantile,0.8,51.679607404647236
29251,2020-12-27,15 day ahead inc hosp,2021-01-11,06089,quantile,0.85,54.23553710862681
29252,2020-12-27,15 day ahead inc hosp,2021-01-11,06089,quantile,0.9,57.45148030371171
29253,2020-12-27,15 day ahead inc hosp,2021-01-11,06089,quantile,0.95,62.217992567166064
29254,2020-12-27,15 day ahead inc hosp,2021-01-11,06089,quantile,0.975,66.35223110677444
29255,2020-12-27,15 day ahead inc hosp,2021-01-11,06089,quantile,0.99,71.15917686335737
29256,2020-12-27,16 day ahead inc hosp,2021-01-12,06089,point,NA,41.62148666381836
29257,2020-12-27,16 day ahead inc hosp,2021-01-12,06089,quantile,0.01,28.826410291094675
29258,2020-12-27,16 day ahead inc hosp,2021-01-12,06089,quantile,0.025,30.841547365050545
29259,2020-12-27,16 day ahead inc hosp,2021-01-12,06089,quantile,0.05,32.57467641946788
29260,2020-12-27,16 day ahead inc hosp,2021-01-12,06089,quantile,0.1,34.57286322288628
29261,2020-12-27,16 day ahead inc hosp,2021-01-12,06089,quantile,0.15,35.92103037273955
29262,2020-12-27,16 day ahead inc hosp,2021-01-12,06089,quantile,0.2,36.99251088567457
29263,2020-12-27,16 day ahead inc hosp,2021-01-12,06089,quantile,0.25,37.91174575933888
29264,2020-12-27,16 day ahead inc hosp,2021-01-12,06089,quantile,0.3,38.73724708603755
29265,2020-12-27,16 day ahead inc hosp,2021-01-12,06089,quantile,0.35,39.50219708951466
29266,2020-12-27,16 day ahead inc hosp,2021-01-12,06089,quantile,0.4,40.2280598381905
29267,2020-12-27,16 day ahead inc hosp,2021-01-12,06089,quantile,0.45,40.93034044787552
29268,2020-12-27,16 day ahead inc hosp,2021-01-12,06089,quantile,0.5,41.62148666381836
29269,2020-12-27,16 day ahead inc hosp,2021-01-12,06089,quantile,0.55,43.04792946959799
29270,2020-12-27,16 day ahead inc hosp,2021-01-12,06089,quantile,0.6,44.49735232718705
29271,2020-12-27,16 day ahead inc hosp,2021-01-12,06089,quantile,0.65,45.99544588821396
29272,2020-12-27,16 day ahead inc hosp,2021-01-12,06089,quantile,0.7,47.574210850057085
29273,2020-12-27,16 day ahead inc hosp,2021-01-12,06089,quantile,0.75,49.27794647280735
29274,2020-12-27,16 day ahead inc hosp,2021-01-12,06089,quantile,0.8,51.17513688217892
29275,2020-12-27,16 day ahead inc hosp,2021-01-12,06089,quantile,0.85,53.38654401131181
29276,2020-12-27,16 day ahead inc hosp,2021-01-12,06089,quantile,0.9,56.16899913808005
29277,2020-12-27,16 day ahead inc hosp,2021-01-12,06089,quantile,0.95,60.29301678382771
29278,2020-12-27,16 day ahead inc hosp,2021-01-12,06089,quantile,0.975,63.86998706035415
29279,2020-12-27,16 day ahead inc hosp,2021-01-12,06089,quantile,0.99,68.02898802932117
29280,2020-12-27,17 day ahead inc hosp,2021-01-13,06089,point,NA,41.501834869384766
29281,2020-12-27,17 day ahead inc hosp,2021-01-13,06089,quantile,0.01,28.629150411999767
29282,2020-12-27,17 day ahead inc hosp,2021-01-13,06089,quantile,0.025,30.6565102288361
29283,2020-12-27,17 day ahead inc hosp,2021-01-13,06089,quantile,0.05,32.4001515164333
29284,2020-12-27,17 day ahead inc hosp,2021-01-13,06089,quantile,0.1,34.41045825146379
29285,2020-12-27,17 day ahead inc hosp,2021-01-13,06089,quantile,0.15,35.76680266163623
29286,2020-12-27,17 day ahead inc hosp,2021-01-13,06089,quantile,0.2,36.84478220184849
29287,2020-12-27,17 day ahead inc hosp,2021-01-13,06089,quantile,0.25,37.76959266223232
29288,2020-12-27,17 day ahead inc hosp,2021-01-13,06089,quantile,0.3,38.60010103812587
29289,2020-12-27,17 day ahead inc hosp,2021-01-13,06089,quantile,0.35,39.36969081888153
29290,2020-12-27,17 day ahead inc hosp,2021-01-13,06089,quantile,0.4,40.0999562624699
29291,2020-12-27,17 day ahead inc hosp,2021-01-13,06089,quantile,0.45,40.806496530434785
29292,2020-12-27,17 day ahead inc hosp,2021-01-13,06089,quantile,0.5,41.501834869384766
29293,2020-12-27,17 day ahead inc hosp,2021-01-13,06089,quantile,0.55,43.08824166383061
29294,2020-12-27,17 day ahead inc hosp,2021-01-13,06089,quantile,0.6,44.70020553647089
29295,2020-12-27,17 day ahead inc hosp,2021-01-13,06089,quantile,0.65,46.366298137099
29296,2020-12-27,17 day ahead inc hosp,2021-01-13,06089,quantile,0.7,48.122108781699005
29297,2020-12-27,17 day ahead inc hosp,2021-01-13,06089,quantile,0.75,50.01690453300373
29298,2020-12-27,17 day ahead inc hosp,2021-01-13,06089,quantile,0.8,52.12684945584946
29299,2020-12-27,17 day ahead inc hosp,2021-01-13,06089,quantile,0.85,54.58624795449798
29300,2020-12-27,17 day ahead inc hosp,2021-01-13,06089,quantile,0.9,57.68073285109588
29301,2020-12-27,17 day ahead inc hosp,2021-01-13,06089,quantile,0.95,62.267225619765185
29302,2020-12-27,17 day ahead inc hosp,2021-01-13,06089,quantile,0.975,66.24532409467103
29303,2020-12-27,17 day ahead inc hosp,2021-01-13,06089,quantile,0.99,70.87072328245694
29304,2020-12-27,18 day ahead inc hosp,2021-01-14,06089,point,NA,41.67839431762695
29305,2020-12-27,18 day ahead inc hosp,2021-01-14,06089,quantile,0.01,27.506013493967977
29306,2020-12-27,18 day ahead inc hosp,2021-01-14,06089,quantile,0.025,29.738066605027058
29307,2020-12-27,18 day ahead inc hosp,2021-01-14,06089,quantile,0.05,31.657755418148362
29308,2020-12-27,18 day ahead inc hosp,2021-01-14,06089,quantile,0.1,33.87103367533998
29309,2020-12-27,18 day ahead inc hosp,2021-01-14,06089,quantile,0.15,35.36432200790506
29310,2020-12-27,18 day ahead inc hosp,2021-01-14,06089,quantile,0.2,36.55114023642432
29311,2020-12-27,18 day ahead inc hosp,2021-01-14,06089,quantile,0.25,37.569324600194975
29312,2020-12-27,18 day ahead inc hosp,2021-01-14,06089,quantile,0.3,38.4836856271717
29313,2020-12-27,18 day ahead inc hosp,2021-01-14,06089,quantile,0.35,39.33097738569905
29314,2020-12-27,18 day ahead inc hosp,2021-01-14,06089,quantile,0.4,40.134974407699794
29315,2020-12-27,18 day ahead inc hosp,2021-01-14,06089,quantile,0.45,40.91285083106724
29316,2020-12-27,18 day ahead inc hosp,2021-01-14,06089,quantile,0.5,41.67839431762695
29317,2020-12-27,18 day ahead inc hosp,2021-01-14,06089,quantile,0.55,43.61035291848438
29318,2020-12-27,18 day ahead inc hosp,2021-01-14,06089,quantile,0.6,45.573435451238346
29319,2020-12-27,18 day ahead inc hosp,2021-01-14,06089,quantile,0.65,47.602437054659234
29320,2020-12-27,18 day ahead inc hosp,2021-01-14,06089,quantile,0.7,49.74069912475894
29321,2020-12-27,18 day ahead inc hosp,2021-01-14,06089,quantile,0.75,52.04822009694439
29322,2020-12-27,18 day ahead inc hosp,2021-01-14,06089,quantile,0.8,54.61775412522696
29323,2020-12-27,18 day ahead inc hosp,2021-01-14,06089,quantile,0.85,57.61285985664159
29324,2020-12-27,18 day ahead inc hosp,2021-01-14,06089,quantile,0.9,61.38138677680906
29325,2020-12-27,18 day ahead inc hosp,2021-01-14,06089,quantile,0.95,66.96691136181711
29326,2020-12-27,18 day ahead inc hosp,2021-01-14,06089,quantile,0.975,71.81152094780722
29327,2020-12-27,18 day ahead inc hosp,2021-01-14,06089,quantile,0.99,77.44442656478262
29328,2020-12-27,19 day ahead inc hosp,2021-01-15,06089,point,NA,40.6508903503418
29329,2020-12-27,19 day ahead inc hosp,2021-01-15,06089,quantile,0.01,28.125949170791664
29330,2020-12-27,19 day ahead inc hosp,2021-01-15,06089,quantile,0.025,30.09854179820521
29331,2020-12-27,19 day ahead inc hosp,2021-01-15,06089,quantile,0.05,31.795080281509755
29332,2020-12-27,19 day ahead inc hosp,2021-01-15,06089,quantile,0.1,33.75108049983759
29333,2020-12-27,19 day ahead inc hosp,2021-01-15,06089,quantile,0.15,35.070784561011514
29334,2020-12-27,19 day ahead inc hosp,2021-01-15,06089,quantile,0.2,36.119643513362455
29335,2020-12-27,19 day ahead inc hosp,2021-01-15,06089,quantile,0.25,37.019471102307584
29336,2020-12-27,19 day ahead inc hosp,2021-01-15,06089,quantile,0.3,37.827544087521076
29337,2020-12-27,19 day ahead inc hosp,2021-01-15,06089,quantile,0.35,38.57634413527006
29338,2020-12-27,19 day ahead inc hosp,2021-01-15,06089,quantile,0.4,39.28688215526753
29339,2020-12-27,19 day ahead inc hosp,2021-01-15,06089,quantile,0.45,39.97433591260459
29340,2020-12-27,19 day ahead inc hosp,2021-01-15,06089,quantile,0.5,40.6508903503418
29341,2020-12-27,19 day ahead inc hosp,2021-01-15,06089,quantile,0.55,42.4966434859549
29342,2020-12-27,19 day ahead inc hosp,2021-01-15,06089,quantile,0.6,44.37213177990169
29343,2020-12-27,19 day ahead inc hosp,2021-01-15,06089,quantile,0.65,46.31059778534095
29344,2020-12-27,19 day ahead inc hosp,2021-01-15,06089,quantile,0.7,48.353448972161154
29345,2020-12-27,19 day ahead inc hosp,2021-01-15,06089,quantile,0.75,50.558006599852575
29346,2020-12-27,19 day ahead inc hosp,2021-01-15,06089,quantile,0.8,53.01288606138049
29347,2020-12-27,19 day ahead inc hosp,2021-01-15,06089,quantile,0.85,55.87434789229023
29348,2020-12-27,19 day ahead inc hosp,2021-01-15,06089,quantile,0.9,59.47472026903497
29349,2020-12-27,19 day ahead inc hosp,2021-01-15,06089,quantile,0.95,64.8110144899604
29350,2020-12-27,19 day ahead inc hosp,2021-01-15,06089,quantile,0.975,69.43945390382464
29351,2020-12-27,19 day ahead inc hosp,2021-01-15,06089,quantile,0.99,74.8210149789588
29352,2020-12-27,20 day ahead inc hosp,2021-01-16,06089,point,NA,40.063716888427734
29353,2020-12-27,20 day ahead inc hosp,2021-01-16,06089,quantile,0.01,17.114295643473614
29354,2020-12-27,20 day ahead inc hosp,2021-01-16,06089,quantile,0.025,20.728672629540252
29355,2020-12-27,20 day ahead inc hosp,2021-01-16,06089,quantile,0.05,23.837236235028573
29356,2020-12-27,20 day ahead inc hosp,2021-01-16,06089,quantile,0.1,27.421210987654128
29357,2020-12-27,20 day ahead inc hosp,2021-01-16,06089,quantile,0.15,29.839301738292274
29358,2020-12-27,20 day ahead inc hosp,2021-01-16,06089,quantile,0.2,31.76112361186275
29359,2020-12-27,20 day ahead inc hosp,2021-01-16,06089,quantile,0.25,33.409875657121844
29360,2020-12-27,20 day ahead inc hosp,2021-01-16,06089,quantile,0.3,34.89050595058867
29361,2020-12-27,20 day ahead inc hosp,2021-01-16,06089,quantile,0.35,36.262530575509935
29362,2020-12-27,20 day ahead inc hosp,2021-01-16,06089,quantile,0.4,37.56444777397962
29363,2020-12-27,20 day ahead inc hosp,2021-01-16,06089,quantile,0.45,38.82406773046403
29364,2020-12-27,20 day ahead inc hosp,2021-01-16,06089,quantile,0.5,40.063716888427734
29365,2020-12-27,20 day ahead inc hosp,2021-01-16,06089,quantile,0.55,41.94319072281653
29366,2020-12-27,20 day ahead inc hosp,2021-01-16,06089,quantile,0.6,43.852942957372335
29367,2020-12-27,20 day ahead inc hosp,2021-01-16,06089,quantile,0.65,45.82682346488943
29368,2020-12-27,20 day ahead inc hosp,2021-01-16,06089,quantile,0.7,47.906996202563434
29369,2020-12-27,20 day ahead inc hosp,2021-01-16,06089,quantile,0.75,50.15182965168661
29370,2020-12-27,20 day ahead inc hosp,2021-01-16,06089,quantile,0.8,52.65155815031251
29371,2020-12-27,20 day ahead inc hosp,2021-01-16,06089,quantile,0.85,55.565297011447214
29372,2020-12-27,20 day ahead inc hosp,2021-01-16,06089,quantile,0.9,59.23144582928478
29373,2020-12-27,20 day ahead inc hosp,2021-01-16,06089,quantile,0.95,64.66523064444537
29374,2020-12-27,20 day ahead inc hosp,2021-01-16,06089,quantile,0.975,69.3782286096484
29375,2020-12-27,20 day ahead inc hosp,2021-01-16,06089,quantile,0.99,74.85810727474421
29376,2020-12-27,21 day ahead inc hosp,2021-01-17,06089,point,NA,45.51558303833008
29377,2020-12-27,21 day ahead inc hosp,2021-01-17,06089,quantile,0.01,21.903578971264782
29378,2020-12-27,21 day ahead inc hosp,2021-01-17,06089,quantile,0.025,25.62230822303957
29379,2020-12-27,21 day ahead inc hosp,2021-01-17,06089,quantile,0.05,28.82062053392888
29380,2020-12-27,21 day ahead inc hosp,2021-01-17,06089,quantile,0.1,32.508069796025644
29381,2020-12-27,21 day ahead inc hosp,2021-01-17,06089,quantile,0.15,34.995974306957685
29382,2020-12-27,21 day ahead inc hosp,2021-01-17,06089,quantile,0.2,36.9732819440685
29383,2020-12-27,21 day ahead inc hosp,2021-01-17,06089,quantile,0.25,38.66963583389914
29384,2020-12-27,21 day ahead inc hosp,2021-01-17,06089,quantile,0.3,40.193014054988076
29385,2020-12-27,21 day ahead inc hosp,2021-01-17,06089,quantile,0.35,41.604651005565984
29386,2020-12-27,21 day ahead inc hosp,2021-01-17,06089,quantile,0.4,42.944156427386034
29387,2020-12-27,21 day ahead inc hosp,2021-01-17,06089,quantile,0.45,44.240143424966895
29388,2020-12-27,21 day ahead inc hosp,2021-01-17,06089,quantile,0.5,45.51558303833008
29389,2020-12-27,21 day ahead inc hosp,2021-01-17,06089,quantile,0.55,47.36010997107279
29390,2020-12-27,21 day ahead inc hosp,2021-01-17,06089,quantile,0.6,49.234352307970916
29391,2020-12-27,21 day ahead inc hosp,2021-01-17,06089,quantile,0.65,51.17153051791133
29392,2020-12-27,21 day ahead inc hosp,2021-01-17,06089,quantile,0.7,53.21302456225092
29393,2020-12-27,21 day ahead inc hosp,2021-01-17,06089,quantile,0.75,55.41611761982251
29394,2020-12-27,21 day ahead inc hosp,2021-01-17,06089,quantile,0.8,57.8693662130701
29395,2020-12-27,21 day ahead inc hosp,2021-01-17,06089,quantile,0.85,60.728927067818475
29396,2020-12-27,21 day ahead inc hosp,2021-01-17,06089,quantile,0.9,64.32690758247848
29397,2020-12-27,21 day ahead inc hosp,2021-01-17,06089,quantile,0.95,69.65965670348525
29398,2020-12-27,21 day ahead inc hosp,2021-01-17,06089,quantile,0.975,74.2850212718649
29399,2020-12-27,21 day ahead inc hosp,2021-01-17,06089,quantile,0.99,79.66300717461542
29400,2020-12-27,22 day ahead inc hosp,2021-01-18,06089,point,NA,36.56544876098633
29401,2020-12-27,22 day ahead inc hosp,2021-01-18,06089,quantile,0.01,22.85482949625643
29402,2020-12-27,22 day ahead inc hosp,2021-01-18,06089,quantile,0.025,25.01415831793891
29403,2020-12-27,22 day ahead inc hosp,2021-01-18,06089,quantile,0.05,26.871300230152375
29404,2020-12-27,22 day ahead inc hosp,2021-01-18,06089,quantile,0.1,29.012465916344027
29405,2020-12-27,22 day ahead inc hosp,2021-01-18,06089,quantile,0.15,30.457100239610632
29406,2020-12-27,22 day ahead inc hosp,2021-01-18,06089,quantile,0.2,31.60524980390294
29407,2020-12-27,22 day ahead inc hosp,2021-01-18,06089,quantile,0.25,32.590259896890025
29408,2020-12-27,22 day ahead inc hosp,2021-01-18,06089,quantile,0.3,33.47482940340917
29409,2020-12-27,22 day ahead inc hosp,2021-01-18,06089,quantile,0.35,34.29451487840847
29410,2020-12-27,22 day ahead inc hosp,2021-01-18,06089,quantile,0.4,35.07231623696545
29411,2020-12-27,22 day ahead inc hosp,2021-01-18,06089,quantile,0.45,35.82484805279111
29412,2020-12-27,22 day ahead inc hosp,2021-01-18,06089,quantile,0.5,36.56544876098633
29413,2020-12-27,22 day ahead inc hosp,2021-01-18,06089,quantile,0.55,38.49569281097719
29414,2020-12-27,22 day ahead inc hosp,2021-01-18,06089,quantile,0.6,40.45703317138017
29415,2020-12-27,22 day ahead inc hosp,2021-01-18,06089,quantile,0.65,42.48423410140368
29416,2020-12-27,22 day ahead inc hosp,2021-01-18,06089,quantile,0.7,44.62059853297035
29417,2020-12-27,22 day ahead inc hosp,2021-01-18,06089,quantile,0.75,46.9260716548133
29418,2020-12-27,22 day ahead inc hosp,2021-01-18,06089,quantile,0.8,49.49332530462766
29419,2020-12-27,22 day ahead inc hosp,2021-01-18,06089,quantile,0.85,52.4857729764312
29420,2020-12-27,22 day ahead inc hosp,2021-01-18,06089,quantile,0.9,56.25095545065983
29421,2020-12-27,22 day ahead inc hosp,2021-01-18,06089,quantile,0.95,61.831523062980594
29422,2020-12-27,22 day ahead inc hosp,2021-01-18,06089,quantile,0.975,66.67183321441755
29423,2020-12-27,22 day ahead inc hosp,2021-01-18,06089,quantile,0.99,72.29973980956993
29424,2020-12-27,23 day ahead inc hosp,2021-01-19,06089,point,NA,37.30078125
29425,2020-12-27,23 day ahead inc hosp,2021-01-19,06089,quantile,0.01,24.27035477199061
29426,2020-12-27,23 day ahead inc hosp,2021-01-19,06089,quantile,0.025,26.32255787890363
29427,2020-12-27,23 day ahead inc hosp,2021-01-19,06089,quantile,0.05,28.08756576651811
29428,2020-12-27,23 day ahead inc hosp,2021-01-19,06089,quantile,0.1,30.12250682296838
29429,2020-12-27,23 day ahead inc hosp,2021-01-19,06089,quantile,0.15,31.495471892851036
29430,2020-12-27,23 day ahead inc hosp,2021-01-19,06089,quantile,0.2,32.58666100651534
29431,2020-12-27,23 day ahead inc hosp,2021-01-19,06089,quantile,0.25,33.522804104718304
29432,2020-12-27,23 day ahead inc hosp,2021-01-19,06089,quantile,0.3,34.36348953962333
29433,2020-12-27,23 day ahead inc hosp,2021-01-19,06089,quantile,0.35,35.14250988223811
29434,2020-12-27,23 day ahead inc hosp,2021-01-19,06089,quantile,0.4,35.88172400681413
29435,2020-12-27,23 day ahead inc hosp,2021-01-19,06089,quantile,0.45,36.596922227196806
29436,2020-12-27,23 day ahead inc hosp,2021-01-19,06089,quantile,0.5,37.30078125
29437,2020-12-27,23 day ahead inc hosp,2021-01-19,06089,quantile,0.55,38.87264114631986
29438,2020-12-27,23 day ahead inc hosp,2021-01-19,06089,quantile,0.6,40.46982376971174
29439,2020-12-27,23 day ahead inc hosp,2021-01-19,06089,quantile,0.65,42.120638776084306
29440,2020-12-27,23 day ahead inc hosp,2021-01-19,06089,quantile,0.7,43.860349137538186
29441,2020-12-27,23 day ahead inc hosp,2021-01-19,06089,quantile,0.75,45.737770151883716
29442,2020-12-27,23 day ahead inc hosp,2021-01-19,06089,quantile,0.8,47.82836748119194
29443,2020-12-27,23 day ahead inc hosp,2021-01-19,06089,quantile,0.85,50.26521399661882
29444,2020-12-27,23 day ahead inc hosp,2021-01-19,06089,quantile,0.9,53.33132334874679
29445,2020-12-27,23 day ahead inc hosp,2021-01-19,06089,quantile,0.95,57.8757592860315
29446,2020-12-27,23 day ahead inc hosp,2021-01-19,06089,quantile,0.975,61.8173797318138
29447,2020-12-27,23 day ahead inc hosp,2021-01-19,06089,quantile,0.99,66.40036532744143
29448,2020-12-27,24 day ahead inc hosp,2021-01-20,06089,point,NA,38.482566833496094
29449,2020-12-27,24 day ahead inc hosp,2021-01-20,06089,quantile,0.01,25.409765511513374
29450,2020-12-27,24 day ahead inc hosp,2021-01-20,06089,quantile,0.025,27.468642366718804
29451,2020-12-27,24 day ahead inc hosp,2021-01-20,06089,quantile,0.05,29.239390046041223
29452,2020-12-27,24 day ahead inc hosp,2021-01-20,06089,quantile,0.1,31.280948714732162
29453,2020-12-27,24 day ahead inc hosp,2021-01-20,06089,quantile,0.15,32.65837865617641
29454,2020-12-27,24 day ahead inc hosp,2021-01-20,06089,quantile,0.2,33.753116308218566
29455,2020-12-27,24 day ahead inc hosp,2021-01-20,06089,quantile,0.25,34.69230373638187
29456,2020-12-27,24 day ahead inc hosp,2021-01-20,06089,quantile,0.3,35.53572307368026
29457,2020-12-27,24 day ahead inc hosp,2021-01-20,06089,quantile,0.35,36.31727678429539
29458,2020-12-27,24 day ahead inc hosp,2021-01-20,06089,quantile,0.4,37.05889482736515
29459,2020-12-27,24 day ahead inc hosp,2021-01-20,06089,quantile,0.45,37.77641886671084
29460,2020-12-27,24 day ahead inc hosp,2021-01-20,06089,quantile,0.5,38.482566833496094
29461,2020-12-27,24 day ahead inc hosp,2021-01-20,06089,quantile,0.55,40.14872463067685
29462,2020-12-27,24 day ahead inc hosp,2021-01-20,06089,quantile,0.6,41.84172429796048
29463,2020-12-27,24 day ahead inc hosp,2021-01-20,06089,quantile,0.65,43.5915738239967
29464,2020-12-27,24 day ahead inc hosp,2021-01-20,06089,quantile,0.7,45.435651652026415
29465,2020-12-27,24 day ahead inc hosp,2021-01-20,06089,quantile,0.75,47.42570157248465
29466,2020-12-27,24 day ahead inc hosp,2021-01-20,06089,quantile,0.8,49.64171652976386
29467,2020-12-27,24 day ahead inc hosp,2021-01-20,06089,quantile,0.85,52.224752608053784
29468,2020-12-27,24 day ahead inc hosp,2021-01-20,06089,quantile,0.9,55.47480181155946
29469,2020-12-27,24 day ahead inc hosp,2021-01-20,06089,quantile,0.95,60.29186431720824
29470,2020-12-27,24 day ahead inc hosp,2021-01-20,06089,quantile,0.975,64.46994765316153
29471,2020-12-27,24 day ahead inc hosp,2021-01-20,06089,quantile,0.99,69.32787246083677
29472,2020-12-27,25 day ahead inc hosp,2021-01-21,06089,point,NA,40.65274429321289
29473,2020-12-27,25 day ahead inc hosp,2021-01-21,06089,quantile,0.01,25.649429385777488
29474,2020-12-27,25 day ahead inc hosp,2021-01-21,06089,quantile,0.025,28.012348935570845
29475,2020-12-27,25 day ahead inc hosp,2021-01-21,06089,quantile,0.05,30.044590105625993
29476,2020-12-27,25 day ahead inc hosp,2021-01-21,06089,quantile,0.1,32.38763402207168
29477,2020-12-27,25 day ahead inc hosp,2021-01-21,06089,quantile,0.15,33.96847462887163
29478,2020-12-27,25 day ahead inc hosp,2021-01-21,06089,quantile,0.2,35.22487662948918
29479,2020-12-27,25 day ahead inc hosp,2021-01-21,06089,quantile,0.25,36.30275767386363
29480,2020-12-27,25 day ahead inc hosp,2021-01-21,06089,quantile,0.3,37.27072816502604
29481,2020-12-27,25 day ahead inc hosp,2021-01-21,06089,quantile,0.35,38.16769708152871
29482,2020-12-27,25 day ahead inc hosp,2021-01-21,06089,quantile,0.4,39.01883286850815
29483,2020-12-27,25 day ahead inc hosp,2021-01-21,06089,quantile,0.45,39.84231659252497
29484,2020-12-27,25 day ahead inc hosp,2021-01-21,06089,quantile,0.5,40.65274429321289
29485,2020-12-27,25 day ahead inc hosp,2021-01-21,06089,quantile,0.55,42.67216092698482
29486,2020-12-27,25 day ahead inc hosp,2021-01-21,06089,quantile,0.6,44.72411044513242
29487,2020-12-27,25 day ahead inc hosp,2021-01-21,06089,quantile,0.65,46.844963131147324
29488,2020-12-27,25 day ahead inc hosp,2021-01-21,06089,quantile,0.7,49.080022407162126
29489,2020-12-27,25 day ahead inc hosp,2021-01-21,06089,quantile,0.75,51.492002783936655
29490,2020-12-27,25 day ahead inc hosp,2021-01-21,06089,quantile,0.8,54.177857312834895
29491,2020-12-27,25 day ahead inc hosp,2021-01-21,06089,quantile,0.85,57.30854879413269
29492,2020-12-27,25 day ahead inc hosp,2021-01-21,06089,quantile,0.9,61.247673547647594
29493,2020-12-27,25 day ahead inc hosp,2021-01-21,06089,quantile,0.95,67.08604982046285
29494,2020-12-27,25 day ahead inc hosp,2021-01-21,06089,quantile,0.975,72.14997053684749
29495,2020-12-27,25 day ahead inc hosp,2021-01-21,06089,quantile,0.99,78.03787273844696
29496,2020-12-27,26 day ahead inc hosp,2021-01-22,06089,point,NA,36.68412780761719
29497,2020-12-27,26 day ahead inc hosp,2021-01-22,06089,quantile,0.01,24.12895184410535
29498,2020-12-27,26 day ahead inc hosp,2021-01-22,06089,quantile,0.025,26.106306243337173
29499,2020-12-27,26 day ahead inc hosp,2021-01-22,06089,quantile,0.05,27.806940113102222
29500,2020-12-27,26 day ahead inc hosp,2021-01-22,06089,quantile,0.1,29.767662049734557
29501,2020-12-27,26 day ahead inc hosp,2021-01-22,06089,quantile,0.15,31.090551831832112
29502,2020-12-27,26 day ahead inc hosp,2021-01-22,06089,quantile,0.2,32.14194269418375
29503,2020-12-27,26 day ahead inc hosp,2021-01-22,06089,quantile,0.25,33.04394243646393
29504,2020-12-27,26 day ahead inc hosp,2021-01-22,06089,quantile,0.3,33.85396608250552
29505,2020-12-27,26 day ahead inc hosp,2021-01-22,06089,quantile,0.35,34.604573708218325
29506,2020-12-27,26 day ahead inc hosp,2021-01-22,06089,quantile,0.4,35.31682694294001
29507,2020-12-27,26 day ahead inc hosp,2021-01-22,06089,quantile,0.45,36.00594019037278
29508,2020-12-27,26 day ahead inc hosp,2021-01-22,06089,quantile,0.5,36.68412780761719
29509,2020-12-27,26 day ahead inc hosp,2021-01-22,06089,quantile,0.55,38.53965077931371
29510,2020-12-27,26 day ahead inc hosp,2021-01-22,06089,quantile,0.6,40.42506630180191
29511,2020-12-27,26 day ahead inc hosp,2021-01-22,06089,quantile,0.65,42.373792885842406
29512,2020-12-27,26 day ahead inc hosp,2021-01-22,06089,quantile,0.7,44.42745717700087
29513,2020-12-27,26 day ahead inc hosp,2021-01-22,06089,quantile,0.75,46.64368384441566
29514,2020-12-27,26 day ahead inc hosp,2021-01-22,06089,quantile,0.8,49.11155733503715
29515,2020-12-27,26 day ahead inc hosp,2021-01-22,06089,quantile,0.85,51.98816529383775
29516,2020-12-27,26 day ahead inc hosp,2021-01-22,06089,quantile,0.9,55.6075949579745
29517,2020-12-27,26 day ahead inc hosp,2021-01-22,06089,quantile,0.95,60.9721349495967
29518,2020-12-27,26 day ahead inc hosp,2021-01-22,06089,quantile,0.975,65.62507335713622
29519,2020-12-27,26 day ahead inc hosp,2021-01-22,06089,quantile,0.99,71.03511980691911
29520,2020-12-27,27 day ahead inc hosp,2021-01-23,06089,point,NA,36.824825286865234
29521,2020-12-27,27 day ahead inc hosp,2021-01-23,06089,quantile,0.01,12.989723212725895
29522,2020-12-27,27 day ahead inc hosp,2021-01-23,06089,quantile,0.025,16.743588875732975
29523,2020-12-27,27 day ahead inc hosp,2021-01-23,06089,quantile,0.05,19.972120438682936
29524,2020-12-27,27 day ahead inc hosp,2021-01-23,06089,quantile,0.1,23.694410563047207
29525,2020-12-27,27 day ahead inc hosp,2021-01-23,06089,quantile,0.15,26.20582203834377
29526,2020-12-27,27 day ahead inc hosp,2021-01-23,06089,quantile,0.2,28.201812265545577
29527,2020-12-27,27 day ahead inc hosp,2021-01-23,06089,quantile,0.25,29.91419415414492
29528,2020-12-27,27 day ahead inc hosp,2021-01-23,06089,quantile,0.3,31.45196601349427
29529,2020-12-27,27 day ahead inc hosp,2021-01-23,06089,quantile,0.35,32.87694081500137
29530,2020-12-27,27 day ahead inc hosp,2021-01-23,06089,quantile,0.4,34.22910255304194
29531,2020-12-27,27 day ahead inc hosp,2021-01-23,06089,quantile,0.45,35.537334683036505
29532,2020-12-27,27 day ahead inc hosp,2021-01-23,06089,quantile,0.5,36.824825286865234
29533,2020-12-27,27 day ahead inc hosp,2021-01-23,06089,quantile,0.55,38.75656853524435
29534,2020-12-27,27 day ahead inc hosp,2021-01-23,06089,quantile,0.6,40.71943224618279
29535,2020-12-27,27 day ahead inc hosp,2021-01-23,06089,quantile,0.65,42.748207679889894
29536,2020-12-27,27 day ahead inc hosp,2021-01-23,06089,quantile,0.7,44.88623140117826
29537,2020-12-27,27 day ahead inc hosp,2021-01-23,06089,quantile,0.75,47.19349515752073
29538,2020-12-27,27 day ahead inc hosp,2021-01-23,06089,quantile,0.8,49.76274276376462
29539,2020-12-27,27 day ahead inc hosp,2021-01-23,06089,quantile,0.85,52.75751463531198
29540,2020-12-27,27 day ahead inc hosp,2021-01-23,06089,quantile,0.9,56.525621483532
29541,2020-12-27,27 day ahead inc hosp,2021-01-23,06089,quantile,0.95,62.110523458634475
29542,2020-12-27,27 day ahead inc hosp,2021-01-23,06089,quantile,0.975,66.9545930233838
29543,2020-12-27,27 day ahead inc hosp,2021-01-23,06089,quantile,0.99,72.58687074896226
29544,2020-12-27,28 day ahead inc hosp,2021-01-24,06089,point,NA,35.775299072265625
29545,2020-12-27,28 day ahead inc hosp,2021-01-24,06089,quantile,0.01,12.27712359785686
29546,2020-12-27,28 day ahead inc hosp,2021-01-24,06089,quantile,0.025,15.977925624310245
29547,2020-12-27,28 day ahead inc hosp,2021-01-24,06089,quantile,0.05,19.16081953241635
29548,2020-12-27,28 day ahead inc hosp,2021-01-24,06089,quantile,0.1,22.830492363558562
29549,2020-12-27,28 day ahead inc hosp,2021-01-24,06089,quantile,0.15,25.306403200919362
29550,2020-12-27,28 day ahead inc hosp,2021-01-24,06089,quantile,0.2,27.274178646482945
29551,2020-12-27,28 day ahead inc hosp,2021-01-24,06089,quantile,0.25,28.96235476472849
29552,2020-12-27,28 day ahead inc hosp,2021-01-24,06089,quantile,0.3,30.478389094189346
29553,2020-12-27,28 day ahead inc hosp,2021-01-24,06089,quantile,0.35,31.8832208347152
29554,2020-12-27,28 day ahead inc hosp,2021-01-24,06089,quantile,0.4,33.216268777678806
29555,2020-12-27,28 day ahead inc hosp,2021-01-24,06089,quantile,0.45,34.50600808973425
29556,2020-12-27,28 day ahead inc hosp,2021-01-24,06089,quantile,0.5,35.775299072265625
29557,2020-12-27,28 day ahead inc hosp,2021-01-24,06089,quantile,0.55,37.5926423385014
29558,2020-12-27,28 day ahead inc hosp,2021-01-24,06089,quantile,0.6,39.43926307891589
29559,2020-12-27,28 day ahead inc hosp,2021-01-24,06089,quantile,0.65,41.34789217662121
29560,2020-12-27,28 day ahead inc hosp,2021-01-24,06089,quantile,0.7,43.359299756896704
29561,2020-12-27,28 day ahead inc hosp,2021-01-24,06089,quantile,0.75,45.52992478925398
29562,2020-12-27,28 day ahead inc hosp,2021-01-24,06089,quantile,0.8,47.947018696747925
29563,2020-12-27,28 day ahead inc hosp,2021-01-24,06089,quantile,0.85,50.764436849618704
29564,2020-12-27,28 day ahead inc hosp,2021-01-24,06089,quantile,0.9,54.309392222345146
29565,2020-12-27,28 day ahead inc hosp,2021-01-24,06089,quantile,0.95,59.56355009532115
29566,2020-12-27,28 day ahead inc hosp,2021-01-24,06089,quantile,0.975,64.12074847665963
29567,2020-12-27,28 day ahead inc hosp,2021-01-24,06089,quantile,0.99,69.41947645551417
29568,2020-12-27,1 day ahead inc hosp,2020-12-28,06093,point,NA,6.104456901550293
29569,2020-12-27,1 day ahead inc hosp,2020-12-28,06093,quantile,0.01,4.303713779865444
29570,2020-12-27,1 day ahead inc hosp,2020-12-28,06093,quantile,0.025,4.587318513395121
29571,2020-12-27,1 day ahead inc hosp,2020-12-28,06093,quantile,0.05,4.831234230099032
29572,2020-12-27,1 day ahead inc hosp,2020-12-28,06093,quantile,0.1,5.112453430147557
29573,2020-12-27,1 day ahead inc hosp,2020-12-28,06093,quantile,0.15,5.30219068932915
29574,2020-12-27,1 day ahead inc hosp,2020-12-28,06093,quantile,0.2,5.452987848133161
29575,2020-12-27,1 day ahead inc hosp,2020-12-28,06093,quantile,0.25,5.582358383153382
29576,2020-12-27,1 day ahead inc hosp,2020-12-28,06093,quantile,0.3,5.698537121966015
29577,2020-12-27,1 day ahead inc hosp,2020-12-28,06093,quantile,0.35,5.806194037569167
29578,2020-12-27,1 day ahead inc hosp,2020-12-28,06093,quantile,0.4,5.908349922683827
29579,2020-12-27,1 day ahead inc hosp,2020-12-28,06093,quantile,0.45,6.007186923772689
29580,2020-12-27,1 day ahead inc hosp,2020-12-28,06093,quantile,0.5,6.104456901550293
29581,2020-12-27,1 day ahead inc hosp,2020-12-28,06093,quantile,0.55,6.3673924806494195
29582,2020-12-27,1 day ahead inc hosp,2020-12-28,06093,quantile,0.6,6.634563962657349
29583,2020-12-27,1 day ahead inc hosp,2020-12-28,06093,quantile,0.65,6.910706894163106
29584,2020-12-27,1 day ahead inc hosp,2020-12-28,06093,quantile,0.7,7.201719949731606
29585,2020-12-27,1 day ahead inc hosp,2020-12-28,06093,quantile,0.75,7.515768792618657
29586,2020-12-27,1 day ahead inc hosp,2020-12-28,06093,quantile,0.8,7.865477071792725
29587,2020-12-27,1 day ahead inc hosp,2020-12-28,06093,quantile,0.85,8.27310478162207
29588,2020-12-27,1 day ahead inc hosp,2020-12-28,06093,quantile,0.9,8.785993519333696
29589,2020-12-27,1 day ahead inc hosp,2020-12-28,06093,quantile,0.95,9.546171889967365
29590,2020-12-27,1 day ahead inc hosp,2020-12-28,06093,quantile,0.975,10.205513258067155
29591,2020-12-27,1 day ahead inc hosp,2020-12-28,06093,quantile,0.99,10.97214008938374
29592,2020-12-27,2 day ahead inc hosp,2020-12-29,06093,point,NA,6.223835468292236
29593,2020-12-27,2 day ahead inc hosp,2020-12-29,06093,quantile,0.01,4.226164965521035
29594,2020-12-27,2 day ahead inc hosp,2020-12-29,06093,quantile,0.025,4.540784415566989
29595,2020-12-27,2 day ahead inc hosp,2020-12-29,06093,quantile,0.05,4.8113744994906735
29596,2020-12-27,2 day ahead inc hosp,2020-12-29,06093,quantile,0.1,5.123347536613384
29597,2020-12-27,2 day ahead inc hosp,2020-12-29,06093,quantile,0.15,5.333834263664759
29598,2020-12-27,2 day ahead inc hosp,2020-12-29,06093,quantile,0.2,5.501122441760158
29599,2020-12-27,2 day ahead inc hosp,2020-12-29,06093,quantile,0.25,5.644640802944188
29600,2020-12-27,2 day ahead inc hosp,2020-12-29,06093,quantile,0.3,5.773524726908871
29601,2020-12-27,2 day ahead inc hosp,2020-12-29,06093,quantile,0.35,5.892954890006495
29602,2020-12-27,2 day ahead inc hosp,2020-12-29,06093,quantile,0.4,6.006282435685026
29603,2020-12-27,2 day ahead inc hosp,2020-12-29,06093,quantile,0.45,6.115928147658007
29604,2020-12-27,2 day ahead inc hosp,2020-12-29,06093,quantile,0.5,6.223835468292236
29605,2020-12-27,2 day ahead inc hosp,2020-12-29,06093,quantile,0.55,6.446059512230458
29606,2020-12-27,2 day ahead inc hosp,2020-12-29,06093,quantile,0.6,6.671863594584739
29607,2020-12-27,2 day ahead inc hosp,2020-12-29,06093,quantile,0.65,6.905250035303093
29608,2020-12-27,2 day ahead inc hosp,2020-12-29,06093,quantile,0.7,7.151204189810535
29609,2020-12-27,2 day ahead inc hosp,2020-12-29,06093,quantile,0.75,7.416627393850066
29610,2020-12-27,2 day ahead inc hosp,2020-12-29,06093,quantile,0.8,7.712188718274098
29611,2020-12-27,2 day ahead inc hosp,2020-12-29,06093,quantile,0.85,8.056701539284916
29612,2020-12-27,2 day ahead inc hosp,2020-12-29,06093,quantile,0.9,8.490177335048859
29613,2020-12-27,2 day ahead inc hosp,2020-12-29,06093,quantile,0.95,9.132653762983685
29614,2020-12-27,2 day ahead inc hosp,2020-12-29,06093,quantile,0.975,9.689906249151242
29615,2020-12-27,2 day ahead inc hosp,2020-12-29,06093,quantile,0.99,10.337832692694622
29616,2020-12-27,3 day ahead inc hosp,2020-12-30,06093,point,NA,6.27884578704834
29617,2020-12-27,3 day ahead inc hosp,2020-12-30,06093,quantile,0.01,4.33603143332433
29618,2020-12-27,3 day ahead inc hosp,2020-12-30,06093,quantile,0.025,4.64201141483885
29619,2020-12-27,3 day ahead inc hosp,2020-12-30,06093,quantile,0.05,4.905171079204445
29620,2020-12-27,3 day ahead inc hosp,2020-12-30,06093,quantile,0.1,5.208577318449643
29621,2020-12-27,3 day ahead inc hosp,2020-12-30,06093,quantile,0.15,5.4132840676440255
29622,2020-12-27,3 day ahead inc hosp,2020-12-30,06093,quantile,0.2,5.575978502567713
29623,2020-12-27,3 day ahead inc hosp,2020-12-30,06093,quantile,0.25,5.715555841145062
29624,2020-12-27,3 day ahead inc hosp,2020-12-30,06093,quantile,0.3,5.840900605006523
29625,2020-12-27,3 day ahead inc hosp,2020-12-30,06093,quantile,0.35,5.957051208828217
29626,2020-12-27,3 day ahead inc hosp,2020-12-30,06093,quantile,0.4,6.067266773462692
29627,2020-12-27,3 day ahead inc hosp,2020-12-30,06093,quantile,0.45,6.173901607760886
29628,2020-12-27,3 day ahead inc hosp,2020-12-30,06093,quantile,0.5,6.27884578704834
29629,2020-12-27,3 day ahead inc hosp,2020-12-30,06093,quantile,0.55,6.521062018989864
29630,2020-12-27,3 day ahead inc hosp,2020-12-30,06093,quantile,0.6,6.7671803643119945
29631,2020-12-27,3 day ahead inc hosp,2020-12-30,06093,quantile,0.65,7.021563208108856
29632,2020-12-27,3 day ahead inc hosp,2020-12-30,06093,quantile,0.7,7.289644408861902
29633,2020-12-27,3 day ahead inc hosp,2020-12-30,06093,quantile,0.75,7.578946174831808
29634,2020-12-27,3 day ahead inc hosp,2020-12-30,06093,quantile,0.8,7.901097410318898
29635,2020-12-27,3 day ahead inc hosp,2020-12-30,06093,quantile,0.85,8.276604020143635
29636,2020-12-27,3 day ahead inc hosp,2020-12-30,06093,quantile,0.9,8.749077079435924
29637,2020-12-27,3 day ahead inc hosp,2020-12-30,06093,quantile,0.95,9.449353326451238
29638,2020-12-27,3 day ahead inc hosp,2020-12-30,06093,quantile,0.975,10.05673853575413
29639,2020-12-27,3 day ahead inc hosp,2020-12-30,06093,quantile,0.99,10.762955104173606
29640,2020-12-27,4 day ahead inc hosp,2020-12-31,06093,point,NA,6.579211235046387
29641,2020-12-27,4 day ahead inc hosp,2020-12-31,06093,quantile,0.01,4.381257612972215
29642,2020-12-27,4 day ahead inc hosp,2020-12-31,06093,quantile,0.025,4.727420285366988
29643,2020-12-27,4 day ahead inc hosp,2020-12-31,06093,quantile,0.05,5.02513928068297
29644,2020-12-27,4 day ahead inc hosp,2020-12-31,06093,quantile,0.1,5.3683902152000105
29645,2020-12-27,4 day ahead inc hosp,2020-12-31,06093,quantile,0.15,5.59997999113119
29646,2020-12-27,4 day ahead inc hosp,2020-12-31,06093,quantile,0.2,5.7840402034959935
29647,2020-12-27,4 day ahead inc hosp,2020-12-31,06093,quantile,0.25,5.941947476672924
29648,2020-12-27,4 day ahead inc hosp,2020-12-31,06093,quantile,0.3,6.083753088315252
29649,2020-12-27,4 day ahead inc hosp,2020-12-31,06093,quantile,0.35,6.215157120762637
29650,2020-12-27,4 day ahead inc hosp,2020-12-31,06093,quantile,0.4,6.3398466975268555
29651,2020-12-27,4 day ahead inc hosp,2020-12-31,06093,quantile,0.45,6.460485306066953
29652,2020-12-27,4 day ahead inc hosp,2020-12-31,06093,quantile,0.5,6.579211235046387
29653,2020-12-27,4 day ahead inc hosp,2020-12-31,06093,quantile,0.55,6.877556148387978
29654,2020-12-27,4 day ahead inc hosp,2020-12-31,06093,quantile,0.6,7.180707410457953
29655,2020-12-27,4 day ahead inc hosp,2020-12-31,06093,quantile,0.65,7.494038300298913
29656,2020-12-27,4 day ahead inc hosp,2020-12-31,06093,quantile,0.7,7.82424186248828
29657,2020-12-27,4 day ahead inc hosp,2020-12-31,06093,quantile,0.75,8.18058342393532
29658,2020-12-27,4 day ahead inc hosp,2020-12-31,06093,quantile,0.8,8.57738665080364
29659,2020-12-27,4 day ahead inc hosp,2020-12-31,06093,quantile,0.85,9.039909273954684
29660,2020-12-27,4 day ahead inc hosp,2020-12-31,06093,quantile,0.9,9.621868347468903
29661,2020-12-27,4 day ahead inc hosp,2020-12-31,06093,quantile,0.95,10.484419360488529
29662,2020-12-27,4 day ahead inc hosp,2020-12-31,06093,quantile,0.975,11.232553728618669
29663,2020-12-27,4 day ahead inc hosp,2020-12-31,06093,quantile,0.99,12.102421611611625
29664,2020-12-27,5 day ahead inc hosp,2021-01-01,06093,point,NA,6.292418479919434
29665,2020-12-27,5 day ahead inc hosp,2021-01-01,06093,quantile,0.01,4.338377704426403
29666,2020-12-27,5 day ahead inc hosp,2021-01-01,06093,quantile,0.025,4.646125770636599
29667,2020-12-27,5 day ahead inc hosp,2021-01-01,06093,quantile,0.05,4.910806085381937
29668,2020-12-27,5 day ahead inc hosp,2021-01-01,06093,quantile,0.1,5.215965537126616
29669,2020-12-27,5 day ahead inc hosp,2021-01-01,06093,quantile,0.15,5.4218551704710025
29670,2020-12-27,5 day ahead inc hosp,2021-01-01,06093,quantile,0.2,5.585489724218924
29671,2020-12-27,5 day ahead inc hosp,2021-01-01,06093,quantile,0.25,5.725873601037698
29672,2020-12-27,5 day ahead inc hosp,2021-01-01,06093,quantile,0.3,5.851942661167069
29673,2020-12-27,5 day ahead inc hosp,2021-01-01,06093,quantile,0.35,5.968764433422705
29674,2020-12-27,5 day ahead inc hosp,2021-01-01,06093,quantile,0.4,6.079616871267287
29675,2020-12-27,5 day ahead inc hosp,2021-01-01,06093,quantile,0.45,6.1868678877667325
29676,2020-12-27,5 day ahead inc hosp,2021-01-01,06093,quantile,0.5,6.292418479919434
29677,2020-12-27,5 day ahead inc hosp,2021-01-01,06093,quantile,0.55,6.580893311018386
29678,2020-12-27,5 day ahead inc hosp,2021-01-01,06093,quantile,0.6,6.874015483418028
29679,2020-12-27,5 day ahead inc hosp,2021-01-01,06093,quantile,0.65,7.176980513096496
29680,2020-12-27,5 day ahead inc hosp,2021-01-01,06093,quantile,0.7,7.4962600200401495
29681,2020-12-27,5 day ahead inc hosp,2021-01-01,06093,quantile,0.75,7.840812808289886
29682,2020-12-27,5 day ahead inc hosp,2021-01-01,06093,quantile,0.8,8.2244886771635
29683,2020-12-27,5 day ahead inc hosp,2021-01-01,06093,quantile,0.85,8.671709761305717
29684,2020-12-27,5 day ahead inc hosp,2021-01-01,06093,quantile,0.9,9.234416004754559
29685,2020-12-27,5 day ahead inc hosp,2021-01-01,06093,quantile,0.95,10.068431423379023
29686,2020-12-27,5 day ahead inc hosp,2021-01-01,06093,quantile,0.975,10.791815418998086
29687,2020-12-27,5 day ahead inc hosp,2021-01-01,06093,quantile,0.99,11.632905645119983
29688,2020-12-27,6 day ahead inc hosp,2021-01-02,06093,point,NA,6.516819477081299
29689,2020-12-27,6 day ahead inc hosp,2021-01-02,06093,quantile,0.01,2.736084870481636
29690,2020-12-27,6 day ahead inc hosp,2021-01-02,06093,quantile,0.025,3.3315247295815276
29691,2020-12-27,6 day ahead inc hosp,2021-01-02,06093,quantile,0.05,3.8436358575547422
29692,2020-12-27,6 day ahead inc hosp,2021-01-02,06093,quantile,0.1,4.4340671905196265
29693,2020-12-27,6 day ahead inc hosp,2021-01-02,06093,quantile,0.15,4.8324284077919915
29694,2020-12-27,6 day ahead inc hosp,2021-01-02,06093,quantile,0.2,5.149033274972494
29695,2020-12-27,6 day ahead inc hosp,2021-01-02,06093,quantile,0.25,5.420652059981443
29696,2020-12-27,6 day ahead inc hosp,2021-01-02,06093,quantile,0.3,5.664574123650942
29697,2020-12-27,6 day ahead inc hosp,2021-01-02,06093,quantile,0.35,5.890604267295078
29698,2020-12-27,6 day ahead inc hosp,2021-01-02,06093,quantile,0.4,6.105084770077425
29699,2020-12-27,6 day ahead inc hosp,2021-01-02,06093,quantile,0.45,6.312597138681981
29700,2020-12-27,6 day ahead inc hosp,2021-01-02,06093,quantile,0.5,6.516819477081299
29701,2020-12-27,6 day ahead inc hosp,2021-01-02,06093,quantile,0.55,6.809998867023377
29702,2020-12-27,6 day ahead inc hosp,2021-01-02,06093,quantile,0.6,7.107901388901085
29703,2020-12-27,6 day ahead inc hosp,2021-01-02,06093,quantile,0.65,7.4158072891716325
29704,2020-12-27,6 day ahead inc hosp,2021-01-02,06093,quantile,0.7,7.740293729496955
29705,2020-12-27,6 day ahead inc hosp,2021-01-02,06093,quantile,0.75,8.090465617550683
29706,2020-12-27,6 day ahead inc hosp,2021-01-02,06093,quantile,0.8,8.480398620521322
29707,2020-12-27,6 day ahead inc hosp,2021-01-02,06093,quantile,0.85,8.934913158647786
29708,2020-12-27,6 day ahead inc hosp,2021-01-02,06093,quantile,0.9,9.506796232614613
29709,2020-12-27,6 day ahead inc hosp,2021-01-02,06093,quantile,0.95,10.354413096460645
29710,2020-12-27,6 day ahead inc hosp,2021-01-02,06093,quantile,0.975,11.089594317371775
29711,2020-12-27,6 day ahead inc hosp,2021-01-02,06093,quantile,0.99,11.944401367405465
29712,2020-12-27,7 day ahead inc hosp,2021-01-03,06093,point,NA,6.223426342010498
29713,2020-12-27,7 day ahead inc hosp,2021-01-03,06093,quantile,0.01,2.5260833761655
29714,2020-12-27,7 day ahead inc hosp,2021-01-03,06093,quantile,0.025,3.10838962183101
29715,2020-12-27,7 day ahead inc hosp,2021-01-03,06093,quantile,0.05,3.6092051176972104
29716,2020-12-27,7 day ahead inc hosp,2021-01-03,06093,quantile,0.1,4.186613310258915
29717,2020-12-27,7 day ahead inc hosp,2021-01-03,06093,quantile,0.15,4.576187876528754
29718,2020-12-27,7 day ahead inc hosp,2021-01-03,06093,quantile,0.2,4.885809392034952
29719,2020-12-27,7 day ahead inc hosp,2021-01-03,06093,quantile,0.25,5.1514370831167735
29720,2020-12-27,7 day ahead inc hosp,2021-01-03,06093,quantile,0.3,5.389978959277168
29721,2020-12-27,7 day ahead inc hosp,2021-01-03,06093,quantile,0.35,5.611023557385896
29722,2020-12-27,7 day ahead inc hosp,2021-01-03,06093,quantile,0.4,5.820773264992701
29723,2020-12-27,7 day ahead inc hosp,2021-01-03,06093,quantile,0.45,6.023708534515874
29724,2020-12-27,7 day ahead inc hosp,2021-01-03,06093,quantile,0.5,6.223426342010498
29725,2020-12-27,7 day ahead inc hosp,2021-01-03,06093,quantile,0.55,6.5139526241733705
29726,2020-12-27,7 day ahead inc hosp,2021-01-03,06093,quantile,0.6,6.8091592965972865
29727,2020-12-27,7 day ahead inc hosp,2021-01-03,06093,quantile,0.65,7.114278822493318
29728,2020-12-27,7 day ahead inc hosp,2021-01-03,06093,quantile,0.7,7.435828843927655
29729,2020-12-27,7 day ahead inc hosp,2021-01-03,06093,quantile,0.75,7.782831874305411
29730,2020-12-27,7 day ahead inc hosp,2021-01-03,06093,quantile,0.8,8.169236203982358
29731,2020-12-27,7 day ahead inc hosp,2021-01-03,06093,quantile,0.85,8.6196376424223
29732,2020-12-27,7 day ahead inc hosp,2021-01-03,06093,quantile,0.9,9.186345497787858
29733,2020-12-27,7 day ahead inc hosp,2021-01-03,06093,quantile,0.95,10.02629190807404
29734,2020-12-27,7 day ahead inc hosp,2021-01-03,06093,quantile,0.975,10.754820154447259
29735,2020-12-27,7 day ahead inc hosp,2021-01-03,06093,quantile,0.99,11.601891683799868
29736,2020-12-27,8 day ahead inc hosp,2021-01-04,06093,point,NA,5.382723808288574
29737,2020-12-27,8 day ahead inc hosp,2021-01-04,06093,quantile,0.01,3.4881199912193805
29738,2020-12-27,8 day ahead inc hosp,2021-01-04,06093,quantile,0.025,3.7865071427312964
29739,2020-12-27,8 day ahead inc hosp,2021-01-04,06093,quantile,0.05,4.043136554414411
29740,2020-12-27,8 day ahead inc hosp,2021-01-04,06093,quantile,0.1,4.339013830539487
29741,2020-12-27,8 day ahead inc hosp,2021-01-04,06093,quantile,0.15,4.538640824060557
29742,2020-12-27,8 day ahead inc hosp,2021-01-04,06093,quantile,0.2,4.697298030206627
29743,2020-12-27,8 day ahead inc hosp,2021-01-04,06093,quantile,0.25,4.833411785974447
29744,2020-12-27,8 day ahead inc hosp,2021-01-04,06093,quantile,0.3,4.955646145426423
29745,2020-12-27,8 day ahead inc hosp,2021-01-04,06093,quantile,0.35,5.06891449601981
29746,2020-12-27,8 day ahead inc hosp,2021-01-04,06093,quantile,0.4,5.176395084196778
29747,2020-12-27,8 day ahead inc hosp,2021-01-04,06093,quantile,0.45,5.280383797120709
29748,2020-12-27,8 day ahead inc hosp,2021-01-04,06093,quantile,0.5,5.382723808288574
29749,2020-12-27,8 day ahead inc hosp,2021-01-04,06093,quantile,0.55,5.6277466330881
29750,2020-12-27,8 day ahead inc hosp,2021-01-04,06093,quantile,0.6,5.876716785593703
29751,2020-12-27,8 day ahead inc hosp,2021-01-04,06093,quantile,0.65,6.134047198456749
29752,2020-12-27,8 day ahead inc hosp,2021-01-04,06093,quantile,0.7,6.405234693025726
29753,2020-12-27,8 day ahead inc hosp,2021-01-04,06093,quantile,0.75,6.697888638425022
29754,2020-12-27,8 day ahead inc hosp,2021-01-04,06093,quantile,0.8,7.023772684671602
29755,2020-12-27,8 day ahead inc hosp,2021-01-04,06093,quantile,0.85,7.403630341330892
29756,2020-12-27,8 day ahead inc hosp,2021-01-04,06093,quantile,0.9,7.881578011070133
29757,2020-12-27,8 day ahead inc hosp,2021-01-04,06093,quantile,0.95,8.589968455460857
29758,2020-12-27,8 day ahead inc hosp,2021-01-04,06093,quantile,0.975,9.204391520884379
29759,2020-12-27,8 day ahead inc hosp,2021-01-04,06093,quantile,0.99,9.91879111800198
29760,2020-12-27,9 day ahead inc hosp,2021-01-05,06093,point,NA,5.454535961151123
29761,2020-12-27,9 day ahead inc hosp,2021-01-05,06093,quantile,0.01,3.451163851019518
29762,2020-12-27,9 day ahead inc hosp,2021-01-05,06093,quantile,0.025,3.7666812652540713
29763,2020-12-27,9 day ahead inc hosp,2021-01-05,06093,quantile,0.05,4.03804364791872
29764,2020-12-27,9 day ahead inc hosp,2021-01-05,06093,quantile,0.1,4.350907096028746
29765,2020-12-27,9 day ahead inc hosp,2021-01-05,06093,quantile,0.15,4.561994579146029
29766,2020-12-27,9 day ahead inc hosp,2021-01-05,06093,quantile,0.2,4.729760219118256
29767,2020-12-27,9 day ahead inc hosp,2021-01-05,06093,quantile,0.25,4.873688200078592
29768,2020-12-27,9 day ahead inc hosp,2021-01-05,06093,quantile,0.3,5.0029399752622306
29769,2020-12-27,9 day ahead inc hosp,2021-01-05,06093,quantile,0.35,5.122711007335006
29770,2020-12-27,9 day ahead inc hosp,2021-01-05,06093,quantile,0.4,5.236362004337308
29771,2020-12-27,9 day ahead inc hosp,2021-01-05,06093,quantile,0.45,5.346320659209308
29772,2020-12-27,9 day ahead inc hosp,2021-01-05,06093,quantile,0.5,5.454535961151123
29773,2020-12-27,9 day ahead inc hosp,2021-01-05,06093,quantile,0.55,5.672923522259414
29774,2020-12-27,9 day ahead inc hosp,2021-01-05,06093,quantile,0.6,5.894829315888822
29775,2020-12-27,9 day ahead inc hosp,2021-01-05,06093,quantile,0.65,6.1241865658108665
29776,2020-12-27,9 day ahead inc hosp,2021-01-05,06093,quantile,0.7,6.36589456011892
29777,2020-12-27,9 day ahead inc hosp,2021-01-05,06093,quantile,0.75,6.626735489680332
29778,2020-12-27,9 day ahead inc hosp,2021-01-05,06093,quantile,0.8,6.917194234175347
29779,2020-12-27,9 day ahead inc hosp,2021-01-05,06093,quantile,0.85,7.255759375092348
29780,2020-12-27,9 day ahead inc hosp,2021-01-05,06093,quantile,0.9,7.681751631189895
29781,2020-12-27,9 day ahead inc hosp,2021-01-05,06093,quantile,0.95,8.313136326021837
29782,2020-12-27,9 day ahead inc hosp,2021-01-05,06093,quantile,0.975,8.860768387876927
29783,2020-12-27,9 day ahead inc hosp,2021-01-05,06093,quantile,0.99,9.497509009077866
29784,2020-12-27,10 day ahead inc hosp,2021-01-06,06093,point,NA,5.273153781890869
29785,2020-12-27,10 day ahead inc hosp,2021-01-06,06093,quantile,0.01,3.2942616024833216
29786,2020-12-27,10 day ahead inc hosp,2021-01-06,06093,quantile,0.025,3.605923594949929
29787,2020-12-27,10 day ahead inc hosp,2021-01-06,06093,quantile,0.05,3.8739701021987467
29788,2020-12-27,10 day ahead inc hosp,2021-01-06,06093,quantile,0.1,4.183010558315878
29789,2020-12-27,10 day ahead inc hosp,2021-01-06,06093,quantile,0.15,4.39151868688525
29790,2020-12-27,10 day ahead inc hosp,2021-01-06,06093,quantile,0.2,4.55723433763
29791,2020-12-27,10 day ahead inc hosp,2021-01-06,06093,quantile,0.25,4.699403610367664
29792,2020-12-27,10 day ahead inc hosp,2021-01-06,06093,quantile,0.3,4.827076011212179
29793,2020-12-27,10 day ahead inc hosp,2021-01-06,06093,quantile,0.35,4.945383517585928
29794,2020-12-27,10 day ahead inc hosp,2021-01-06,06093,quantile,0.4,5.057645771818343
29795,2020-12-27,10 day ahead inc hosp,2021-01-06,06093,quantile,0.45,5.16626080198869
29796,2020-12-27,10 day ahead inc hosp,2021-01-06,06093,quantile,0.5,5.273153781890869
29797,2020-12-27,10 day ahead inc hosp,2021-01-06,06093,quantile,0.55,5.515387465532256
29798,2020-12-27,10 day ahead inc hosp,2021-01-06,06093,quantile,0.6,5.7615235437018475
29799,2020-12-27,10 day ahead inc hosp,2021-01-06,06093,quantile,0.65,6.015924715803978
29800,2020-12-27,10 day ahead inc hosp,2021-01-06,06093,quantile,0.7,6.284025231830064
29801,2020-12-27,10 day ahead inc hosp,2021-01-06,06093,quantile,0.75,6.573347842016516
29802,2020-12-27,10 day ahead inc hosp,2021-01-06,06093,quantile,0.8,6.895522288527191
29803,2020-12-27,10 day ahead inc hosp,2021-01-06,06093,quantile,0.85,7.271055953634717
29804,2020-12-27,10 day ahead inc hosp,2021-01-06,06093,quantile,0.9,7.743563054650627
29805,2020-12-27,10 day ahead inc hosp,2021-01-06,06093,quantile,0.95,8.443889756628378
29806,2020-12-27,10 day ahead inc hosp,2021-01-06,06093,quantile,0.975,9.051318728086635
29807,2020-12-27,10 day ahead inc hosp,2021-01-06,06093,quantile,0.99,9.757586179469206
29808,2020-12-27,11 day ahead inc hosp,2021-01-07,06093,point,NA,5.2094831466674805
29809,2020-12-27,11 day ahead inc hosp,2021-01-07,06093,quantile,0.01,2.9224691391681024
29810,2020-12-27,11 day ahead inc hosp,2021-01-07,06093,quantile,0.025,3.282658213536819
29811,2020-12-27,11 day ahead inc hosp,2021-01-07,06093,quantile,0.05,3.5924406883570796
29812,2020-12-27,11 day ahead inc hosp,2021-01-07,06093,quantile,0.1,3.9496000421504114
29813,2020-12-27,11 day ahead inc hosp,2021-01-07,06093,quantile,0.15,4.1905737625369355
29814,2020-12-27,11 day ahead inc hosp,2021-01-07,06093,quantile,0.2,4.382092036477754
29815,2020-12-27,11 day ahead inc hosp,2021-01-07,06093,quantile,0.25,4.546397662408511
29816,2020-12-27,11 day ahead inc hosp,2021-01-07,06093,quantile,0.3,4.6939491925731796
29817,2020-12-27,11 day ahead inc hosp,2021-01-07,06093,quantile,0.35,4.830677674844555
29818,2020-12-27,11 day ahead inc hosp,2021-01-07,06093,quantile,0.4,4.9604196338126565
29819,2020-12-27,11 day ahead inc hosp,2021-01-07,06093,quantile,0.45,5.085946480605753
29820,2020-12-27,11 day ahead inc hosp,2021-01-07,06093,quantile,0.5,5.2094831466674805
29821,2020-12-27,11 day ahead inc hosp,2021-01-07,06093,quantile,0.55,5.506810768217044
29822,2020-12-27,11 day ahead inc hosp,2021-01-07,06093,quantile,0.6,5.808928349882711
29823,2020-12-27,11 day ahead inc hosp,2021-01-07,06093,quantile,0.65,6.121190848984733
29824,2020-12-27,11 day ahead inc hosp,2021-01-07,06093,quantile,0.7,6.450268488262425
29825,2020-12-27,11 day ahead inc hosp,2021-01-07,06093,quantile,0.75,6.805395001859115
29826,2020-12-27,11 day ahead inc hosp,2021-01-07,06093,quantile,0.8,7.200845215326867
29827,2020-12-27,11 day ahead inc hosp,2021-01-07,06093,quantile,0.85,7.661790736113778
29828,2020-12-27,11 day ahead inc hosp,2021-01-07,06093,quantile,0.9,8.24176545473436
29829,2020-12-27,11 day ahead inc hosp,2021-01-07,06093,quantile,0.95,9.101375354879222
29830,2020-12-27,11 day ahead inc hosp,2021-01-07,06093,quantile,0.975,9.846958746210369
29831,2020-12-27,11 day ahead inc hosp,2021-01-07,06093,quantile,0.99,10.713860567380436
29832,2020-12-27,12 day ahead inc hosp,2021-01-08,06093,point,NA,5.031064510345459
29833,2020-12-27,12 day ahead inc hosp,2021-01-08,06093,quantile,0.01,3.037715520621617
29834,2020-12-27,12 day ahead inc hosp,2021-01-08,06093,quantile,0.025,3.351654361900289
29835,2020-12-27,12 day ahead inc hosp,2021-01-08,06093,quantile,0.05,3.6216590847363763
29836,2020-12-27,12 day ahead inc hosp,2021-01-08,06093,quantile,0.1,3.9329572380138877
29837,2020-12-27,12 day ahead inc hosp,2021-01-08,06093,quantile,0.15,4.142988624138926
29838,2020-12-27,12 day ahead inc hosp,2021-01-08,06093,quantile,0.2,4.309914911700673
29839,2020-12-27,12 day ahead inc hosp,2021-01-08,06093,quantile,0.25,4.453122803030174
29840,2020-12-27,12 day ahead inc hosp,2021-01-08,06093,quantile,0.3,4.581727915470016
29841,2020-12-27,12 day ahead inc hosp,2021-01-08,06093,quantile,0.35,4.7008997181386505
29842,2020-12-27,12 day ahead inc hosp,2021-01-08,06093,quantile,0.4,4.813982105035193
29843,2020-12-27,12 day ahead inc hosp,2021-01-08,06093,quantile,0.45,4.9233906230494
29844,2020-12-27,12 day ahead inc hosp,2021-01-08,06093,quantile,0.5,5.031064510345459
29845,2020-12-27,12 day ahead inc hosp,2021-01-08,06093,quantile,0.55,5.3183762343335275
29846,2020-12-27,12 day ahead inc hosp,2021-01-08,06093,quantile,0.6,5.610316561919268
29847,2020-12-27,12 day ahead inc hosp,2021-01-08,06093,quantile,0.65,5.912060061181978
29848,2020-12-27,12 day ahead inc hosp,2021-01-08,06093,quantile,0.7,6.230052259061367
29849,2020-12-27,12 day ahead inc hosp,2021-01-08,06093,quantile,0.75,6.573215838427399
29850,2020-12-27,12 day ahead inc hosp,2021-01-08,06093,quantile,0.8,6.955344757330849
29851,2020-12-27,12 day ahead inc hosp,2021-01-08,06093,quantile,0.85,7.400762682351275
29852,2020-12-27,12 day ahead inc hosp,2021-01-08,06093,quantile,0.9,7.961200139886973
29853,2020-12-27,12 day ahead inc hosp,2021-01-08,06093,quantile,0.95,8.791852876019197
29854,2020-12-27,12 day ahead inc hosp,2021-01-08,06093,quantile,0.975,9.512320246066459
29855,2020-12-27,12 day ahead inc hosp,2021-01-08,06093,quantile,0.99,10.350019264646367
29856,2020-12-27,13 day ahead inc hosp,2021-01-09,06093,point,NA,4.79766321182251
29857,2020-12-27,13 day ahead inc hosp,2021-01-09,06093,quantile,0.01,1.0965877654471643
29858,2020-12-27,13 day ahead inc hosp,2021-01-09,06093,quantile,0.025,1.6794818512845828
29859,2020-12-27,13 day ahead inc hosp,2021-01-09,06093,quantile,0.05,2.1808029221285126
29860,2020-12-27,13 day ahead inc hosp,2021-01-09,06093,quantile,0.1,2.758794010260553
29861,2020-12-27,13 day ahead inc hosp,2021-01-09,06093,quantile,0.15,3.148761853404393
29862,2020-12-27,13 day ahead inc hosp,2021-01-09,06093,quantile,0.2,3.4586959329029177
29863,2020-12-27,13 day ahead inc hosp,2021-01-09,06093,quantile,0.25,3.7245917760589293
29864,2020-12-27,13 day ahead inc hosp,2021-01-09,06093,quantile,0.3,3.963374461069535
29865,2020-12-27,13 day ahead inc hosp,2021-01-09,06093,quantile,0.35,4.184642204465676
29866,2020-12-27,13 day ahead inc hosp,2021-01-09,06093,quantile,0.4,4.394603655128811
29867,2020-12-27,13 day ahead inc hosp,2021-01-09,06093,quantile,0.45,4.597743788509466
29868,2020-12-27,13 day ahead inc hosp,2021-01-09,06093,quantile,0.5,4.79766321182251
29869,2020-12-27,13 day ahead inc hosp,2021-01-09,06093,quantile,0.55,5.087635383789726
29870,2020-12-27,13 day ahead inc hosp,2021-01-09,06093,quantile,0.6,5.382279019280121
29871,2020-12-27,13 day ahead inc hosp,2021-01-09,06093,quantile,0.65,5.686816601818277
29872,2020-12-27,13 day ahead inc hosp,2021-01-09,06093,quantile,0.7,6.007753342609072
29873,2020-12-27,13 day ahead inc hosp,2021-01-09,06093,quantile,0.75,6.354094546746445
29874,2020-12-27,13 day ahead inc hosp,2021-01-09,06093,quantile,0.8,6.739761901520033
29875,2020-12-27,13 day ahead inc hosp,2021-01-09,06093,quantile,0.85,7.189304305702146
29876,2020-12-27,13 day ahead inc hosp,2021-01-09,06093,quantile,0.9,7.754931299817288
29877,2020-12-27,13 day ahead inc hosp,2021-01-09,06093,quantile,0.95,8.59327571090987
29878,2020-12-27,13 day ahead inc hosp,2021-01-09,06093,quantile,0.975,9.320414461895155
29879,2020-12-27,13 day ahead inc hosp,2021-01-09,06093,quantile,0.99,10.165870402574097
29880,2020-12-27,14 day ahead inc hosp,2021-01-10,06093,point,NA,4.869149684906006
29881,2020-12-27,14 day ahead inc hosp,2021-01-10,06093,quantile,0.01,1.109672662829169
29882,2020-12-27,14 day ahead inc hosp,2021-01-10,06093,quantile,0.025,1.7017645976629718
29883,2020-12-27,14 day ahead inc hosp,2021-01-10,06093,quantile,0.05,2.210996326069508
29884,2020-12-27,14 day ahead inc hosp,2021-01-10,06093,quantile,0.1,2.798107895741958
29885,2020-12-27,14 day ahead inc hosp,2021-01-10,06093,quantile,0.15,3.194229284481529
29886,2020-12-27,14 day ahead inc hosp,2021-01-10,06093,quantile,0.2,3.509054006948176
29887,2020-12-27,14 day ahead inc hosp,2021-01-10,06093,quantile,0.25,3.7791455862997294
29888,2020-12-27,14 day ahead inc hosp,2021-01-10,06093,quantile,0.3,4.02169617208861
29889,2020-12-27,14 day ahead inc hosp,2021-01-10,06093,quantile,0.35,4.246455437085292
29890,2020-12-27,14 day ahead inc hosp,2021-01-10,06093,quantile,0.4,4.459730000310697
29891,2020-12-27,14 day ahead inc hosp,2021-01-10,06093,quantile,0.45,4.666075608437688
29892,2020-12-27,14 day ahead inc hosp,2021-01-10,06093,quantile,0.5,4.869149684906006
29893,2020-12-27,14 day ahead inc hosp,2021-01-10,06093,quantile,0.55,5.160102657385535
29894,2020-12-27,14 day ahead inc hosp,2021-01-10,06093,quantile,0.6,5.455742894124519
29895,2020-12-27,14 day ahead inc hosp,2021-01-10,06093,quantile,0.65,5.761310543151281
29896,2020-12-27,14 day ahead inc hosp,2021-01-10,06093,quantile,0.7,6.083332818866521
29897,2020-12-27,14 day ahead inc hosp,2021-01-10,06093,quantile,0.75,6.4308454858658255
29898,2020-12-27,14 day ahead inc hosp,2021-01-10,06093,quantile,0.8,6.817817320088521
29899,2020-12-27,14 day ahead inc hosp,2021-01-10,06093,quantile,0.85,7.268880254386804
29900,2020-12-27,14 day ahead inc hosp,2021-01-10,06093,quantile,0.9,7.8364204225898
29901,2020-12-27,14 day ahead inc hosp,2021-01-10,06093,quantile,0.95,8.677600445880323
29902,2020-12-27,14 day ahead inc hosp,2021-01-10,06093,quantile,0.975,9.407198667561193
29903,2020-12-27,14 day ahead inc hosp,2021-01-10,06093,quantile,0.99,10.255514274442342
29904,2020-12-27,15 day ahead inc hosp,2021-01-11,06093,point,NA,4.486170291900635
29905,2020-12-27,15 day ahead inc hosp,2021-01-11,06093,quantile,0.01,2.6518130756438913
29906,2020-12-27,15 day ahead inc hosp,2021-01-11,06093,quantile,0.025,2.9407117993152516
29907,2020-12-27,15 day ahead inc hosp,2021-01-11,06093,quantile,0.05,3.189180639599157
29908,2020-12-27,15 day ahead inc hosp,2021-01-11,06093,quantile,0.1,3.475649299535675
29909,2020-12-27,15 day ahead inc hosp,2021-01-11,06093,quantile,0.15,3.6689283443818295
29910,2020-12-27,15 day ahead inc hosp,2021-01-11,06093,quantile,0.2,3.8225404021551452
29911,2020-12-27,15 day ahead inc hosp,2021-01-11,06093,quantile,0.25,3.9543258698476715
29912,2020-12-27,15 day ahead inc hosp,2021-01-11,06093,quantile,0.3,4.072673292836666
29913,2020-12-27,15 day ahead inc hosp,2021-01-11,06093,quantile,0.35,4.182339817527769
29914,2020-12-27,15 day ahead inc hosp,2021-01-11,06093,quantile,0.4,4.286402625146795
29915,2020-12-27,15 day ahead inc hosp,2021-01-11,06093,quantile,0.45,4.387084595827263
29916,2020-12-27,15 day ahead inc hosp,2021-01-11,06093,quantile,0.5,4.486170291900635
29917,2020-12-27,15 day ahead inc hosp,2021-01-11,06093,quantile,0.55,4.735495807086436
29918,2020-12-27,15 day ahead inc hosp,2021-01-11,06093,quantile,0.6,4.988837966496017
29919,2020-12-27,15 day ahead inc hosp,2021-01-11,06093,quantile,0.65,5.25068719549151
29920,2020-12-27,15 day ahead inc hosp,2021-01-11,06093,quantile,0.7,5.52663684161398
29921,2020-12-27,15 day ahead inc hosp,2021-01-11,06093,quantile,0.75,5.824429897291697
29922,2020-12-27,15 day ahead inc hosp,2021-01-11,06093,quantile,0.8,6.156036586536835
29923,2020-12-27,15 day ahead inc hosp,2021-01-11,06093,quantile,0.85,6.542564682526822
29924,2020-12-27,15 day ahead inc hosp,2021-01-11,06093,quantile,0.9,7.028905288089135
29925,2020-12-27,15 day ahead inc hosp,2021-01-11,06093,quantile,0.95,7.749735327677993
29926,2020-12-27,15 day ahead inc hosp,2021-01-11,06093,quantile,0.975,8.374947886769572
29927,2020-12-27,15 day ahead inc hosp,2021-01-11,06093,quantile,0.99,9.101892602004199
29928,2020-12-27,16 day ahead inc hosp,2021-01-12,06093,point,NA,4.627281188964844
29929,2020-12-27,16 day ahead inc hosp,2021-01-12,06093,quantile,0.01,2.6906211712189503
29930,2020-12-27,16 day ahead inc hosp,2021-01-12,06093,quantile,0.025,2.995631886881996
29931,2020-12-27,16 day ahead inc hosp,2021-01-12,06093,quantile,0.05,3.257957929142993
29932,2020-12-27,16 day ahead inc hosp,2021-01-12,06093,quantile,0.1,3.5604030554899913
29933,2020-12-27,16 day ahead inc hosp,2021-01-12,06093,quantile,0.15,3.764461346374852
29934,2020-12-27,16 day ahead inc hosp,2021-01-12,06093,quantile,0.2,3.9266404071906793
29935,2020-12-27,16 day ahead inc hosp,2021-01-12,06093,quantile,0.25,4.065775600673264
29936,2020-12-27,16 day ahead inc hosp,2021-01-12,06093,quantile,0.3,4.190723304574558
29937,2020-12-27,16 day ahead inc hosp,2021-01-12,06093,quantile,0.35,4.306505973169394
29938,2020-12-27,16 day ahead inc hosp,2021-01-12,06093,quantile,0.4,4.416372403254046
29939,2020-12-27,16 day ahead inc hosp,2021-01-12,06093,quantile,0.45,4.522669445834784
29940,2020-12-27,16 day ahead inc hosp,2021-01-12,06093,quantile,0.5,4.627281188964844
29941,2020-12-27,16 day ahead inc hosp,2021-01-12,06093,quantile,0.55,4.843077434793446
29942,2020-12-27,16 day ahead inc hosp,2021-01-12,06093,quantile,0.6,5.062350166948265
29943,2020-12-27,16 day ahead inc hosp,2021-01-12,06093,quantile,0.65,5.288985938855654
29944,2020-12-27,16 day ahead inc hosp,2021-01-12,06093,quantile,0.7,5.527825905260951
29945,2020-12-27,16 day ahead inc hosp,2021-01-12,06093,quantile,0.75,5.7855717817757935
29946,2020-12-27,16 day ahead inc hosp,2021-01-12,06093,quantile,0.8,6.072584037931868
29947,2020-12-27,16 day ahead inc hosp,2021-01-12,06093,quantile,0.85,6.4071318757645
29948,2020-12-27,16 day ahead inc hosp,2021-01-12,06093,quantile,0.9,6.828069447260722
29949,2020-12-27,16 day ahead inc hosp,2021-01-12,06093,quantile,0.95,7.451962338077925
29950,2020-12-27,16 day ahead inc hosp,2021-01-12,06093,quantile,0.975,7.993096377232771
29951,2020-12-27,16 day ahead inc hosp,2021-01-12,06093,quantile,0.99,8.622281642750705
29952,2020-12-27,17 day ahead inc hosp,2021-01-13,06093,point,NA,4.599878787994385
29953,2020-12-27,17 day ahead inc hosp,2021-01-13,06093,quantile,0.01,2.653132281700363
29954,2020-12-27,17 day ahead inc hosp,2021-01-13,06093,quantile,0.025,2.9597315503682733
29955,2020-12-27,17 day ahead inc hosp,2021-01-13,06093,quantile,0.05,3.223423835850536
29956,2020-12-27,17 day ahead inc hosp,2021-01-13,06093,quantile,0.1,3.5274441531321243
29957,2020-12-27,17 day ahead inc hosp,2021-01-13,06093,quantile,0.15,3.732565217862317
29958,2020-12-27,17 day ahead inc hosp,2021-01-13,06093,quantile,0.2,3.895588937639798
29959,2020-12-27,17 day ahead inc hosp,2021-01-13,06093,quantile,0.25,4.0354487733016216
29960,2020-12-27,17 day ahead inc hosp,2021-01-13,06093,quantile,0.3,4.161047228275879
29961,2020-12-27,17 day ahead inc hosp,2021-01-13,06093,quantile,0.35,4.277432914721114
29962,2020-12-27,17 day ahead inc hosp,2021-01-13,06093,quantile,0.4,4.38787154977655
29963,2020-12-27,17 day ahead inc hosp,2021-01-13,06093,quantile,0.45,4.4947222072885955
29964,2020-12-27,17 day ahead inc hosp,2021-01-13,06093,quantile,0.5,4.599878787994385
29965,2020-12-27,17 day ahead inc hosp,2021-01-13,06093,quantile,0.55,4.839775816354086
29966,2020-12-27,17 day ahead inc hosp,2021-01-13,06093,quantile,0.6,5.083537595630053
29967,2020-12-27,17 day ahead inc hosp,2021-01-13,06093,quantile,0.65,5.335484741382407
29968,2020-12-27,17 day ahead inc hosp,2021-01-13,06093,quantile,0.7,5.6009990832754095
29969,2020-12-27,17 day ahead inc hosp,2021-01-13,06093,quantile,0.75,5.887530804948586
29970,2020-12-27,17 day ahead inc hosp,2021-01-13,06093,quantile,0.8,6.2065974647520346
29971,2020-12-27,17 day ahead inc hosp,2021-01-13,06093,quantile,0.85,6.578508624893144
29972,2020-12-27,17 day ahead inc hosp,2021-01-13,06093,quantile,0.9,7.04645778748932
29973,2020-12-27,17 day ahead inc hosp,2021-01-13,06093,quantile,0.95,7.740028938123087
29974,2020-12-27,17 day ahead inc hosp,2021-01-13,06093,quantile,0.975,8.341598476272688
29975,2020-12-27,17 day ahead inc hosp,2021-01-13,06093,quantile,0.99,9.04105307014615
29976,2020-12-27,18 day ahead inc hosp,2021-01-14,06093,point,NA,4.61747407913208
29977,2020-12-27,18 day ahead inc hosp,2021-01-14,06093,quantile,0.01,2.4670634789912333
29978,2020-12-27,18 day ahead inc hosp,2021-01-14,06093,quantile,0.025,2.805738450389553
29979,2020-12-27,18 day ahead inc hosp,2021-01-14,06093,quantile,0.05,3.0970176097680886
29980,2020-12-27,18 day ahead inc hosp,2021-01-14,06093,quantile,0.1,3.43284382588139
29981,2020-12-27,18 day ahead inc hosp,2021-01-14,06093,quantile,0.15,3.6594241795544966
29982,2020-12-27,18 day ahead inc hosp,2021-01-14,06093,quantile,0.2,3.8395030619105013
29983,2020-12-27,18 day ahead inc hosp,2021-01-14,06093,quantile,0.25,3.993994708444228
29984,2020-12-27,18 day ahead inc hosp,2021-01-14,06093,quantile,0.3,4.13273298179658
29985,2020-12-27,18 day ahead inc hosp,2021-01-14,06093,quantile,0.35,4.261294668193516
29986,2020-12-27,18 day ahead inc hosp,2021-01-14,06093,quantile,0.4,4.383287136509484
29987,2020-12-27,18 day ahead inc hosp,2021-01-14,06093,quantile,0.45,4.501316261412518
29988,2020-12-27,18 day ahead inc hosp,2021-01-14,06093,quantile,0.5,4.61747407913208
29989,2020-12-27,18 day ahead inc hosp,2021-01-14,06093,quantile,0.55,4.909706972761576
29990,2020-12-27,18 day ahead inc hosp,2021-01-14,06093,quantile,0.6,5.206647750232484
29991,2020-12-27,18 day ahead inc hosp,2021-01-14,06093,quantile,0.65,5.51355961132693
29992,2020-12-27,18 day ahead inc hosp,2021-01-14,06093,quantile,0.7,5.8369984840885465
29993,2020-12-27,18 day ahead inc hosp,2021-01-14,06093,quantile,0.75,6.18603988203218
29994,2020-12-27,18 day ahead inc hosp,2021-01-14,06093,quantile,0.8,6.574714030655868
29995,2020-12-27,18 day ahead inc hosp,2021-01-14,06093,quantile,0.85,7.027761220294989
29996,2020-12-27,18 day ahead inc hosp,2021-01-14,06093,quantile,0.9,7.597798034806662
29997,2020-12-27,18 day ahead inc hosp,2021-01-14,06093,quantile,0.95,8.4426784640204
29998,2020-12-27,18 day ahead inc hosp,2021-01-14,06093,quantile,0.975,9.1754862359834
29999,2020-12-27,18 day ahead inc hosp,2021-01-14,06093,quantile,0.99,10.027533638686542
30000,2020-12-27,19 day ahead inc hosp,2021-01-15,06093,point,NA,4.450480937957764
30001,2020-12-27,19 day ahead inc hosp,2021-01-15,06093,quantile,0.01,2.553932398418917
30002,2020-12-27,19 day ahead inc hosp,2021-01-15,06093,quantile,0.025,2.852625830427564
30003,2020-12-27,19 day ahead inc hosp,2021-01-15,06093,quantile,0.05,3.109518660234709
30004,2020-12-27,19 day ahead inc hosp,2021-01-15,06093,quantile,0.1,3.4056996405864726
30005,2020-12-27,19 day ahead inc hosp,2021-01-15,06093,quantile,0.15,3.605531541907448
30006,2020-12-27,19 day ahead inc hosp,2021-01-15,06093,quantile,0.2,3.7643516022771744
30007,2020-12-27,19 day ahead inc hosp,2021-01-15,06093,quantile,0.25,3.9006050724680765
30008,2020-12-27,19 day ahead inc hosp,2021-01-15,06093,quantile,0.3,4.022964899790035
30009,2020-12-27,19 day ahead inc hosp,2021-01-15,06093,quantile,0.35,4.1363495150634115
30010,2020-12-27,19 day ahead inc hosp,2021-01-15,06093,quantile,0.4,4.243940427052143
30011,2020-12-27,19 day ahead inc hosp,2021-01-15,06093,quantile,0.45,4.3480358795407215
30012,2020-12-27,19 day ahead inc hosp,2021-01-15,06093,quantile,0.5,4.450480937957764
30013,2020-12-27,19 day ahead inc hosp,2021-01-15,06093,quantile,0.55,4.7298354358082
30014,2020-12-27,19 day ahead inc hosp,2021-01-15,06093,quantile,0.6,5.013690346018524
30015,2020-12-27,19 day ahead inc hosp,2021-01-15,06093,quantile,0.65,5.307076924700808
30016,2020-12-27,19 day ahead inc hosp,2021-01-15,06093,quantile,0.7,5.61626218705593
30017,2020-12-27,19 day ahead inc hosp,2021-01-15,06093,quantile,0.75,5.949921698278443
30018,2020-12-27,19 day ahead inc hosp,2021-01-15,06093,quantile,0.8,6.321467386608365
30019,2020-12-27,19 day ahead inc hosp,2021-01-15,06093,quantile,0.85,6.7545492638478475
30020,2020-12-27,19 day ahead inc hosp,2021-01-15,06093,quantile,0.9,7.299465156430644
30021,2020-12-27,19 day ahead inc hosp,2021-01-15,06093,quantile,0.95,8.10711259514061
30022,2020-12-27,19 day ahead inc hosp,2021-01-15,06093,quantile,0.975,8.807626300545602
30023,2020-12-27,19 day ahead inc hosp,2021-01-15,06093,quantile,0.99,9.622124871773108
30024,2020-12-27,20 day ahead inc hosp,2021-01-16,06093,point,NA,4.34749174118042
30025,2020-12-27,20 day ahead inc hosp,2021-01-16,06093,quantile,0.01,0.8614059531350593
30026,2020-12-27,20 day ahead inc hosp,2021-01-16,06093,quantile,0.025,1.4104406372465594
30027,2020-12-27,20 day ahead inc hosp,2021-01-16,06093,quantile,0.05,1.8826407546552084
30028,2020-12-27,20 day ahead inc hosp,2021-01-16,06093,quantile,0.1,2.4270572484954784
30029,2020-12-27,20 day ahead inc hosp,2021-01-16,06093,quantile,0.15,2.7943724722664056
30030,2020-12-27,20 day ahead inc hosp,2021-01-16,06093,quantile,0.2,3.0863029679899863
30031,2020-12-27,20 day ahead inc hosp,2021-01-16,06093,quantile,0.25,3.336753339336592
30032,2020-12-27,20 day ahead inc hosp,2021-01-16,06093,quantile,0.3,3.5616655132999773
30033,2020-12-27,20 day ahead inc hosp,2021-01-16,06093,quantile,0.35,3.770080161091496
30034,2020-12-27,20 day ahead inc hosp,2021-01-16,06093,quantile,0.4,3.9678452809328033
30035,2020-12-27,20 day ahead inc hosp,2021-01-16,06093,quantile,0.45,4.159185323096354
30036,2020-12-27,20 day ahead inc hosp,2021-01-16,06093,quantile,0.5,4.34749174118042
30037,2020-12-27,20 day ahead inc hosp,2021-01-16,06093,quantile,0.55,4.631849289351643
30038,2020-12-27,20 day ahead inc hosp,2021-01-16,06093,quantile,0.6,4.920787849227578
30039,2020-12-27,20 day ahead inc hosp,2021-01-16,06093,quantile,0.65,5.219428783318081
30040,2020-12-27,20 day ahead inc hosp,2021-01-16,06093,quantile,0.7,5.534151344832197
30041,2020-12-27,20 day ahead inc hosp,2021-01-16,06093,quantile,0.75,5.873786472475781
30042,2020-12-27,20 day ahead inc hosp,2021-01-16,06093,quantile,0.8,6.25198629306235
30043,2020-12-27,20 day ahead inc hosp,2021-01-16,06093,quantile,0.85,6.6928243741271585
30044,2020-12-27,20 day ahead inc hosp,2021-01-16,06093,quantile,0.9,7.247499342193493
30045,2020-12-27,20 day ahead inc hosp,2021-01-16,06093,quantile,0.95,8.069611200873112
30046,2020-12-27,20 day ahead inc hosp,2021-01-16,06093,quantile,0.975,8.782670633465276
30047,2020-12-27,20 day ahead inc hosp,2021-01-16,06093,quantile,0.99,9.611756323817108
30048,2020-12-27,21 day ahead inc hosp,2021-01-17,06093,point,NA,5.1174211502075195
30049,2020-12-27,21 day ahead inc hosp,2021-01-17,06093,quantile,0.01,1.537182785080942
30050,2020-12-27,21 day ahead inc hosp,2021-01-17,06093,quantile,0.025,2.101045856546918
30051,2020-12-27,21 day ahead inc hosp,2021-01-17,06093,quantile,0.05,2.5859992051309266
30052,2020-12-27,21 day ahead inc hosp,2021-01-17,06093,quantile,0.1,3.1451193577498646
30053,2020-12-27,21 day ahead inc hosp,2021-01-17,06093,quantile,0.15,3.5223550702929813
30054,2020-12-27,21 day ahead inc hosp,2021-01-17,06093,quantile,0.2,3.8221700560068057
30055,2020-12-27,21 day ahead inc hosp,2021-01-17,06093,quantile,0.25,4.079384617716739
30056,2020-12-27,21 day ahead inc hosp,2021-01-17,06093,quantile,0.3,4.310371243682485
30057,2020-12-27,21 day ahead inc hosp,2021-01-17,06093,quantile,0.35,4.5244147765285065
30058,2020-12-27,21 day ahead inc hosp,2021-01-17,06093,quantile,0.4,4.7275211578366685
30059,2020-12-27,21 day ahead inc hosp,2021-01-17,06093,quantile,0.45,4.924028932283316
30060,2020-12-27,21 day ahead inc hosp,2021-01-17,06093,quantile,0.5,5.1174211502075195
30061,2020-12-27,21 day ahead inc hosp,2021-01-17,06093,quantile,0.55,5.396562752299625
30062,2020-12-27,21 day ahead inc hosp,2021-01-17,06093,quantile,0.6,5.680201336992263
30063,2020-12-27,21 day ahead inc hosp,2021-01-17,06093,quantile,0.65,5.973364326082708
30064,2020-12-27,21 day ahead inc hosp,2021-01-17,06093,quantile,0.7,6.282313958686383
30065,2020-12-27,21 day ahead inc hosp,2021-01-17,06093,quantile,0.75,6.615719188359063
30066,2020-12-27,21 day ahead inc hosp,2021-01-17,06093,quantile,0.8,6.986981722124873
30067,2020-12-27,21 day ahead inc hosp,2021-01-17,06093,quantile,0.85,7.419733548137746
30068,2020-12-27,21 day ahead inc hosp,2021-01-17,06093,quantile,0.9,7.964234160912731
30069,2020-12-27,21 day ahead inc hosp,2021-01-17,06093,quantile,0.95,8.771266092389947
30070,2020-12-27,21 day ahead inc hosp,2021-01-17,06093,quantile,0.975,9.47124593706357
30071,2020-12-27,21 day ahead inc hosp,2021-01-17,06093,quantile,0.99,10.2851237798177
30072,2020-12-27,22 day ahead inc hosp,2021-01-18,06093,point,NA,3.7904741764068604
30073,2020-12-27,22 day ahead inc hosp,2021-01-18,06093,quantile,0.01,1.7224403561468535
30074,2020-12-27,22 day ahead inc hosp,2021-01-18,06093,quantile,0.025,2.048141547761814
30075,2020-12-27,22 day ahead inc hosp,2021-01-18,06093,quantile,0.05,2.3282625407908943
30076,2020-12-27,22 day ahead inc hosp,2021-01-18,06093,quantile,0.1,2.6512241057156425
30077,2020-12-27,22 day ahead inc hosp,2021-01-18,06093,quantile,0.15,2.8691247403069
30078,2020-12-27,22 day ahead inc hosp,2021-01-18,06093,quantile,0.2,3.042305257089346
30079,2020-12-27,22 day ahead inc hosp,2021-01-18,06093,quantile,0.25,3.1908787202030764
30080,2020-12-27,22 day ahead inc hosp,2021-01-18,06093,quantile,0.3,3.3243022819351236
30081,2020-12-27,22 day ahead inc hosp,2021-01-18,06093,quantile,0.35,3.4479390959654816
30082,2020-12-27,22 day ahead inc hosp,2021-01-18,06093,quantile,0.4,3.5652583420098867
30083,2020-12-27,22 day ahead inc hosp,2021-01-18,06093,quantile,0.45,3.6787660702824216
30084,2020-12-27,22 day ahead inc hosp,2021-01-18,06093,quantile,0.5,3.7904741764068604
30085,2020-12-27,22 day ahead inc hosp,2021-01-18,06093,quantile,0.55,4.0808906551705935
30086,2020-12-27,22 day ahead inc hosp,2021-01-18,06093,quantile,0.6,4.37598575525813
30087,2020-12-27,22 day ahead inc hosp,2021-01-18,06093,quantile,0.65,4.680989962289245
30088,2020-12-27,22 day ahead inc hosp,2021-01-18,06093,quantile,0.7,5.002418455009952
30089,2020-12-27,22 day ahead inc hosp,2021-01-18,06093,quantile,0.75,5.349290336797765
30090,2020-12-27,22 day ahead inc hosp,2021-01-18,06093,quantile,0.8,5.735548626300567
30091,2020-12-27,22 day ahead inc hosp,2021-01-18,06093,quantile,0.85,6.185779837081414
30092,2020-12-27,22 day ahead inc hosp,2021-01-18,06093,quantile,0.9,6.752273507181616
30093,2020-12-27,22 day ahead inc hosp,2021-01-18,06093,quantile,0.95,7.591902462639761
30094,2020-12-27,22 day ahead inc hosp,2021-01-18,06093,quantile,0.975,8.32015536429296
30095,2020-12-27,22 day ahead inc hosp,2021-01-18,06093,quantile,0.99,9.166906745903532
30096,2020-12-27,23 day ahead inc hosp,2021-01-19,06093,point,NA,3.8941099643707275
30097,2020-12-27,23 day ahead inc hosp,2021-01-19,06093,quantile,0.01,1.9214159378611115
30098,2020-12-27,23 day ahead inc hosp,2021-01-19,06093,quantile,0.025,2.2321017636108644
30099,2020-12-27,23 day ahead inc hosp,2021-01-19,06093,quantile,0.05,2.4993087136301506
30100,2020-12-27,23 day ahead inc hosp,2021-01-19,06093,quantile,0.1,2.8073812140301424
30101,2020-12-27,23 day ahead inc hosp,2021-01-19,06093,quantile,0.15,3.01523626747254
30102,2020-12-27,23 day ahead inc hosp,2021-01-19,06093,quantile,0.2,3.180432874809274
30103,2020-12-27,23 day ahead inc hosp,2021-01-19,06093,quantile,0.25,3.322156854519361
30104,2020-12-27,23 day ahead inc hosp,2021-01-19,06093,quantile,0.3,3.4494293684627526
30105,2020-12-27,23 day ahead inc hosp,2021-01-19,06093,quantile,0.35,3.56736632002755
30106,2020-12-27,23 day ahead inc hosp,2021-01-19,06093,quantile,0.4,3.6792769539829036
30107,2020-12-27,23 day ahead inc hosp,2021-01-19,06093,quantile,0.45,3.787551787465924
30108,2020-12-27,23 day ahead inc hosp,2021-01-19,06093,quantile,0.5,3.8941099643707275
30109,2020-12-27,23 day ahead inc hosp,2021-01-19,06093,quantile,0.55,4.1311904381725055
30110,2020-12-27,23 day ahead inc hosp,2021-01-19,06093,quantile,0.6,4.372090288081686
30111,2020-12-27,23 day ahead inc hosp,2021-01-19,06093,quantile,0.65,4.621079402688023
30112,2020-12-27,23 day ahead inc hosp,2021-01-19,06093,quantile,0.7,4.88347642530881
30113,2020-12-27,23 day ahead inc hosp,2021-01-19,06093,quantile,0.75,5.166644069351737
30114,2020-12-27,23 day ahead inc hosp,2021-01-19,06093,quantile,0.8,5.481964669184806
30115,2020-12-27,23 day ahead inc hosp,2021-01-19,06093,quantile,0.85,5.849509338917924
30116,2020-12-27,23 day ahead inc hosp,2021-01-19,06093,quantile,0.9,6.311964459525342
30117,2020-12-27,23 day ahead inc hosp,2021-01-19,06093,quantile,0.95,6.997392612311577
30118,2020-12-27,23 day ahead inc hosp,2021-01-19,06093,quantile,0.975,7.591899314226113
30119,2020-12-27,23 day ahead inc hosp,2021-01-19,06093,quantile,0.99,8.283141834619942
30120,2020-12-27,24 day ahead inc hosp,2021-01-20,06093,point,NA,4.056334972381592
30121,2020-12-27,24 day ahead inc hosp,2021-01-20,06093,quantile,0.01,2.078560817735029
30122,2020-12-27,24 day ahead inc hosp,2021-01-20,06093,quantile,0.025,2.3900467289435157
30123,2020-12-27,24 day ahead inc hosp,2021-01-20,06093,quantile,0.05,2.657941796596322
30124,2020-12-27,24 day ahead inc hosp,2021-01-20,06093,quantile,0.1,2.9668076525580327
30125,2020-12-27,24 day ahead inc hosp,2021-01-20,06093,quantile,0.15,3.1751979792314584
30126,2020-12-27,24 day ahead inc hosp,2021-01-20,06093,quantile,0.2,3.3408200047637067
30127,2020-12-27,24 day ahead inc hosp,2021-01-20,06093,quantile,0.25,3.4829089554055908
30128,2020-12-27,24 day ahead inc hosp,2021-01-20,06093,quantile,0.3,3.6105092245256367
30129,2020-12-27,24 day ahead inc hosp,2021-01-20,06093,quantile,0.35,3.72874989010689
30130,2020-12-27,24 day ahead inc hosp,2021-01-20,06093,quantile,0.4,3.840948718963602
30131,2020-12-27,24 day ahead inc hosp,2021-01-20,06093,quantile,0.45,3.949502384348939
30132,2020-12-27,24 day ahead inc hosp,2021-01-20,06093,quantile,0.5,4.056334972381592
30133,2020-12-27,24 day ahead inc hosp,2021-01-20,06093,quantile,0.55,4.308036989648767
30134,2020-12-27,24 day ahead inc hosp,2021-01-20,06093,quantile,0.6,4.563793936685228
30135,2020-12-27,24 day ahead inc hosp,2021-01-20,06093,quantile,0.65,4.828139040349827
30136,2020-12-27,24 day ahead inc hosp,2021-01-20,06093,quantile,0.7,5.106718962430517
30137,2020-12-27,24 day ahead inc hosp,2021-01-20,06093,quantile,0.75,5.407350499424955
30138,2020-12-27,24 day ahead inc hosp,2021-01-20,06093,quantile,0.8,5.7421179722208695
30139,2020-12-27,24 day ahead inc hosp,2021-01-20,06093,quantile,0.85,6.132330347471023
30140,2020-12-27,24 day ahead inc hosp,2021-01-20,06093,quantile,0.9,6.623306617620306
30141,2020-12-27,24 day ahead inc hosp,2021-01-20,06093,quantile,0.95,7.35100741044163
30142,2020-12-27,24 day ahead inc hosp,2021-01-20,06093,quantile,0.975,7.982179323299608
30143,2020-12-27,24 day ahead inc hosp,2021-01-20,06093,quantile,0.99,8.716053075169377
30144,2020-12-27,25 day ahead inc hosp,2021-01-21,06093,point,NA,4.360562801361084
30145,2020-12-27,25 day ahead inc hosp,2021-01-21,06093,quantile,0.01,2.0872919152973366
30146,2020-12-27,25 day ahead inc hosp,2021-01-21,06093,quantile,0.025,2.4453165419746075
30147,2020-12-27,25 day ahead inc hosp,2021-01-21,06093,quantile,0.05,2.753237472372261
30148,2020-12-27,25 day ahead inc hosp,2021-01-21,06093,quantile,0.1,3.1082505846668704
30149,2020-12-27,25 day ahead inc hosp,2021-01-21,06093,quantile,0.15,3.3477762461035114
30150,2020-12-27,25 day ahead inc hosp,2021-01-21,06093,quantile,0.2,3.538143648695366
30151,2020-12-27,25 day ahead inc hosp,2021-01-21,06093,quantile,0.25,3.7014619294842395
30152,2020-12-27,25 day ahead inc hosp,2021-01-21,06093,quantile,0.3,3.848126793196313
30153,2020-12-27,25 day ahead inc hosp,2021-01-21,06093,quantile,0.35,3.9840336468596407
30154,2020-12-27,25 day ahead inc hosp,2021-01-21,06093,quantile,0.4,4.112995960625943
30155,2020-12-27,25 day ahead inc hosp,2021-01-21,06093,quantile,0.45,4.237768491663538
30156,2020-12-27,25 day ahead inc hosp,2021-01-21,06093,quantile,0.5,4.360562801361084
30157,2020-12-27,25 day ahead inc hosp,2021-01-21,06093,quantile,0.55,4.665767565968908
30158,2020-12-27,25 day ahead inc hosp,2021-01-21,06093,quantile,0.6,4.9758891917889425
30159,2020-12-27,25 day ahead inc hosp,2021-01-21,06093,quantile,0.65,5.296424505789011
30160,2020-12-27,25 day ahead inc hosp,2021-01-21,06093,quantile,0.7,5.634220445870223
30161,2020-12-27,25 day ahead inc hosp,2021-01-21,06093,quantile,0.75,5.998755376810729
30162,2020-12-27,25 day ahead inc hosp,2021-01-21,06093,quantile,0.8,6.4046823091506475
30163,2020-12-27,25 day ahead inc hosp,2021-01-21,06093,quantile,0.85,6.877839725322115
30164,2020-12-27,25 day ahead inc hosp,2021-01-21,06093,quantile,0.9,7.473179796831669
30165,2020-12-27,25 day ahead inc hosp,2021-01-21,06093,quantile,0.95,8.355563464588325
30166,2020-12-27,25 day ahead inc hosp,2021-01-21,06093,quantile,0.975,9.12089970298013
30167,2020-12-27,25 day ahead inc hosp,2021-01-21,06093,quantile,0.99,10.01076847766509
30168,2020-12-27,26 day ahead inc hosp,2021-01-22,06093,point,NA,3.768545389175415
30169,2020-12-27,26 day ahead inc hosp,2021-01-22,06093,quantile,0.01,1.8654598089157608
30170,2020-12-27,26 day ahead inc hosp,2021-01-22,06093,quantile,0.025,2.165182780157057
30171,2020-12-27,26 day ahead inc hosp,2021-01-22,06093,quantile,0.05,2.4229610705017643
30172,2020-12-27,26 day ahead inc hosp,2021-01-22,06093,quantile,0.1,2.7201629301450003
30173,2020-12-27,26 day ahead inc hosp,2021-01-22,06093,quantile,0.15,2.9206836138772974
30174,2020-12-27,26 day ahead inc hosp,2021-01-22,06093,quantile,0.2,3.080051096672695
30175,2020-12-27,26 day ahead inc hosp,2021-01-22,06093,quantile,0.25,3.2167742065614062
30176,2020-12-27,26 day ahead inc hosp,2021-01-22,06093,quantile,0.3,3.339555784846823
30177,2020-12-27,26 day ahead inc hosp,2021-01-22,06093,quantile,0.35,3.4533312152413007
30178,2020-12-27,26 day ahead inc hosp,2021-01-22,06093,quantile,0.4,3.561292972562064
30179,2020-12-27,26 day ahead inc hosp,2021-01-22,06093,quantile,0.45,3.6657472222011407
30180,2020-12-27,26 day ahead inc hosp,2021-01-22,06093,quantile,0.5,3.768545389175415
30181,2020-12-27,26 day ahead inc hosp,2021-01-22,06093,quantile,0.55,4.049630796052285
30182,2020-12-27,26 day ahead inc hosp,2021-01-22,06093,quantile,0.6,4.33524450030409
30183,2020-12-27,26 day ahead inc hosp,2021-01-22,06093,quantile,0.65,4.630448932220108
30184,2020-12-27,26 day ahead inc hosp,2021-01-22,06093,quantile,0.7,4.941549938068063
30185,2020-12-27,26 day ahead inc hosp,2021-01-22,06093,quantile,0.75,5.2772768377313355
30186,2020-12-27,26 day ahead inc hosp,2021-01-22,06093,quantile,0.8,5.6511246611283905
30187,2020-12-27,26 day ahead inc hosp,2021-01-22,06093,quantile,0.85,6.086889957952188
30188,2020-12-27,26 day ahead inc hosp,2021-01-22,06093,quantile,0.9,6.635182205110896
30189,2020-12-27,26 day ahead inc hosp,2021-01-22,06093,quantile,0.95,7.447833909915003
30190,2020-12-27,26 day ahead inc hosp,2021-01-22,06093,quantile,0.975,8.152688069850548
30191,2020-12-27,26 day ahead inc hosp,2021-01-22,06093,quantile,0.99,8.97223335748965
30192,2020-12-27,27 day ahead inc hosp,2021-01-23,06093,point,NA,3.7707724571228027
30193,2020-12-27,27 day ahead inc hosp,2021-01-23,06093,quantile,0.01,0.15104534096288402
30194,2020-12-27,27 day ahead inc hosp,2021-01-23,06093,quantile,0.025,0.7211276208097597
30195,2020-12-27,27 day ahead inc hosp,2021-01-23,06093,quantile,0.05,1.2114298317018068
30196,2020-12-27,27 day ahead inc hosp,2021-01-23,06093,quantile,0.1,1.7767168799999693
30197,2020-12-27,27 day ahead inc hosp,2021-01-23,06093,quantile,0.15,2.158113367780456
30198,2020-12-27,27 day ahead inc hosp,2021-01-23,06093,quantile,0.2,2.461235205753683
30199,2020-12-27,27 day ahead inc hosp,2021-01-23,06093,quantile,0.25,2.7212867522544752
30200,2020-12-27,27 day ahead inc hosp,2021-01-23,06093,quantile,0.3,2.954821078243113
30201,2020-12-27,27 day ahead inc hosp,2021-01-23,06093,quantile,0.35,3.1712254348435485
30202,2020-12-27,27 day ahead inc hosp,2021-01-23,06093,quantile,0.4,3.3765720070291905
30203,2020-12-27,27 day ahead inc hosp,2021-01-23,06093,quantile,0.45,3.575247192075318
30204,2020-12-27,27 day ahead inc hosp,2021-01-23,06093,quantile,0.5,3.7707724571228027
30205,2020-12-27,27 day ahead inc hosp,2021-01-23,06093,quantile,0.55,4.063008856072272
30206,2020-12-27,27 day ahead inc hosp,2021-01-23,06093,quantile,0.6,4.359953195334
30207,2020-12-27,27 day ahead inc hosp,2021-01-23,06093,quantile,0.65,4.66686873782195
30208,2020-12-27,27 day ahead inc hosp,2021-01-23,06093,quantile,0.7,4.990311490217808
30209,2020-12-27,27 day ahead inc hosp,2021-01-23,06093,quantile,0.75,5.339357074896783
30210,2020-12-27,27 day ahead inc hosp,2021-01-23,06093,quantile,0.8,5.728035885648813
30211,2020-12-27,27 day ahead inc hosp,2021-01-23,06093,quantile,0.85,6.1810885095679104
30212,2020-12-27,27 day ahead inc hosp,2021-01-23,06093,quantile,0.9,6.75113216164467
30213,2020-12-27,27 day ahead inc hosp,2021-01-23,06093,quantile,0.95,7.596022725159877
30214,2020-12-27,27 day ahead inc hosp,2021-01-23,06093,quantile,0.975,8.328839287118031
30215,2020-12-27,27 day ahead inc hosp,2021-01-23,06093,quantile,0.99,9.180896910090155
30216,2020-12-27,28 day ahead inc hosp,2021-01-24,06093,point,NA,3.629263162612915
30217,2020-12-27,28 day ahead inc hosp,2021-01-24,06093,quantile,0.01,0.05909603330921431
30218,2020-12-27,28 day ahead inc hosp,2021-01-24,06093,quantile,0.025,0.6213729539702997
30219,2020-12-27,28 day ahead inc hosp,2021-01-24,06093,quantile,0.05,1.1049621253575443
30220,2020-12-27,28 day ahead inc hosp,2021-01-24,06093,quantile,0.1,1.662509469035827
30221,2020-12-27,28 day ahead inc hosp,2021-01-24,06093,quantile,0.15,2.0386840148536116
30222,2020-12-27,28 day ahead inc hosp,2021-01-24,06093,quantile,0.2,2.3376556188938107
30223,2020-12-27,28 day ahead inc hosp,2021-01-24,06093,quantile,0.25,2.594146634223902
30224,2020-12-27,28 day ahead inc hosp,2021-01-24,06093,quantile,0.3,2.8244834931784086
30225,2020-12-27,28 day ahead inc hosp,2021-01-24,06093,quantile,0.35,3.037924920053875
30226,2020-12-27,28 day ahead inc hosp,2021-01-24,06093,quantile,0.4,3.240459961676051
30227,2020-12-27,28 day ahead inc hosp,2021-01-24,06093,quantile,0.45,3.4364149583644474
30228,2020-12-27,28 day ahead inc hosp,2021-01-24,06093,quantile,0.5,3.629263162612915
30229,2020-12-27,28 day ahead inc hosp,2021-01-24,06093,quantile,0.55,3.904914604492376
30230,2020-12-27,28 day ahead inc hosp,2021-01-24,06093,quantile,0.6,4.185006802348922
30231,2020-12-27,28 day ahead inc hosp,2021-01-24,06093,quantile,0.65,4.474504319174843
30232,2020-12-27,28 day ahead inc hosp,2021-01-24,06093,quantile,0.7,4.779591096126252
30233,2020-12-27,28 day ahead inc hosp,2021-01-24,06093,quantile,0.75,5.108827697194059
30234,2020-12-27,28 day ahead inc hosp,2021-01-24,06093,quantile,0.8,5.4754482653263565
30235,2020-12-27,28 day ahead inc hosp,2021-01-24,06093,quantile,0.85,5.902789313462412
30236,2020-12-27,28 day ahead inc hosp,2021-01-24,06093,quantile,0.9,6.440481932157603
30237,2020-12-27,28 day ahead inc hosp,2021-01-24,06093,quantile,0.95,7.237423390855179
30238,2020-12-27,28 day ahead inc hosp,2021-01-24,06093,quantile,0.975,7.928651255224816
30239,2020-12-27,28 day ahead inc hosp,2021-01-24,06093,quantile,0.99,8.73235302947664
30240,2020-12-27,1 day ahead inc hosp,2020-12-28,06095,point,NA,150.42481994628906
30241,2020-12-27,1 day ahead inc hosp,2020-12-28,06095,quantile,0.01,99.29278628027242
30242,2020-12-27,1 day ahead inc hosp,2020-12-28,06095,quantile,0.025,107.34573209361704
30243,2020-12-27,1 day ahead inc hosp,2020-12-28,06095,quantile,0.05,114.27170975694179
30244,2020-12-27,1 day ahead inc hosp,2020-12-28,06095,quantile,0.1,122.2569184362106
30245,2020-12-27,1 day ahead inc hosp,2020-12-28,06095,quantile,0.15,127.64450082225
30246,2020-12-27,1 day ahead inc hosp,2020-12-28,06095,quantile,0.2,131.9263805128369
30247,2020-12-27,1 day ahead inc hosp,2020-12-28,06095,quantile,0.25,135.5998520215634
30248,2020-12-27,1 day ahead inc hosp,2020-12-28,06095,quantile,0.3,138.89874296980966
30249,2020-12-27,1 day ahead inc hosp,2020-12-28,06095,quantile,0.35,141.95565706639078
30250,2020-12-27,1 day ahead inc hosp,2020-12-28,06095,quantile,0.4,144.85636960776498
30251,2020-12-27,1 day ahead inc hosp,2020-12-28,06095,quantile,0.45,147.66284256121727
30252,2020-12-27,1 day ahead inc hosp,2020-12-28,06095,quantile,0.5,150.42481994628906
30253,2020-12-27,1 day ahead inc hosp,2020-12-28,06095,quantile,0.55,157.83365992597902
30254,2020-12-27,1 day ahead inc hosp,2020-12-28,06095,quantile,0.6,165.36185662007162
30255,2020-12-27,1 day ahead inc hosp,2020-12-28,06095,quantile,0.65,173.14284540089128
30256,2020-12-27,1 day ahead inc hosp,2020-12-28,06095,quantile,0.7,181.3428355585367
30257,2020-12-27,1 day ahead inc hosp,2020-12-28,06095,quantile,0.75,190.1919142215646
30258,2020-12-27,1 day ahead inc hosp,2020-12-28,06095,quantile,0.8,200.04578294808115
30259,2020-12-27,1 day ahead inc hosp,2020-12-28,06095,quantile,0.85,211.531670418162
30260,2020-12-27,1 day ahead inc hosp,2020-12-28,06095,quantile,0.9,225.98353957223355
30261,2020-12-27,1 day ahead inc hosp,2020-12-28,06095,quantile,0.95,247.40338668209546
30262,2020-12-27,1 day ahead inc hosp,2020-12-28,06095,quantile,0.975,265.9819096228785
30263,2020-12-27,1 day ahead inc hosp,2020-12-28,06095,quantile,0.99,287.58345756409517
30264,2020-12-27,2 day ahead inc hosp,2020-12-29,06095,point,NA,156.5827178955078
30265,2020-12-27,2 day ahead inc hosp,2020-12-29,06095,quantile,0.01,100.02442793965257
30266,2020-12-27,2 day ahead inc hosp,2020-12-29,06095,quantile,0.025,108.93197203001492
30267,2020-12-27,2 day ahead inc hosp,2020-12-29,06095,quantile,0.05,116.59295135793951
30268,2020-12-27,2 day ahead inc hosp,2020-12-29,06095,quantile,0.1,125.42556988412693
30269,2020-12-27,2 day ahead inc hosp,2020-12-29,06095,quantile,0.15,131.38489567079503
30270,2020-12-27,2 day ahead inc hosp,2020-12-29,06095,quantile,0.2,136.121178891567
30271,2020-12-27,2 day ahead inc hosp,2020-12-29,06095,quantile,0.25,140.18448816833475
30272,2020-12-27,2 day ahead inc hosp,2020-12-29,06095,quantile,0.3,143.8334654807248
30273,2020-12-27,2 day ahead inc hosp,2020-12-29,06095,quantile,0.35,147.21478676698305
30274,2020-12-27,2 day ahead inc hosp,2020-12-29,06095,quantile,0.4,150.42333000751262
30275,2020-12-27,2 day ahead inc hosp,2020-12-29,06095,quantile,0.45,153.52763272489338
30276,2020-12-27,2 day ahead inc hosp,2020-12-29,06095,quantile,0.5,156.5827178955078
30277,2020-12-27,2 day ahead inc hosp,2020-12-29,06095,quantile,0.55,162.85987568822785
30278,2020-12-27,2 day ahead inc hosp,2020-12-29,06095,quantile,0.6,169.23815874913825
30279,2020-12-27,2 day ahead inc hosp,2020-12-29,06095,quantile,0.65,175.83062052378617
30280,2020-12-27,2 day ahead inc hosp,2020-12-29,06095,quantile,0.7,182.77808223970857
30281,2020-12-27,2 day ahead inc hosp,2020-12-29,06095,quantile,0.75,190.2754857793032
30282,2020-12-27,2 day ahead inc hosp,2020-12-29,06095,quantile,0.8,198.62420015762106
30283,2020-12-27,2 day ahead inc hosp,2020-12-29,06095,quantile,0.85,208.3556464078801
30284,2020-12-27,2 day ahead inc hosp,2020-12-29,06095,quantile,0.9,220.60002789385283
30285,2020-12-27,2 day ahead inc hosp,2020-12-29,06095,quantile,0.95,238.74804574457278
30286,2020-12-27,2 day ahead inc hosp,2020-12-29,06095,quantile,0.975,254.48874474396513
30287,2020-12-27,2 day ahead inc hosp,2020-12-29,06095,quantile,0.99,272.79070906843924
30288,2020-12-27,3 day ahead inc hosp,2020-12-30,06095,point,NA,161.19618225097656
30289,2020-12-27,3 day ahead inc hosp,2020-12-30,06095,quantile,0.01,106.14756377830692
30290,2020-12-27,3 day ahead inc hosp,2020-12-30,06095,quantile,0.025,114.81734492871945
30291,2020-12-27,3 day ahead inc hosp,2020-12-30,06095,quantile,0.05,122.27383501141281
30292,2020-12-27,3 day ahead inc hosp,2020-12-30,06095,quantile,0.1,130.87069053413512
30293,2020-12-27,3 day ahead inc hosp,2020-12-30,06095,quantile,0.15,136.6709481416527
30294,2020-12-27,3 day ahead inc hosp,2020-12-30,06095,quantile,0.2,141.28080901619973
30295,2020-12-27,3 day ahead inc hosp,2020-12-30,06095,quantile,0.25,145.23565917676564
30296,2020-12-27,3 day ahead inc hosp,2020-12-30,06095,quantile,0.3,148.78723685073652
30297,2020-12-27,3 day ahead inc hosp,2020-12-30,06095,quantile,0.35,152.0783028565516
30298,2020-12-27,3 day ahead inc hosp,2020-12-30,06095,quantile,0.4,155.2012026620237
30299,2020-12-27,3 day ahead inc hosp,2020-12-30,06095,quantile,0.45,158.22264436484298
30300,2020-12-27,3 day ahead inc hosp,2020-12-30,06095,quantile,0.5,161.19618225097656
30301,2020-12-27,3 day ahead inc hosp,2020-12-30,06095,quantile,0.55,168.04860559438768
30302,2020-12-27,3 day ahead inc hosp,2020-12-30,06095,quantile,0.6,175.0114217574855
30303,2020-12-27,3 day ahead inc hosp,2020-12-30,06095,quantile,0.65,182.20804488643313
30304,2020-12-27,3 day ahead inc hosp,2020-12-30,06095,quantile,0.7,189.79220166752512
30305,2020-12-27,3 day ahead inc hosp,2020-12-30,06095,quantile,0.75,197.9766992898845
30306,2020-12-27,3 day ahead inc hosp,2020-12-30,06095,quantile,0.8,207.09052551228814
30307,2020-12-27,3 day ahead inc hosp,2020-12-30,06095,quantile,0.85,217.71380306120733
30308,2020-12-27,3 day ahead inc hosp,2020-12-30,06095,quantile,0.9,231.08031196391778
30309,2020-12-27,3 day ahead inc hosp,2020-12-30,06095,quantile,0.95,250.89149168304803
30310,2020-12-27,3 day ahead inc hosp,2020-12-30,06095,quantile,0.975,268.0747355693397
30311,2020-12-27,3 day ahead inc hosp,2020-12-30,06095,quantile,0.99,288.05397007460454
30312,2020-12-27,4 day ahead inc hosp,2020-12-31,06095,point,NA,172.74656677246094
30313,2020-12-27,4 day ahead inc hosp,2020-12-31,06095,quantile,0.01,110.2723758767879
30314,2020-12-27,4 day ahead inc hosp,2020-12-31,06095,quantile,0.025,120.11163392980318
30315,2020-12-27,4 day ahead inc hosp,2020-12-31,06095,quantile,0.05,128.57393866628183
30316,2020-12-27,4 day ahead inc hosp,2020-12-31,06095,quantile,0.1,138.33043406853653
30317,2020-12-27,4 day ahead inc hosp,2020-12-31,06095,quantile,0.15,144.91309519737194
30318,2020-12-27,4 day ahead inc hosp,2020-12-31,06095,quantile,0.2,150.144785587966
30319,2020-12-27,4 day ahead inc hosp,2020-12-31,06095,quantile,0.25,154.6331101045503
30320,2020-12-27,4 day ahead inc hosp,2020-12-31,06095,quantile,0.3,158.66376423794378
30321,2020-12-27,4 day ahead inc hosp,2020-12-31,06095,quantile,0.35,162.39876598007888
30322,2020-12-27,4 day ahead inc hosp,2020-12-31,06095,quantile,0.4,165.94291738674838
30323,2020-12-27,4 day ahead inc hosp,2020-12-31,06095,quantile,0.45,169.3719248888312
30324,2020-12-27,4 day ahead inc hosp,2020-12-31,06095,quantile,0.5,172.74656677246094
30325,2020-12-27,4 day ahead inc hosp,2020-12-31,06095,quantile,0.55,181.18864469413245
30326,2020-12-27,4 day ahead inc hosp,2020-12-31,06095,quantile,0.6,189.76672483561487
30327,2020-12-27,4 day ahead inc hosp,2020-12-31,06095,quantile,0.65,198.63285148639997
30328,2020-12-27,4 day ahead inc hosp,2020-12-31,06095,quantile,0.7,207.97641350927404
30329,2020-12-27,4 day ahead inc hosp,2020-12-31,06095,quantile,0.75,218.05958601847544
30330,2020-12-27,4 day ahead inc hosp,2020-12-31,06095,quantile,0.8,229.28767676509943
30331,2020-12-27,4 day ahead inc hosp,2020-12-31,06095,quantile,0.85,242.37538783562934
30332,2020-12-27,4 day ahead inc hosp,2020-12-31,06095,quantile,0.9,258.84271684353405
30333,2020-12-27,4 day ahead inc hosp,2020-12-31,06095,quantile,0.95,283.2497790648066
30334,2020-12-27,4 day ahead inc hosp,2020-12-31,06095,quantile,0.975,304.41926561946366
30335,2020-12-27,4 day ahead inc hosp,2020-12-31,06095,quantile,0.99,329.03336869746056
30336,2020-12-27,5 day ahead inc hosp,2021-01-01,06095,point,NA,168.1591033935547
30337,2020-12-27,5 day ahead inc hosp,2021-01-01,06095,quantile,0.01,112.7292710627568
30338,2020-12-27,5 day ahead inc hosp,2021-01-01,06095,quantile,0.025,121.45909079021584
30339,2020-12-27,5 day ahead inc hosp,2021-01-01,06095,quantile,0.05,128.9672173613695
30340,2020-12-27,5 day ahead inc hosp,2021-01-01,06095,quantile,0.1,137.623606448285
30341,2020-12-27,5 day ahead inc hosp,2021-01-01,06095,quantile,0.15,143.46403106892748
30342,2020-12-27,5 day ahead inc hosp,2021-01-01,06095,quantile,0.2,148.10581541218593
30343,2020-12-27,5 day ahead inc hosp,2021-01-01,06095,quantile,0.25,152.08805306638672
30344,2020-12-27,5 day ahead inc hosp,2021-01-01,06095,quantile,0.3,155.66422555608779
30345,2020-12-27,5 day ahead inc hosp,2021-01-01,06095,quantile,0.35,158.97808232403713
30346,2020-12-27,5 day ahead inc hosp,2021-01-01,06095,quantile,0.4,162.1226083340612
30347,2020-12-27,5 day ahead inc hosp,2021-01-01,06095,quantile,0.45,165.1649736400625
30348,2020-12-27,5 day ahead inc hosp,2021-01-01,06095,quantile,0.5,168.1591033935547
30349,2020-12-27,5 day ahead inc hosp,2021-01-01,06095,quantile,0.55,176.32060328094536
30350,2020-12-27,5 day ahead inc hosp,2021-01-01,06095,quantile,0.6,184.6135852645652
30351,2020-12-27,5 day ahead inc hosp,2021-01-01,06095,quantile,0.65,193.18504034154546
30352,2020-12-27,5 day ahead inc hosp,2021-01-01,06095,quantile,0.7,202.21806291075853
30353,2020-12-27,5 day ahead inc hosp,2021-01-01,06095,quantile,0.75,211.96611452339917
30354,2020-12-27,5 day ahead inc hosp,2021-01-01,06095,quantile,0.8,222.82103225981825
30355,2020-12-27,5 day ahead inc hosp,2021-01-01,06095,quantile,0.85,235.47376461071585
30356,2020-12-27,5 day ahead inc hosp,2021-01-01,06095,quantile,0.9,251.39379106517777
30357,2020-12-27,5 day ahead inc hosp,2021-01-01,06095,quantile,0.95,274.98966845682025
30358,2020-12-27,5 day ahead inc hosp,2021-01-01,06095,quantile,0.975,295.45557314699425
30359,2020-12-27,5 day ahead inc hosp,2021-01-01,06095,quantile,0.99,319.2516102557727
30360,2020-12-27,6 day ahead inc hosp,2021-01-02,06095,point,NA,177.8690948486328
30361,2020-12-27,6 day ahead inc hosp,2021-01-02,06095,quantile,0.01,70.05746380692985
30362,2020-12-27,6 day ahead inc hosp,2021-01-02,06095,quantile,0.025,87.03705880012018
30363,2020-12-27,6 day ahead inc hosp,2021-01-02,06095,quantile,0.05,101.64044722231229
30364,2020-12-27,6 day ahead inc hosp,2021-01-02,06095,quantile,0.1,118.47721881531275
30365,2020-12-27,6 day ahead inc hosp,2021-01-02,06095,quantile,0.15,129.8369086763577
30366,2020-12-27,6 day ahead inc hosp,2021-01-02,06095,quantile,0.2,138.86523006841938
30367,2020-12-27,6 day ahead inc hosp,2021-01-02,06095,quantile,0.25,146.61072592582838
30368,2020-12-27,6 day ahead inc hosp,2021-01-02,06095,quantile,0.3,153.56642059039476
30369,2020-12-27,6 day ahead inc hosp,2021-01-02,06095,quantile,0.35,160.01190830284267
30370,2020-12-27,6 day ahead inc hosp,2021-01-02,06095,quantile,0.4,166.12804583633812
30371,2020-12-27,6 day ahead inc hosp,2021-01-02,06095,quantile,0.45,172.04547968147796
30372,2020-12-27,6 day ahead inc hosp,2021-01-02,06095,quantile,0.5,177.8690948486328
30373,2020-12-27,6 day ahead inc hosp,2021-01-02,06095,quantile,0.55,186.15986662237026
30374,2020-12-27,6 day ahead inc hosp,2021-01-02,06095,quantile,0.6,194.58420306770108
30375,2020-12-27,6 day ahead inc hosp,2021-01-02,06095,quantile,0.65,203.29142340619285
30376,2020-12-27,6 day ahead inc hosp,2021-01-02,06095,quantile,0.7,212.4675221112936
30377,2020-12-27,6 day ahead inc hosp,2021-01-02,06095,quantile,0.75,222.36997537039122
30378,2020-12-27,6 day ahead inc hosp,2021-01-02,06095,quantile,0.8,233.3968266620743
30379,2020-12-27,6 day ahead inc hosp,2021-01-02,06095,quantile,0.85,246.24996857016228
30380,2020-12-27,6 day ahead inc hosp,2021-01-02,06095,quantile,0.9,262.4221560095969
30381,2020-12-27,6 day ahead inc hosp,2021-01-02,06095,quantile,0.95,286.3917739663942
30382,2020-12-27,6 day ahead inc hosp,2021-01-02,06095,quantile,0.975,307.1818428594226
30383,2020-12-27,6 day ahead inc hosp,2021-01-02,06095,quantile,0.99,331.3547909094586
30384,2020-12-27,7 day ahead inc hosp,2021-01-03,06095,point,NA,173.1788787841797
30385,2020-12-27,7 day ahead inc hosp,2021-01-03,06095,quantile,0.01,67.60831346979846
30386,2020-12-27,7 day ahead inc hosp,2021-01-03,06095,quantile,0.025,84.23495592869011
30387,2020-12-27,7 day ahead inc hosp,2021-01-03,06095,quantile,0.05,98.53478569974669
30388,2020-12-27,7 day ahead inc hosp,2021-01-03,06095,quantile,0.1,115.02157360906443
30389,2020-12-27,7 day ahead inc hosp,2021-01-03,06095,quantile,0.15,126.14513114027991
30390,2020-12-27,7 day ahead inc hosp,2021-01-03,06095,quantile,0.2,134.98578204214033
30391,2020-12-27,7 day ahead inc hosp,2021-01-03,06095,quantile,0.25,142.57027332945393
30392,2020-12-27,7 day ahead inc hosp,2021-01-03,06095,quantile,0.3,149.38138091401925
30393,2020-12-27,7 day ahead inc hosp,2021-01-03,06095,quantile,0.35,155.69288714906372
30394,2020-12-27,7 day ahead inc hosp,2021-01-03,06095,quantile,0.4,161.68188936258053
30395,2020-12-27,7 day ahead inc hosp,2021-01-03,06095,quantile,0.45,167.47631831431602
30396,2020-12-27,7 day ahead inc hosp,2021-01-03,06095,quantile,0.5,173.1788787841797
30397,2020-12-27,7 day ahead inc hosp,2021-01-03,06095,quantile,0.55,181.40427352418953
30398,2020-12-27,7 day ahead inc hosp,2021-01-03,06095,quantile,0.6,189.76217970911162
30399,2020-12-27,7 day ahead inc hosp,2021-01-03,06095,quantile,0.65,198.40073910103794
30400,2020-12-27,7 day ahead inc hosp,2021-01-03,06095,quantile,0.7,207.50447951056583
30401,2020-12-27,7 day ahead inc hosp,2021-01-03,06095,quantile,0.75,217.328846791859
30402,2020-12-27,7 day ahead inc hosp,2021-01-03,06095,quantile,0.8,228.26874564431455
30403,2020-12-27,7 day ahead inc hosp,2021-01-03,06095,quantile,0.85,241.02053386483726
30404,2020-12-27,7 day ahead inc hosp,2021-01-03,06095,quantile,0.9,257.0651952219564
30405,2020-12-27,7 day ahead inc hosp,2021-01-03,06095,quantile,0.95,280.8458003142864
30406,2020-12-27,7 day ahead inc hosp,2021-01-03,06095,quantile,0.975,301.47192873562994
30407,2020-12-27,7 day ahead inc hosp,2021-01-03,06095,quantile,0.99,325.4542605579984
30408,2020-12-27,8 day ahead inc hosp,2021-01-04,06095,point,NA,152.71571350097656
30409,2020-12-27,8 day ahead inc hosp,2021-01-04,06095,quantile,0.01,98.98297370410663
30410,2020-12-27,8 day ahead inc hosp,2021-01-04,06095,quantile,0.025,107.44551295715269
30411,2020-12-27,8 day ahead inc hosp,2021-01-04,06095,quantile,0.05,114.72376357501736
30412,2020-12-27,8 day ahead inc hosp,2021-01-04,06095,quantile,0.1,123.11512040994069
30413,2020-12-27,8 day ahead inc hosp,2021-01-04,06095,quantile,0.15,128.7767290284075
30414,2020-12-27,8 day ahead inc hosp,2021-01-04,06095,quantile,0.2,133.27639608171935
30415,2020-12-27,8 day ahead inc hosp,2021-01-04,06095,quantile,0.25,137.13670975550937
30416,2020-12-27,8 day ahead inc hosp,2021-01-04,06095,quantile,0.3,140.60339074258258
30417,2020-12-27,8 day ahead inc hosp,2021-01-04,06095,quantile,0.35,143.81578731585137
30418,2020-12-27,8 day ahead inc hosp,2021-01-04,06095,quantile,0.4,146.86403752293765
30419,2020-12-27,8 day ahead inc hosp,2021-01-04,06095,quantile,0.45,149.81325487540585
30420,2020-12-27,8 day ahead inc hosp,2021-01-04,06095,quantile,0.5,152.71571350097656
30421,2020-12-27,8 day ahead inc hosp,2021-01-04,06095,quantile,0.55,159.66704654793244
30422,2020-12-27,8 day ahead inc hosp,2021-01-04,06095,quantile,0.6,166.73036585393527
30423,2020-12-27,8 day ahead inc hosp,2021-01-04,06095,quantile,0.65,174.03086695780283
30424,2020-12-27,8 day ahead inc hosp,2021-01-04,06095,quantile,0.7,181.72449547776162
30425,2020-12-27,8 day ahead inc hosp,2021-01-04,06095,quantile,0.75,190.02713031857942
30426,2020-12-27,8 day ahead inc hosp,2021-01-04,06095,quantile,0.8,199.27250793596266
30427,2020-12-27,8 day ahead inc hosp,2021-01-04,06095,quantile,0.85,210.04912470232054
30428,2020-12-27,8 day ahead inc hosp,2021-01-04,06095,quantile,0.9,223.6085693544351
30429,2020-12-27,8 day ahead inc hosp,2021-01-04,06095,quantile,0.95,243.7057089179429
30430,2020-12-27,8 day ahead inc hosp,2021-01-04,06095,quantile,0.975,261.13698032290273
30431,2020-12-27,8 day ahead inc hosp,2021-01-04,06095,quantile,0.99,281.40460042008624
30432,2020-12-27,9 day ahead inc hosp,2021-01-05,06095,point,NA,157.94479370117188
30433,2020-12-27,9 day ahead inc hosp,2021-01-05,06095,quantile,0.01,101.12566106701127
30434,2020-12-27,9 day ahead inc hosp,2021-01-05,06095,quantile,0.025,110.07428609633882
30435,2020-12-27,9 day ahead inc hosp,2021-01-05,06095,quantile,0.05,117.77059729812132
30436,2020-12-27,9 day ahead inc hosp,2021-01-05,06095,quantile,0.1,126.64395121207625
30437,2020-12-27,9 day ahead inc hosp,2021-01-05,06095,quantile,0.15,132.63076097147942
30438,2020-12-27,9 day ahead inc hosp,2021-01-05,06095,quantile,0.2,137.38888758252156
30439,2020-12-27,9 day ahead inc hosp,2021-01-05,06095,quantile,0.25,141.47093654316876
30440,2020-12-27,9 day ahead inc hosp,2021-01-05,06095,quantile,0.3,145.13674267085685
30441,2020-12-27,9 day ahead inc hosp,2021-01-05,06095,quantile,0.35,148.53365836248355
30442,2020-12-27,9 day ahead inc hosp,2021-01-05,06095,quantile,0.4,151.75699916872756
30443,2020-12-27,9 day ahead inc hosp,2021-01-05,06095,quantile,0.45,154.8756187021879
30444,2020-12-27,9 day ahead inc hosp,2021-01-05,06095,quantile,0.5,157.94479370117188
30445,2020-12-27,9 day ahead inc hosp,2021-01-05,06095,quantile,0.55,164.1402939566119
30446,2020-12-27,9 day ahead inc hosp,2021-01-05,06095,quantile,0.6,170.4356039739846
30447,2020-12-27,9 day ahead inc hosp,2021-01-05,06095,quantile,0.65,176.94230652273663
30448,2020-12-27,9 day ahead inc hosp,2021-01-05,06095,quantile,0.7,183.79939093211323
30449,2020-12-27,9 day ahead inc hosp,2021-01-05,06095,quantile,0.75,191.1992631479378
30450,2020-12-27,9 day ahead inc hosp,2021-01-05,06095,quantile,0.8,199.4393717721709
30451,2020-12-27,9 day ahead inc hosp,2021-01-05,06095,quantile,0.85,209.04422475184336
30452,2020-12-27,9 day ahead inc hosp,2021-01-05,06095,quantile,0.9,221.12932299678926
30453,2020-12-27,9 day ahead inc hosp,2021-01-05,06095,quantile,0.95,239.0412590899467
30454,2020-12-27,9 day ahead inc hosp,2021-01-05,06095,quantile,0.975,254.57719237246533
30455,2020-12-27,9 day ahead inc hosp,2021-01-05,06095,quantile,0.99,272.64107229895666
30456,2020-12-27,10 day ahead inc hosp,2021-01-06,06095,point,NA,156.25428771972656
30457,2020-12-27,10 day ahead inc hosp,2021-01-06,06095,quantile,0.01,100.13023120426526
30458,2020-12-27,10 day ahead inc hosp,2021-01-06,06095,quantile,0.025,108.96938649576474
30459,2020-12-27,10 day ahead inc hosp,2021-01-06,06095,quantile,0.05,116.57154768380308
30460,2020-12-27,10 day ahead inc hosp,2021-01-06,06095,quantile,0.1,125.33635266164404
30461,2020-12-27,10 day ahead inc hosp,2021-01-06,06095,quantile,0.15,131.24992496918833
30462,2020-12-27,10 day ahead inc hosp,2021-01-06,06095,quantile,0.2,135.94984477516752
30463,2020-12-27,10 day ahead inc hosp,2021-01-06,06095,quantile,0.25,139.9819574799029
30464,2020-12-27,10 day ahead inc hosp,2021-01-06,06095,quantile,0.3,143.6029193064373
30465,2020-12-27,10 day ahead inc hosp,2021-01-06,06095,quantile,0.35,146.95828006990826
30466,2020-12-27,10 day ahead inc hosp,2021-01-06,06095,quantile,0.4,150.14218931299774
30467,2020-12-27,10 day ahead inc hosp,2021-01-06,06095,quantile,0.45,153.2226583527683
30468,2020-12-27,10 day ahead inc hosp,2021-01-06,06095,quantile,0.5,156.25428771972656
30469,2020-12-27,10 day ahead inc hosp,2021-01-06,06095,quantile,0.55,163.1252723615522
30470,2020-12-27,10 day ahead inc hosp,2021-01-06,06095,quantile,0.6,170.1069488463394
30471,2020-12-27,10 day ahead inc hosp,2021-01-06,06095,quantile,0.65,177.32306561465796
30472,2020-12-27,10 day ahead inc hosp,2021-01-06,06095,quantile,0.7,184.92776575540265
30473,2020-12-27,10 day ahead inc hosp,2021-01-06,06095,quantile,0.75,193.1344328928559
30474,2020-12-27,10 day ahead inc hosp,2021-01-06,06095,quantile,0.8,202.2729459216249
30475,2020-12-27,10 day ahead inc hosp,2021-01-06,06095,quantile,0.85,212.92499895840348
30476,2020-12-27,10 day ahead inc hosp,2021-01-06,06095,quantile,0.9,226.327713995509
30477,2020-12-27,10 day ahead inc hosp,2021-01-06,06095,quantile,0.95,246.1925566598897
30478,2020-12-27,10 day ahead inc hosp,2021-01-06,06095,quantile,0.975,263.4223451482176
30479,2020-12-27,10 day ahead inc hosp,2021-01-06,06095,quantile,0.99,283.4556978121485
30480,2020-12-27,11 day ahead inc hosp,2021-01-07,06095,point,NA,157.64764404296875
30481,2020-12-27,11 day ahead inc hosp,2021-01-07,06095,quantile,0.01,92.68378685627829
30482,2020-12-27,11 day ahead inc hosp,2021-01-07,06095,quantile,0.025,102.91515033318166
30483,2020-12-27,11 day ahead inc hosp,2021-01-07,06095,quantile,0.05,111.71468736582418
30484,2020-12-27,11 day ahead inc hosp,2021-01-07,06095,quantile,0.1,121.85999000788809
30485,2020-12-27,11 day ahead inc hosp,2021-01-07,06095,quantile,0.15,128.70497753555625
30486,2020-12-27,11 day ahead inc hosp,2021-01-07,06095,quantile,0.2,134.14515663202653
30487,2020-12-27,11 day ahead inc hosp,2021-01-07,06095,quantile,0.25,138.81234589406623
30488,2020-12-27,11 day ahead inc hosp,2021-01-07,06095,quantile,0.3,143.00362609692604
30489,2020-12-27,11 day ahead inc hosp,2021-01-07,06095,quantile,0.35,146.88747183049134
30490,2020-12-27,11 day ahead inc hosp,2021-01-07,06095,quantile,0.4,150.57286162954244
30491,2020-12-27,11 day ahead inc hosp,2021-01-07,06095,quantile,0.45,154.13851891079307
30492,2020-12-27,11 day ahead inc hosp,2021-01-07,06095,quantile,0.5,157.64764404296875
30493,2020-12-27,11 day ahead inc hosp,2021-01-07,06095,quantile,0.55,166.08100911734854
30494,2020-12-27,11 day ahead inc hosp,2021-01-07,06095,quantile,0.6,174.65023604721384
30495,2020-12-27,11 day ahead inc hosp,2021-01-07,06095,quantile,0.65,183.5072122011315
30496,2020-12-27,11 day ahead inc hosp,2021-01-07,06095,quantile,0.7,192.84113097860777
30497,2020-12-27,11 day ahead inc hosp,2021-01-07,06095,quantile,0.75,202.91389690981924
30498,2020-12-27,11 day ahead inc hosp,2021-01-07,06095,quantile,0.8,214.13039943835756
30499,2020-12-27,11 day ahead inc hosp,2021-01-07,06095,quantile,0.85,227.2046030254203
30500,2020-12-27,11 day ahead inc hosp,2021-01-07,06095,quantile,0.9,243.65493653479024
30501,2020-12-27,11 day ahead inc hosp,2021-01-07,06095,quantile,0.95,268.0368088670395
30502,2020-12-27,11 day ahead inc hosp,2021-01-07,06095,quantile,0.975,289.18444694963716
30503,2020-12-27,11 day ahead inc hosp,2021-01-07,06095,quantile,0.99,313.77314645717064
30504,2020-12-27,12 day ahead inc hosp,2021-01-08,06095,point,NA,155.94036865234375
30505,2020-12-27,12 day ahead inc hosp,2021-01-08,06095,quantile,0.01,99.41289474794345
30506,2020-12-27,12 day ahead inc hosp,2021-01-08,06095,quantile,0.025,108.31558552083033
30507,2020-12-27,12 day ahead inc hosp,2021-01-08,06095,quantile,0.05,115.97239072797885
30508,2020-12-27,12 day ahead inc hosp,2021-01-08,06095,quantile,0.1,124.80019676023835
30509,2020-12-27,12 day ahead inc hosp,2021-01-08,06095,quantile,0.15,130.75627558010066
30510,2020-12-27,12 day ahead inc hosp,2021-01-08,06095,quantile,0.2,135.48997821458633
30511,2020-12-27,12 day ahead inc hosp,2021-01-08,06095,quantile,0.25,139.55107357810022
30512,2020-12-27,12 day ahead inc hosp,2021-01-08,06095,quantile,0.3,143.1980627279644
30513,2020-12-27,12 day ahead inc hosp,2021-01-08,06095,quantile,0.35,146.577541685347
30514,2020-12-27,12 day ahead inc hosp,2021-01-08,06095,quantile,0.4,149.7843367359353
30515,2020-12-27,12 day ahead inc hosp,2021-01-08,06095,quantile,0.45,152.88694805931627
30516,2020-12-27,12 day ahead inc hosp,2021-01-08,06095,quantile,0.5,155.94036865234375
30517,2020-12-27,12 day ahead inc hosp,2021-01-08,06095,quantile,0.55,164.08964485983023
30518,2020-12-27,12 day ahead inc hosp,2021-01-08,06095,quantile,0.6,172.37020623956383
30519,2020-12-27,12 day ahead inc hosp,2021-01-08,06095,quantile,0.65,180.92882363662986
30520,2020-12-27,12 day ahead inc hosp,2021-01-08,06095,quantile,0.7,189.94831722489866
30521,2020-12-27,12 day ahead inc hosp,2021-01-08,06095,quantile,0.75,199.68176893994124
30522,2020-12-27,12 day ahead inc hosp,2021-01-08,06095,quantile,0.8,210.52042899803806
30523,2020-12-27,12 day ahead inc hosp,2021-01-08,06095,quantile,0.85,223.15421103927383
30524,2020-12-27,12 day ahead inc hosp,2021-01-08,06095,quantile,0.9,239.0503936770194
30525,2020-12-27,12 day ahead inc hosp,2021-01-08,06095,quantile,0.95,262.61093094046566
30526,2020-12-27,12 day ahead inc hosp,2021-01-08,06095,quantile,0.975,283.0461833398433
30527,2020-12-27,12 day ahead inc hosp,2021-01-08,06095,quantile,0.99,306.80658053627485
30528,2020-12-27,13 day ahead inc hosp,2021-01-09,06095,point,NA,152.49749755859375
30529,2020-12-27,13 day ahead inc hosp,2021-01-09,06095,quantile,0.01,47.582424490337374
30530,2020-12-27,13 day ahead inc hosp,2021-01-09,06095,quantile,0.025,64.10583140077442
30531,2020-12-27,13 day ahead inc hosp,2021-01-09,06095,quantile,0.05,78.31687290487496
30532,2020-12-27,13 day ahead inc hosp,2021-01-09,06095,quantile,0.1,94.70129362873831
30533,2020-12-27,13 day ahead inc hosp,2021-01-09,06095,quantile,0.15,105.75578450591699
30534,2020-12-27,13 day ahead inc hosp,2021-01-09,06095,quantile,0.2,114.54154342060647
30535,2020-12-27,13 day ahead inc hosp,2021-01-09,06095,quantile,0.25,122.07894227060264
30536,2020-12-27,13 day ahead inc hosp,2021-01-09,06095,quantile,0.3,128.84775939100388
30537,2020-12-27,13 day ahead inc hosp,2021-01-09,06095,quantile,0.35,135.12007720846134
30538,2020-12-27,13 day ahead inc hosp,2021-01-09,06095,quantile,0.4,141.07189344593175
30539,2020-12-27,13 day ahead inc hosp,2021-01-09,06095,quantile,0.45,146.83034453549254
30540,2020-12-27,13 day ahead inc hosp,2021-01-09,06095,quantile,0.5,152.49749755859375
30541,2020-12-27,13 day ahead inc hosp,2021-01-09,06095,quantile,0.55,160.72276478884461
30542,2020-12-27,13 day ahead inc hosp,2021-01-09,06095,quantile,0.6,169.08054140982026
30543,2020-12-27,13 day ahead inc hosp,2021-01-09,06095,quantile,0.65,177.71896688712474
30544,2020-12-27,13 day ahead inc hosp,2021-01-09,06095,quantile,0.7,186.8225661708122
30545,2020-12-27,13 day ahead inc hosp,2021-01-09,06095,quantile,0.75,196.64678115513433
30546,2020-12-27,13 day ahead inc hosp,2021-01-09,06095,quantile,0.8,207.58651041769053
30547,2020-12-27,13 day ahead inc hosp,2021-01-09,06095,quantile,0.85,220.33810096047324
30548,2020-12-27,13 day ahead inc hosp,2021-01-09,06095,quantile,0.9,236.3825135938572
30549,2020-12-27,13 day ahead inc hosp,2021-01-09,06095,quantile,0.95,260.1627500401441
30550,2020-12-27,13 day ahead inc hosp,2021-01-09,06095,quantile,0.975,280.7885587160228
30551,2020-12-27,13 day ahead inc hosp,2021-01-09,06095,quantile,0.99,304.77051876518794
30552,2020-12-27,14 day ahead inc hosp,2021-01-10,06095,point,NA,157.69601440429688
30553,2020-12-27,14 day ahead inc hosp,2021-01-10,06095,quantile,0.01,51.15326811456937
30554,2020-12-27,14 day ahead inc hosp,2021-01-10,06095,quantile,0.025,67.93302243219063
30555,2020-12-27,14 day ahead inc hosp,2021-01-10,06095,quantile,0.05,82.3645368486094
30556,2020-12-27,14 day ahead inc hosp,2021-01-10,06095,quantile,0.1,99.00314872043296
30557,2020-12-27,14 day ahead inc hosp,2021-01-10,06095,quantile,0.15,110.22914115836522
30558,2020-12-27,14 day ahead inc hosp,2021-01-10,06095,quantile,0.2,119.1512040768315
30559,2020-12-27,14 day ahead inc hosp,2021-01-10,06095,quantile,0.25,126.80553962532956
30560,2020-12-27,14 day ahead inc hosp,2021-01-10,06095,quantile,0.3,133.67936951506613
30561,2020-12-27,14 day ahead inc hosp,2021-01-10,06095,quantile,0.35,140.04899731334385
30562,2020-12-27,14 day ahead inc hosp,2021-01-10,06095,quantile,0.4,146.09315120664897
30563,2020-12-27,14 day ahead inc hosp,2021-01-10,06095,quantile,0.45,151.9409400468448
30564,2020-12-27,14 day ahead inc hosp,2021-01-10,06095,quantile,0.5,157.69601440429688
30565,2020-12-27,14 day ahead inc hosp,2021-01-10,06095,quantile,0.55,165.94830986857588
30566,2020-12-27,14 day ahead inc hosp,2021-01-10,06095,quantile,0.6,174.3335501495328
30567,2020-12-27,14 day ahead inc hosp,2021-01-10,06095,quantile,0.65,183.0003614991621
30568,2020-12-27,14 day ahead inc hosp,2021-01-10,06095,quantile,0.7,192.13387521663634
30569,2020-12-27,14 day ahead inc hosp,2021-01-10,06095,quantile,0.75,201.99037257845532
30570,2020-12-27,14 day ahead inc hosp,2021-01-10,06095,quantile,0.8,212.96604979922807
30571,2020-12-27,14 day ahead inc hosp,2021-01-10,06095,quantile,0.85,225.7595420776959
30572,2020-12-27,14 day ahead inc hosp,2021-01-10,06095,quantile,0.9,241.85667666252044
30573,2020-12-27,14 day ahead inc hosp,2021-01-10,06095,quantile,0.95,265.7150549828551
30574,2020-12-27,14 day ahead inc hosp,2021-01-10,06095,quantile,0.975,286.40864008086163
30575,2020-12-27,14 day ahead inc hosp,2021-01-10,06095,quantile,0.99,310.4694048679785
30576,2020-12-27,15 day ahead inc hosp,2021-01-11,06095,point,NA,150.85142517089844
30577,2020-12-27,15 day ahead inc hosp,2021-01-11,06095,quantile,0.01,98.45015621754783
30578,2020-12-27,15 day ahead inc hosp,2021-01-11,06095,quantile,0.025,106.70299791338456
30579,2020-12-27,15 day ahead inc hosp,2021-01-11,06095,quantile,0.05,113.80089706348213
30580,2020-12-27,15 day ahead inc hosp,2021-01-11,06095,quantile,0.1,121.98432020647935
30581,2020-12-27,15 day ahead inc hosp,2021-01-11,06095,quantile,0.15,127.50563695017104
30582,2020-12-27,15 day ahead inc hosp,2021-01-11,06095,quantile,0.2,131.89380446875458
30583,2020-12-27,15 day ahead inc hosp,2021-01-11,06095,quantile,0.25,135.65846146985453
30584,2020-12-27,15 day ahead inc hosp,2021-01-11,06095,quantile,0.3,139.0392398084583
30585,2020-12-27,15 day ahead inc hosp,2021-01-11,06095,quantile,0.35,142.17203477586634
30586,2020-12-27,15 day ahead inc hosp,2021-01-11,06095,quantile,0.4,145.14475084324874
30587,2020-12-27,15 day ahead inc hosp,2021-01-11,06095,quantile,0.45,148.02088804140402
30588,2020-12-27,15 day ahead inc hosp,2021-01-11,06095,quantile,0.5,150.85142517089844
30589,2020-12-27,15 day ahead inc hosp,2021-01-11,06095,quantile,0.55,157.9737857153938
30590,2020-12-27,15 day ahead inc hosp,2021-01-11,06095,quantile,0.6,165.21088777890054
30591,2020-12-27,15 day ahead inc hosp,2021-01-11,06095,quantile,0.65,172.69100715542814
30592,2020-12-27,15 day ahead inc hosp,2021-01-11,06095,quantile,0.7,180.57392627963202
30593,2020-12-27,15 day ahead inc hosp,2021-01-11,06095,quantile,0.75,189.08083544455678
30594,2020-12-27,15 day ahead inc hosp,2021-01-11,06095,quantile,0.8,198.55368220879683
30595,2020-12-27,15 day ahead inc hosp,2021-01-11,06095,quantile,0.85,209.5954420470004
30596,2020-12-27,15 day ahead inc hosp,2021-01-11,06095,quantile,0.9,223.48849722693916
30597,2020-12-27,15 day ahead inc hosp,2021-01-11,06095,quantile,0.95,244.08009784763283
30598,2020-12-27,15 day ahead inc hosp,2021-01-11,06095,quantile,0.975,261.9402404787566
30599,2020-12-27,15 day ahead inc hosp,2021-01-11,06095,quantile,0.99,282.7065160601311
30600,2020-12-27,16 day ahead inc hosp,2021-01-12,06095,point,NA,158.9335174560547
30601,2020-12-27,16 day ahead inc hosp,2021-01-12,06095,quantile,0.01,103.70647204874047
30602,2020-12-27,16 day ahead inc hosp,2021-01-12,06095,quantile,0.025,112.40435422180583
30603,2020-12-27,16 day ahead inc hosp,2021-01-12,06095,quantile,0.05,119.88501273425413
30604,2020-12-27,16 day ahead inc hosp,2021-01-12,06095,quantile,0.1,128.50973290864366
30605,2020-12-27,16 day ahead inc hosp,2021-01-12,06095,quantile,0.15,134.32879066435336
30606,2020-12-27,16 day ahead inc hosp,2021-01-12,06095,quantile,0.2,138.95359330070664
30607,2020-12-27,16 day ahead inc hosp,2021-01-12,06095,quantile,0.25,142.92126216246265
30608,2020-12-27,16 day ahead inc hosp,2021-01-12,06095,quantile,0.3,146.48435142628085
30609,2020-12-27,16 day ahead inc hosp,2021-01-12,06095,quantile,0.35,149.7860846356593
30610,2020-12-27,16 day ahead inc hosp,2021-01-12,06095,quantile,0.4,152.91910657416494
30611,2020-12-27,16 day ahead inc hosp,2021-01-12,06095,quantile,0.45,155.95034155783665
30612,2020-12-27,16 day ahead inc hosp,2021-01-12,06095,quantile,0.5,158.9335174560547
30613,2020-12-27,16 day ahead inc hosp,2021-01-12,06095,quantile,0.55,165.08969341420294
30614,2020-12-27,16 day ahead inc hosp,2021-01-12,06095,quantile,0.6,171.3450456182498
30615,2020-12-27,16 day ahead inc hosp,2021-01-12,06095,quantile,0.65,177.81044859556016
30616,2020-12-27,16 day ahead inc hosp,2021-01-12,06095,quantile,0.7,184.62400947741656
30617,2020-12-27,16 day ahead inc hosp,2021-01-12,06095,quantile,0.75,191.9769129638507
30618,2020-12-27,16 day ahead inc hosp,2021-01-12,06095,quantile,0.8,200.16471968058707
30619,2020-12-27,16 day ahead inc hosp,2021-01-12,06095,quantile,0.85,209.7086083993534
30620,2020-12-27,16 day ahead inc hosp,2021-01-12,06095,quantile,0.9,221.7169996833453
30621,2020-12-27,16 day ahead inc hosp,2021-01-12,06095,quantile,0.95,239.51524450526438
30622,2020-12-27,16 day ahead inc hosp,2021-01-12,06095,quantile,0.975,254.9525675652153
30623,2020-12-27,16 day ahead inc hosp,2021-01-12,06095,quantile,0.99,272.9017917972212
30624,2020-12-27,17 day ahead inc hosp,2021-01-13,06095,point,NA,161.01539611816406
30625,2020-12-27,17 day ahead inc hosp,2021-01-13,06095,quantile,0.01,105.56080001729129
30626,2020-12-27,17 day ahead inc hosp,2021-01-13,06095,quantile,0.025,114.29451986927597
30627,2020-12-27,17 day ahead inc hosp,2021-01-13,06095,quantile,0.05,121.80600076268325
30628,2020-12-27,17 day ahead inc hosp,2021-01-13,06095,quantile,0.1,130.4662571683333
30629,2020-12-27,17 day ahead inc hosp,2021-01-13,06095,quantile,0.15,136.3092910505659
30630,2020-12-27,17 day ahead inc hosp,2021-01-13,06095,quantile,0.2,140.95314915222087
30631,2020-12-27,17 day ahead inc hosp,2021-01-13,06095,quantile,0.25,144.9371659064749
30632,2020-12-27,17 day ahead inc hosp,2021-01-13,06095,quantile,0.3,148.51493608300922
30633,2020-12-27,17 day ahead inc hosp,2021-01-13,06095,quantile,0.35,151.83027334591247
30634,2020-12-27,17 day ahead inc hosp,2021-01-13,06095,quantile,0.4,154.9762042008699
30635,2020-12-27,17 day ahead inc hosp,2021-01-13,06095,quantile,0.45,158.01992871060236
30636,2020-12-27,17 day ahead inc hosp,2021-01-13,06095,quantile,0.5,161.01539611816406
30637,2020-12-27,17 day ahead inc hosp,2021-01-13,06095,quantile,0.55,167.8518054821807
30638,2020-12-27,17 day ahead inc hosp,2021-01-13,06095,quantile,0.6,174.7983496800225
30639,2020-12-27,17 day ahead inc hosp,2021-01-13,06095,quantile,0.65,181.97815444140568
30640,2020-12-27,17 day ahead inc hosp,2021-01-13,06095,quantile,0.7,189.5445871963641
30641,2020-12-27,17 day ahead inc hosp,2021-01-13,06095,quantile,0.75,197.70995780777997
30642,2020-12-27,17 day ahead inc hosp,2021-01-13,06095,quantile,0.8,206.80248519646946
30643,2020-12-27,17 day ahead inc hosp,2021-01-13,06095,quantile,0.85,217.4009363534329
30644,2020-12-27,17 day ahead inc hosp,2021-01-13,06095,quantile,0.9,230.73620798614164
30645,2020-12-27,17 day ahead inc hosp,2021-01-13,06095,quantile,0.95,250.50108936556006
30646,2020-12-27,17 day ahead inc hosp,2021-01-13,06095,quantile,0.975,267.6441763468073
30647,2020-12-27,17 day ahead inc hosp,2021-01-13,06095,quantile,0.99,287.57671977161044
30648,2020-12-27,18 day ahead inc hosp,2021-01-14,06095,point,NA,165.1067657470703
30649,2020-12-27,18 day ahead inc hosp,2021-01-14,06095,quantile,0.01,103.63228838243512
30650,2020-12-27,18 day ahead inc hosp,2021-01-14,06095,quantile,0.025,113.31409838738526
30651,2020-12-27,18 day ahead inc hosp,2021-01-14,06095,quantile,0.05,121.64098911645482
30652,2020-12-27,18 day ahead inc hosp,2021-01-14,06095,quantile,0.1,131.24136084060652
30653,2020-12-27,18 day ahead inc hosp,2021-01-14,06095,quantile,0.15,137.71868606502463
30654,2020-12-27,18 day ahead inc hosp,2021-01-14,06095,quantile,0.2,142.86665881800397
30655,2020-12-27,18 day ahead inc hosp,2021-01-14,06095,quantile,0.25,147.28316105587461
30656,2020-12-27,18 day ahead inc hosp,2021-01-14,06095,quantile,0.3,151.2493165632224
30657,2020-12-27,18 day ahead inc hosp,2021-01-14,06095,quantile,0.35,154.92455071610937
30658,2020-12-27,18 day ahead inc hosp,2021-01-14,06095,quantile,0.4,158.41198852526767
30659,2020-12-27,18 day ahead inc hosp,2021-01-14,06095,quantile,0.45,161.7861249654173
30660,2020-12-27,18 day ahead inc hosp,2021-01-14,06095,quantile,0.5,165.1067657470703
30661,2020-12-27,18 day ahead inc hosp,2021-01-14,06095,quantile,0.55,173.43598410994642
30662,2020-12-27,18 day ahead inc hosp,2021-01-14,06095,quantile,0.6,181.89938652053578
30663,2020-12-27,18 day ahead inc hosp,2021-01-14,06095,quantile,0.65,190.64698463470754
30664,2020-12-27,18 day ahead inc hosp,2021-01-14,06095,quantile,0.7,199.86563543344184
30665,2020-12-27,18 day ahead inc hosp,2021-01-14,06095,quantile,0.75,209.8140090920279
30666,2020-12-27,18 day ahead inc hosp,2021-01-14,06095,quantile,0.8,220.89199492614856
30667,2020-12-27,18 day ahead inc hosp,2021-01-14,06095,quantile,0.85,233.80474038859398
30668,2020-12-27,18 day ahead inc hosp,2021-01-14,06095,quantile,0.9,250.0519227094372
30669,2020-12-27,18 day ahead inc hosp,2021-01-14,06095,quantile,0.95,274.13269437767974
30670,2020-12-27,18 day ahead inc hosp,2021-01-14,06095,quantile,0.975,295.01917253859153
30671,2020-12-27,18 day ahead inc hosp,2021-01-14,06095,quantile,0.99,319.30421719764206
30672,2020-12-27,19 day ahead inc hosp,2021-01-15,06095,point,NA,163.625244140625
30673,2020-12-27,19 day ahead inc hosp,2021-01-15,06095,quantile,0.01,109.53483403768152
30674,2020-12-27,19 day ahead inc hosp,2021-01-15,06095,quantile,0.025,118.05370391924643
30675,2020-12-27,19 day ahead inc hosp,2021-01-15,06095,quantile,0.05,125.38040198527793
30676,2020-12-27,19 day ahead inc hosp,2021-01-15,06095,quantile,0.1,133.82761562517464
30677,2020-12-27,19 day ahead inc hosp,2021-01-15,06095,quantile,0.15,139.52691056477622
30678,2020-12-27,19 day ahead inc hosp,2021-01-15,06095,quantile,0.2,144.0565295114453
30679,2020-12-27,19 day ahead inc hosp,2021-01-15,06095,quantile,0.25,147.94253924276867
30680,2020-12-27,19 day ahead inc hosp,2021-01-15,06095,quantile,0.3,151.43229608367685
30681,2020-12-27,19 day ahead inc hosp,2021-01-15,06095,quantile,0.35,154.66607587451344
30682,2020-12-27,19 day ahead inc hosp,2021-01-15,06095,quantile,0.4,157.73461666400215
30683,2020-12-27,19 day ahead inc hosp,2021-01-15,06095,quantile,0.45,160.7034653897657
30684,2020-12-27,19 day ahead inc hosp,2021-01-15,06095,quantile,0.5,163.625244140625
30685,2020-12-27,19 day ahead inc hosp,2021-01-15,06095,quantile,0.55,171.59568455559318
30686,2020-12-27,19 day ahead inc hosp,2021-01-15,06095,quantile,0.6,179.69452909089333
30687,2020-12-27,19 day ahead inc hosp,2021-01-15,06095,quantile,0.65,188.0653277067455
30688,2020-12-27,19 day ahead inc hosp,2021-01-15,06095,quantile,0.7,196.8868885899613
30689,2020-12-27,19 day ahead inc hosp,2021-01-15,06095,quantile,0.75,206.4067397953293
30690,2020-12-27,19 day ahead inc hosp,2021-01-15,06095,quantile,0.8,217.00754555667942
30691,2020-12-27,19 day ahead inc hosp,2021-01-15,06095,quantile,0.85,229.36407936551734
30692,2020-12-27,19 day ahead inc hosp,2021-01-15,06095,quantile,0.9,244.91142041934097
30693,2020-12-27,19 day ahead inc hosp,2021-01-15,06095,quantile,0.95,267.95492190606456
30694,2020-12-27,19 day ahead inc hosp,2021-01-15,06095,quantile,0.975,287.9417228767378
30695,2020-12-27,19 day ahead inc hosp,2021-01-15,06095,quantile,0.99,311.1806983720286
30696,2020-12-27,20 day ahead inc hosp,2021-01-16,06095,point,NA,163.89244079589844
30697,2020-12-27,20 day ahead inc hosp,2021-01-16,06095,quantile,0.01,64.35560954767591
30698,2020-12-27,20 day ahead inc hosp,2021-01-16,06095,quantile,0.025,80.03198013190907
30699,2020-12-27,20 day ahead inc hosp,2021-01-16,06095,quantile,0.05,93.51452366628637
30700,2020-12-27,20 day ahead inc hosp,2021-01-16,06095,quantile,0.1,109.05903288690192
30701,2020-12-27,20 day ahead inc hosp,2021-01-16,06095,quantile,0.15,119.54683946032813
30702,2020-12-27,20 day ahead inc hosp,2021-01-16,06095,quantile,0.2,127.88221565465314
30703,2020-12-27,20 day ahead inc hosp,2021-01-16,06095,quantile,0.25,135.03322623341444
30704,2020-12-27,20 day ahead inc hosp,2021-01-16,06095,quantile,0.3,141.4550547444152
30705,2020-12-27,20 day ahead inc hosp,2021-01-16,06095,quantile,0.35,147.40583590362291
30706,2020-12-27,20 day ahead inc hosp,2021-01-16,06095,quantile,0.4,153.05254529555273
30707,2020-12-27,20 day ahead inc hosp,2021-01-16,06095,quantile,0.45,158.51580198108022
30708,2020-12-27,20 day ahead inc hosp,2021-01-16,06095,quantile,0.5,163.89244079589844
30709,2020-12-27,20 day ahead inc hosp,2021-01-16,06095,quantile,0.55,172.00128778130178
30710,2020-12-27,20 day ahead inc hosp,2021-01-16,06095,quantile,0.6,180.24076862253474
30711,2020-12-27,20 day ahead inc hosp,2021-01-16,06095,quantile,0.65,188.75692602258258
30712,2020-12-27,20 day ahead inc hosp,2021-01-16,06095,quantile,0.7,197.73167316956344
30713,2020-12-27,20 day ahead inc hosp,2021-01-16,06095,quantile,0.75,207.4168364389817
30714,2020-12-27,20 day ahead inc hosp,2021-01-16,06095,quantile,0.8,218.20172502297265
30715,2020-12-27,20 day ahead inc hosp,2021-01-16,06095,quantile,0.85,230.7728298439388
30716,2020-12-27,20 day ahead inc hosp,2021-01-16,06095,quantile,0.9,246.5901502267095
30717,2020-12-27,20 day ahead inc hosp,2021-01-16,06095,quantile,0.95,270.03380174850594
30718,2020-12-27,20 day ahead inc hosp,2021-01-16,06095,quantile,0.975,290.36767319863804
30719,2020-12-27,20 day ahead inc hosp,2021-01-16,06095,quantile,0.99,314.01019313203665
30720,2020-12-27,21 day ahead inc hosp,2021-01-17,06095,point,NA,187.5979461669922
30721,2020-12-27,21 day ahead inc hosp,2021-01-17,06095,quantile,0.01,85.67866363873942
30722,2020-12-27,21 day ahead inc hosp,2021-01-17,06095,quantile,0.025,101.73025401544815
30723,2020-12-27,21 day ahead inc hosp,2021-01-17,06095,quantile,0.05,115.53550727143028
30724,2020-12-27,21 day ahead inc hosp,2021-01-17,06095,quantile,0.1,131.45208013347062
30725,2020-12-27,21 day ahead inc hosp,2021-01-17,06095,quantile,0.15,142.19091627939002
30726,2020-12-27,21 day ahead inc hosp,2021-01-17,06095,quantile,0.2,150.72580282013323
30727,2020-12-27,21 day ahead inc hosp,2021-01-17,06095,quantile,0.25,158.04797551138324
30728,2020-12-27,21 day ahead inc hosp,2021-01-17,06095,quantile,0.3,164.62351288938638
30729,2020-12-27,21 day ahead inc hosp,2021-01-17,06095,quantile,0.35,170.71672822107223
30730,2020-12-27,21 day ahead inc hosp,2021-01-17,06095,quantile,0.4,176.49859371401564
30731,2020-12-27,21 day ahead inc hosp,2021-01-17,06095,quantile,0.45,182.09261549142263
30732,2020-12-27,21 day ahead inc hosp,2021-01-17,06095,quantile,0.5,187.5979461669922
30733,2020-12-27,21 day ahead inc hosp,2021-01-17,06095,quantile,0.55,195.55846335067815
30734,2020-12-27,21 day ahead inc hosp,2021-01-17,06095,quantile,0.6,203.64722479103517
30735,2020-12-27,21 day ahead inc hosp,2021-01-17,06095,quantile,0.65,212.00760172798917
30736,2020-12-27,21 day ahead inc hosp,2021-01-17,06095,quantile,0.7,220.81817973141958
30737,2020-12-27,21 day ahead inc hosp,2021-01-17,06095,quantile,0.75,230.32617868266294
30738,2020-12-27,21 day ahead inc hosp,2021-01-17,06095,quantile,0.8,240.91378639699548
30739,2020-12-27,21 day ahead inc hosp,2021-01-17,06095,quantile,0.85,253.25493627013498
30740,2020-12-27,21 day ahead inc hosp,2021-01-17,06095,quantile,0.9,268.7829208200431
30741,2020-12-27,21 day ahead inc hosp,2021-01-17,06095,quantile,0.95,291.79773305210824
30742,2020-12-27,21 day ahead inc hosp,2021-01-17,06095,quantile,0.975,311.759650372908
30743,2020-12-27,21 day ahead inc hosp,2021-01-17,06095,quantile,0.99,334.9696932475912
30744,2020-12-27,22 day ahead inc hosp,2021-01-18,06095,point,NA,154.79591369628906
30745,2020-12-27,22 day ahead inc hosp,2021-01-18,06095,quantile,0.01,96.07199854685392
30746,2020-12-27,22 day ahead inc hosp,2021-01-18,06095,quantile,0.025,105.320613803089
30747,2020-12-27,22 day ahead inc hosp,2021-01-18,06095,quantile,0.05,113.27493314983309
30748,2020-12-27,22 day ahead inc hosp,2021-01-18,06095,quantile,0.1,122.44575393108377
30749,2020-12-27,22 day ahead inc hosp,2021-01-18,06095,quantile,0.15,128.63326317362424
30750,2020-12-27,22 day ahead inc hosp,2021-01-18,06095,quantile,0.2,133.55089937156083
30751,2020-12-27,22 day ahead inc hosp,2021-01-18,06095,quantile,0.25,137.76979335476054
30752,2020-12-27,22 day ahead inc hosp,2021-01-18,06095,quantile,0.3,141.55849054207397
30753,2020-12-27,22 day ahead inc hosp,2021-01-18,06095,quantile,0.35,145.0692831148726
30754,2020-12-27,22 day ahead inc hosp,2021-01-18,06095,quantile,0.4,148.40068194530429
30755,2020-12-27,22 day ahead inc hosp,2021-01-18,06095,quantile,0.45,151.6238488677115
30756,2020-12-27,22 day ahead inc hosp,2021-01-18,06095,quantile,0.5,154.79591369628906
30757,2020-12-27,22 day ahead inc hosp,2021-01-18,06095,quantile,0.55,163.0227906174073
30758,2020-12-27,22 day ahead inc hosp,2021-01-18,06095,quantile,0.6,171.3822028614359
30759,2020-12-27,22 day ahead inc hosp,2021-01-18,06095,quantile,0.65,180.02231888498162
30760,2020-12-27,22 day ahead inc hosp,2021-01-18,06095,quantile,0.7,189.12769974976754
30761,2020-12-27,22 day ahead inc hosp,2021-01-18,06095,quantile,0.75,198.9538373402126
30762,2020-12-27,22 day ahead inc hosp,2021-01-18,06095,quantile,0.8,209.89570751585924
30763,2020-12-27,22 day ahead inc hosp,2021-01-18,06095,quantile,0.85,222.64979355432212
30764,2020-12-27,22 day ahead inc hosp,2021-01-18,06095,quantile,0.9,238.69734609109952
30765,2020-12-27,22 day ahead inc hosp,2021-01-18,06095,quantile,0.95,262.4822363472093
30766,2020-12-27,22 day ahead inc hosp,2021-01-18,06095,quantile,0.975,283.11208150906816
30767,2020-12-27,22 day ahead inc hosp,2021-01-18,06095,quantile,0.99,307.0987348455142
30768,2020-12-27,23 day ahead inc hosp,2021-01-19,06095,point,NA,160.97010803222656
30769,2020-12-27,23 day ahead inc hosp,2021-01-19,06095,quantile,0.01,104.70029536496631
30770,2020-12-27,23 day ahead inc hosp,2021-01-19,06095,quantile,0.025,113.56240625412624
30771,2020-12-27,23 day ahead inc hosp,2021-01-19,06095,quantile,0.05,121.18431052256396
30772,2020-12-27,23 day ahead inc hosp,2021-01-19,06095,quantile,0.1,129.97187800768177
30773,2020-12-27,23 day ahead inc hosp,2021-01-19,06095,quantile,0.15,135.9008080708205
30774,2020-12-27,23 day ahead inc hosp,2021-01-19,06095,quantile,0.2,140.61293373409535
30775,2020-12-27,23 day ahead inc hosp,2021-01-19,06095,quantile,0.25,144.6555179775603
30776,2020-12-27,23 day ahead inc hosp,2021-01-19,06095,quantile,0.3,148.28588356951036
30777,2020-12-27,23 day ahead inc hosp,2021-01-19,06095,quantile,0.35,151.6499583230801
30778,2020-12-27,23 day ahead inc hosp,2021-01-19,06095,quantile,0.4,154.84213629063044
30779,2020-12-27,23 day ahead inc hosp,2021-01-19,06095,quantile,0.45,157.93060541700999
30780,2020-12-27,23 day ahead inc hosp,2021-01-19,06095,quantile,0.5,160.97010803222656
30781,2020-12-27,23 day ahead inc hosp,2021-01-19,06095,quantile,0.55,167.7067625810251
30782,2020-12-27,23 day ahead inc hosp,2021-01-19,06095,quantile,0.6,174.55194490950493
30783,2020-12-27,23 day ahead inc hosp,2021-01-19,06095,quantile,0.65,181.6269841340196
30784,2020-12-27,23 day ahead inc hosp,2021-01-19,06095,quantile,0.7,189.0830097935071
30785,2020-12-27,23 day ahead inc hosp,2021-01-19,06095,quantile,0.75,197.1292337896228
30786,2020-12-27,23 day ahead inc hosp,2021-01-19,06095,quantile,0.8,206.0890857720824
30787,2020-12-27,23 day ahead inc hosp,2021-01-19,06095,quantile,0.85,216.5328875392176
30788,2020-12-27,23 day ahead inc hosp,2021-01-19,06095,quantile,0.9,229.67357492648804
30789,2020-12-27,23 day ahead inc hosp,2021-01-19,06095,quantile,0.95,249.15005314207752
30790,2020-12-27,23 day ahead inc hosp,2021-01-19,06095,quantile,0.975,266.04299338941445
30791,2020-12-27,23 day ahead inc hosp,2021-01-19,06095,quantile,0.99,285.6846871765943
30792,2020-12-27,24 day ahead inc hosp,2021-01-20,06095,point,NA,169.0821990966797
30793,2020-12-27,24 day ahead inc hosp,2021-01-20,06095,quantile,0.01,112.71310061698517
30794,2020-12-27,24 day ahead inc hosp,2021-01-20,06095,quantile,0.025,121.59084834298187
30795,2020-12-27,24 day ahead inc hosp,2021-01-20,06095,quantile,0.05,129.22620115375014
30796,2020-12-27,24 day ahead inc hosp,2021-01-20,06095,quantile,0.1,138.0292739468781
30797,2020-12-27,24 day ahead inc hosp,2021-01-20,06095,quantile,0.15,143.9686653677197
30798,2020-12-27,24 day ahead inc hosp,2021-01-20,06095,quantile,0.2,148.689105386465
30799,2020-12-27,24 day ahead inc hosp,2021-01-20,06095,quantile,0.25,152.73882260659934
30800,2020-12-27,24 day ahead inc hosp,2021-01-20,06095,quantile,0.3,156.3755938320524
30801,2020-12-27,24 day ahead inc hosp,2021-01-20,06095,quantile,0.35,159.74560435969295
30802,2020-12-27,24 day ahead inc hosp,2021-01-20,06095,quantile,0.4,162.9434147963758
30803,2020-12-27,24 day ahead inc hosp,2021-01-20,06095,quantile,0.45,166.03733340182515
30804,2020-12-27,24 day ahead inc hosp,2021-01-20,06095,quantile,0.5,169.0821990966797
30805,2020-12-27,24 day ahead inc hosp,2021-01-20,06095,quantile,0.55,176.24562785013316
30806,2020-12-27,24 day ahead inc hosp,2021-01-20,06095,quantile,0.6,183.52445973312018
30807,2020-12-27,24 day ahead inc hosp,2021-01-20,06095,quantile,0.65,191.04771019009053
30808,2020-12-27,24 day ahead inc hosp,2021-01-20,06095,quantile,0.7,198.97608297642932
30809,2020-12-27,24 day ahead inc hosp,2021-01-20,06095,quantile,0.75,207.53204378946856
30810,2020-12-27,24 day ahead inc hosp,2021-01-20,06095,quantile,0.8,217.0595118899793
30811,2020-12-27,24 day ahead inc hosp,2021-01-20,06095,quantile,0.85,228.1649395666007
30812,2020-12-27,24 day ahead inc hosp,2021-01-20,06095,quantile,0.9,242.13810342534498
30813,2020-12-27,24 day ahead inc hosp,2021-01-20,06095,quantile,0.95,262.84843717556635
30814,2020-12-27,24 day ahead inc hosp,2021-01-20,06095,quantile,0.975,280.81156308941144
30815,2020-12-27,24 day ahead inc hosp,2021-01-20,06095,quantile,0.99,301.69757899276624
30816,2020-12-27,25 day ahead inc hosp,2021-01-21,06095,point,NA,180.53172302246094
30817,2020-12-27,25 day ahead inc hosp,2021-01-21,06095,quantile,0.01,115.53642858241435
30818,2020-12-27,25 day ahead inc hosp,2021-01-21,06095,quantile,0.025,125.77274321184669
30819,2020-12-27,25 day ahead inc hosp,2021-01-21,06095,quantile,0.05,134.57653850880865
30820,2020-12-27,25 day ahead inc hosp,2021-01-21,06095,quantile,0.1,144.7267506569171
30821,2020-12-27,25 day ahead inc hosp,2021-01-21,06095,quantile,0.15,151.57505060500557
30822,2020-12-27,25 day ahead inc hosp,2021-01-21,06095,quantile,0.2,157.01786230822003
30823,2020-12-27,25 day ahead inc hosp,2021-01-21,06095,quantile,0.25,161.6873101124345
30824,2020-12-27,25 day ahead inc hosp,2021-01-21,06095,quantile,0.3,165.88061855597041
30825,2020-12-27,25 day ahead inc hosp,2021-01-21,06095,quantile,0.35,169.76634375679043
30826,2020-12-27,25 day ahead inc hosp,2021-01-21,06095,quantile,0.4,173.45351698647275
30827,2020-12-27,25 day ahead inc hosp,2021-01-21,06095,quantile,0.45,177.02089975749857
30828,2020-12-27,25 day ahead inc hosp,2021-01-21,06095,quantile,0.5,180.53172302246094
30829,2020-12-27,25 day ahead inc hosp,2021-01-21,06095,quantile,0.55,189.22167224586966
30830,2020-12-27,25 day ahead inc hosp,2021-01-21,06095,quantile,0.6,198.05161690587502
30831,2020-12-27,25 day ahead inc hosp,2021-01-21,06095,quantile,0.65,207.17806552652203
30832,2020-12-27,25 day ahead inc hosp,2021-01-21,06095,quantile,0.7,216.79596769443629
30833,2020-12-27,25 day ahead inc hosp,2021-01-21,06095,quantile,0.75,227.1751963545861
30834,2020-12-27,25 day ahead inc hosp,2021-01-21,06095,quantile,0.8,238.73295966467276
30835,2020-12-27,25 day ahead inc hosp,2021-01-21,06095,quantile,0.85,252.20494437137523
30836,2020-12-27,25 day ahead inc hosp,2021-01-21,06095,quantile,0.9,269.15577735960284
30837,2020-12-27,25 day ahead inc hosp,2021-01-21,06095,quantile,0.95,294.2794653145514
30838,2020-12-27,25 day ahead inc hosp,2021-01-21,06095,quantile,0.975,316.0705178199254
30839,2020-12-27,25 day ahead inc hosp,2021-01-21,06095,quantile,0.99,341.4073256428495
30840,2020-12-27,26 day ahead inc hosp,2021-01-22,06095,point,NA,167.33204650878906
30841,2020-12-27,26 day ahead inc hosp,2021-01-22,06095,quantile,0.01,112.98370450216288
30842,2020-12-27,26 day ahead inc hosp,2021-01-22,06095,quantile,0.025,121.54319689558517
30843,2020-12-27,26 day ahead inc hosp,2021-01-22,06095,quantile,0.05,128.90483256287138
30844,2020-12-27,26 day ahead inc hosp,2021-01-22,06095,quantile,0.1,137.3923270194749
30845,2020-12-27,26 day ahead inc hosp,2021-01-22,06095,quantile,0.15,143.11879923487496
30846,2020-12-27,26 day ahead inc hosp,2021-01-22,06095,quantile,0.2,147.6700178188115
30847,2020-12-27,26 day ahead inc hosp,2021-01-22,06095,quantile,0.25,151.57455811564216
30848,2020-12-27,26 day ahead inc hosp,2021-01-22,06095,quantile,0.3,155.08095597708711
30849,2020-12-27,26 day ahead inc hosp,2021-01-22,06095,quantile,0.35,158.33015615345886
30850,2020-12-27,26 day ahead inc hosp,2021-01-22,06095,quantile,0.4,161.41332938085762
30851,2020-12-27,26 day ahead inc hosp,2021-01-22,06095,quantile,0.45,164.396335159639
30852,2020-12-27,26 day ahead inc hosp,2021-01-22,06095,quantile,0.5,167.33204650878906
30853,2020-12-27,26 day ahead inc hosp,2021-01-22,06095,quantile,0.55,175.35719484204844
30854,2020-12-27,26 day ahead inc hosp,2021-01-22,06095,quantile,0.6,183.5116286424359
30855,2020-12-27,26 day ahead inc hosp,2021-01-22,06095,quantile,0.65,191.93988317576137
30856,2020-12-27,26 day ahead inc hosp,2021-01-22,06095,quantile,0.7,200.82199394165286
30857,2020-12-27,26 day ahead inc hosp,2021-01-22,06095,quantile,0.75,210.4071879906747
30858,2020-12-27,26 day ahead inc hosp,2021-01-22,06095,quantile,0.8,221.0807561070791
30859,2020-12-27,26 day ahead inc hosp,2021-01-22,06095,quantile,0.85,233.52210332731983
30860,2020-12-27,26 day ahead inc hosp,2021-01-22,06095,quantile,0.9,249.17615901919794
30861,2020-12-27,26 day ahead inc hosp,2021-01-22,06095,quantile,0.95,272.37782767496674
30862,2020-12-27,26 day ahead inc hosp,2021-01-22,06095,quantile,0.975,292.5018150766875
30863,2020-12-27,26 day ahead inc hosp,2021-01-22,06095,quantile,0.99,315.9002994455632
30864,2020-12-27,27 day ahead inc hosp,2021-01-23,06095,point,NA,170.30313110351562
30865,2020-12-27,27 day ahead inc hosp,2021-01-23,06095,quantile,0.01,66.63092330188815
30866,2020-12-27,27 day ahead inc hosp,2021-01-23,06095,quantile,0.025,82.9585874278542
30867,2020-12-27,27 day ahead inc hosp,2021-01-23,06095,quantile,0.05,97.00127933859767
30868,2020-12-27,27 day ahead inc hosp,2021-01-23,06095,quantile,0.1,113.19160376308298
30869,2020-12-27,27 day ahead inc hosp,2021-01-23,06095,quantile,0.15,124.11513878854556
30870,2020-12-27,27 day ahead inc hosp,2021-01-23,06095,quantile,0.2,132.79681814367606
30871,2020-12-27,27 day ahead inc hosp,2021-01-23,06095,quantile,0.25,140.2449259989903
30872,2020-12-27,27 day ahead inc hosp,2021-01-23,06095,quantile,0.3,146.93355704651302
30873,2020-12-27,27 day ahead inc hosp,2021-01-23,06095,quantile,0.35,153.13157051733475
30874,2020-12-27,27 day ahead inc hosp,2021-01-23,06095,quantile,0.4,159.01287919608578
30875,2020-12-27,27 day ahead inc hosp,2021-01-23,06095,quantile,0.45,164.70311340660822
30876,2020-12-27,27 day ahead inc hosp,2021-01-23,06095,quantile,0.5,170.30313110351562
30877,2020-12-27,27 day ahead inc hosp,2021-01-23,06095,quantile,0.55,178.634609169414
30878,2020-12-27,27 day ahead inc hosp,2021-01-23,06095,quantile,0.6,187.10030768693358
30879,2020-12-27,27 day ahead inc hosp,2021-01-23,06095,quantile,0.65,195.85027900985494
30880,2020-12-27,27 day ahead inc hosp,2021-01-23,06095,quantile,0.7,205.071430813145
30881,2020-12-27,27 day ahead inc hosp,2021-01-23,06095,quantile,0.75,215.02250344887918
30882,2020-12-27,27 day ahead inc hosp,2021-01-23,06095,quantile,0.8,226.10349472204342
30883,2020-12-27,27 day ahead inc hosp,2021-01-23,06095,quantile,0.85,239.01974339075338
30884,2020-12-27,27 day ahead inc hosp,2021-01-23,06095,quantile,0.9,255.27133354500842
30885,2020-12-27,27 day ahead inc hosp,2021-01-23,06095,quantile,0.95,279.3586382863614
30886,2020-12-27,27 day ahead inc hosp,2021-01-23,06095,quantile,0.975,300.2507829138933
30887,2020-12-27,27 day ahead inc hosp,2021-01-23,06095,quantile,0.99,324.5424160649754
30888,2020-12-27,28 day ahead inc hosp,2021-01-24,06095,point,NA,168.62026977539062
30889,2020-12-27,28 day ahead inc hosp,2021-01-24,06095,quantile,0.01,66.39355442624401
30890,2020-12-27,28 day ahead inc hosp,2021-01-24,06095,quantile,0.025,82.49356337093056
30891,2020-12-27,28 day ahead inc hosp,2021-01-24,06095,quantile,0.05,96.34045926652274
30892,2020-12-27,28 day ahead inc hosp,2021-01-24,06095,quantile,0.1,112.30504342507689
30893,2020-12-27,28 day ahead inc hosp,2021-01-24,06095,quantile,0.15,123.07627256482004
30894,2020-12-27,28 day ahead inc hosp,2021-01-24,06095,quantile,0.2,131.63690403017554
30895,2020-12-27,28 day ahead inc hosp,2021-01-24,06095,quantile,0.25,138.98116357437135
30896,2020-12-27,28 day ahead inc hosp,2021-01-24,06095,quantile,0.3,145.5765356289427
30897,2020-12-27,28 day ahead inc hosp,2021-01-24,06095,quantile,0.35,151.68813074442673
30898,2020-12-27,28 day ahead inc hosp,2021-01-24,06095,quantile,0.4,157.48743685483163
30899,2020-12-27,28 day ahead inc hosp,2021-01-24,06095,quantile,0.45,163.09833263147124
30900,2020-12-27,28 day ahead inc hosp,2021-01-24,06095,quantile,0.5,168.62026977539062
30901,2020-12-27,28 day ahead inc hosp,2021-01-24,06095,quantile,0.55,176.50159620833728
30902,2020-12-27,28 day ahead inc hosp,2021-01-24,06095,quantile,0.6,184.5098911317291
30903,2020-12-27,28 day ahead inc hosp,2021-01-24,06095,quantile,0.65,192.7870995369377
30904,2020-12-27,28 day ahead inc hosp,2021-01-24,06095,quantile,0.7,201.51003043523167
30905,2020-12-27,28 day ahead inc hosp,2021-01-24,06095,quantile,0.75,210.92344437929478
30906,2020-12-27,28 day ahead inc hosp,2021-01-24,06095,quantile,0.8,221.40572720278357
30907,2020-12-27,28 day ahead inc hosp,2021-01-24,06095,quantile,0.85,233.6241080521412
30908,2020-12-27,28 day ahead inc hosp,2021-01-24,06095,quantile,0.9,248.99762113674103
30909,2020-12-27,28 day ahead inc hosp,2021-01-24,06095,quantile,0.95,271.7834833877024
30910,2020-12-27,28 day ahead inc hosp,2021-01-24,06095,quantile,0.975,291.5468207441162
30911,2020-12-27,28 day ahead inc hosp,2021-01-24,06095,quantile,0.99,314.5259714948926
30912,2020-12-27,1 day ahead inc hosp,2020-12-28,06097,point,NA,77.41856384277344
30913,2020-12-27,1 day ahead inc hosp,2020-12-28,06097,quantile,0.01,53.04869789342531
30914,2020-12-27,1 day ahead inc hosp,2020-12-28,06097,quantile,0.025,56.88678521164992
30915,2020-12-27,1 day ahead inc hosp,2020-12-28,06097,quantile,0.05,60.18775204441609
30916,2020-12-27,1 day ahead inc hosp,2020-12-28,06097,quantile,0.1,63.99355539584206
30917,2020-12-27,1 day ahead inc hosp,2020-12-28,06097,quantile,0.15,66.56131284895721
30918,2020-12-27,1 day ahead inc hosp,2020-12-28,06097,quantile,0.2,68.6020850731254
30919,2020-12-27,1 day ahead inc hosp,2020-12-28,06097,quantile,0.25,70.35288592765727
30920,2020-12-27,1 day ahead inc hosp,2020-12-28,06097,quantile,0.3,71.92515920580209
30921,2020-12-27,1 day ahead inc hosp,2020-12-28,06097,quantile,0.35,73.38210471356246
30922,2020-12-27,1 day ahead inc hosp,2020-12-28,06097,quantile,0.4,74.7646035254152
30923,2020-12-27,1 day ahead inc hosp,2020-12-28,06097,quantile,0.45,76.10218712541112
30924,2020-12-27,1 day ahead inc hosp,2020-12-28,06097,quantile,0.5,77.41856384277344
30925,2020-12-27,1 day ahead inc hosp,2020-12-28,06097,quantile,0.55,80.95757131839491
30926,2020-12-27,1 day ahead inc hosp,2020-12-28,06097,quantile,0.6,84.55359234886363
30927,2020-12-27,1 day ahead inc hosp,2020-12-28,06097,quantile,0.65,88.27036549263991
30928,2020-12-27,1 day ahead inc hosp,2020-12-28,06097,quantile,0.7,92.18728454440543
30929,2020-12-27,1 day ahead inc hosp,2020-12-28,06097,quantile,0.75,96.41425605771495
30930,2020-12-27,1 day ahead inc hosp,2020-12-28,06097,quantile,0.8,101.12118928647044
30931,2020-12-27,1 day ahead inc hosp,2020-12-28,06097,quantile,0.85,106.60769483014451
30932,2020-12-27,1 day ahead inc hosp,2020-12-28,06097,quantile,0.9,113.51097160669366
30933,2020-12-27,1 day ahead inc hosp,2020-12-28,06097,quantile,0.95,123.74266769626726
30934,2020-12-27,1 day ahead inc hosp,2020-12-28,06097,quantile,0.975,132.6171381604259
30935,2020-12-27,1 day ahead inc hosp,2020-12-28,06097,quantile,0.99,142.93562794540307
30936,2020-12-27,2 day ahead inc hosp,2020-12-29,06097,point,NA,80.40746307373047
30937,2020-12-27,2 day ahead inc hosp,2020-12-29,06097,quantile,0.01,53.40477263665983
30938,2020-12-27,2 day ahead inc hosp,2020-12-29,06097,quantile,0.025,57.657511816262826
30939,2020-12-27,2 day ahead inc hosp,2020-12-29,06097,quantile,0.05,61.315102125273384
30940,2020-12-27,2 day ahead inc hosp,2020-12-29,06097,quantile,0.1,65.53206950525484
30941,2020-12-27,2 day ahead inc hosp,2020-12-29,06097,quantile,0.15,68.37723737643076
30942,2020-12-27,2 day ahead inc hosp,2020-12-29,06097,quantile,0.2,70.63848660678443
30943,2020-12-27,2 day ahead inc hosp,2020-12-29,06097,quantile,0.25,72.57843710097858
30944,2020-12-27,2 day ahead inc hosp,2020-12-29,06097,quantile,0.3,74.32057260145548
30945,2020-12-27,2 day ahead inc hosp,2020-12-29,06097,quantile,0.35,75.93492077273814
30946,2020-12-27,2 day ahead inc hosp,2020-12-29,06097,quantile,0.4,77.46677931983352
30947,2020-12-27,2 day ahead inc hosp,2020-12-29,06097,quantile,0.45,78.94887019220283
30948,2020-12-27,2 day ahead inc hosp,2020-12-29,06097,quantile,0.5,80.40746307373047
30949,2020-12-27,2 day ahead inc hosp,2020-12-29,06097,quantile,0.55,83.4044462176003
30950,2020-12-27,2 day ahead inc hosp,2020-12-29,06097,quantile,0.6,86.44971088221466
30951,2020-12-27,2 day ahead inc hosp,2020-12-29,06097,quantile,0.65,89.59723360948144
30952,2020-12-27,2 day ahead inc hosp,2020-12-29,06097,quantile,0.7,92.9142484660218
30953,2020-12-27,2 day ahead inc hosp,2020-12-29,06097,quantile,0.75,96.49382902985826
30954,2020-12-27,2 day ahead inc hosp,2020-12-29,06097,quantile,0.8,100.47986173622425
30955,2020-12-27,2 day ahead inc hosp,2020-12-29,06097,quantile,0.85,105.12606967627731
30956,2020-12-27,2 day ahead inc hosp,2020-12-29,06097,quantile,0.9,110.9720601917827
30957,2020-12-27,2 day ahead inc hosp,2020-12-29,06097,quantile,0.95,119.6366987733291
30958,2020-12-27,2 day ahead inc hosp,2020-12-29,06097,quantile,0.975,127.15198055079512
30959,2020-12-27,2 day ahead inc hosp,2020-12-29,06097,quantile,0.99,135.89011975191085
30960,2020-12-27,3 day ahead inc hosp,2020-12-30,06097,point,NA,82.65306091308594
30961,2020-12-27,3 day ahead inc hosp,2020-12-30,06097,quantile,0.01,56.378070787417634
30962,2020-12-27,3 day ahead inc hosp,2020-12-30,06097,quantile,0.025,60.516202141829204
30963,2020-12-27,3 day ahead inc hosp,2020-12-30,06097,quantile,0.05,64.07522339850581
30964,2020-12-27,3 day ahead inc hosp,2020-12-30,06097,quantile,0.1,68.17854697389166
30965,2020-12-27,3 day ahead inc hosp,2020-12-30,06097,quantile,0.15,70.9470399096321
30966,2020-12-27,3 day ahead inc hosp,2020-12-30,06097,quantile,0.2,73.14735033194657
30967,2020-12-27,3 day ahead inc hosp,2020-12-30,06097,quantile,0.25,75.03502075493743
30968,2020-12-27,3 day ahead inc hosp,2020-12-30,06097,quantile,0.3,76.73020713569028
30969,2020-12-27,3 day ahead inc hosp,2020-12-30,06097,quantile,0.35,78.30104995073104
30970,2020-12-27,3 day ahead inc hosp,2020-12-30,06097,quantile,0.4,79.79162616915093
30971,2020-12-27,3 day ahead inc hosp,2020-12-30,06097,quantile,0.45,81.2337759107702
30972,2020-12-27,3 day ahead inc hosp,2020-12-30,06097,quantile,0.5,82.65306091308594
30973,2020-12-27,3 day ahead inc hosp,2020-12-30,06097,quantile,0.55,85.92435062440576
30974,2020-12-27,3 day ahead inc hosp,2020-12-30,06097,quantile,0.6,89.24834094646528
30975,2020-12-27,3 day ahead inc hosp,2020-12-30,06097,quantile,0.65,92.68394876258328
30976,2020-12-27,3 day ahead inc hosp,2020-12-30,06097,quantile,0.7,96.3045619097378
30977,2020-12-27,3 day ahead inc hosp,2020-12-30,06097,quantile,0.75,100.21177276384971
30978,2020-12-27,3 day ahead inc hosp,2020-12-30,06097,quantile,0.8,104.5626373351073
30979,2020-12-27,3 day ahead inc hosp,2020-12-30,06097,quantile,0.85,109.63410137121207
30980,2020-12-27,3 day ahead inc hosp,2020-12-30,06097,quantile,0.9,116.01516115960732
30981,2020-12-27,3 day ahead inc hosp,2020-12-30,06097,quantile,0.95,125.47285300618805
30982,2020-12-27,3 day ahead inc hosp,2020-12-30,06097,quantile,0.975,133.67599021988264
30983,2020-12-27,3 day ahead inc hosp,2020-12-30,06097,quantile,0.99,143.21391001871746
30984,2020-12-27,4 day ahead inc hosp,2020-12-31,06097,point,NA,88.25621795654297
30985,2020-12-27,4 day ahead inc hosp,2020-12-31,06097,quantile,0.01,58.46875926529947
30986,2020-12-27,4 day ahead inc hosp,2020-12-31,06097,quantile,0.025,63.16008041095638
30987,2020-12-27,4 day ahead inc hosp,2020-12-31,06097,quantile,0.05,67.19487540640513
30988,2020-12-27,4 day ahead inc hosp,2020-12-31,06097,quantile,0.1,71.84673563219475
30989,2020-12-27,4 day ahead inc hosp,2020-12-31,06097,quantile,0.15,74.98532364177903
30990,2020-12-27,4 day ahead inc hosp,2020-12-31,06097,quantile,0.2,77.479773896532
30991,2020-12-27,4 day ahead inc hosp,2020-12-31,06097,quantile,0.25,79.61979010504778
30992,2020-12-27,4 day ahead inc hosp,2020-12-31,06097,quantile,0.3,81.54159080027638
30993,2020-12-27,4 day ahead inc hosp,2020-12-31,06097,quantile,0.35,83.32242554996303
30994,2020-12-27,4 day ahead inc hosp,2020-12-31,06097,quantile,0.4,85.01226357920578
30995,2020-12-27,4 day ahead inc hosp,2020-12-31,06097,quantile,0.45,86.64720142883434
30996,2020-12-27,4 day ahead inc hosp,2020-12-31,06097,quantile,0.5,88.25621795654297
30997,2020-12-27,4 day ahead inc hosp,2020-12-31,06097,quantile,0.55,92.28666817647255
30998,2020-12-27,4 day ahead inc hosp,2020-12-31,06097,quantile,0.6,96.38204911391429
30999,2020-12-27,4 day ahead inc hosp,2020-12-31,06097,quantile,0.65,100.61495035471509
31000,2020-12-27,4 day ahead inc hosp,2020-12-31,06097,quantile,0.7,105.07579067855826
31001,2020-12-27,4 day ahead inc hosp,2020-12-31,06097,quantile,0.75,109.88973876508007
31002,2020-12-27,4 day ahead inc hosp,2020-12-31,06097,quantile,0.8,115.25029824332755
31003,2020-12-27,4 day ahead inc hosp,2020-12-31,06097,quantile,0.85,121.49868500924215
31004,2020-12-27,4 day ahead inc hosp,2020-12-31,06097,quantile,0.9,129.3605823332627
31005,2020-12-27,4 day ahead inc hosp,2020-12-31,06097,quantile,0.95,141.0130984803875
31006,2020-12-27,4 day ahead inc hosp,2020-12-31,06097,quantile,0.975,151.11991845192358
31007,2020-12-27,4 day ahead inc hosp,2020-12-31,06097,quantile,0.99,162.87128086347067
31008,2020-12-27,5 day ahead inc hosp,2021-01-01,06097,point,NA,86.03706359863281
31009,2020-12-27,5 day ahead inc hosp,2021-01-01,06097,quantile,0.01,59.583863958985354
31010,2020-12-27,5 day ahead inc hosp,2021-01-01,06097,quantile,0.025,63.750062093781025
31011,2020-12-27,5 day ahead inc hosp,2021-01-01,06097,quantile,0.05,67.33322232997239
31012,2020-12-27,5 day ahead inc hosp,2021-01-01,06097,quantile,0.1,71.46437660278461
31013,2020-12-27,5 day ahead inc hosp,2021-01-01,06097,quantile,0.15,74.25164677795212
31014,2020-12-27,5 day ahead inc hosp,2021-01-01,06097,quantile,0.2,76.4668807549126
31015,2020-12-27,5 day ahead inc hosp,2021-01-01,06097,quantile,0.25,78.36735425897123
31016,2020-12-27,5 day ahead inc hosp,2021-01-01,06097,quantile,0.3,80.0740382022188
31017,2020-12-27,5 day ahead inc hosp,2021-01-01,06097,quantile,0.35,81.65553522239027
31018,2020-12-27,5 day ahead inc hosp,2021-01-01,06097,quantile,0.4,83.1562212396022
31019,2020-12-27,5 day ahead inc hosp,2021-01-01,06097,quantile,0.45,84.60815232855253
31020,2020-12-27,5 day ahead inc hosp,2021-01-01,06097,quantile,0.5,86.03706359863281
31021,2020-12-27,5 day ahead inc hosp,2021-01-01,06097,quantile,0.55,89.93307203465613
31022,2020-12-27,5 day ahead inc hosp,2021-01-01,06097,quantile,0.6,93.89184532556678
31023,2020-12-27,5 day ahead inc hosp,2021-01-01,06097,quantile,0.65,97.98355172141
31024,2020-12-27,5 day ahead inc hosp,2021-01-01,06097,quantile,0.7,102.2955939462485
31025,2020-12-27,5 day ahead inc hosp,2021-01-01,06097,quantile,0.75,106.94896548844685
31026,2020-12-27,5 day ahead inc hosp,2021-01-01,06097,quantile,0.8,112.13071536983401
31027,2020-12-27,5 day ahead inc hosp,2021-01-01,06097,quantile,0.85,118.17067771229537
31028,2020-12-27,5 day ahead inc hosp,2021-01-01,06097,quantile,0.9,125.77032951944967
31029,2020-12-27,5 day ahead inc hosp,2021-01-01,06097,quantile,0.95,137.03415830602364
31030,2020-12-27,5 day ahead inc hosp,2021-01-01,06097,quantile,0.975,146.80384995877444
31031,2020-12-27,5 day ahead inc hosp,2021-01-01,06097,quantile,0.99,158.1632278426067
31032,2020-12-27,6 day ahead inc hosp,2021-01-02,06097,point,NA,90.79205322265625
31033,2020-12-27,6 day ahead inc hosp,2021-01-02,06097,quantile,0.01,39.34723108792631
31034,2020-12-27,6 day ahead inc hosp,2021-01-02,06097,quantile,0.025,47.44943894717428
31035,2020-12-27,6 day ahead inc hosp,2021-01-02,06097,quantile,0.05,54.41778468765795
31036,2020-12-27,6 day ahead inc hosp,2021-01-02,06097,quantile,0.1,62.45184104647454
31037,2020-12-27,6 day ahead inc hosp,2021-01-02,06097,quantile,0.15,67.87238072999996
31038,2020-12-27,6 day ahead inc hosp,2021-01-02,06097,quantile,0.2,72.18045383586116
31039,2020-12-27,6 day ahead inc hosp,2021-01-02,06097,quantile,0.25,75.8763969625871
31040,2020-12-27,6 day ahead inc hosp,2021-01-02,06097,quantile,0.3,79.1954681183114
31041,2020-12-27,6 day ahead inc hosp,2021-01-02,06097,quantile,0.35,82.27108218457302
31042,2020-12-27,6 day ahead inc hosp,2021-01-02,06097,quantile,0.4,85.1895391685
31043,2020-12-27,6 day ahead inc hosp,2021-01-02,06097,quantile,0.45,88.01318007547688
31044,2020-12-27,6 day ahead inc hosp,2021-01-02,06097,quantile,0.5,90.79205322265625
31045,2020-12-27,6 day ahead inc hosp,2021-01-02,06097,quantile,0.55,94.75039307867102
31046,2020-12-27,6 day ahead inc hosp,2021-01-02,06097,quantile,0.6,98.77250195129271
31047,2020-12-27,6 day ahead inc hosp,2021-01-02,06097,quantile,0.65,102.92967069764904
31048,2020-12-27,6 day ahead inc hosp,2021-01-02,06097,quantile,0.7,107.31070037961216
31049,2020-12-27,6 day ahead inc hosp,2021-01-02,06097,quantile,0.75,112.03852023493302
31050,2020-12-27,6 day ahead inc hosp,2021-01-02,06097,quantile,0.8,117.30317184342144
31051,2020-12-27,6 day ahead inc hosp,2021-01-02,06097,quantile,0.85,123.4397662737447
31052,2020-12-27,6 day ahead inc hosp,2021-01-02,06097,quantile,0.9,131.1610033126456
31053,2020-12-27,6 day ahead inc hosp,2021-01-02,06097,quantile,0.95,142.60503972821647
31054,2020-12-27,6 day ahead inc hosp,2021-01-02,06097,quantile,0.975,152.53103462404138
31055,2020-12-27,6 day ahead inc hosp,2021-01-02,06097,quantile,0.99,164.07214880679228
31056,2020-12-27,7 day ahead inc hosp,2021-01-03,06097,point,NA,88.49691772460938
31057,2020-12-27,7 day ahead inc hosp,2021-01-03,06097,quantile,0.01,38.15464909565759
31058,2020-12-27,7 day ahead inc hosp,2021-01-03,06097,quantile,0.025,46.08321231373327
31059,2020-12-27,7 day ahead inc hosp,2021-01-03,06097,quantile,0.05,52.9022140832042
31060,2020-12-27,7 day ahead inc hosp,2021-01-03,06097,quantile,0.1,60.76408640801182
31061,2020-12-27,7 day ahead inc hosp,2021-01-03,06097,quantile,0.15,66.0684543412369
31062,2020-12-27,7 day ahead inc hosp,2021-01-03,06097,quantile,0.2,70.28419782267883
31063,2020-12-27,7 day ahead inc hosp,2021-01-03,06097,quantile,0.25,73.90093035283867
31064,2020-12-27,7 day ahead inc hosp,2021-01-03,06097,quantile,0.3,77.14886794474023
31065,2020-12-27,7 day ahead inc hosp,2021-01-03,06097,quantile,0.35,80.15856616309986
31066,2020-12-27,7 day ahead inc hosp,2021-01-03,06097,quantile,0.4,83.0144754532927
31067,2020-12-27,7 day ahead inc hosp,2021-01-03,06097,quantile,0.45,85.77760074272322
31068,2020-12-27,7 day ahead inc hosp,2021-01-03,06097,quantile,0.5,88.49691772460938
31069,2020-12-27,7 day ahead inc hosp,2021-01-03,06097,quantile,0.55,92.4232905005547
31070,2020-12-27,7 day ahead inc hosp,2021-01-03,06097,quantile,0.6,96.41291730214256
31071,2020-12-27,7 day ahead inc hosp,2021-01-03,06097,quantile,0.65,100.5365132500503
31072,2020-12-27,7 day ahead inc hosp,2021-01-03,06097,quantile,0.7,104.88216225937687
31073,2020-12-27,7 day ahead inc hosp,2021-01-03,06097,quantile,0.75,109.57180080602629
31074,2020-12-27,7 day ahead inc hosp,2021-01-03,06097,quantile,0.8,114.79393571669995
31075,2020-12-27,7 day ahead inc hosp,2021-01-03,06097,quantile,0.85,120.88097174308531
31076,2020-12-27,7 day ahead inc hosp,2021-01-03,06097,quantile,0.9,128.53985299354053
31077,2020-12-27,7 day ahead inc hosp,2021-01-03,06097,quantile,0.95,139.89146873738503
31078,2020-12-27,7 day ahead inc hosp,2021-01-03,06097,quantile,0.975,149.7373024835498
31079,2020-12-27,7 day ahead inc hosp,2021-01-03,06097,quantile,0.99,161.18521200611724
31080,2020-12-27,8 day ahead inc hosp,2021-01-04,06097,point,NA,78.68347930908203
31081,2020-12-27,8 day ahead inc hosp,2021-01-04,06097,quantile,0.01,53.03950385605388
31082,2020-12-27,8 day ahead inc hosp,2021-01-04,06097,quantile,0.025,57.0782547125297
31083,2020-12-27,8 day ahead inc hosp,2021-01-04,06097,quantile,0.05,60.55180325837141
31084,2020-12-27,8 day ahead inc hosp,2021-01-04,06097,quantile,0.1,64.55658227216941
31085,2020-12-27,8 day ahead inc hosp,2021-01-04,06097,quantile,0.15,67.2585876600479
31086,2020-12-27,8 day ahead inc hosp,2021-01-04,06097,quantile,0.2,69.40605588701983
31087,2020-12-27,8 day ahead inc hosp,2021-01-04,06097,quantile,0.25,71.2483924115651
31088,2020-12-27,8 day ahead inc hosp,2021-01-04,06097,quantile,0.3,72.90286755041078
31089,2020-12-27,8 day ahead inc hosp,2021-01-04,06097,quantile,0.35,74.43598533263663
31090,2020-12-27,8 day ahead inc hosp,2021-01-04,06097,quantile,0.4,75.89076418405418
31091,2020-12-27,8 day ahead inc hosp,2021-01-04,06097,quantile,0.45,77.29827955881915
31092,2020-12-27,8 day ahead inc hosp,2021-01-04,06097,quantile,0.5,78.68347930908203
31093,2020-12-27,8 day ahead inc hosp,2021-01-04,06097,quantile,0.55,82.0011796965181
31094,2020-12-27,8 day ahead inc hosp,2021-01-04,06097,quantile,0.6,85.37232837257994
31095,2020-12-27,8 day ahead inc hosp,2021-01-04,06097,quantile,0.65,88.85667809042084
31096,2020-12-27,8 day ahead inc hosp,2021-01-04,06097,quantile,0.7,92.52865786020536
31097,2020-12-27,8 day ahead inc hosp,2021-01-04,06097,quantile,0.75,96.49130137649956
31098,2020-12-27,8 day ahead inc hosp,2021-01-04,06097,quantile,0.8,100.90389284578869
31099,2020-12-27,8 day ahead inc hosp,2021-01-04,06097,quantile,0.85,106.04730712035762
31100,2020-12-27,8 day ahead inc hosp,2021-01-04,06097,quantile,0.9,112.51889673804091
31101,2020-12-27,8 day ahead inc hosp,2021-01-04,06097,quantile,0.95,122.11076742900218
31102,2020-12-27,8 day ahead inc hosp,2021-01-04,06097,quantile,0.975,130.43028477957193
31103,2020-12-27,8 day ahead inc hosp,2021-01-04,06097,quantile,0.99,140.10352163854813
31104,2020-12-27,9 day ahead inc hosp,2021-01-05,06097,point,NA,81.19921112060547
31105,2020-12-27,9 day ahead inc hosp,2021-01-05,06097,quantile,0.01,54.0808218294401
31106,2020-12-27,9 day ahead inc hosp,2021-01-05,06097,quantile,0.025,58.35178278775773
31107,2020-12-27,9 day ahead inc hosp,2021-01-05,06097,quantile,0.05,62.02504483171954
31108,2020-12-27,9 day ahead inc hosp,2021-01-05,06097,quantile,0.1,66.26008071842092
31109,2020-12-27,9 day ahead inc hosp,2021-01-05,06097,quantile,0.15,69.11743932530037
31110,2020-12-27,9 day ahead inc hosp,2021-01-05,06097,quantile,0.2,71.388377365937
31111,2020-12-27,9 day ahead inc hosp,2021-01-05,06097,quantile,0.25,73.33663999664591
31112,2020-12-27,9 day ahead inc hosp,2021-01-05,06097,quantile,0.3,75.08624005261046
31113,2020-12-27,9 day ahead inc hosp,2021-01-05,06097,quantile,0.35,76.70750524699356
31114,2020-12-27,9 day ahead inc hosp,2021-01-05,06097,quantile,0.4,78.2459273725941
31115,2020-12-27,9 day ahead inc hosp,2021-01-05,06097,quantile,0.45,79.73436858312681
31116,2020-12-27,9 day ahead inc hosp,2021-01-05,06097,quantile,0.5,81.19921112060547
31117,2020-12-27,9 day ahead inc hosp,2021-01-05,06097,quantile,0.55,84.1562352945485
31118,2020-12-27,9 day ahead inc hosp,2021-01-05,06097,quantile,0.6,87.16089724859994
31119,2020-12-27,9 day ahead inc hosp,2021-01-05,06097,quantile,0.65,90.26645385194638
31120,2020-12-27,9 day ahead inc hosp,2021-01-05,06097,quantile,0.7,93.53924273505397
31121,2020-12-27,9 day ahead inc hosp,2021-01-05,06097,quantile,0.75,97.07109651991489
31122,2020-12-27,9 day ahead inc hosp,2021-01-05,06097,quantile,0.8,101.00398319462344
31123,2020-12-27,9 day ahead inc hosp,2021-01-05,06097,quantile,0.85,105.58824294396678
31124,2020-12-27,9 day ahead inc hosp,2021-01-05,06097,quantile,0.9,111.35628849015217
31125,2020-12-27,9 day ahead inc hosp,2021-01-05,06097,quantile,0.95,119.90540088556875
31126,2020-12-27,9 day ahead inc hosp,2021-01-05,06097,quantile,0.975,127.32048092544693
31127,2020-12-27,9 day ahead inc hosp,2021-01-05,06097,quantile,0.99,135.94211395192238
31128,2020-12-27,10 day ahead inc hosp,2021-01-06,06097,point,NA,80.3874282836914
31129,2020-12-27,10 day ahead inc hosp,2021-01-06,06097,quantile,0.01,53.60082958368079
31130,2020-12-27,10 day ahead inc hosp,2021-01-06,06097,quantile,0.025,57.819535791690626
31131,2020-12-27,10 day ahead inc hosp,2021-01-06,06097,quantile,0.05,61.44785586760461
31132,2020-12-27,10 day ahead inc hosp,2021-01-06,06097,quantile,0.1,65.63107654340524
31133,2020-12-27,10 day ahead inc hosp,2021-01-06,06097,quantile,0.15,68.45347567348323
31134,2020-12-27,10 day ahead inc hosp,2021-01-06,06097,quantile,0.2,70.69662903019602
31135,2020-12-27,10 day ahead inc hosp,2021-01-06,06097,quantile,0.25,72.62105487609344
31136,2020-12-27,10 day ahead inc hosp,2021-01-06,06097,quantile,0.3,74.34924876259048
31137,2020-12-27,10 day ahead inc hosp,2021-01-06,06097,quantile,0.35,75.95067795080493
31138,2020-12-27,10 day ahead inc hosp,2021-01-06,06097,quantile,0.4,77.4702776463187
31139,2020-12-27,10 day ahead inc hosp,2021-01-06,06097,quantile,0.45,78.94050793791229
31140,2020-12-27,10 day ahead inc hosp,2021-01-06,06097,quantile,0.5,80.3874282836914
31141,2020-12-27,10 day ahead inc hosp,2021-01-06,06097,quantile,0.55,83.66680599654785
31142,2020-12-27,10 day ahead inc hosp,2021-01-06,06097,quantile,0.6,86.99901461817876
31143,2020-12-27,10 day ahead inc hosp,2021-01-06,06097,quantile,0.65,90.44311669917334
31144,2020-12-27,10 day ahead inc hosp,2021-01-06,06097,quantile,0.7,94.07268152205265
31145,2020-12-27,10 day ahead inc hosp,2021-01-06,06097,quantile,0.75,97.98955264174195
31146,2020-12-27,10 day ahead inc hosp,2021-01-06,06097,quantile,0.8,102.35117437682277
31147,2020-12-27,10 day ahead inc hosp,2021-01-06,06097,quantile,0.85,107.43517720115376
31148,2020-12-27,10 day ahead inc hosp,2021-01-06,06097,quantile,0.9,113.83201364827633
31149,2020-12-27,10 day ahead inc hosp,2021-01-06,06097,quantile,0.95,123.31308887968024
31150,2020-12-27,10 day ahead inc hosp,2021-01-06,06097,quantile,0.975,131.53650769245172
31151,2020-12-27,10 day ahead inc hosp,2021-01-06,06097,quantile,0.99,141.09800923328945
31152,2020-12-27,11 day ahead inc hosp,2021-01-07,06097,point,NA,81.07683563232422
31153,2020-12-27,11 day ahead inc hosp,2021-01-07,06097,quantile,0.01,50.09267585002234
31154,2020-12-27,11 day ahead inc hosp,2021-01-07,06097,quantile,0.025,54.97246923803147
31155,2020-12-27,11 day ahead inc hosp,2021-01-07,06097,quantile,0.05,59.16936075951486
31156,2020-12-27,11 day ahead inc hosp,2021-01-07,06097,quantile,0.1,64.00810789853047
31157,2020-12-27,11 day ahead inc hosp,2021-01-07,06097,quantile,0.15,67.27278762122073
31158,2020-12-27,11 day ahead inc hosp,2021-01-07,06097,quantile,0.2,69.86745157236166
31159,2020-12-27,11 day ahead inc hosp,2021-01-07,06097,quantile,0.25,72.09344220918162
31160,2020-12-27,11 day ahead inc hosp,2021-01-07,06097,quantile,0.3,74.09245059817876
31161,2020-12-27,11 day ahead inc hosp,2021-01-07,06097,quantile,0.35,75.94482978238848
31162,2020-12-27,11 day ahead inc hosp,2021-01-07,06097,quantile,0.4,77.70255648364814
31163,2020-12-27,11 day ahead inc hosp,2021-01-07,06097,quantile,0.45,79.40317740912225
31164,2020-12-27,11 day ahead inc hosp,2021-01-07,06097,quantile,0.5,81.07683563232422
31165,2020-12-27,11 day ahead inc hosp,2021-01-07,06097,quantile,0.55,85.10189353165606
31166,2020-12-27,11 day ahead inc hosp,2021-01-07,06097,quantile,0.6,89.1917952779952
31167,2020-12-27,11 day ahead inc hosp,2021-01-07,06097,quantile,0.65,93.41903333991934
31168,2020-12-27,11 day ahead inc hosp,2021-01-07,06097,quantile,0.7,97.87390552624711
31169,2020-12-27,11 day ahead inc hosp,2021-01-07,06097,quantile,0.75,102.68141305402068
31170,2020-12-27,11 day ahead inc hosp,2021-01-07,06097,quantile,0.8,108.034800664682
31171,2020-12-27,11 day ahead inc hosp,2021-01-07,06097,quantile,0.85,114.27482774301285
31172,2020-12-27,11 day ahead inc hosp,2021-01-07,06097,quantile,0.9,122.12620667118077
31173,2020-12-27,11 day ahead inc hosp,2021-01-07,06097,quantile,0.95,133.76313297116516
31174,2020-12-27,11 day ahead inc hosp,2021-01-07,06097,quantile,0.975,143.85643107528293
31175,2020-12-27,11 day ahead inc hosp,2021-01-07,06097,quantile,0.99,155.59207139373234
31176,2020-12-27,12 day ahead inc hosp,2021-01-08,06097,point,NA,80.25189971923828
31177,2020-12-27,12 day ahead inc hosp,2021-01-08,06097,quantile,0.01,53.27273064844017
31178,2020-12-27,12 day ahead inc hosp,2021-01-08,06097,quantile,0.025,57.52176537362452
31179,2020-12-27,12 day ahead inc hosp,2021-01-08,06097,quantile,0.05,61.17616964746819
31180,2020-12-27,12 day ahead inc hosp,2021-01-08,06097,quantile,0.1,65.3894637329483
31181,2020-12-27,12 day ahead inc hosp,2021-01-08,06097,quantile,0.15,68.23215324976317
31182,2020-12-27,12 day ahead inc hosp,2021-01-08,06097,quantile,0.2,70.49143276263612
31183,2020-12-27,12 day ahead inc hosp,2021-01-08,06097,quantile,0.25,72.42969341461877
31184,2020-12-27,12 day ahead inc hosp,2021-01-08,06097,quantile,0.3,74.17031138456299
31185,2020-12-27,12 day ahead inc hosp,2021-01-08,06097,quantile,0.35,75.78325333764985
31186,2020-12-27,12 day ahead inc hosp,2021-01-08,06097,quantile,0.4,77.31377752119178
31187,2020-12-27,12 day ahead inc hosp,2021-01-08,06097,quantile,0.45,78.79457738138069
31188,2020-12-27,12 day ahead inc hosp,2021-01-08,06097,quantile,0.5,80.25189971923828
31189,2020-12-27,12 day ahead inc hosp,2021-01-08,06097,quantile,0.55,84.14143367947236
31190,2020-12-27,12 day ahead inc hosp,2021-01-08,06097,quantile,0.6,88.09362819052457
31191,2020-12-27,12 day ahead inc hosp,2021-01-08,06097,quantile,0.65,92.17853489523989
31192,2020-12-27,12 day ahead inc hosp,2021-01-08,06097,quantile,0.7,96.48341126983824
31193,2020-12-27,12 day ahead inc hosp,2021-01-08,06097,quantile,0.75,101.12904973294215
31194,2020-12-27,12 day ahead inc hosp,2021-01-08,06097,quantile,0.8,106.30218846404462
31195,2020-12-27,12 day ahead inc hosp,2021-01-08,06097,quantile,0.85,112.33211345915512
31196,2020-12-27,12 day ahead inc hosp,2021-01-08,06097,quantile,0.9,119.91913599138866
31197,2020-12-27,12 day ahead inc hosp,2021-01-08,06097,quantile,0.95,131.16424629006136
31198,2020-12-27,12 day ahead inc hosp,2021-01-08,06097,quantile,0.975,140.91770244612036
31199,2020-12-27,12 day ahead inc hosp,2021-01-08,06097,quantile,0.99,152.25820305637953
31200,2020-12-27,13 day ahead inc hosp,2021-01-09,06097,point,NA,78.64067077636719
31201,2020-12-27,13 day ahead inc hosp,2021-01-09,06097,quantile,0.01,28.6101700701482
31202,2020-12-27,13 day ahead inc hosp,2021-01-09,06097,quantile,0.025,36.48963197133699
31203,2020-12-27,13 day ahead inc hosp,2021-01-09,06097,quantile,0.05,43.26640389947025
31204,2020-12-27,13 day ahead inc hosp,2021-01-09,06097,quantile,0.1,51.079587921778796
31205,2020-12-27,13 day ahead inc hosp,2021-01-09,06097,quantile,0.15,56.35110608845599
31206,2020-12-27,13 day ahead inc hosp,2021-01-09,06097,quantile,0.2,60.54074161680445
31207,2020-12-27,13 day ahead inc hosp,2021-01-09,06097,quantile,0.25,64.13507584790632
31208,2020-12-27,13 day ahead inc hosp,2021-01-09,06097,quantile,0.3,67.36289907500529
31209,2020-12-27,13 day ahead inc hosp,2021-01-09,06097,quantile,0.35,70.35395833673573
31210,2020-12-27,13 day ahead inc hosp,2021-01-09,06097,quantile,0.4,73.19218107979499
31211,2020-12-27,13 day ahead inc hosp,2021-01-09,06097,quantile,0.45,75.93819443018903
31212,2020-12-27,13 day ahead inc hosp,2021-01-09,06097,quantile,0.5,78.64067077636719
31213,2020-12-27,13 day ahead inc hosp,2021-01-09,06097,quantile,0.55,82.56642469855737
31214,2020-12-27,13 day ahead inc hosp,2021-01-09,06097,quantile,0.6,86.55542267663083
31215,2020-12-27,13 day ahead inc hosp,2021-01-09,06097,quantile,0.65,90.67836868552801
31216,2020-12-27,13 day ahead inc hosp,2021-01-09,06097,quantile,0.7,95.023332757035
31217,2020-12-27,13 day ahead inc hosp,2021-01-09,06097,quantile,0.75,99.71223214808445
31218,2020-12-27,13 day ahead inc hosp,2021-01-09,06097,quantile,0.8,104.9335439739458
31219,2020-12-27,13 day ahead inc hosp,2021-01-09,06097,quantile,0.85,111.0196205944577
31220,2020-12-27,13 day ahead inc hosp,2021-01-09,06097,quantile,0.9,118.67729469325093
31221,2020-12-27,13 day ahead inc hosp,2021-01-09,06097,quantile,0.95,130.02712125648753
31222,2020-12-27,13 day ahead inc hosp,2021-01-09,06097,quantile,0.975,139.87140315530257
31223,2020-12-27,13 day ahead inc hosp,2021-01-09,06097,quantile,0.99,151.3175083199547
31224,2020-12-27,14 day ahead inc hosp,2021-01-10,06097,point,NA,81.15482330322266
31225,2020-12-27,14 day ahead inc hosp,2021-01-10,06097,quantile,0.01,30.35477768182222
31226,2020-12-27,14 day ahead inc hosp,2021-01-10,06097,quantile,0.025,38.35543764728847
31227,2020-12-27,14 day ahead inc hosp,2021-01-10,06097,quantile,0.05,45.2364465969391
31228,2020-12-27,14 day ahead inc hosp,2021-01-10,06097,quantile,0.1,53.169809229312946
31229,2020-12-27,14 day ahead inc hosp,2021-01-10,06097,quantile,0.15,58.52241133365199
31230,2020-12-27,14 day ahead inc hosp,2021-01-10,06097,quantile,0.2,62.77648980524093
31231,2020-12-27,14 day ahead inc hosp,2021-01-10,06097,quantile,0.25,66.42611034353466
31232,2020-12-27,14 day ahead inc hosp,2021-01-10,06097,quantile,0.3,69.70358238318708
31233,2020-12-27,14 day ahead inc hosp,2021-01-10,06097,quantile,0.35,72.74064866890049
31234,2020-12-27,14 day ahead inc hosp,2021-01-10,06097,quantile,0.4,75.6225275786829
31235,2020-12-27,14 day ahead inc hosp,2021-01-10,06097,quantile,0.45,78.41077877561031
31236,2020-12-27,14 day ahead inc hosp,2021-01-10,06097,quantile,0.5,81.15482330322266
31237,2020-12-27,14 day ahead inc hosp,2021-01-10,06097,quantile,0.55,85.09344852067196
31238,2020-12-27,14 day ahead inc hosp,2021-01-10,06097,quantile,0.6,89.09552515109638
31239,2020-12-27,14 day ahead inc hosp,2021-01-10,06097,quantile,0.65,93.23198898522402
31240,2020-12-27,14 day ahead inc hosp,2021-01-10,06097,quantile,0.7,97.59119880839121
31241,2020-12-27,14 day ahead inc hosp,2021-01-10,06097,quantile,0.75,102.29547160533892
31242,2020-12-27,14 day ahead inc hosp,2021-01-10,06097,quantile,0.8,107.5339024476956
31243,2020-12-27,14 day ahead inc hosp,2021-01-10,06097,quantile,0.85,113.63993337270668
31244,2020-12-27,14 day ahead inc hosp,2021-01-10,06097,quantile,0.9,121.32271454297643
31245,2020-12-27,14 day ahead inc hosp,2021-01-10,06097,quantile,0.95,132.70975356825997
31246,2020-12-27,14 day ahead inc hosp,2021-01-10,06097,quantile,0.975,142.58631172825824
31247,2020-12-27,14 day ahead inc hosp,2021-01-10,06097,quantile,0.99,154.06994502178986
31248,2020-12-27,15 day ahead inc hosp,2021-01-11,06097,point,NA,77.89384460449219
31249,2020-12-27,15 day ahead inc hosp,2021-01-11,06097,quantile,0.01,52.93912593949622
31250,2020-12-27,15 day ahead inc hosp,2021-01-11,06097,quantile,0.025,56.86932356294872
31251,2020-12-27,15 day ahead inc hosp,2021-01-11,06097,quantile,0.05,60.24951033973999
31252,2020-12-27,15 day ahead inc hosp,2021-01-11,06097,quantile,0.1,64.14664921307362
31253,2020-12-27,15 day ahead inc hosp,2021-01-11,06097,quantile,0.15,66.77603030920349
31254,2020-12-27,15 day ahead inc hosp,2021-01-11,06097,quantile,0.2,68.86577905133055
31255,2020-12-27,15 day ahead inc hosp,2021-01-11,06097,quantile,0.25,70.65859739731928
31256,2020-12-27,15 day ahead inc hosp,2021-01-11,06097,quantile,0.3,72.26860368139752
31257,2020-12-27,15 day ahead inc hosp,2021-01-11,06097,quantile,0.35,73.76051444249723
31258,2020-12-27,15 day ahead inc hosp,2021-01-11,06097,quantile,0.4,75.1761918605094
31259,2020-12-27,15 day ahead inc hosp,2021-01-11,06097,quantile,0.45,76.54587614593748
31260,2020-12-27,15 day ahead inc hosp,2021-01-11,06097,quantile,0.5,77.89384460449219
31261,2020-12-27,15 day ahead inc hosp,2021-01-11,06097,quantile,0.55,81.28784232573024
31262,2020-12-27,15 day ahead inc hosp,2021-01-11,06097,quantile,0.6,84.73651748875506
31263,2020-12-27,15 day ahead inc hosp,2021-01-11,06097,quantile,0.65,88.30099698398988
31264,2020-12-27,15 day ahead inc hosp,2021-01-11,06097,quantile,0.7,92.05742146953905
31265,2020-12-27,15 day ahead inc hosp,2021-01-11,06097,quantile,0.75,96.11119411137032
31266,2020-12-27,15 day ahead inc hosp,2021-01-11,06097,quantile,0.8,100.62526218341088
31267,2020-12-27,15 day ahead inc hosp,2021-01-11,06097,quantile,0.85,105.88695983199236
31268,2020-12-27,15 day ahead inc hosp,2021-01-11,06097,quantile,0.9,112.50737694330941
31269,2020-12-27,15 day ahead inc hosp,2021-01-11,06097,quantile,0.95,122.31983239914733
31270,2020-12-27,15 day ahead inc hosp,2021-01-11,06097,quantile,0.975,130.83067413656397
31271,2020-12-27,15 day ahead inc hosp,2021-01-11,06097,quantile,0.99,140.72636694254788
31272,2020-12-27,16 day ahead inc hosp,2021-01-12,06097,point,NA,81.75054168701172
31273,2020-12-27,16 day ahead inc hosp,2021-01-12,06097,quantile,0.01,55.446550306871195
31274,2020-12-27,16 day ahead inc hosp,2021-01-12,06097,quantile,0.025,59.589249160637664
31275,2020-12-27,16 day ahead inc hosp,2021-01-12,06097,quantile,0.05,63.152198718738674
31276,2020-12-27,16 day ahead inc hosp,2021-01-12,06097,quantile,0.1,67.26005137408316
31277,2020-12-27,16 day ahead inc hosp,2021-01-12,06097,quantile,0.15,70.03160005856984
31278,2020-12-27,16 day ahead inc hosp,2021-01-12,06097,quantile,0.2,72.2343390931186
31279,2020-12-27,16 day ahead inc hosp,2021-01-12,06097,quantile,0.25,74.12409304915877
31280,2020-12-27,16 day ahead inc hosp,2021-01-12,06097,quantile,0.3,75.82115050698418
31281,2020-12-27,16 day ahead inc hosp,2021-01-12,06097,quantile,0.35,77.39372715377891
31282,2020-12-27,16 day ahead inc hosp,2021-01-12,06097,quantile,0.4,78.88594860898152
31283,2020-12-27,16 day ahead inc hosp,2021-01-12,06097,quantile,0.45,80.32969013622827
31284,2020-12-27,16 day ahead inc hosp,2021-01-12,06097,quantile,0.5,81.75054168701172
31285,2020-12-27,16 day ahead inc hosp,2021-01-12,06097,quantile,0.55,84.68350630338333
31286,2020-12-27,16 day ahead inc hosp,2021-01-12,06097,quantile,0.6,87.66372109940907
31287,2020-12-27,16 day ahead inc hosp,2021-01-12,06097,quantile,0.65,90.74400962461536
31288,2020-12-27,16 day ahead inc hosp,2021-01-12,06097,quantile,0.7,93.99016975938667
31289,2020-12-27,16 day ahead inc hosp,2021-01-12,06097,quantile,0.75,97.49328693795958
31290,2020-12-27,16 day ahead inc hosp,2021-01-12,06097,quantile,0.8,101.39417403883785
31291,2020-12-27,16 day ahead inc hosp,2021-01-12,06097,quantile,0.85,105.94113437672097
31292,2020-12-27,16 day ahead inc hosp,2021-01-12,06097,quantile,0.9,111.66224874624712
31293,2020-12-27,16 day ahead inc hosp,2021-01-12,06097,quantile,0.95,120.14180206816182
31294,2020-12-27,16 day ahead inc hosp,2021-01-12,06097,quantile,0.975,127.49654998539852
31295,2020-12-27,16 day ahead inc hosp,2021-01-12,06097,quantile,0.99,136.0480338808699
31296,2020-12-27,17 day ahead inc hosp,2021-01-13,06097,point,NA,82.75108337402344
31297,2020-12-27,17 day ahead inc hosp,2021-01-13,06097,quantile,0.01,56.327759108666285
31298,2020-12-27,17 day ahead inc hosp,2021-01-13,06097,quantile,0.025,60.48925207621036
31299,2020-12-27,17 day ahead inc hosp,2021-01-13,06097,quantile,0.05,64.0683656089913
31300,2020-12-27,17 day ahead inc hosp,2021-01-13,06097,quantile,0.1,68.19485429193793
31301,2020-12-27,17 day ahead inc hosp,2021-01-13,06097,quantile,0.15,70.97897661577305
31302,2020-12-27,17 day ahead inc hosp,2021-01-13,06097,quantile,0.2,73.19170878028348
31303,2020-12-27,17 day ahead inc hosp,2021-01-13,06097,quantile,0.25,75.09003595202557
31304,2020-12-27,17 day ahead inc hosp,2021-01-13,06097,quantile,0.3,76.79479242251769
31305,2020-12-27,17 day ahead inc hosp,2021-01-13,06097,quantile,0.35,78.37450335193037
31306,2020-12-27,17 day ahead inc hosp,2021-01-13,06097,quantile,0.4,79.87349454367441
31307,2020-12-27,17 day ahead inc hosp,2021-01-13,06097,quantile,0.45,81.32378586937051
31308,2020-12-27,17 day ahead inc hosp,2021-01-13,06097,quantile,0.5,82.75108337402344
31309,2020-12-27,17 day ahead inc hosp,2021-01-13,06097,quantile,0.55,86.00870892865036
31310,2020-12-27,17 day ahead inc hosp,2021-01-13,06097,quantile,0.6,89.31881496389506
31311,2020-12-27,17 day ahead inc hosp,2021-01-13,06097,quantile,0.65,92.74007226762271
31312,2020-12-27,17 day ahead inc hosp,2021-01-13,06097,quantile,0.7,96.34556213627457
31313,2020-12-27,17 day ahead inc hosp,2021-01-13,06097,quantile,0.75,100.23645259505187
31314,2020-12-27,17 day ahead inc hosp,2021-01-13,06097,quantile,0.8,104.56914363216924
31315,2020-12-27,17 day ahead inc hosp,2021-01-13,06097,quantile,0.85,109.6194241946697
31316,2020-12-27,17 day ahead inc hosp,2021-01-13,06097,quantile,0.9,115.9738303361826
31317,2020-12-27,17 day ahead inc hosp,2021-01-13,06097,quantile,0.95,125.39201746298946
31318,2020-12-27,17 day ahead inc hosp,2021-01-13,06097,quantile,0.975,133.56089022377623
31319,2020-12-27,17 day ahead inc hosp,2021-01-13,06097,quantile,0.99,143.05897019118171
31320,2020-12-27,18 day ahead inc hosp,2021-01-14,06097,point,NA,84.71018981933594
31321,2020-12-27,18 day ahead inc hosp,2021-01-14,06097,quantile,0.01,55.46647580792971
31322,2020-12-27,18 day ahead inc hosp,2021-01-14,06097,quantile,0.025,60.07216088302418
31323,2020-12-27,18 day ahead inc hosp,2021-01-14,06097,quantile,0.05,64.03330413342984
31324,2020-12-27,18 day ahead inc hosp,2021-01-14,06097,quantile,0.1,68.60024861412894
31325,2020-12-27,18 day ahead inc hosp,2021-01-14,06097,quantile,0.15,71.68154437363907
31326,2020-12-27,18 day ahead inc hosp,2021-01-14,06097,quantile,0.2,74.13046056423437
31327,2020-12-27,18 day ahead inc hosp,2021-01-14,06097,quantile,0.25,76.23141260013284
31328,2020-12-27,18 day ahead inc hosp,2021-01-14,06097,quantile,0.3,78.11813246102207
31329,2020-12-27,18 day ahead inc hosp,2021-01-14,06097,quantile,0.35,79.86645958960386
31330,2020-12-27,18 day ahead inc hosp,2021-01-14,06097,quantile,0.4,81.52545106534531
31331,2020-12-27,18 day ahead inc hosp,2021-01-14,06097,quantile,0.45,83.1305445174771
31332,2020-12-27,18 day ahead inc hosp,2021-01-14,06097,quantile,0.5,84.71018981933594
31333,2020-12-27,18 day ahead inc hosp,2021-01-14,06097,quantile,0.55,88.67858904487187
31334,2020-12-27,18 day ahead inc hosp,2021-01-14,06097,quantile,0.6,92.71091934386818
31335,2020-12-27,18 day ahead inc hosp,2021-01-14,06097,quantile,0.65,96.87865274563626
31336,2020-12-27,18 day ahead inc hosp,2021-01-14,06097,quantile,0.7,101.27081598309414
31337,2020-12-27,18 day ahead inc hosp,2021-01-14,06097,quantile,0.75,106.01065069532068
31338,2020-12-27,18 day ahead inc hosp,2021-01-14,06097,quantile,0.8,111.28868141673429
31339,2020-12-27,18 day ahead inc hosp,2021-01-14,06097,quantile,0.85,117.44087083718512
31340,2020-12-27,18 day ahead inc hosp,2021-01-14,06097,quantile,0.9,125.18172993466612
31341,2020-12-27,18 day ahead inc hosp,2021-01-14,06097,quantile,0.95,136.65484919691144
31342,2020-12-27,18 day ahead inc hosp,2021-01-14,06097,quantile,0.975,146.6060691249858
31343,2020-12-27,18 day ahead inc hosp,2021-01-14,06097,quantile,0.99,158.17651285913277
31344,2020-12-27,19 day ahead inc hosp,2021-01-15,06097,point,NA,84.02967071533203
31345,2020-12-27,19 day ahead inc hosp,2021-01-15,06097,quantile,0.01,58.27287612273676
31346,2020-12-27,19 day ahead inc hosp,2021-01-15,06097,quantile,0.025,62.329395222572046
31347,2020-12-27,19 day ahead inc hosp,2021-01-15,06097,quantile,0.05,65.81822543793899
31348,2020-12-27,19 day ahead inc hosp,2021-01-15,06097,quantile,0.1,69.84062323800205
31349,2020-12-27,19 day ahead inc hosp,2021-01-15,06097,quantile,0.15,72.55451593732819
31350,2020-12-27,19 day ahead inc hosp,2021-01-15,06097,quantile,0.2,74.71143182260329
31351,2020-12-27,19 day ahead inc hosp,2021-01-15,06097,quantile,0.25,76.56187359673721
31352,2020-12-27,19 day ahead inc hosp,2021-01-15,06097,quantile,0.3,78.22362750021676
31353,2020-12-27,19 day ahead inc hosp,2021-01-15,06097,quantile,0.35,79.7634901426287
31354,2020-12-27,19 day ahead inc hosp,2021-01-15,06097,quantile,0.4,81.22466920678151
31355,2020-12-27,19 day ahead inc hosp,2021-01-15,06097,quantile,0.45,82.63837686143691
31356,2020-12-27,19 day ahead inc hosp,2021-01-15,06097,quantile,0.5,84.02967071533203
31357,2020-12-27,19 day ahead inc hosp,2021-01-15,06097,quantile,0.55,87.82609762477587
31358,2020-12-27,19 day ahead inc hosp,2021-01-15,06097,quantile,0.6,91.68368512665025
31359,2020-12-27,19 day ahead inc hosp,2021-01-15,06097,quantile,0.65,95.67080797861668
31360,2020-12-27,19 day ahead inc hosp,2021-01-15,06097,quantile,0.7,99.87263490118472
31361,2020-12-27,19 day ahead inc hosp,2021-01-15,06097,quantile,0.75,104.40706680310173
31362,2020-12-27,19 day ahead inc hosp,2021-01-15,06097,quantile,0.8,109.45637175475761
31363,2020-12-27,19 day ahead inc hosp,2021-01-15,06097,quantile,0.85,115.34195335589828
31364,2020-12-27,19 day ahead inc hosp,2021-01-15,06097,quantile,0.9,122.7473589387807
31365,2020-12-27,19 day ahead inc hosp,2021-01-15,06097,quantile,0.95,133.7232855598137
31366,2020-12-27,19 day ahead inc hosp,2021-01-15,06097,quantile,0.975,143.24326501995313
31367,2020-12-27,19 day ahead inc hosp,2021-01-15,06097,quantile,0.99,154.31229851433125
31368,2020-12-27,20 day ahead inc hosp,2021-01-16,06097,point,NA,84.1976089477539
31369,2020-12-27,20 day ahead inc hosp,2021-01-16,06097,quantile,0.01,36.87562396233796
31370,2020-12-27,20 day ahead inc hosp,2021-01-16,06097,quantile,0.025,44.328513150290135
31371,2020-12-27,20 day ahead inc hosp,2021-01-16,06097,quantile,0.05,50.73840901193293
31372,2020-12-27,20 day ahead inc hosp,2021-01-16,06097,quantile,0.1,58.128608425748055
31373,2020-12-27,20 day ahead inc hosp,2021-01-16,06097,quantile,0.15,63.114740885198685
31374,2020-12-27,20 day ahead inc hosp,2021-01-16,06097,quantile,0.2,67.07756090035448
31375,2020-12-27,20 day ahead inc hosp,2021-01-16,06097,quantile,0.25,70.4773076171733
31376,2020-12-27,20 day ahead inc hosp,2021-01-16,06097,quantile,0.3,73.53038524246611
31377,2020-12-27,20 day ahead inc hosp,2021-01-16,06097,quantile,0.35,76.35951666182252
31378,2020-12-27,20 day ahead inc hosp,2021-01-16,06097,quantile,0.4,79.04408571742707
31379,2020-12-27,20 day ahead inc hosp,2021-01-16,06097,quantile,0.45,81.64143734698902
31380,2020-12-27,20 day ahead inc hosp,2021-01-16,06097,quantile,0.5,84.1976089477539
31381,2020-12-27,20 day ahead inc hosp,2021-01-16,06097,quantile,0.55,88.06062998595579
31382,2020-12-27,20 day ahead inc hosp,2021-01-16,06097,quantile,0.6,91.98588445071998
31383,2020-12-27,20 day ahead inc hosp,2021-01-16,06097,quantile,0.65,96.04294647942059
31384,2020-12-27,20 day ahead inc hosp,2021-01-16,06097,quantile,0.7,100.3184787596249
31385,2020-12-27,20 day ahead inc hosp,2021-01-16,06097,quantile,0.75,104.93245033111111
31386,2020-12-27,20 day ahead inc hosp,2021-01-16,06097,quantile,0.8,110.07032647671062
31387,2020-12-27,20 day ahead inc hosp,2021-01-16,06097,quantile,0.85,116.05914862173938
31388,2020-12-27,20 day ahead inc hosp,2021-01-16,06097,quantile,0.9,123.59445438304093
31389,2020-12-27,20 day ahead inc hosp,2021-01-16,06097,quantile,0.95,134.76291263659965
31390,2020-12-27,20 day ahead inc hosp,2021-01-16,06097,quantile,0.975,144.4498845749468
31391,2020-12-27,20 day ahead inc hosp,2021-01-16,06097,quantile,0.99,155.71308291414732
31392,2020-12-27,21 day ahead inc hosp,2021-01-17,06097,point,NA,95.80435180664062
31393,2020-12-27,21 day ahead inc hosp,2021-01-17,06097,quantile,0.01,47.30820204770982
31394,2020-12-27,21 day ahead inc hosp,2021-01-17,06097,quantile,0.025,54.94601416203754
31395,2020-12-27,21 day ahead inc hosp,2021-01-17,06097,quantile,0.05,61.51495394216684
31396,2020-12-27,21 day ahead inc hosp,2021-01-17,06097,quantile,0.1,69.08852080820583
31397,2020-12-27,21 day ahead inc hosp,2021-01-17,06097,quantile,0.15,74.19837041713298
31398,2020-12-27,21 day ahead inc hosp,2021-01-17,06097,quantile,0.2,78.25951690077926
31399,2020-12-27,21 day ahead inc hosp,2021-01-17,06097,quantile,0.25,81.74361897240813
31400,2020-12-27,21 day ahead inc hosp,2021-01-17,06097,quantile,0.3,84.87245031343224
31401,2020-12-27,21 day ahead inc hosp,2021-01-17,06097,quantile,0.35,87.77177883997416
31402,2020-12-27,21 day ahead inc hosp,2021-01-17,06097,quantile,0.4,90.52295808570767
31403,2020-12-27,21 day ahead inc hosp,2021-01-17,06097,quantile,0.45,93.18475584509285
31404,2020-12-27,21 day ahead inc hosp,2021-01-17,06097,quantile,0.5,95.80435180664062
31405,2020-12-27,21 day ahead inc hosp,2021-01-17,06097,quantile,0.55,99.59610855132107
31406,2020-12-27,21 day ahead inc hosp,2021-01-17,06097,quantile,0.6,103.44895065188713
31407,2020-12-27,21 day ahead inc hosp,2021-01-17,06097,quantile,0.65,107.43116875496871
31408,2020-12-27,21 day ahead inc hosp,2021-01-17,06097,quantile,0.7,111.62782681099361
31409,2020-12-27,21 day ahead inc hosp,2021-01-17,06097,quantile,0.75,116.15668069321066
31410,2020-12-27,21 day ahead inc hosp,2021-01-17,06097,quantile,0.8,121.19977425541342
31411,2020-12-27,21 day ahead inc hosp,2021-01-17,06097,quantile,0.85,127.07811572353918
31412,2020-12-27,21 day ahead inc hosp,2021-01-17,06097,quantile,0.9,134.4744115658585
31413,2020-12-27,21 day ahead inc hosp,2021-01-17,06097,quantile,0.95,145.43683617908945
31414,2020-12-27,21 day ahead inc hosp,2021-01-17,06097,quantile,0.975,154.94510466106877
31415,2020-12-27,21 day ahead inc hosp,2021-01-17,06097,quantile,0.99,166.00052161246495
31416,2020-12-27,22 day ahead inc hosp,2021-01-18,06097,point,NA,79.93135070800781
31417,2020-12-27,22 day ahead inc hosp,2021-01-18,06097,quantile,0.01,51.91511834186342
31418,2020-12-27,22 day ahead inc hosp,2021-01-18,06097,quantile,0.025,56.32748344770468
31419,2020-12-27,22 day ahead inc hosp,2021-01-18,06097,quantile,0.05,60.1223608595021
31420,2020-12-27,22 day ahead inc hosp,2021-01-18,06097,quantile,0.1,64.49761147659683
31421,2020-12-27,22 day ahead inc hosp,2021-01-18,06097,quantile,0.15,67.44957229640174
31422,2020-12-27,22 day ahead inc hosp,2021-01-18,06097,quantile,0.2,69.79569717692036
31423,2020-12-27,22 day ahead inc hosp,2021-01-18,06097,quantile,0.25,71.80846342148483
31424,2020-12-27,22 day ahead inc hosp,2021-01-18,06097,quantile,0.3,73.61598971625968
31425,2020-12-27,22 day ahead inc hosp,2021-01-18,06097,quantile,0.35,75.29093220363582
31426,2020-12-27,22 day ahead inc hosp,2021-01-18,06097,quantile,0.4,76.88028883117283
31427,2020-12-27,22 day ahead inc hosp,2021-01-18,06097,quantile,0.45,78.41800976178929
31428,2020-12-27,22 day ahead inc hosp,2021-01-18,06097,quantile,0.5,79.93135070800781
31429,2020-12-27,22 day ahead inc hosp,2021-01-18,06097,quantile,0.55,83.86138243880447
31430,2020-12-27,22 day ahead inc hosp,2021-01-18,06097,quantile,0.6,87.8547271411556
31431,2020-12-27,22 day ahead inc hosp,2021-01-18,06097,quantile,0.65,91.98216583458434
31432,2020-12-27,22 day ahead inc hosp,2021-01-18,06097,quantile,0.7,96.33186451887356
31433,2020-12-27,22 day ahead inc hosp,2021-01-18,06097,quantile,0.75,101.02587330153733
31434,2020-12-27,22 day ahead inc hosp,2021-01-18,06097,quantile,0.8,106.25287467725545
31435,2020-12-27,22 day ahead inc hosp,2021-01-18,06097,quantile,0.85,112.34558316299959
31436,2020-12-27,22 day ahead inc hosp,2021-01-18,06097,quantile,0.9,120.01160166259191
31437,2020-12-27,22 day ahead inc hosp,2021-01-18,06097,quantile,0.95,131.3737958848098
31438,2020-12-27,22 day ahead inc hosp,2021-01-18,06097,quantile,0.975,141.22880488335295
31439,2020-12-27,22 day ahead inc hosp,2021-01-18,06097,quantile,0.99,152.68738261968286
31440,2020-12-27,23 day ahead inc hosp,2021-01-19,06097,point,NA,82.86935424804688
31441,2020-12-27,23 day ahead inc hosp,2021-01-19,06097,quantile,0.01,56.072144088417176
31442,2020-12-27,23 day ahead inc hosp,2021-01-19,06097,quantile,0.025,60.29252152878736
31443,2020-12-27,23 day ahead inc hosp,2021-01-19,06097,quantile,0.05,63.92227895672956
31444,2020-12-27,23 day ahead inc hosp,2021-01-19,06097,quantile,0.1,68.10715680736513
31445,2020-12-27,23 day ahead inc hosp,2021-01-19,06097,quantile,0.15,70.93067402543677
31446,2020-12-27,23 day ahead inc hosp,2021-01-19,06097,quantile,0.2,73.17471600304283
31447,2020-12-27,23 day ahead inc hosp,2021-01-19,06097,quantile,0.25,75.09990420654236
31448,2020-12-27,23 day ahead inc hosp,2021-01-19,06097,quantile,0.3,76.82878271372775
31449,2020-12-27,23 day ahead inc hosp,2021-01-19,06097,quantile,0.35,78.43084630503884
31450,2020-12-27,23 day ahead inc hosp,2021-01-19,06097,quantile,0.4,79.9510479870529
31451,2020-12-27,23 day ahead inc hosp,2021-01-19,06097,quantile,0.45,81.42186070755224
31452,2020-12-27,23 day ahead inc hosp,2021-01-19,06097,quantile,0.5,82.86935424804688
31453,2020-12-27,23 day ahead inc hosp,2021-01-19,06097,quantile,0.55,86.08350928109452
31454,2020-12-27,23 day ahead inc hosp,2021-01-19,06097,quantile,0.6,89.34944448288341
31455,2020-12-27,23 day ahead inc hosp,2021-01-19,06097,quantile,0.65,92.72504772448634
31456,2020-12-27,23 day ahead inc hosp,2021-01-19,06097,quantile,0.7,96.28242508833652
31457,2020-12-27,23 day ahead inc hosp,2021-01-19,06097,quantile,0.75,100.12139458971261
31458,2020-12-27,23 day ahead inc hosp,2021-01-19,06097,quantile,0.8,104.39626917860195
31459,2020-12-27,23 day ahead inc hosp,2021-01-19,06097,quantile,0.85,109.37915760947398
31460,2020-12-27,23 day ahead inc hosp,2021-01-19,06097,quantile,0.9,115.64876906090782
31461,2020-12-27,23 day ahead inc hosp,2021-01-19,06097,quantile,0.95,124.94127768358088
31462,2020-12-27,23 day ahead inc hosp,2021-01-19,06097,quantile,0.975,133.00114308496694
31463,2020-12-27,23 day ahead inc hosp,2021-01-19,06097,quantile,0.99,142.37247843938326
31464,2020-12-27,24 day ahead inc hosp,2021-01-20,06097,point,NA,86.79707336425781
31465,2020-12-27,24 day ahead inc hosp,2021-01-20,06097,quantile,0.01,59.94372651996544
31466,2020-12-27,24 day ahead inc hosp,2021-01-20,06097,quantile,0.025,64.172945104474
31467,2020-12-27,24 day ahead inc hosp,2021-01-20,06097,quantile,0.05,67.81030640412226
31468,2020-12-27,24 day ahead inc hosp,2021-01-20,06097,quantile,0.1,72.00395103185342
31469,2020-12-27,24 day ahead inc hosp,2021-01-20,06097,quantile,0.15,74.83338315281108
31470,2020-12-27,24 day ahead inc hosp,2021-01-20,06097,quantile,0.2,77.08212610772472
31471,2020-12-27,24 day ahead inc hosp,2021-01-20,06097,quantile,0.25,79.01134733117118
31472,2020-12-27,24 day ahead inc hosp,2021-01-20,06097,quantile,0.3,80.74384761491464
31473,2020-12-27,24 day ahead inc hosp,2021-01-20,06097,quantile,0.35,82.3492673219594
31474,2020-12-27,24 day ahead inc hosp,2021-01-20,06097,quantile,0.4,83.87265362960943
31475,2020-12-27,24 day ahead inc hosp,2021-01-20,06097,quantile,0.45,85.34654751226695
31476,2020-12-27,24 day ahead inc hosp,2021-01-20,06097,quantile,0.5,86.79707336425781
31477,2020-12-27,24 day ahead inc hosp,2021-01-20,06097,quantile,0.55,90.21212721301083
31478,2020-12-27,24 day ahead inc hosp,2021-01-20,06097,quantile,0.6,93.68219771862411
31479,2020-12-27,24 day ahead inc hosp,2021-01-20,06097,quantile,0.65,97.2687909985284
31480,2020-12-27,24 day ahead inc hosp,2021-01-20,06097,quantile,0.7,101.0485200822136
31481,2020-12-27,24 day ahead inc hosp,2021-01-20,06097,quantile,0.75,105.12744204961128
31482,2020-12-27,24 day ahead inc hosp,2021-01-20,06097,quantile,0.8,109.66951508828495
31483,2020-12-27,24 day ahead inc hosp,2021-01-20,06097,quantile,0.85,114.96385594577032
31484,2020-12-27,24 day ahead inc hosp,2021-01-20,06097,quantile,0.9,121.62534566772167
31485,2020-12-27,24 day ahead inc hosp,2021-01-20,06097,quantile,0.95,131.49867691968052
31486,2020-12-27,24 day ahead inc hosp,2021-01-20,06097,quantile,0.975,140.06231933158242
31487,2020-12-27,24 day ahead inc hosp,2021-01-20,06097,quantile,0.99,150.01940433246023
31488,2020-12-27,25 day ahead inc hosp,2021-01-21,06097,point,NA,92.35952758789062
31489,2020-12-27,25 day ahead inc hosp,2021-01-21,06097,quantile,0.01,61.41880756710695
31490,2020-12-27,25 day ahead inc hosp,2021-01-21,06097,quantile,0.025,66.29175948958911
31491,2020-12-27,25 day ahead inc hosp,2021-01-21,06097,quantile,0.05,70.48276697329021
31492,2020-12-27,25 day ahead inc hosp,2021-01-21,06097,quantile,0.1,75.31473019357954
31493,2020-12-27,25 day ahead inc hosp,2021-01-21,06097,quantile,0.15,78.57483283851188
31494,2020-12-27,25 day ahead inc hosp,2021-01-21,06097,quantile,0.2,81.16585907334715
31495,2020-12-27,25 day ahead inc hosp,2021-01-21,06097,quantile,0.25,83.38872887348523
31496,2020-12-27,25 day ahead inc hosp,2021-01-21,06097,quantile,0.3,85.38493465468856
31497,2020-12-27,25 day ahead inc hosp,2021-01-21,06097,quantile,0.35,87.23471680510525
31498,2020-12-27,25 day ahead inc hosp,2021-01-21,06097,quantile,0.4,88.9899791752598
31499,2020-12-27,25 day ahead inc hosp,2021-01-21,06097,quantile,0.45,90.68821583187027
31500,2020-12-27,25 day ahead inc hosp,2021-01-21,06097,quantile,0.5,92.35952758789062
31501,2020-12-27,25 day ahead inc hosp,2021-01-21,06097,quantile,0.55,96.50139257558693
31502,2020-12-27,25 day ahead inc hosp,2021-01-21,06097,quantile,0.6,100.7099831772506
31503,2020-12-27,25 day ahead inc hosp,2021-01-21,06097,quantile,0.65,105.05989559124278
31504,2020-12-27,25 day ahead inc hosp,2021-01-21,06097,quantile,0.7,109.6440480667329
31505,2020-12-27,25 day ahead inc hosp,2021-01-21,06097,quantile,0.75,114.59106935322848
31506,2020-12-27,25 day ahead inc hosp,2021-01-21,06097,quantile,0.8,120.0998121501572
31507,2020-12-27,25 day ahead inc hosp,2021-01-21,06097,quantile,0.85,126.5209246718692
31508,2020-12-27,25 day ahead inc hosp,2021-01-21,06097,quantile,0.9,134.60015043732056
31509,2020-12-27,25 day ahead inc hosp,2021-01-21,06097,quantile,0.95,146.57478007291132
31510,2020-12-27,25 day ahead inc hosp,2021-01-21,06097,quantile,0.975,156.96098545762555
31511,2020-12-27,25 day ahead inc hosp,2021-01-21,06097,quantile,0.99,169.037193790244
31512,2020-12-27,26 day ahead inc hosp,2021-01-22,06097,point,NA,85.95955657958984
31513,2020-12-27,26 day ahead inc hosp,2021-01-22,06097,quantile,0.01,60.09332396063246
31514,2020-12-27,26 day ahead inc hosp,2021-01-22,06097,quantile,0.025,64.16707880160743
31515,2020-12-27,26 day ahead inc hosp,2021-01-22,06097,quantile,0.05,67.6707327052136
31516,2020-12-27,26 day ahead inc hosp,2021-01-22,06097,quantile,0.1,71.71022126844983
31517,2020-12-27,26 day ahead inc hosp,2021-01-22,06097,quantile,0.15,74.43564502455034
31518,2020-12-27,26 day ahead inc hosp,2021-01-22,06097,quantile,0.2,76.60172542820776
31519,2020-12-27,26 day ahead inc hosp,2021-01-22,06097,quantile,0.25,78.46002954308953
31520,2020-12-27,26 day ahead inc hosp,2021-01-22,06097,quantile,0.3,80.1288440715565
31521,2020-12-27,26 day ahead inc hosp,2021-01-22,06097,quantile,0.35,81.67524943526276
31522,2020-12-27,26 day ahead inc hosp,2021-01-22,06097,quantile,0.4,83.14263690210977
31523,2020-12-27,26 day ahead inc hosp,2021-01-22,06097,quantile,0.45,84.56235125822106
31524,2020-12-27,26 day ahead inc hosp,2021-01-22,06097,quantile,0.5,85.95955657958984
31525,2020-12-27,26 day ahead inc hosp,2021-01-22,06097,quantile,0.55,89.7802225669237
31526,2020-12-27,26 day ahead inc hosp,2021-01-22,06097,quantile,0.6,93.66243963922201
31527,2020-12-27,26 day ahead inc hosp,2021-01-22,06097,quantile,0.65,97.67501910701989
31528,2020-12-27,26 day ahead inc hosp,2021-01-22,06097,quantile,0.7,101.90367346825221
31529,2020-12-27,26 day ahead inc hosp,2021-01-22,06097,quantile,0.75,106.46705639456115
31530,2020-12-27,26 day ahead inc hosp,2021-01-22,06097,quantile,0.8,111.54859968477405
31531,2020-12-27,26 day ahead inc hosp,2021-01-22,06097,quantile,0.85,117.47175900682468
31532,2020-12-27,26 day ahead inc hosp,2021-01-22,06097,quantile,0.9,124.92444594320402
31533,2020-12-27,26 day ahead inc hosp,2021-01-22,06097,quantile,0.95,135.9704506525628
31534,2020-12-27,26 day ahead inc hosp,2021-01-22,06097,quantile,0.975,145.55121240330067
31535,2020-12-27,26 day ahead inc hosp,2021-01-22,06097,quantile,0.99,156.69091844621914
31536,2020-12-27,27 day ahead inc hosp,2021-01-23,06097,point,NA,87.44950866699219
31537,2020-12-27,27 day ahead inc hosp,2021-01-23,06097,quantile,0.01,38.1522214390485
31538,2020-12-27,27 day ahead inc hosp,2021-01-23,06097,quantile,0.025,45.91620722894604
31539,2020-12-27,27 day ahead inc hosp,2021-01-23,06097,quantile,0.05,52.59366333079801
31540,2020-12-27,27 day ahead inc hosp,2021-01-23,06097,quantile,0.1,60.29234256597597
31541,2020-12-27,27 day ahead inc hosp,2021-01-23,06097,quantile,0.15,65.48660489638887
31542,2020-12-27,27 day ahead inc hosp,2021-01-23,06097,quantile,0.2,69.61483993513431
31543,2020-12-27,27 day ahead inc hosp,2021-01-23,06097,quantile,0.25,73.15649801336005
31544,2020-12-27,27 day ahead inc hosp,2021-01-23,06097,quantile,0.3,76.3370164271513
31545,2020-12-27,27 day ahead inc hosp,2021-01-23,06097,quantile,0.35,79.28424072952566
31546,2020-12-27,27 day ahead inc hosp,2021-01-23,06097,quantile,0.4,82.08086838278604
31547,2020-12-27,27 day ahead inc hosp,2021-01-23,06097,quantile,0.45,84.7866380024236
31548,2020-12-27,27 day ahead inc hosp,2021-01-23,06097,quantile,0.5,87.44950866699219
31549,2020-12-27,27 day ahead inc hosp,2021-01-23,06097,quantile,0.55,91.41865257828228
31550,2020-12-27,27 day ahead inc hosp,2021-01-23,06097,quantile,0.6,95.45173955995065
31551,2020-12-27,27 day ahead inc hosp,2021-01-23,06097,quantile,0.65,99.62025505331664
31552,2020-12-27,27 day ahead inc hosp,2021-01-23,06097,quantile,0.7,104.01324249751556
31553,2020-12-27,27 day ahead inc hosp,2021-01-23,06097,quantile,0.75,108.75396665840559
31554,2020-12-27,27 day ahead inc hosp,2021-01-23,06097,quantile,0.8,114.03298782308484
31555,2020-12-27,27 day ahead inc hosp,2021-01-23,06097,quantile,0.85,120.18633172612623
31556,2020-12-27,27 day ahead inc hosp,2021-01-23,06097,quantile,0.9,127.92864342632366
31557,2020-12-27,27 day ahead inc hosp,2021-01-23,06097,quantile,0.95,139.40391566461417
31558,2020-12-27,27 day ahead inc hosp,2021-01-23,06097,quantile,0.975,149.35700297832588
31559,2020-12-27,27 day ahead inc hosp,2021-01-23,06097,quantile,0.99,160.9296179518388
31560,2020-12-27,28 day ahead inc hosp,2021-01-24,06097,point,NA,86.66619110107422
31561,2020-12-27,28 day ahead inc hosp,2021-01-24,06097,quantile,0.01,38.068847552441234
31562,2020-12-27,28 day ahead inc hosp,2021-01-24,06097,quantile,0.025,45.72259699698433
31563,2020-12-27,28 day ahead inc hosp,2021-01-24,06097,quantile,0.05,52.305243760327365
31564,2020-12-27,28 day ahead inc hosp,2021-01-24,06097,quantile,0.1,59.894613900163286
31565,2020-12-27,28 day ahead inc hosp,2021-01-24,06097,quantile,0.15,65.01512590289501
31566,2020-12-27,28 day ahead inc hosp,2021-01-24,06097,quantile,0.2,69.08474651913241
31567,2020-12-27,28 day ahead inc hosp,2021-01-24,06097,quantile,0.25,72.57611864197338
31568,2020-12-27,28 day ahead inc hosp,2021-01-24,06097,quantile,0.3,75.71147871367634
31569,2020-12-27,28 day ahead inc hosp,2021-01-24,06097,quantile,0.35,78.61685708216758
31570,2020-12-27,28 day ahead inc hosp,2021-01-24,06097,quantile,0.4,81.37377703629568
31571,2020-12-27,28 day ahead inc hosp,2021-01-24,06097,quantile,0.45,84.0411289974893
31572,2020-12-27,28 day ahead inc hosp,2021-01-24,06097,quantile,0.5,86.66619110107422
31573,2020-12-27,28 day ahead inc hosp,2021-01-24,06097,quantile,0.55,90.41601199520335
31574,2020-12-27,28 day ahead inc hosp,2021-01-24,06097,quantile,0.6,94.22624265695447
31575,2020-12-27,28 day ahead inc hosp,2021-01-24,06097,quantile,0.65,98.1644184560386
31576,2020-12-27,28 day ahead inc hosp,2021-01-24,06097,quantile,0.7,102.31466255755566
31577,2020-12-27,28 day ahead inc hosp,2021-01-24,06097,quantile,0.75,106.7934284852013
31578,2020-12-27,28 day ahead inc hosp,2021-01-24,06097,quantile,0.8,111.7807467347505
31579,2020-12-27,28 day ahead inc hosp,2021-01-24,06097,quantile,0.85,117.59407526404713
31580,2020-12-27,28 day ahead inc hosp,2021-01-24,06097,quantile,0.9,124.90856998409986
31581,2020-12-27,28 day ahead inc hosp,2021-01-24,06097,quantile,0.95,135.74975301164488
31582,2020-12-27,28 day ahead inc hosp,2021-01-24,06097,quantile,0.975,145.15286249928167
31583,2020-12-27,28 day ahead inc hosp,2021-01-24,06097,quantile,0.99,156.08600939374276
31584,2020-12-27,1 day ahead inc hosp,2020-12-28,06099,point,NA,380.7327880859375
31585,2020-12-27,1 day ahead inc hosp,2020-12-28,06099,quantile,0.01,265.2108789156076
31586,2020-12-27,1 day ahead inc hosp,2020-12-28,06099,quantile,0.025,283.40479001406396
31587,2020-12-27,1 day ahead inc hosp,2020-12-28,06099,quantile,0.05,299.052557278015
31588,2020-12-27,1 day ahead inc hosp,2020-12-28,06099,quantile,0.1,317.09343078948086
31589,2020-12-27,1 day ahead inc hosp,2020-12-28,06099,quantile,0.15,329.2655224984277
31590,2020-12-27,1 day ahead inc hosp,2020-12-28,06099,quantile,0.2,338.9395151255392
31591,2020-12-27,1 day ahead inc hosp,2020-12-28,06099,quantile,0.25,347.238939410964
31592,2020-12-27,1 day ahead inc hosp,2020-12-28,06099,quantile,0.3,354.69207892376636
31593,2020-12-27,1 day ahead inc hosp,2020-12-28,06099,quantile,0.35,361.598523422207
31594,2020-12-27,1 day ahead inc hosp,2020-12-28,06099,quantile,0.4,368.1520638685472
31595,2020-12-27,1 day ahead inc hosp,2020-12-28,06099,quantile,0.45,374.492690093887
31596,2020-12-27,1 day ahead inc hosp,2020-12-28,06099,quantile,0.5,380.7327880859375
31597,2020-12-27,1 day ahead inc hosp,2020-12-28,06099,quantile,0.55,397.52080732331405
31598,2020-12-27,1 day ahead inc hosp,2020-12-28,06099,quantile,0.6,414.5792822356672
31599,2020-12-27,1 day ahead inc hosp,2020-12-28,06099,quantile,0.65,432.2105699536236
31600,2020-12-27,1 day ahead inc hosp,2020-12-28,06099,quantile,0.7,450.7912914822603
31601,2020-12-27,1 day ahead inc hosp,2020-12-28,06099,quantile,0.75,470.8428114550519
31602,2020-12-27,1 day ahead inc hosp,2020-12-28,06099,quantile,0.8,493.17112981485343
31603,2020-12-27,1 day ahead inc hosp,2020-12-28,06099,quantile,0.85,519.1975118577449
31604,2020-12-27,1 day ahead inc hosp,2020-12-28,06099,quantile,0.9,551.9446433978642
31605,2020-12-27,1 day ahead inc hosp,2020-12-28,06099,quantile,0.95,600.4808253545264
31606,2020-12-27,1 day ahead inc hosp,2020-12-28,06099,quantile,0.975,642.5787248080057
31607,2020-12-27,1 day ahead inc hosp,2020-12-28,06099,quantile,0.99,691.5266307404311
31608,2020-12-27,2 day ahead inc hosp,2020-12-29,06099,point,NA,396.3360595703125
31609,2020-12-27,2 day ahead inc hosp,2020-12-29,06099,quantile,0.01,268.26132834796056
31610,2020-12-27,2 day ahead inc hosp,2020-12-29,06099,quantile,0.025,288.4322231206782
31611,2020-12-27,2 day ahead inc hosp,2020-12-29,06099,quantile,0.05,305.78030541046746
31612,2020-12-27,2 day ahead inc hosp,2020-12-29,06099,quantile,0.1,325.781533251938
31613,2020-12-27,2 day ahead inc hosp,2020-12-29,06099,quantile,0.15,339.276266720536
31614,2020-12-27,2 day ahead inc hosp,2020-12-29,06099,quantile,0.2,350.0014530896212
31615,2020-12-27,2 day ahead inc hosp,2020-12-29,06099,quantile,0.25,359.2027080055938
31616,2020-12-27,2 day ahead inc hosp,2020-12-29,06099,quantile,0.3,367.4657192968755
31617,2020-12-27,2 day ahead inc hosp,2020-12-29,06099,quantile,0.35,375.1226306930997
31618,2020-12-27,2 day ahead inc hosp,2020-12-29,06099,quantile,0.4,382.3882908371186
31619,2020-12-27,2 day ahead inc hosp,2020-12-29,06099,quantile,0.45,389.4179011112566
31620,2020-12-27,2 day ahead inc hosp,2020-12-29,06099,quantile,0.5,396.3360595703125
31621,2020-12-27,2 day ahead inc hosp,2020-12-29,06099,quantile,0.55,410.55074971425864
31622,2020-12-27,2 day ahead inc hosp,2020-12-29,06099,quantile,0.6,424.9944390964774
31623,2020-12-27,2 day ahead inc hosp,2020-12-29,06099,quantile,0.65,439.9231384388947
31624,2020-12-27,2 day ahead inc hosp,2020-12-29,06099,quantile,0.7,455.6557388991378
31625,2020-12-27,2 day ahead inc hosp,2020-12-29,06099,quantile,0.75,472.6336884295864
31626,2020-12-27,2 day ahead inc hosp,2020-12-29,06099,quantile,0.8,491.53944034898683
31627,2020-12-27,2 day ahead inc hosp,2020-12-29,06099,quantile,0.85,513.5764032018766
31628,2020-12-27,2 day ahead inc hosp,2020-12-29,06099,quantile,0.9,541.3039344468659
31629,2020-12-27,2 day ahead inc hosp,2020-12-29,06099,quantile,0.95,582.4003126156557
31630,2020-12-27,2 day ahead inc hosp,2020-12-29,06099,quantile,0.975,618.0452918106952
31631,2020-12-27,2 day ahead inc hosp,2020-12-29,06099,quantile,0.99,659.4902833958477
31632,2020-12-27,3 day ahead inc hosp,2020-12-30,06099,point,NA,408.39825439453125
31633,2020-12-27,3 day ahead inc hosp,2020-12-30,06099,quantile,0.01,283.78620018679675
31634,2020-12-27,3 day ahead inc hosp,2020-12-30,06099,quantile,0.025,303.4117469972181
31635,2020-12-27,3 day ahead inc hosp,2020-12-30,06099,quantile,0.05,320.2907999537483
31636,2020-12-27,3 day ahead inc hosp,2020-12-30,06099,quantile,0.1,339.75126701243386
31637,2020-12-27,3 day ahead inc hosp,2020-12-30,06099,quantile,0.15,352.8811517481543
31638,2020-12-27,3 day ahead inc hosp,2020-12-30,06099,quantile,0.2,363.3163679102886
31639,2020-12-27,3 day ahead inc hosp,2020-12-30,06099,quantile,0.25,372.26885420813426
31640,2020-12-27,3 day ahead inc hosp,2020-12-30,06099,quantile,0.3,380.3084635918205
31641,2020-12-27,3 day ahead inc hosp,2020-12-30,06099,quantile,0.35,387.75835982711783
31642,2020-12-27,3 day ahead inc hosp,2020-12-30,06099,quantile,0.4,394.8275828274737
31643,2020-12-27,3 day ahead inc hosp,2020-12-30,06099,quantile,0.45,401.66713789176936
31644,2020-12-27,3 day ahead inc hosp,2020-12-30,06099,quantile,0.5,408.39825439453125
31645,2020-12-27,3 day ahead inc hosp,2020-12-30,06099,quantile,0.55,423.9135546262033
31646,2020-12-27,3 day ahead inc hosp,2020-12-30,06099,quantile,0.6,439.67880697773467
31647,2020-12-27,3 day ahead inc hosp,2020-12-30,06099,quantile,0.65,455.9734465386691
31648,2020-12-27,3 day ahead inc hosp,2020-12-30,06099,quantile,0.7,473.14554224344755
31649,2020-12-27,3 day ahead inc hosp,2020-12-30,06099,quantile,0.75,491.6769334743195
31650,2020-12-27,3 day ahead inc hosp,2020-12-30,06099,quantile,0.8,512.3125163934401
31651,2020-12-27,3 day ahead inc hosp,2020-12-30,06099,quantile,0.85,536.365808543632
31652,2020-12-27,3 day ahead inc hosp,2020-12-30,06099,quantile,0.9,566.6303424583789
31653,2020-12-27,3 day ahead inc hosp,2020-12-30,06099,quantile,0.95,611.486940756771
31654,2020-12-27,3 day ahead inc hosp,2020-12-30,06099,quantile,0.975,650.3933501376519
31655,2020-12-27,3 day ahead inc hosp,2020-12-30,06099,quantile,0.99,695.630459144676
31656,2020-12-27,4 day ahead inc hosp,2020-12-31,06099,point,NA,436.4626159667969
31657,2020-12-27,4 day ahead inc hosp,2020-12-31,06099,quantile,0.01,295.239445435259
31658,2020-12-27,4 day ahead inc hosp,2020-12-31,06099,quantile,0.025,317.4811295291785
31659,2020-12-27,4 day ahead inc hosp,2020-12-31,06099,quantile,0.05,336.6102048762325
31660,2020-12-27,4 day ahead inc hosp,2020-12-31,06099,quantile,0.1,358.6648036510077
31661,2020-12-27,4 day ahead inc hosp,2020-12-31,06099,quantile,0.15,373.5449367399059
31662,2020-12-27,4 day ahead inc hosp,2020-12-31,06099,quantile,0.2,385.371194809144
31663,2020-12-27,4 day ahead inc hosp,2020-12-31,06099,quantile,0.25,395.5170712025647
31664,2020-12-27,4 day ahead inc hosp,2020-12-31,06099,quantile,0.3,404.62838177534877
31665,2020-12-27,4 day ahead inc hosp,2020-12-31,06099,quantile,0.35,413.0713688777502
31666,2020-12-27,4 day ahead inc hosp,2020-12-31,06099,quantile,0.4,421.08293799642036
31667,2020-12-27,4 day ahead inc hosp,2020-12-31,06099,quantile,0.45,428.83422383586776
31668,2020-12-27,4 day ahead inc hosp,2020-12-31,06099,quantile,0.5,436.4626159667969
31669,2020-12-27,4 day ahead inc hosp,2020-12-31,06099,quantile,0.55,455.57902284416366
31670,2020-12-27,4 day ahead inc hosp,2020-12-31,06099,quantile,0.6,475.003395816401
31671,2020-12-27,4 day ahead inc hosp,2020-12-31,06099,quantile,0.65,495.08002695570644
31672,2020-12-27,4 day ahead inc hosp,2020-12-31,06099,quantile,0.7,516.2377721187371
31673,2020-12-27,4 day ahead inc hosp,2020-12-31,06099,quantile,0.75,539.0703057779867
31674,2020-12-27,4 day ahead inc hosp,2020-12-31,06099,quantile,0.8,564.4954147570759
31675,2020-12-27,4 day ahead inc hosp,2020-12-31,06099,quantile,0.85,594.1314844829202
31676,2020-12-27,4 day ahead inc hosp,2020-12-31,06099,quantile,0.9,631.4204273734452
31677,2020-12-27,4 day ahead inc hosp,2020-12-31,06099,quantile,0.95,686.6882579279721
31678,2020-12-27,4 day ahead inc hosp,2020-12-31,06099,quantile,0.975,734.6248586225606
31679,2020-12-27,4 day ahead inc hosp,2020-12-31,06099,quantile,0.99,790.361516555146
31680,2020-12-27,5 day ahead inc hosp,2021-01-01,06099,point,NA,427.246826171875
31681,2020-12-27,5 day ahead inc hosp,2021-01-01,06099,quantile,0.01,301.7939308193294
31682,2020-12-27,5 day ahead inc hosp,2021-01-01,06099,quantile,0.025,321.55190436288285
31683,2020-12-27,5 day ahead inc hosp,2021-01-01,06099,quantile,0.05,338.54485161560723
31684,2020-12-27,5 day ahead inc hosp,2021-01-01,06099,quantile,0.1,358.1366315035709
31685,2020-12-27,5 day ahead inc hosp,2021-01-01,06099,quantile,0.15,371.35511238179635
31686,2020-12-27,5 day ahead inc hosp,2021-01-01,06099,quantile,0.2,381.86074194943876
31687,2020-12-27,5 day ahead inc hosp,2021-01-01,06099,quantile,0.25,390.87363667948176
31688,2020-12-27,5 day ahead inc hosp,2021-01-01,06099,quantile,0.3,398.96749470228235
31689,2020-12-27,5 day ahead inc hosp,2021-01-01,06099,quantile,0.35,406.4676603863825
31690,2020-12-27,5 day ahead inc hosp,2021-01-01,06099,quantile,0.4,413.5845841777922
31691,2020-12-27,5 day ahead inc hosp,2021-01-01,06099,quantile,0.45,420.4702903094691
31692,2020-12-27,5 day ahead inc hosp,2021-01-01,06099,quantile,0.5,427.246826171875
31693,2020-12-27,5 day ahead inc hosp,2021-01-01,06099,quantile,0.55,445.724765800486
31694,2020-12-27,5 day ahead inc hosp,2021-01-01,06099,quantile,0.6,464.5003857905365
31695,2020-12-27,5 day ahead inc hosp,2021-01-01,06099,quantile,0.65,483.9064792325631
31696,2020-12-27,5 day ahead inc hosp,2021-01-01,06099,quantile,0.7,504.3575786629111
31697,2020-12-27,5 day ahead inc hosp,2021-01-01,06099,quantile,0.75,526.427530470819
31698,2020-12-27,5 day ahead inc hosp,2021-01-01,06099,quantile,0.8,551.0034683957803
31699,2020-12-27,5 day ahead inc hosp,2021-01-01,06099,quantile,0.85,579.6497255473695
31700,2020-12-27,5 day ahead inc hosp,2021-01-01,06099,quantile,0.9,615.6932582031652
31701,2020-12-27,5 day ahead inc hosp,2021-01-01,06099,quantile,0.95,669.115203181746
31702,2020-12-27,5 day ahead inc hosp,2021-01-01,06099,quantile,0.975,715.4507734234614
31703,2020-12-27,5 day ahead inc hosp,2021-01-01,06099,quantile,0.99,769.3258874543426
31704,2020-12-27,6 day ahead inc hosp,2021-01-02,06099,point,NA,451.3471984863281
31705,2020-12-27,6 day ahead inc hosp,2021-01-02,06099,quantile,0.01,207.37716250516004
31706,2020-12-27,6 day ahead inc hosp,2021-01-02,06099,quantile,0.025,245.80077562935006
31707,2020-12-27,6 day ahead inc hosp,2021-01-02,06099,quantile,0.05,278.84720266495486
31708,2020-12-27,6 day ahead inc hosp,2021-01-02,06099,quantile,0.1,316.9476166153025
31709,2020-12-27,6 day ahead inc hosp,2021-01-02,06099,quantile,0.15,342.65378502548094
31710,2020-12-27,6 day ahead inc hosp,2021-01-02,06099,quantile,0.2,363.08423277576895
31711,2020-12-27,6 day ahead inc hosp,2021-01-02,06099,quantile,0.25,380.61173778395414
31712,2020-12-27,6 day ahead inc hosp,2021-01-02,06099,quantile,0.3,396.35197899162
31713,2020-12-27,6 day ahead inc hosp,2021-01-02,06099,quantile,0.35,410.93765823539127
31714,2020-12-27,6 day ahead inc hosp,2021-01-02,06099,quantile,0.4,424.77804150104714
31715,2020-12-27,6 day ahead inc hosp,2021-01-02,06099,quantile,0.45,438.1687724840198
31716,2020-12-27,6 day ahead inc hosp,2021-01-02,06099,quantile,0.5,451.3471984863281
31717,2020-12-27,6 day ahead inc hosp,2021-01-02,06099,quantile,0.55,470.12172389693455
31718,2020-12-27,6 day ahead inc hosp,2021-01-02,06099,quantile,0.6,489.198707678031
31719,2020-12-27,6 day ahead inc hosp,2021-01-02,06099,quantile,0.65,508.91628451672733
31720,2020-12-27,6 day ahead inc hosp,2021-01-02,06099,quantile,0.7,529.6956405297424
31721,2020-12-27,6 day ahead inc hosp,2021-01-02,06099,quantile,0.75,552.1198328020695
31722,2020-12-27,6 day ahead inc hosp,2021-01-02,06099,quantile,0.8,577.0902342827217
31723,2020-12-27,6 day ahead inc hosp,2021-01-02,06099,quantile,0.85,606.1962868849567
31724,2020-12-27,6 day ahead inc hosp,2021-01-02,06099,quantile,0.9,642.8183472085257
31725,2020-12-27,6 day ahead inc hosp,2021-01-02,06099,quantile,0.95,697.0977573399125
31726,2020-12-27,6 day ahead inc hosp,2021-01-02,06099,quantile,0.975,744.1770507244973
31727,2020-12-27,6 day ahead inc hosp,2021-01-02,06099,quantile,0.99,798.9169036356916
31728,2020-12-27,7 day ahead inc hosp,2021-01-03,06099,point,NA,441.7250671386719
31729,2020-12-27,7 day ahead inc hosp,2021-01-03,06099,quantile,0.01,203.03648972133385
31730,2020-12-27,7 day ahead inc hosp,2021-01-03,06099,quantile,0.025,240.62830922065547
31731,2020-12-27,7 day ahead inc hosp,2021-01-03,06099,quantile,0.05,272.9593478505929
31732,2020-12-27,7 day ahead inc hosp,2021-01-03,06099,quantile,0.1,310.23496478546167
31733,2020-12-27,7 day ahead inc hosp,2021-01-03,06099,quantile,0.15,335.38464656502924
31734,2020-12-27,7 day ahead inc hosp,2021-01-03,06099,quantile,0.2,355.3728163822928
31735,2020-12-27,7 day ahead inc hosp,2021-01-03,06099,quantile,0.25,372.52088630511696
31736,2020-12-27,7 day ahead inc hosp,2021-01-03,06099,quantile,0.3,387.92038307919427
31737,2020-12-27,7 day ahead inc hosp,2021-01-03,06099,quantile,0.35,402.19031182417376
31738,2020-12-27,7 day ahead inc hosp,2021-01-03,06099,quantile,0.4,415.7310787437849
31739,2020-12-27,7 day ahead inc hosp,2021-01-03,06099,quantile,0.45,428.83192744452754
31740,2020-12-27,7 day ahead inc hosp,2021-01-03,06099,quantile,0.5,441.7250671386719
31741,2020-12-27,7 day ahead inc hosp,2021-01-03,06099,quantile,0.55,460.346910638155
31742,2020-12-27,7 day ahead inc hosp,2021-01-03,06099,quantile,0.6,479.2687527963095
31743,2020-12-27,7 day ahead inc hosp,2021-01-03,06099,quantile,0.65,498.82597845442416
31744,2020-12-27,7 day ahead inc hosp,2021-01-03,06099,quantile,0.7,519.4363484761243
31745,2020-12-27,7 day ahead inc hosp,2021-01-03,06099,quantile,0.75,541.6781782941866
31746,2020-12-27,7 day ahead inc hosp,2021-01-03,06099,quantile,0.8,566.4455105341416
31747,2020-12-27,7 day ahead inc hosp,2021-01-03,06099,quantile,0.85,595.3148611351611
31748,2020-12-27,7 day ahead inc hosp,2021-01-03,06099,quantile,0.9,631.6390962920648
31749,2020-12-27,7 day ahead inc hosp,2021-01-03,06099,quantile,0.95,685.477084662195
31750,2020-12-27,7 day ahead inc hosp,2021-01-03,06099,quantile,0.975,732.1735104998734
31751,2020-12-27,7 day ahead inc hosp,2021-01-03,06099,quantile,0.99,786.4681971459131
31752,2020-12-27,8 day ahead inc hosp,2021-01-04,06099,point,NA,396.49749755859375
31753,2020-12-27,8 day ahead inc hosp,2021-01-04,06099,quantile,0.01,274.8820148303958
31754,2020-12-27,8 day ahead inc hosp,2021-01-04,06099,quantile,0.025,294.03562211445006
31755,2020-12-27,8 day ahead inc hosp,2021-01-04,06099,quantile,0.05,310.5087810424074
31756,2020-12-27,8 day ahead inc hosp,2021-01-04,06099,quantile,0.1,329.5012782811805
31757,2020-12-27,8 day ahead inc hosp,2021-01-04,06099,quantile,0.15,342.3154260010977
31758,2020-12-27,8 day ahead inc hosp,2021-01-04,06099,quantile,0.2,352.49970439213865
31759,2020-12-27,8 day ahead inc hosp,2021-01-04,06099,quantile,0.25,361.236908426309
31760,2020-12-27,8 day ahead inc hosp,2021-01-04,06099,quantile,0.3,369.0831876836368
31761,2020-12-27,8 day ahead inc hosp,2021-01-04,06099,quantile,0.35,376.35393474491457
31762,2020-12-27,8 day ahead inc hosp,2021-01-04,06099,quantile,0.4,383.2531626981618
31763,2020-12-27,8 day ahead inc hosp,2021-01-04,06099,quantile,0.45,389.92824558704314
31764,2020-12-27,8 day ahead inc hosp,2021-01-04,06099,quantile,0.5,396.49749755859375
31765,2020-12-27,8 day ahead inc hosp,2021-01-04,06099,quantile,0.55,412.23181257894913
31766,2020-12-27,8 day ahead inc hosp,2021-01-04,06099,quantile,0.6,428.2196080563469
31767,2020-12-27,8 day ahead inc hosp,2021-01-04,06099,quantile,0.65,444.744263600654
31768,2020-12-27,8 day ahead inc hosp,2021-01-04,06099,quantile,0.7,462.15876150557517
31769,2020-12-27,8 day ahead inc hosp,2021-01-04,06099,quantile,0.75,480.95174282325405
31770,2020-12-27,8 day ahead inc hosp,2021-01-04,06099,quantile,0.8,501.8786187089886
31771,2020-12-27,8 day ahead inc hosp,2021-01-04,06099,quantile,0.85,526.2714483878619
31772,2020-12-27,8 day ahead inc hosp,2021-01-04,06099,quantile,0.9,556.9631980445517
31773,2020-12-27,8 day ahead inc hosp,2021-01-04,06099,quantile,0.95,602.4529944281038
31774,2020-12-27,8 day ahead inc hosp,2021-01-04,06099,quantile,0.975,641.9086087165113
31775,2020-12-27,8 day ahead inc hosp,2021-01-04,06099,quantile,0.99,687.7842871177386
31776,2020-12-27,9 day ahead inc hosp,2021-01-05,06099,point,NA,409.8091735839844
31777,2020-12-27,9 day ahead inc hosp,2021-01-05,06099,quantile,0.01,281.1988509567482
31778,2020-12-27,9 day ahead inc hosp,2021-01-05,06099,quantile,0.025,301.454097714951
31779,2020-12-27,9 day ahead inc hosp,2021-01-05,06099,quantile,0.05,318.8747273657767
31780,2020-12-27,9 day ahead inc hosp,2021-01-05,06099,quantile,0.1,338.9595976683072
31781,2020-12-27,9 day ahead inc hosp,2021-01-05,06099,quantile,0.15,352.51076430828886
31782,2020-12-27,9 day ahead inc hosp,2021-01-05,06099,quantile,0.2,363.28080197302177
31783,2020-12-27,9 day ahead inc hosp,2021-01-05,06099,quantile,0.25,372.52053530702517
31784,2020-12-27,9 day ahead inc hosp,2021-01-05,06099,quantile,0.3,380.8181014069239
31785,2020-12-27,9 day ahead inc hosp,2021-01-05,06099,quantile,0.35,388.5070329830278
31786,2020-12-27,9 day ahead inc hosp,2021-01-05,06099,quantile,0.4,395.8030771464922
31787,2020-12-27,9 day ahead inc hosp,2021-01-05,06099,quantile,0.45,402.86208431107525
31788,2020-12-27,9 day ahead inc hosp,2021-01-05,06099,quantile,0.5,409.8091735839844
31789,2020-12-27,9 day ahead inc hosp,2021-01-05,06099,quantile,0.55,423.8330822843058
31790,2020-12-27,9 day ahead inc hosp,2021-01-05,06099,quantile,0.6,438.082916726058
31791,2020-12-27,9 day ahead inc hosp,2021-01-05,06099,quantile,0.65,452.8112516016355
31792,2020-12-27,9 day ahead inc hosp,2021-01-05,06099,quantile,0.7,468.33269809387923
31793,2020-12-27,9 day ahead inc hosp,2021-01-05,06099,quantile,0.75,485.08277929315744
31794,2020-12-27,9 day ahead inc hosp,2021-01-05,06099,quantile,0.8,503.73478901997623
31795,2020-12-27,9 day ahead inc hosp,2021-01-05,06099,quantile,0.85,525.4759843574575
31796,2020-12-27,9 day ahead inc hosp,2021-01-05,06099,quantile,0.9,552.8313725317573
31797,2020-12-27,9 day ahead inc hosp,2021-01-05,06099,quantile,0.95,593.3761786103088
31798,2020-12-27,9 day ahead inc hosp,2021-01-05,06099,quantile,0.975,628.5427512752068
31799,2020-12-27,9 day ahead inc hosp,2021-01-05,06099,quantile,0.99,669.4314918801721
31800,2020-12-27,10 day ahead inc hosp,2021-01-06,06099,point,NA,407.3059387207031
31801,2020-12-27,10 day ahead inc hosp,2021-01-06,06099,quantile,0.01,280.2691915036582
31802,2020-12-27,10 day ahead inc hosp,2021-01-06,06099,quantile,0.025,300.2766108901931
31803,2020-12-27,10 day ahead inc hosp,2021-01-06,06099,quantile,0.05,317.4840953292769
31804,2020-12-27,10 day ahead inc hosp,2021-01-06,06099,quantile,0.1,337.32322285331713
31805,2020-12-27,10 day ahead inc hosp,2021-01-06,06099,quantile,0.15,350.70858800731787
31806,2020-12-27,10 day ahead inc hosp,2021-01-06,06099,quantile,0.2,361.34685190700725
31807,2020-12-27,10 day ahead inc hosp,2021-01-06,06099,quantile,0.25,370.47353508396174
31808,2020-12-27,10 day ahead inc hosp,2021-01-06,06099,quantile,0.3,378.66957864886865
31809,2020-12-27,10 day ahead inc hosp,2021-01-06,06099,quantile,0.35,386.26443446642037
31810,2020-12-27,10 day ahead inc hosp,2021-01-06,06099,quantile,0.4,393.4712099347072
31811,2020-12-27,10 day ahead inc hosp,2021-01-06,06099,quantile,0.45,400.44384860360776
31812,2020-12-27,10 day ahead inc hosp,2021-01-06,06099,quantile,0.5,407.3059387207031
31813,2020-12-27,10 day ahead inc hosp,2021-01-06,06099,quantile,0.55,422.8585782199225
31814,2020-12-27,10 day ahead inc hosp,2021-01-06,06099,quantile,0.6,438.6617713761251
31815,2020-12-27,10 day ahead inc hosp,2021-01-06,06099,quantile,0.65,454.99562576997084
31816,2020-12-27,10 day ahead inc hosp,2021-01-06,06099,quantile,0.7,472.2090480018737
31817,2020-12-27,10 day ahead inc hosp,2021-01-06,06099,quantile,0.75,490.78503705327523
31818,2020-12-27,10 day ahead inc hosp,2021-01-06,06099,quantile,0.8,511.47028176044427
31819,2020-12-27,10 day ahead inc hosp,2021-01-06,06099,quantile,0.85,535.5814607898831
31820,2020-12-27,10 day ahead inc hosp,2021-01-06,06099,quantile,0.9,565.9188296167596
31821,2020-12-27,10 day ahead inc hosp,2021-01-06,06099,quantile,0.95,610.8833802267484
31822,2020-12-27,10 day ahead inc hosp,2021-01-06,06099,quantile,0.975,649.8834221385818
31823,2020-12-27,10 day ahead inc hosp,2021-01-06,06099,quantile,0.99,695.229399197855
31824,2020-12-27,11 day ahead inc hosp,2021-01-07,06099,point,NA,411.967041015625
31825,2020-12-27,11 day ahead inc hosp,2021-01-07,06099,quantile,0.01,265.05636773470735
31826,2020-12-27,11 day ahead inc hosp,2021-01-07,06099,quantile,0.025,288.1937946373946
31827,2020-12-27,11 day ahead inc hosp,2021-01-07,06099,quantile,0.05,308.0932582162095
31828,2020-12-27,11 day ahead inc hosp,2021-01-07,06099,quantile,0.1,331.0360652835467
31829,2020-12-27,11 day ahead inc hosp,2021-01-07,06099,quantile,0.15,346.5154682906581
31830,2020-12-27,11 day ahead inc hosp,2021-01-07,06099,quantile,0.2,358.81800709364904
31831,2020-12-27,11 day ahead inc hosp,2021-01-07,06099,quantile,0.25,369.372489947789
31832,2020-12-27,11 day ahead inc hosp,2021-01-07,06099,quantile,0.3,378.8507417508126
31833,2020-12-27,11 day ahead inc hosp,2021-01-07,06099,quantile,0.35,387.63375458820605
31834,2020-12-27,11 day ahead inc hosp,2021-01-07,06099,quantile,0.4,395.9679748781944
31835,2020-12-27,11 day ahead inc hosp,2021-01-07,06099,quantile,0.45,404.03142945990385
31836,2020-12-27,11 day ahead inc hosp,2021-01-07,06099,quantile,0.5,411.967041015625
31837,2020-12-27,11 day ahead inc hosp,2021-01-07,06099,quantile,0.55,431.05609944648614
31838,2020-12-27,11 day ahead inc hosp,2021-01-07,06099,quantile,0.6,450.4526833876286
31839,2020-12-27,11 day ahead inc hosp,2021-01-07,06099,quantile,0.65,470.5005923577394
31840,2020-12-27,11 day ahead inc hosp,2021-01-07,06099,quantile,0.7,491.6280686807373
31841,2020-12-27,11 day ahead inc hosp,2021-01-07,06099,quantile,0.75,514.4279375024275
31842,2020-12-27,11 day ahead inc hosp,2021-01-07,06099,quantile,0.8,539.8166726358837
31843,2020-12-27,11 day ahead inc hosp,2021-01-07,06099,quantile,0.85,569.4103442022447
31844,2020-12-27,11 day ahead inc hosp,2021-01-07,06099,quantile,0.9,606.6459405268363
31845,2020-12-27,11 day ahead inc hosp,2021-01-07,06099,quantile,0.95,661.8347034345454
31846,2020-12-27,11 day ahead inc hosp,2021-01-07,06099,quantile,0.975,709.7027247371923
31847,2020-12-27,11 day ahead inc hosp,2021-01-07,06099,quantile,0.99,765.3596443058868
31848,2020-12-27,12 day ahead inc hosp,2021-01-08,06099,point,NA,409.39691162109375
31849,2020-12-27,12 day ahead inc hosp,2021-01-08,06099,quantile,0.01,281.44682012305714
31850,2020-12-27,12 day ahead inc hosp,2021-01-08,06099,quantile,0.025,301.5980849911115
31851,2020-12-27,12 day ahead inc hosp,2021-01-08,06099,quantile,0.05,318.92928447995035
31852,2020-12-27,12 day ahead inc hosp,2021-01-08,06099,quantile,0.1,338.9110475331654
31853,2020-12-27,12 day ahead inc hosp,2021-01-08,06099,quantile,0.15,352.3926482015367
31854,2020-12-27,12 day ahead inc hosp,2021-01-08,06099,quantile,0.2,363.10739703731986
31855,2020-12-27,12 day ahead inc hosp,2021-01-08,06099,quantile,0.25,372.299697479095
31856,2020-12-27,12 day ahead inc hosp,2021-01-08,06099,quantile,0.3,380.5546673757977
31857,2020-12-27,12 day ahead inc hosp,2021-01-08,06099,quantile,0.35,388.20412722153714
31858,2020-12-27,12 day ahead inc hosp,2021-01-08,06099,quantile,0.4,395.4627165728346
31859,2020-12-27,12 day ahead inc hosp,2021-01-08,06099,quantile,0.45,402.4854857731851
31860,2020-12-27,12 day ahead inc hosp,2021-01-08,06099,quantile,0.5,409.39691162109375
31861,2020-12-27,12 day ahead inc hosp,2021-01-08,06099,quantile,0.55,427.8433457933117
31862,2020-12-27,12 day ahead inc hosp,2021-01-08,06099,quantile,0.6,446.586952772781
31863,2020-12-27,12 day ahead inc hosp,2021-01-08,06099,quantile,0.65,465.95995822756515
31864,2020-12-27,12 day ahead inc hosp,2021-01-08,06099,quantile,0.7,486.37618790326286
31865,2020-12-27,12 day ahead inc hosp,2021-01-08,06099,quantile,0.75,508.4085097633381
31866,2020-12-27,12 day ahead inc hosp,2021-01-08,06099,quantile,0.8,532.9425449569247
31867,2020-12-27,12 day ahead inc hosp,2021-01-08,06099,quantile,0.85,561.5399593574468
31868,2020-12-27,12 day ahead inc hosp,2021-01-08,06099,quantile,0.9,597.5220366795222
31869,2020-12-27,12 day ahead inc hosp,2021-01-08,06099,quantile,0.95,650.8528955959239
31870,2020-12-27,12 day ahead inc hosp,2021-01-08,06099,quantile,0.975,697.1094622627256
31871,2020-12-27,12 day ahead inc hosp,2021-01-08,06099,quantile,0.99,750.8927175642309
31872,2020-12-27,13 day ahead inc hosp,2021-01-09,06099,point,NA,403.1649169921875
31873,2020-12-27,13 day ahead inc hosp,2021-01-09,06099,quantile,0.01,165.95627323559432
31874,2020-12-27,13 day ahead inc hosp,2021-01-09,06099,quantile,0.025,203.31501329874158
31875,2020-12-27,13 day ahead inc hosp,2021-01-09,06099,quantile,0.05,235.4455907550736
31876,2020-12-27,13 day ahead inc hosp,2021-01-09,06099,quantile,0.1,272.49008879508847
31877,2020-12-27,13 day ahead inc hosp,2021-01-09,06099,quantile,0.15,297.4838357535375
31878,2020-12-27,13 day ahead inc hosp,2021-01-09,06099,quantile,0.2,317.3480735182105
31879,2020-12-27,13 day ahead inc hosp,2021-01-09,06099,quantile,0.25,334.3898207750312
31880,2020-12-27,13 day ahead inc hosp,2021-01-09,06099,quantile,0.3,349.6938365089972
31881,2020-12-27,13 day ahead inc hosp,2021-01-09,06099,quantile,0.35,363.8752878407941
31882,2020-12-27,13 day ahead inc hosp,2021-01-09,06099,quantile,0.4,377.33209834752
31883,2020-12-27,13 day ahead inc hosp,2021-01-09,06099,quantile,0.45,390.35171824717656
31884,2020-12-27,13 day ahead inc hosp,2021-01-09,06099,quantile,0.5,403.1649169921875
31885,2020-12-27,13 day ahead inc hosp,2021-01-09,06099,quantile,0.55,421.7830387406598
31886,2020-12-27,13 day ahead inc hosp,2021-01-09,06099,quantile,0.6,440.7010991902428
31887,2020-12-27,13 day ahead inc hosp,2021-01-09,06099,quantile,0.65,460.2544161524024
31888,2020-12-27,13 day ahead inc hosp,2021-01-09,06099,quantile,0.7,480.8606669973162
31889,2020-12-27,13 day ahead inc hosp,2021-01-09,06099,quantile,0.75,503.0980515759686
31890,2020-12-27,13 day ahead inc hosp,2021-01-09,06099,quantile,0.8,527.8604338310415
31891,2020-12-27,13 day ahead inc hosp,2021-01-09,06099,quantile,0.85,556.724014620131
31892,2020-12-27,13 day ahead inc hosp,2021-01-09,06099,quantile,0.9,593.0409900361333
31893,2020-12-27,13 day ahead inc hosp,2021-01-09,06099,quantile,0.95,646.8682183766434
31894,2020-12-27,13 day ahead inc hosp,2021-01-09,06099,quantile,0.975,693.5553114933122
31895,2020-12-27,13 day ahead inc hosp,2021-01-09,06099,quantile,0.99,747.839146834275
31896,2020-12-27,14 day ahead inc hosp,2021-01-10,06099,point,NA,416.4912109375
31897,2020-12-27,14 day ahead inc hosp,2021-01-10,06099,quantile,0.01,175.64470235584383
31898,2020-12-27,14 day ahead inc hosp,2021-01-10,06099,quantile,0.025,213.5763812640184
31899,2020-12-27,14 day ahead inc hosp,2021-01-10,06099,quantile,0.05,246.19971773488822
31900,2020-12-27,14 day ahead inc hosp,2021-01-10,06099,quantile,0.1,283.8123353604616
31901,2020-12-27,14 day ahead inc hosp,2021-01-10,06099,quantile,0.15,309.18938990613316
31902,2020-12-27,14 day ahead inc hosp,2021-01-10,06099,quantile,0.2,329.35826839003283
31903,2020-12-27,14 day ahead inc hosp,2021-01-10,06099,quantile,0.25,346.661370258226
31904,2020-12-27,14 day ahead inc hosp,2021-01-10,06099,quantile,0.3,362.2000905107084
31905,2020-12-27,14 day ahead inc hosp,2021-01-10,06099,quantile,0.35,376.5990305568762
31906,2020-12-27,14 day ahead inc hosp,2021-01-10,06099,quantile,0.4,390.2622165852723
31907,2020-12-27,14 day ahead inc hosp,2021-01-10,06099,quantile,0.45,403.48150719050926
31908,2020-12-27,14 day ahead inc hosp,2021-01-10,06099,quantile,0.5,416.4912109375
31909,2020-12-27,14 day ahead inc hosp,2021-01-10,06099,quantile,0.55,435.1703302867742
31910,2020-12-27,14 day ahead inc hosp,2021-01-10,06099,quantile,0.6,454.15037101099716
31911,2020-12-27,14 day ahead inc hosp,2021-01-10,06099,quantile,0.65,473.76774950624394
31912,2020-12-27,14 day ahead inc hosp,2021-01-10,06099,quantile,0.7,494.44151155771453
31913,2020-12-27,14 day ahead inc hosp,2021-01-10,06099,quantile,0.75,516.7517513430164
31914,2020-12-27,14 day ahead inc hosp,2021-01-10,06099,quantile,0.8,541.5952613255853
31915,2020-12-27,14 day ahead inc hosp,2021-01-10,06099,quantile,0.85,570.5534063893354
31916,2020-12-27,14 day ahead inc hosp,2021-01-10,06099,quantile,0.9,606.9893652559073
31917,2020-12-27,14 day ahead inc hosp,2021-01-10,06099,quantile,0.95,660.9929449937788
31918,2020-12-27,14 day ahead inc hosp,2021-01-10,06099,quantile,0.975,707.832996647673
31919,2020-12-27,14 day ahead inc hosp,2021-01-10,06099,quantile,0.99,762.2946793441778
31920,2020-12-27,15 day ahead inc hosp,2021-01-11,06099,point,NA,402.63580322265625
31921,2020-12-27,15 day ahead inc hosp,2021-01-11,06099,quantile,0.01,284.37311576706986
31922,2020-12-27,15 day ahead inc hosp,2021-01-11,06099,quantile,0.025,302.99868071214865
31923,2020-12-27,15 day ahead inc hosp,2021-01-11,06099,quantile,0.05,319.0176940976172
31924,2020-12-27,15 day ahead inc hosp,2021-01-11,06099,quantile,0.1,337.48659061114734
31925,2020-12-27,15 day ahead inc hosp,2021-01-11,06099,quantile,0.15,349.94746740754323
31926,2020-12-27,15 day ahead inc hosp,2021-01-11,06099,quantile,0.2,359.85097726748563
31927,2020-12-27,15 day ahead inc hosp,2021-01-11,06099,quantile,0.25,368.34730690207743
31928,2020-12-27,15 day ahead inc hosp,2021-01-11,06099,quantile,0.3,375.9772735040474
31929,2020-12-27,15 day ahead inc hosp,2021-01-11,06099,quantile,0.35,383.04757465310615
31930,2020-12-27,15 day ahead inc hosp,2021-01-11,06099,quantile,0.4,389.75659903730605
31931,2020-12-27,15 day ahead inc hosp,2021-01-11,06099,quantile,0.45,396.24765777192613
31932,2020-12-27,15 day ahead inc hosp,2021-01-11,06099,quantile,0.5,402.63580322265625
31933,2020-12-27,15 day ahead inc hosp,2021-01-11,06099,quantile,0.55,418.7238264795993
31934,2020-12-27,15 day ahead inc hosp,2021-01-11,06099,quantile,0.6,435.07102844770975
31935,2020-12-27,15 day ahead inc hosp,2021-01-11,06099,quantile,0.65,451.9671591255218
31936,2020-12-27,15 day ahead inc hosp,2021-01-11,06099,quantile,0.7,469.7731358674333
31937,2020-12-27,15 day ahead inc hosp,2021-01-11,06099,quantile,0.75,488.98858440236967
31938,2020-12-27,15 day ahead inc hosp,2021-01-11,06099,quantile,0.8,510.38589756848506
31939,2020-12-27,15 day ahead inc hosp,2021-01-11,06099,quantile,0.85,535.3270793529274
31940,2020-12-27,15 day ahead inc hosp,2021-01-11,06099,quantile,0.9,566.7087811705351
31941,2020-12-27,15 day ahead inc hosp,2021-01-11,06099,quantile,0.95,613.2211905906727
31942,2020-12-27,15 day ahead inc hosp,2021-01-11,06099,quantile,0.975,653.5637691819671
31943,2020-12-27,15 day ahead inc hosp,2021-01-11,06099,quantile,0.99,700.4707352680139
31944,2020-12-27,16 day ahead inc hosp,2021-01-12,06099,point,NA,422.29351806640625
31945,2020-12-27,16 day ahead inc hosp,2021-01-12,06099,quantile,0.01,297.63014370732145
31946,2020-12-27,16 day ahead inc hosp,2021-01-12,06099,quantile,0.025,317.26377309080556
31947,2020-12-27,16 day ahead inc hosp,2021-01-12,06099,quantile,0.05,334.1497775060682
31948,2020-12-27,16 day ahead inc hosp,2021-01-12,06099,quantile,0.1,353.6182591514737
31949,2020-12-27,16 day ahead inc hosp,2021-01-12,06099,quantile,0.15,366.75355129080475
31950,2020-12-27,16 day ahead inc hosp,2021-01-12,06099,quantile,0.2,377.1930650859106
31951,2020-12-27,16 day ahead inc hosp,2021-01-12,06099,quantile,0.25,386.14923837017733
31952,2020-12-27,16 day ahead inc hosp,2021-01-12,06099,quantile,0.3,394.1921587816208
31953,2020-12-27,16 day ahead inc hosp,2021-01-12,06099,quantile,0.35,401.645123177577
31954,2020-12-27,16 day ahead inc hosp,2021-01-12,06099,quantile,0.4,408.717257562362
31955,2020-12-27,16 day ahead inc hosp,2021-01-12,06099,quantile,0.45,415.55962942478607
31956,2020-12-27,16 day ahead inc hosp,2021-01-12,06099,quantile,0.5,422.29351806640625
31957,2020-12-27,16 day ahead inc hosp,2021-01-12,06099,quantile,0.55,436.1952263990455
31958,2020-12-27,16 day ahead inc hosp,2021-01-12,06099,quantile,0.6,450.3208918202055
31959,2020-12-27,16 day ahead inc hosp,2021-01-12,06099,quantile,0.65,464.9208881579615
31960,2020-12-27,16 day ahead inc hosp,2021-01-12,06099,quantile,0.7,480.30708516243095
31961,2020-12-27,16 day ahead inc hosp,2021-01-12,06099,quantile,0.75,496.91121089914884
31962,2020-12-27,16 day ahead inc hosp,2021-01-12,06099,quantile,0.8,515.400692297002
31963,2020-12-27,16 day ahead inc hosp,2021-01-12,06099,quantile,0.85,536.9524410172196
31964,2020-12-27,16 day ahead inc hosp,2021-01-12,06099,quantile,0.9,564.0694620882801
31965,2020-12-27,16 day ahead inc hosp,2021-01-12,06099,quantile,0.95,604.26097221231
31966,2020-12-27,16 day ahead inc hosp,2021-01-12,06099,quantile,0.975,639.121113325092
31967,2020-12-27,16 day ahead inc hosp,2021-01-12,06099,quantile,0.99,679.6535610275034
31968,2020-12-27,17 day ahead inc hosp,2021-01-13,06099,point,NA,428.4259948730469
31969,2020-12-27,17 day ahead inc hosp,2021-01-13,06099,quantile,0.01,303.17995087928125
31970,2020-12-27,17 day ahead inc hosp,2021-01-13,06099,quantile,0.025,322.90534674766235
31971,2020-12-27,17 day ahead inc hosp,2021-01-13,06099,quantile,0.05,339.8702754024977
31972,2020-12-27,17 day ahead inc hosp,2021-01-13,06099,quantile,0.1,359.4297516415153
31973,2020-12-27,17 day ahead inc hosp,2021-01-13,06099,quantile,0.15,372.6264374011587
31974,2020-12-27,17 day ahead inc hosp,2021-01-13,06099,quantile,0.2,383.11474489947136
31975,2020-12-27,17 day ahead inc hosp,2021-01-13,06099,quantile,0.25,392.1127788364158
31976,2020-12-27,17 day ahead inc hosp,2021-01-13,06099,quantile,0.3,400.1932914077218
31977,2020-12-27,17 day ahead inc hosp,2021-01-13,06099,quantile,0.35,407.6810905421423
31978,2020-12-27,17 day ahead inc hosp,2021-01-13,06099,quantile,0.4,414.7862796872335
31979,2020-12-27,17 day ahead inc hosp,2021-01-13,06099,quantile,0.45,421.66063241279335
31980,2020-12-27,17 day ahead inc hosp,2021-01-13,06099,quantile,0.5,428.4259948730469
31981,2020-12-27,17 day ahead inc hosp,2021-01-13,06099,quantile,0.55,443.8673969676981
31982,2020-12-27,17 day ahead inc hosp,2021-01-13,06099,quantile,0.6,459.55756068020577
31983,2020-12-27,17 day ahead inc hosp,2021-01-13,06099,quantile,0.65,475.77459017307854
31984,2020-12-27,17 day ahead inc hosp,2021-01-13,06099,quantile,0.7,492.8648965561952
31985,2020-12-27,17 day ahead inc hosp,2021-01-13,06099,quantile,0.75,511.3080242492744
31986,2020-12-27,17 day ahead inc hosp,2021-01-13,06099,quantile,0.8,531.8453215334869
31987,2020-12-27,17 day ahead inc hosp,2021-01-13,06099,quantile,0.85,555.7840497724056
31988,2020-12-27,17 day ahead inc hosp,2021-01-13,06099,quantile,0.9,585.9044361269566
31989,2020-12-27,17 day ahead inc hosp,2021-01-13,06099,quantile,0.95,630.5473860268103
31990,2020-12-27,17 day ahead inc hosp,2021-01-13,06099,quantile,0.975,669.2684872841946
31991,2020-12-27,17 day ahead inc hosp,2021-01-13,06099,quantile,0.99,714.2901355505363
31992,2020-12-27,18 day ahead inc hosp,2021-01-14,06099,point,NA,439.0892333984375
31993,2020-12-27,18 day ahead inc hosp,2021-01-14,06099,quantile,0.01,300.5483594303164
31994,2020-12-27,18 day ahead inc hosp,2021-01-14,06099,quantile,0.025,322.3676001490789
31995,2020-12-27,18 day ahead inc hosp,2021-01-14,06099,quantile,0.05,341.13335088819764
31996,2020-12-27,18 day ahead inc hosp,2021-01-14,06099,quantile,0.1,362.76905965874437
31997,2020-12-27,18 day ahead inc hosp,2021-01-14,06099,quantile,0.15,377.3665696504744
31998,2020-12-27,18 day ahead inc hosp,2021-01-14,06099,quantile,0.2,388.96820784141767
31999,2020-12-27,18 day ahead inc hosp,2021-01-14,06099,quantile,0.25,398.92138037979464
32000,2020-12-27,18 day ahead inc hosp,2021-01-14,06099,quantile,0.3,407.85963693498644
32001,2020-12-27,18 day ahead inc hosp,2021-01-14,06099,quantile,0.35,416.14226369988444
32002,2020-12-27,18 day ahead inc hosp,2021-01-14,06099,quantile,0.4,424.0016665399354
32003,2020-12-27,18 day ahead inc hosp,2021-01-14,06099,quantile,0.45,431.60572974381273
32004,2020-12-27,18 day ahead inc hosp,2021-01-14,06099,quantile,0.5,439.0892333984375
32005,2020-12-27,18 day ahead inc hosp,2021-01-14,06099,quantile,0.55,457.8988460433289
32006,2020-12-27,18 day ahead inc hosp,2021-01-14,06099,quantile,0.6,477.01148231548643
32007,2020-12-27,18 day ahead inc hosp,2021-01-14,06099,quantile,0.65,496.76590883335933
32008,2020-12-27,18 day ahead inc hosp,2021-01-14,06099,quantile,0.7,517.5840988577155
32009,2020-12-27,18 day ahead inc hosp,2021-01-14,06099,quantile,0.75,540.050199134144
32010,2020-12-27,18 day ahead inc hosp,2021-01-14,06099,quantile,0.8,565.0672671646972
32011,2020-12-27,18 day ahead inc hosp,2021-01-14,06099,quantile,0.85,594.227715330305
32012,2020-12-27,18 day ahead inc hosp,2021-01-14,06099,quantile,0.9,630.918217693418
32013,2020-12-27,18 day ahead inc hosp,2021-01-14,06099,quantile,0.95,685.2990692374892
32014,2020-12-27,18 day ahead inc hosp,2021-01-14,06099,quantile,0.975,732.4663479192162
32015,2020-12-27,18 day ahead inc hosp,2021-01-14,06099,quantile,0.99,787.308502752926
32016,2020-12-27,19 day ahead inc hosp,2021-01-15,06099,point,NA,437.2740783691406
32017,2020-12-27,19 day ahead inc hosp,2021-01-15,06099,quantile,0.01,315.2138505769495
32018,2020-12-27,19 day ahead inc hosp,2021-01-15,06099,quantile,0.025,334.4375021687362
32019,2020-12-27,19 day ahead inc hosp,2021-01-15,06099,quantile,0.05,350.9709030655386
32020,2020-12-27,19 day ahead inc hosp,2021-01-15,06099,quantile,0.1,370.03285543626
32021,2020-12-27,19 day ahead inc hosp,2021-01-15,06099,quantile,0.15,382.8938642039638
32022,2020-12-27,19 day ahead inc hosp,2021-01-15,06099,quantile,0.2,393.1153862702601
32023,2020-12-27,19 day ahead inc hosp,2021-01-15,06099,quantile,0.25,401.8845420615598
32024,2020-12-27,19 day ahead inc hosp,2021-01-15,06099,quantile,0.3,409.75951498430027
32025,2020-12-27,19 day ahead inc hosp,2021-01-15,06099,quantile,0.35,417.0568510027939
32026,2020-12-27,19 day ahead inc hosp,2021-01-15,06099,quantile,0.4,423.9813092762992
32027,2020-12-27,19 day ahead inc hosp,2021-01-15,06099,quantile,0.45,430.6808027920183
32028,2020-12-27,19 day ahead inc hosp,2021-01-15,06099,quantile,0.5,437.2740783691406
32029,2020-12-27,19 day ahead inc hosp,2021-01-15,06099,quantile,0.55,455.2669651221935
32030,2020-12-27,19 day ahead inc hosp,2021-01-15,06099,quantile,0.6,473.5497180150671
32031,2020-12-27,19 day ahead inc hosp,2021-01-15,06099,quantile,0.65,492.44639419431456
32032,2020-12-27,19 day ahead inc hosp,2021-01-15,06099,quantile,0.7,512.360644561055
32033,2020-12-27,19 day ahead inc hosp,2021-01-15,06099,quantile,0.75,533.8512518206519
32034,2020-12-27,19 day ahead inc hosp,2021-01-15,06099,quantile,0.8,557.7820621177696
32035,2020-12-27,19 day ahead inc hosp,2021-01-15,06099,quantile,0.85,585.6763442286003
32036,2020-12-27,19 day ahead inc hosp,2021-01-15,06099,quantile,0.9,620.7737205752317
32037,2020-12-27,19 day ahead inc hosp,2021-01-15,06099,quantile,0.95,672.79331937504
32038,2020-12-27,19 day ahead inc hosp,2021-01-15,06099,quantile,0.975,717.9125634441353
32039,2020-12-27,19 day ahead inc hosp,2021-01-15,06099,quantile,0.99,770.3734354379205
32040,2020-12-27,20 day ahead inc hosp,2021-01-16,06099,point,NA,439.4943542480469
32041,2020-12-27,20 day ahead inc hosp,2021-01-16,06099,quantile,0.01,215.34908951174245
32042,2020-12-27,20 day ahead inc hosp,2021-01-16,06099,quantile,0.025,250.65043666779934
32043,2020-12-27,20 day ahead inc hosp,2021-01-16,06099,quantile,0.05,281.0115427220542
32044,2020-12-27,20 day ahead inc hosp,2021-01-16,06099,quantile,0.1,316.0159535593041
32045,2020-12-27,20 day ahead inc hosp,2021-01-16,06099,quantile,0.15,339.63326336738334
32046,2020-12-27,20 day ahead inc hosp,2021-01-16,06099,quantile,0.2,358.4035525188881
32047,2020-12-27,20 day ahead inc hosp,2021-01-16,06099,quantile,0.25,374.5067892726418
32048,2020-12-27,20 day ahead inc hosp,2021-01-16,06099,quantile,0.3,388.9679935689673
32049,2020-12-27,20 day ahead inc hosp,2021-01-16,06099,quantile,0.35,402.3684544997772
32050,2020-12-27,20 day ahead inc hosp,2021-01-16,06099,quantile,0.4,415.0841814891843
32051,2020-12-27,20 day ahead inc hosp,2021-01-16,06099,quantile,0.45,427.3867945093452
32052,2020-12-27,20 day ahead inc hosp,2021-01-16,06099,quantile,0.5,439.4943542480469
32053,2020-12-27,20 day ahead inc hosp,2021-01-16,06099,quantile,0.55,457.8039349762175
32054,2020-12-27,20 day ahead inc hosp,2021-01-16,06099,quantile,0.6,476.4084837970713
32055,2020-12-27,20 day ahead inc hosp,2021-01-16,06099,quantile,0.65,495.63776160816656
32056,2020-12-27,20 day ahead inc hosp,2021-01-16,06099,quantile,0.7,515.9025239965015
32057,2020-12-27,20 day ahead inc hosp,2021-01-16,06099,quantile,0.75,537.7713888383389
32058,2020-12-27,20 day ahead inc hosp,2021-01-16,06099,quantile,0.8,562.1234068907656
32059,2020-12-27,20 day ahead inc hosp,2021-01-16,06099,quantile,0.85,590.5086580832107
32060,2020-12-27,20 day ahead inc hosp,2021-01-16,06099,quantile,0.9,626.2237856436394
32061,2020-12-27,20 day ahead inc hosp,2021-01-16,06099,quantile,0.95,679.1589848000802
32062,2020-12-27,20 day ahead inc hosp,2021-01-16,06099,quantile,0.975,725.0723756314303
32063,2020-12-27,20 day ahead inc hosp,2021-01-16,06099,quantile,0.99,778.456614860161
32064,2020-12-27,21 day ahead inc hosp,2021-01-17,06099,point,NA,496.369384765625
32065,2020-12-27,21 day ahead inc hosp,2021-01-17,06099,quantile,0.01,266.598160639722
32066,2020-12-27,21 day ahead inc hosp,2021-01-17,06099,quantile,0.025,302.7855579460319
32067,2020-12-27,21 day ahead inc hosp,2021-01-17,06099,quantile,0.05,333.9087160110016
32068,2020-12-27,21 day ahead inc hosp,2021-01-17,06099,quantile,0.1,369.7917240118315
32069,2020-12-27,21 day ahead inc hosp,2021-01-17,06099,quantile,0.15,394.0018191550287
32070,2020-12-27,21 day ahead inc hosp,2021-01-17,06099,quantile,0.2,413.2432352992077
32071,2020-12-27,21 day ahead inc hosp,2021-01-17,06099,quantile,0.25,429.7506570627331
32072,2020-12-27,21 day ahead inc hosp,2021-01-17,06099,quantile,0.3,444.5748319896964
32073,2020-12-27,21 day ahead inc hosp,2021-01-17,06099,quantile,0.35,458.31163930322975
32074,2020-12-27,21 day ahead inc hosp,2021-01-17,06099,quantile,0.4,471.34652611845684
32075,2020-12-27,21 day ahead inc hosp,2021-01-17,06099,quantile,0.45,483.9579299637052
32076,2020-12-27,21 day ahead inc hosp,2021-01-17,06099,quantile,0.5,496.369384765625
32077,2020-12-27,21 day ahead inc hosp,2021-01-17,06099,quantile,0.55,514.3402612250903
32078,2020-12-27,21 day ahead inc hosp,2021-01-17,06099,quantile,0.6,532.6006492376487
32079,2020-12-27,21 day ahead inc hosp,2021-01-17,06099,quantile,0.65,551.4742095380357
32080,2020-12-27,21 day ahead inc hosp,2021-01-17,06099,quantile,0.7,571.364099250304
32081,2020-12-27,21 day ahead inc hosp,2021-01-17,06099,quantile,0.75,592.8284175335043
32082,2020-12-27,21 day ahead inc hosp,2021-01-17,06099,quantile,0.8,616.7299538087458
32083,2020-12-27,21 day ahead inc hosp,2021-01-17,06099,quantile,0.85,644.5901134717949
32084,2020-12-27,21 day ahead inc hosp,2021-01-17,06099,quantile,0.9,679.6445559875106
32085,2020-12-27,21 day ahead inc hosp,2021-01-17,06099,quantile,0.95,731.6005203823677
32086,2020-12-27,21 day ahead inc hosp,2021-01-17,06099,quantile,0.975,776.6645710952198
32087,2020-12-27,21 day ahead inc hosp,2021-01-17,06099,quantile,0.99,829.0612688844825
32088,2020-12-27,22 day ahead inc hosp,2021-01-18,06099,point,NA,422.3001403808594
32089,2020-12-27,22 day ahead inc hosp,2021-01-18,06099,quantile,0.01,289.4518985149592
32090,2020-12-27,22 day ahead inc hosp,2021-01-18,06099,quantile,0.025,310.3745885869408
32091,2020-12-27,22 day ahead inc hosp,2021-01-18,06099,quantile,0.05,328.36925630904057
32092,2020-12-27,22 day ahead inc hosp,2021-01-18,06099,quantile,0.1,349.11595574411956
32093,2020-12-27,22 day ahead inc hosp,2021-01-18,06099,quantile,0.15,363.1136553577908
32094,2020-12-27,22 day ahead inc hosp,2021-01-18,06099,quantile,0.2,374.23858327462887
32095,2020-12-27,22 day ahead inc hosp,2021-01-18,06099,quantile,0.25,383.78278084491126
32096,2020-12-27,22 day ahead inc hosp,2021-01-18,06099,quantile,0.3,392.35376523885134
32097,2020-12-27,22 day ahead inc hosp,2021-01-18,06099,quantile,0.35,400.296059611856
32098,2020-12-27,22 day ahead inc hosp,2021-01-18,06099,quantile,0.4,407.83252029317725
32099,2020-12-27,22 day ahead inc hosp,2021-01-18,06099,quantile,0.45,415.1241332211045
32100,2020-12-27,22 day ahead inc hosp,2021-01-18,06099,quantile,0.5,422.3001403808594
32101,2020-12-27,22 day ahead inc hosp,2021-01-18,06099,quantile,0.55,440.94383694385124
32102,2020-12-27,22 day ahead inc hosp,2021-01-18,06099,quantile,0.6,459.8878842192593
32103,2020-12-27,22 day ahead inc hosp,2021-01-18,06099,quantile,0.65,479.46806062843
32104,2020-12-27,22 day ahead inc hosp,2021-01-18,06099,quantile,0.7,500.1026172847689
32105,2020-12-27,22 day ahead inc hosp,2021-01-18,06099,quantile,0.75,522.3705482844665
32106,2020-12-27,22 day ahead inc hosp,2021-01-18,06099,quantile,0.8,547.1669454279256
32107,2020-12-27,22 day ahead inc hosp,2021-01-18,06099,quantile,0.85,576.070174723724
32108,2020-12-27,22 day ahead inc hosp,2021-01-18,06099,quantile,0.9,612.4370370146067
32109,2020-12-27,22 day ahead inc hosp,2021-01-18,06099,quantile,0.95,666.3382052186276
32110,2020-12-27,22 day ahead inc hosp,2021-01-18,06099,quantile,0.975,713.089430139946
32111,2020-12-27,22 day ahead inc hosp,2021-01-18,06099,quantile,0.99,767.4478325634004
32112,2020-12-27,23 day ahead inc hosp,2021-01-19,06099,point,NA,437.5967102050781
32113,2020-12-27,23 day ahead inc hosp,2021-01-19,06099,quantile,0.01,310.6028170449017
32114,2020-12-27,23 day ahead inc hosp,2021-01-19,06099,quantile,0.025,330.6034872103887
32115,2020-12-27,23 day ahead inc hosp,2021-01-19,06099,quantile,0.05,347.805166947031
32116,2020-12-27,23 day ahead inc hosp,2021-01-19,06099,quantile,0.1,367.6376020209121
32117,2020-12-27,23 day ahead inc hosp,2021-01-19,06099,quantile,0.15,381.0184518105629
32118,2020-12-27,23 day ahead inc hosp,2021-01-19,06099,quantile,0.2,391.6531270418069
32119,2020-12-27,23 day ahead inc hosp,2021-01-19,06099,quantile,0.25,400.7767314607764
32120,2020-12-27,23 day ahead inc hosp,2021-01-19,06099,quantile,0.3,408.97001020585975
32121,2020-12-27,23 day ahead inc hosp,2021-01-19,06099,quantile,0.35,416.5623040058044
32122,2020-12-27,23 day ahead inc hosp,2021-01-19,06099,quantile,0.4,423.7666483699224
32123,2020-12-27,23 day ahead inc hosp,2021-01-19,06099,quantile,0.45,430.73693491740465
32124,2020-12-27,23 day ahead inc hosp,2021-01-19,06099,quantile,0.5,437.5967102050781
32125,2020-12-27,23 day ahead inc hosp,2021-01-19,06099,quantile,0.55,452.83815302961665
32126,2020-12-27,23 day ahead inc hosp,2021-01-19,06099,quantile,0.6,468.3251361200104
32127,2020-12-27,23 day ahead inc hosp,2021-01-19,06099,quantile,0.65,484.33216231390065
32128,2020-12-27,23 day ahead inc hosp,2021-01-19,06099,quantile,0.7,501.2011568517961
32129,2020-12-27,23 day ahead inc hosp,2021-01-19,06099,quantile,0.75,519.4054542670613
32130,2020-12-27,23 day ahead inc hosp,2021-01-19,06099,quantile,0.8,539.6768027112741
32131,2020-12-27,23 day ahead inc hosp,2021-01-19,06099,quantile,0.85,563.3055350964006
32132,2020-12-27,23 day ahead inc hosp,2021-01-19,06099,quantile,0.9,593.0358758816405
32133,2020-12-27,23 day ahead inc hosp,2021-01-19,06099,quantile,0.95,637.1007194914737
32134,2020-12-27,23 day ahead inc hosp,2021-01-19,06099,quantile,0.975,675.3203997575563
32135,2020-12-27,23 day ahead inc hosp,2021-01-19,06099,quantile,0.99,719.7590377589346
32136,2020-12-27,24 day ahead inc hosp,2021-01-20,06099,point,NA,457.68890380859375
32137,2020-12-27,24 day ahead inc hosp,2021-01-20,06099,quantile,0.01,330.41561178189244
32138,2020-12-27,24 day ahead inc hosp,2021-01-20,06099,quantile,0.025,350.46028535915707
32139,2020-12-27,24 day ahead inc hosp,2021-01-20,06099,quantile,0.05,367.6998104575026
32140,2020-12-27,24 day ahead inc hosp,2021-01-20,06099,quantile,0.1,387.5758788096633
32141,2020-12-27,24 day ahead inc hosp,2021-01-20,06099,quantile,0.15,400.9861677650199
32142,2020-12-27,24 day ahead inc hosp,2021-01-20,06099,quantile,0.2,411.64424031192635
32143,2020-12-27,24 day ahead inc hosp,2021-01-20,06099,quantile,0.25,420.7879175443977
32144,2020-12-27,24 day ahead inc hosp,2021-01-20,06099,quantile,0.3,428.99922229638213
32145,2020-12-27,24 day ahead inc hosp,2021-01-20,06099,quantile,0.35,436.6082198781327
32146,2020-12-27,24 day ahead inc hosp,2021-01-20,06099,quantile,0.4,443.8284144977181
32147,2020-12-27,24 day ahead inc hosp,2021-01-20,06099,quantile,0.45,450.8140363507985
32148,2020-12-27,24 day ahead inc hosp,2021-01-20,06099,quantile,0.5,457.68890380859375
32149,2020-12-27,24 day ahead inc hosp,2021-01-20,06099,quantile,0.55,473.8787220368989
32150,2020-12-27,24 day ahead inc hosp,2021-01-20,06099,quantile,0.6,490.3293588975141
32151,2020-12-27,24 day ahead inc hosp,2021-01-20,06099,quantile,0.65,507.33239774614424
32152,2020-12-27,24 day ahead inc hosp,2021-01-20,06099,quantile,0.7,525.2510395969737
32153,2020-12-27,24 day ahead inc hosp,2021-01-20,06099,quantile,0.75,544.5880714987466
32154,2020-12-27,24 day ahead inc hosp,2021-01-20,06099,quantile,0.8,566.1207735094816
32155,2020-12-27,24 day ahead inc hosp,2021-01-20,06099,quantile,0.85,591.2197675275922
32156,2020-12-27,24 day ahead inc hosp,2021-01-20,06099,quantile,0.9,622.8000331704008
32157,2020-12-27,24 day ahead inc hosp,2021-01-20,06099,quantile,0.95,669.6067440910575
32158,2020-12-27,24 day ahead inc hosp,2021-01-20,06099,quantile,0.975,710.2045853436988
32159,2020-12-27,24 day ahead inc hosp,2021-01-20,06099,quantile,0.99,757.4083494386216
32160,2020-12-27,25 day ahead inc hosp,2021-01-21,06099,point,NA,485.5970764160156
32161,2020-12-27,25 day ahead inc hosp,2021-01-21,06099,quantile,0.01,338.9842783210265
32162,2020-12-27,25 day ahead inc hosp,2021-01-21,06099,quantile,0.025,362.0747919179163
32163,2020-12-27,25 day ahead inc hosp,2021-01-21,06099,quantile,0.05,381.9339074656383
32164,2020-12-27,25 day ahead inc hosp,2021-01-21,06099,quantile,0.1,404.8301958371701
32165,2020-12-27,25 day ahead inc hosp,2021-01-21,06099,quantile,0.15,420.27821290106976
32166,2020-12-27,25 day ahead inc hosp,2021-01-21,06099,quantile,0.2,432.55580715135056
32167,2020-12-27,25 day ahead inc hosp,2021-01-21,06099,quantile,0.25,443.08888980037034
32168,2020-12-27,25 day ahead inc hosp,2021-01-21,06099,quantile,0.3,452.54792355779483
32169,2020-12-27,25 day ahead inc hosp,2021-01-21,06099,quantile,0.35,461.3131280118794
32170,2020-12-27,25 day ahead inc hosp,2021-01-21,06099,quantile,0.4,469.6304498875933
32171,2020-12-27,25 day ahead inc hosp,2021-01-21,06099,quantile,0.45,477.6775550579284
32172,2020-12-27,25 day ahead inc hosp,2021-01-21,06099,quantile,0.5,485.5970764160156
32173,2020-12-27,25 day ahead inc hosp,2021-01-21,06099,quantile,0.55,505.2310386941258
32174,2020-12-27,25 day ahead inc hosp,2021-01-21,06099,quantile,0.6,525.1813049057323
32175,2020-12-27,25 day ahead inc hosp,2021-01-21,06099,quantile,0.65,545.8014884469897
32176,2020-12-27,25 day ahead inc hosp,2021-01-21,06099,quantile,0.7,567.5320559686845
32177,2020-12-27,25 day ahead inc hosp,2021-01-21,06099,quantile,0.75,590.9827550176859
32178,2020-12-27,25 day ahead inc hosp,2021-01-21,06099,quantile,0.8,617.0962204724996
32179,2020-12-27,25 day ahead inc hosp,2021-01-21,06099,quantile,0.85,647.5346537409183
32180,2020-12-27,25 day ahead inc hosp,2021-01-21,06099,quantile,0.9,685.8331531817307
32181,2020-12-27,25 day ahead inc hosp,2021-01-21,06099,quantile,0.95,742.5972986229602
32182,2020-12-27,25 day ahead inc hosp,2021-01-21,06099,quantile,0.975,791.8317293303708
32183,2020-12-27,25 day ahead inc hosp,2021-01-21,06099,quantile,0.99,849.0773951281608
32184,2020-12-27,26 day ahead inc hosp,2021-01-22,06099,point,NA,456.4676208496094
32185,2020-12-27,26 day ahead inc hosp,2021-01-22,06099,quantile,0.01,333.91125684757174
32186,2020-12-27,26 day ahead inc hosp,2021-01-22,06099,quantile,0.025,353.21304650130276
32187,2020-12-27,26 day ahead inc hosp,2021-01-22,06099,quantile,0.05,369.81365044208746
32188,2020-12-27,26 day ahead inc hosp,2021-01-22,06099,quantile,0.1,388.9530836185762
32189,2020-12-27,26 day ahead inc hosp,2021-01-22,06099,quantile,0.15,401.8663683180903
32190,2020-12-27,26 day ahead inc hosp,2021-01-22,06099,quantile,0.2,412.1294376378086
32191,2020-12-27,26 day ahead inc hosp,2021-01-22,06099,quantile,0.25,420.9342372731068
32192,2020-12-27,26 day ahead inc hosp,2021-01-22,06099,quantile,0.3,428.84121946937734
32193,2020-12-27,26 day ahead inc hosp,2021-01-22,06099,quantile,0.35,436.1682168501318
32194,2020-12-27,26 day ahead inc hosp,2021-01-22,06099,quantile,0.4,443.12082085583177
32195,2020-12-27,26 day ahead inc hosp,2021-01-22,06099,quantile,0.45,449.8475456931771
32196,2020-12-27,26 day ahead inc hosp,2021-01-22,06099,quantile,0.5,456.4676208496094
32197,2020-12-27,26 day ahead inc hosp,2021-01-22,06099,quantile,0.55,474.5722195736266
32198,2020-12-27,26 day ahead inc hosp,2021-01-22,06099,quantile,0.6,492.9684841218755
32199,2020-12-27,26 day ahead inc hosp,2021-01-22,06099,quantile,0.65,511.9824836061397
32200,2020-12-27,26 day ahead inc hosp,2021-01-22,06099,quantile,0.7,532.020375064456
32201,2020-12-27,26 day ahead inc hosp,2021-01-22,06099,quantile,0.75,553.644410501929
32202,2020-12-27,26 day ahead inc hosp,2021-01-22,06099,quantile,0.8,577.7237994024557
32203,2020-12-27,26 day ahead inc hosp,2021-01-22,06099,quantile,0.85,605.791268021711
32204,2020-12-27,26 day ahead inc hosp,2021-01-22,06099,quantile,0.9,641.1065525417873
32205,2020-12-27,26 day ahead inc hosp,2021-01-22,06099,quantile,0.95,693.4491240802374
32206,2020-12-27,26 day ahead inc hosp,2021-01-22,06099,quantile,0.975,738.8484988338951
32207,2020-12-27,26 day ahead inc hosp,2021-01-22,06099,quantile,0.99,791.6350832877968
32208,2020-12-27,27 day ahead inc hosp,2021-01-23,06099,point,NA,465.02374267578125
32209,2020-12-27,27 day ahead inc hosp,2021-01-23,06099,quantile,0.01,231.5113034770847
32210,2020-12-27,27 day ahead inc hosp,2021-01-23,06099,quantile,0.025,268.2879165860372
32211,2020-12-27,27 day ahead inc hosp,2021-01-23,06099,quantile,0.05,299.91783274705915
32212,2020-12-27,27 day ahead inc hosp,2021-01-23,06099,quantile,0.1,336.3851003778778
32213,2020-12-27,27 day ahead inc hosp,2021-01-23,06099,quantile,0.15,360.9893927196497
32214,2020-12-27,27 day ahead inc hosp,2021-01-23,06099,quantile,0.2,380.54410430095027
32215,2020-12-27,27 day ahead inc hosp,2021-01-23,06099,quantile,0.25,397.3203056531713
32216,2020-12-27,27 day ahead inc hosp,2021-01-23,06099,quantile,0.3,412.38585295776574
32217,2020-12-27,27 day ahead inc hosp,2021-01-23,06099,quantile,0.35,426.34632775084947
32218,2020-12-27,27 day ahead inc hosp,2021-01-23,06099,quantile,0.4,439.59345313167944
32219,2020-12-27,27 day ahead inc hosp,2021-01-23,06099,quantile,0.45,452.41020024536544
32220,2020-12-27,27 day ahead inc hosp,2021-01-23,06099,quantile,0.5,465.02374267578125
32221,2020-12-27,27 day ahead inc hosp,2021-01-23,06099,quantile,0.55,483.8360512412915
32222,2020-12-27,27 day ahead inc hosp,2021-01-23,06099,quantile,0.6,502.95142686545915
32223,2020-12-27,27 day ahead inc hosp,2021-01-23,06099,quantile,0.65,522.7086847210511
32224,2020-12-27,27 day ahead inc hosp,2021-01-23,06099,quantile,0.7,543.5298585488908
32225,2020-12-27,27 day ahead inc hosp,2021-01-23,06099,quantile,0.75,565.999178818421
32226,2020-12-27,27 day ahead inc hosp,2021-01-23,06099,quantile,0.8,591.0198324639892
32227,2020-12-27,27 day ahead inc hosp,2021-01-23,06099,quantile,0.85,620.1844601018142
32228,2020-12-27,27 day ahead inc hosp,2021-01-23,06099,quantile,0.9,656.8802211953277
32229,2020-12-27,27 day ahead inc hosp,2021-01-23,06099,quantile,0.95,711.2688669700254
32230,2020-12-27,27 day ahead inc hosp,2021-01-23,06099,quantile,0.975,758.4429059844363
32231,2020-12-27,27 day ahead inc hosp,2021-01-23,06099,quantile,0.99,813.2929211658732
32232,2020-12-27,28 day ahead inc hosp,2021-01-24,06099,point,NA,462.716064453125
32233,2020-12-27,28 day ahead inc hosp,2021-01-24,06099,quantile,0.01,232.54057987855998
32234,2020-12-27,28 day ahead inc hosp,2021-01-24,06099,quantile,0.025,268.7916454424013
32235,2020-12-27,28 day ahead inc hosp,2021-01-24,06099,quantile,0.05,299.96956172129006
32236,2020-12-27,28 day ahead inc hosp,2021-01-24,06099,quantile,0.1,335.91570243583965
32237,2020-12-27,28 day ahead inc hosp,2021-01-24,06099,quantile,0.15,360.16839292126025
32238,2020-12-27,28 day ahead inc hosp,2021-01-24,06099,quantile,0.2,379.4436624931386
32239,2020-12-27,28 day ahead inc hosp,2021-01-24,06099,quantile,0.25,395.9801274832637
32240,2020-12-27,28 day ahead inc hosp,2021-01-24,06099,quantile,0.3,410.83038412533216
32241,2020-12-27,28 day ahead inc hosp,2021-01-24,06099,quantile,0.35,424.591360034863
32242,2020-12-27,28 day ahead inc hosp,2021-01-24,06099,quantile,0.4,437.6491804842396
32243,2020-12-27,28 day ahead inc hosp,2021-01-24,06099,quantile,0.45,450.28277288593637
32244,2020-12-27,28 day ahead inc hosp,2021-01-24,06099,quantile,0.5,462.716064453125
32245,2020-12-27,28 day ahead inc hosp,2021-01-24,06099,quantile,0.55,480.48125137308256
32246,2020-12-27,28 day ahead inc hosp,2021-01-24,06099,quantile,0.6,498.5326361792581
32247,2020-12-27,28 day ahead inc hosp,2021-01-24,06099,quantile,0.65,517.1901750776942
32248,2020-12-27,28 day ahead inc hosp,2021-01-24,06099,quantile,0.7,536.852410770694
32249,2020-12-27,28 day ahead inc hosp,2021-01-24,06099,quantile,0.75,558.0710545731042
32250,2020-12-27,28 day ahead inc hosp,2021-01-24,06099,quantile,0.8,581.699020663771
32251,2020-12-27,28 day ahead inc hosp,2021-01-24,06099,quantile,0.85,609.2403008651181
32252,2020-12-27,28 day ahead inc hosp,2021-01-24,06099,quantile,0.9,643.8935202042668
32253,2020-12-27,28 day ahead inc hosp,2021-01-24,06099,quantile,0.95,695.2548114113598
32254,2020-12-27,28 day ahead inc hosp,2021-01-24,06099,quantile,0.975,739.8030718198052
32255,2020-12-27,28 day ahead inc hosp,2021-01-24,06099,quantile,0.99,791.6000519122538
32256,2020-12-27,1 day ahead inc hosp,2020-12-28,06101,point,NA,2.518998531160787e-23
32257,2020-12-27,1 day ahead inc hosp,2020-12-28,06101,quantile,0.01,2.472368161229226e-23
32258,2020-12-27,1 day ahead inc hosp,2020-12-28,06101,quantile,0.025,2.4797121257734064e-23
32259,2020-12-27,1 day ahead inc hosp,2020-12-28,06101,quantile,0.05,2.4860283404322655e-23
32260,2020-12-27,1 day ahead inc hosp,2020-12-28,06101,quantile,0.1,2.4933105314189793e-23
32261,2020-12-27,1 day ahead inc hosp,2020-12-28,06101,quantile,0.15,2.498223791105436e-23
32262,2020-12-27,1 day ahead inc hosp,2020-12-28,06101,quantile,0.2,2.50212869415073e-23
32263,2020-12-27,1 day ahead inc hosp,2020-12-28,06101,quantile,0.25,2.5054787532644323e-23
32264,2020-12-27,1 day ahead inc hosp,2020-12-28,06101,quantile,0.3,2.5084872098864663e-23
32265,2020-12-27,1 day ahead inc hosp,2020-12-28,06101,quantile,0.35,2.5112749932964448e-23
32266,2020-12-27,1 day ahead inc hosp,2020-12-28,06101,quantile,0.4,2.5139203271345803e-23
32267,2020-12-27,1 day ahead inc hosp,2020-12-28,06101,quantile,0.45,2.5164797182371755e-23
32268,2020-12-27,1 day ahead inc hosp,2020-12-28,06101,quantile,0.5,2.518998531160787e-23
32269,2020-12-27,1 day ahead inc hosp,2020-12-28,06101,quantile,0.55,2.526171444773301e-23
32270,2020-12-27,1 day ahead inc hosp,2020-12-28,06101,quantile,0.6,2.5334599143168148e-23
32271,2020-12-27,1 day ahead inc hosp,2020-12-28,06101,quantile,0.65,2.540993126060861e-23
32272,2020-12-27,1 day ahead inc hosp,2020-12-28,06101,quantile,0.7,2.548931996543351e-23
32273,2020-12-27,1 day ahead inc hosp,2020-12-28,06101,quantile,0.75,2.5574992860210883e-23
32274,2020-12-27,1 day ahead inc hosp,2020-12-28,06101,quantile,0.8,2.5670393691269612e-23
32275,2020-12-27,1 day ahead inc hosp,2020-12-28,06101,quantile,0.85,2.5781595011330233e-23
32276,2020-12-27,1 day ahead inc hosp,2020-12-28,06101,quantile,0.9,2.592151166395828e-23
32277,2020-12-27,1 day ahead inc hosp,2020-12-28,06101,quantile,0.95,2.6128889220139112e-23
32278,2020-12-27,1 day ahead inc hosp,2020-12-28,06101,quantile,0.975,2.6308758323085938e-23
32279,2020-12-27,1 day ahead inc hosp,2020-12-28,06101,quantile,0.99,2.6517895026947375e-23
32280,2020-12-27,2 day ahead inc hosp,2020-12-29,06101,point,NA,4.5667874088946314e-23
32281,2020-12-27,2 day ahead inc hosp,2020-12-29,06101,quantile,0.01,4.5129872906041115e-23
32282,2020-12-27,2 day ahead inc hosp,2020-12-29,06101,quantile,0.025,4.5214604415093733e-23
32283,2020-12-27,2 day ahead inc hosp,2020-12-29,06101,quantile,0.05,4.528747818733566e-23
32284,2020-12-27,2 day ahead inc hosp,2020-12-29,06101,quantile,0.1,4.537149697961082e-23
32285,2020-12-27,2 day ahead inc hosp,2020-12-29,06101,quantile,0.15,4.5428184059878754e-23
32286,2020-12-27,2 day ahead inc hosp,2020-12-29,06101,quantile,0.2,4.54732371542587e-23
32287,2020-12-27,2 day ahead inc hosp,2020-12-29,06101,quantile,0.25,4.55118886976331e-23
32288,2020-12-27,2 day ahead inc hosp,2020-12-29,06101,quantile,0.3,4.554659897815948e-23
32289,2020-12-27,2 day ahead inc hosp,2020-12-29,06101,quantile,0.35,4.557876322593305e-23
32290,2020-12-27,2 day ahead inc hosp,2020-12-29,06101,quantile,0.4,4.560928395172152e-23
32291,2020-12-27,2 day ahead inc hosp,2020-12-29,06101,quantile,0.45,4.563881310713534e-23
32292,2020-12-27,2 day ahead inc hosp,2020-12-29,06101,quantile,0.5,4.5667874088946314e-23
32293,2020-12-27,2 day ahead inc hosp,2020-12-29,06101,quantile,0.55,4.572783690269855e-23
32294,2020-12-27,2 day ahead inc hosp,2020-12-29,06101,quantile,0.6,4.5788765719827217e-23
32295,2020-12-27,2 day ahead inc hosp,2020-12-29,06101,quantile,0.65,4.585174048812449e-23
32296,2020-12-27,2 day ahead inc hosp,2020-12-29,06101,quantile,0.7,4.591810640828756e-23
32297,2020-12-27,2 day ahead inc hosp,2020-12-29,06101,quantile,0.75,4.598972567084481e-23
32298,2020-12-27,2 day ahead inc hosp,2020-12-29,06101,quantile,0.8,4.606947711598424e-23
32299,2020-12-27,2 day ahead inc hosp,2020-12-29,06101,quantile,0.85,4.6162437165470485e-23
32300,2020-12-27,2 day ahead inc hosp,2020-12-29,06101,quantile,0.9,4.627940213445792e-23
32301,2020-12-27,2 day ahead inc hosp,2020-12-29,06101,quantile,0.95,4.645276183805133e-23
32302,2020-12-27,2 day ahead inc hosp,2020-12-29,06101,quantile,0.975,4.6603125527096274e-23
32303,2020-12-27,2 day ahead inc hosp,2020-12-29,06101,quantile,0.99,4.6777955810853247e-23
32304,2020-12-27,3 day ahead inc hosp,2020-12-30,06101,point,NA,6.611036194430206e-23
32305,2020-12-27,3 day ahead inc hosp,2020-12-30,06101,quantile,0.01,6.55900988343835e-23
32306,2020-12-27,3 day ahead inc hosp,2020-12-30,06101,quantile,0.025,6.5672036718181e-23
32307,2020-12-27,3 day ahead inc hosp,2020-12-30,06101,quantile,0.05,6.574250781858518e-23
32308,2020-12-27,3 day ahead inc hosp,2020-12-30,06101,quantile,0.1,6.582375648410787e-23
32309,2020-12-27,3 day ahead inc hosp,2020-12-30,06101,quantile,0.15,6.587857457300713e-23
32310,2020-12-27,3 day ahead inc hosp,2020-12-30,06101,quantile,0.2,6.592214225229547e-23
32311,2020-12-27,3 day ahead inc hosp,2020-12-30,06101,quantile,0.25,6.595951944178515e-23
32312,2020-12-27,3 day ahead inc hosp,2020-12-30,06101,quantile,0.3,6.599308531313748e-23
32313,2020-12-27,3 day ahead inc hosp,2020-12-30,06101,quantile,0.35,6.602418909526024e-23
32314,2020-12-27,3 day ahead inc hosp,2020-12-30,06101,quantile,0.4,6.605370354284926e-23
32315,2020-12-27,3 day ahead inc hosp,2020-12-30,06101,quantile,0.45,6.608225911245953e-23
32316,2020-12-27,3 day ahead inc hosp,2020-12-30,06101,quantile,0.5,6.611036194430206e-23
32317,2020-12-27,3 day ahead inc hosp,2020-12-30,06101,quantile,0.55,6.617552962374464e-23
32318,2020-12-27,3 day ahead inc hosp,2020-12-30,06101,quantile,0.6,6.624174715716232e-23
32319,2020-12-27,3 day ahead inc hosp,2020-12-30,06101,quantile,0.65,6.63101882334988e-23
32320,2020-12-27,3 day ahead inc hosp,2020-12-30,06101,quantile,0.7,6.63823148189684e-23
32321,2020-12-27,3 day ahead inc hosp,2020-12-30,06101,quantile,0.75,6.646015074513974e-23
32322,2020-12-27,3 day ahead inc hosp,2020-12-30,06101,quantile,0.8,6.654682474001603e-23
32323,2020-12-27,3 day ahead inc hosp,2020-12-30,06101,quantile,0.85,6.664785386668305e-23
32324,2020-12-27,3 day ahead inc hosp,2020-12-30,06101,quantile,0.9,6.677497157727748e-23
32325,2020-12-27,3 day ahead inc hosp,2020-12-30,06101,quantile,0.95,6.696337917333719e-23
32326,2020-12-27,3 day ahead inc hosp,2020-12-30,06101,quantile,0.975,6.71267946649446e-23
32327,2020-12-27,3 day ahead inc hosp,2020-12-30,06101,quantile,0.99,6.731680048981809e-23
32328,2020-12-27,4 day ahead inc hosp,2020-12-31,06101,point,NA,8.665265963682999e-23
32329,2020-12-27,4 day ahead inc hosp,2020-12-31,06101,quantile,0.01,8.607814257234366e-23
32330,2020-12-27,4 day ahead inc hosp,2020-12-31,06101,quantile,0.025,8.616862508315812e-23
32331,2020-12-27,4 day ahead inc hosp,2020-12-31,06101,quantile,0.05,8.624644503418572e-23
32332,2020-12-27,4 day ahead inc hosp,2020-12-31,06101,quantile,0.1,8.633616645382824e-23
32333,2020-12-27,4 day ahead inc hosp,2020-12-31,06101,quantile,0.15,8.639670106970765e-23
32334,2020-12-27,4 day ahead inc hosp,2020-12-31,06101,quantile,0.2,8.644481206342223e-23
32335,2020-12-27,4 day ahead inc hosp,2020-12-31,06101,quantile,0.25,8.648608701214524e-23
32336,2020-12-27,4 day ahead inc hosp,2020-12-31,06101,quantile,0.3,8.652315319175442e-23
32337,2020-12-27,4 day ahead inc hosp,2020-12-31,06101,quantile,0.35,8.655750053112734e-23
32338,2020-12-27,4 day ahead inc hosp,2020-12-31,06101,quantile,0.4,8.659009279735861e-23
32339,2020-12-27,4 day ahead inc hosp,2020-12-31,06101,quantile,0.45,8.662162619212459e-23
32340,2020-12-27,4 day ahead inc hosp,2020-12-31,06101,quantile,0.5,8.665265963682999e-23
32341,2020-12-27,4 day ahead inc hosp,2020-12-31,06101,quantile,0.55,8.673297837223419e-23
32342,2020-12-27,4 day ahead inc hosp,2020-12-31,06101,quantile,0.6,8.68145910457433e-23
32343,2020-12-27,4 day ahead inc hosp,2020-12-31,06101,quantile,0.65,8.689894422124486e-23
32344,2020-12-27,4 day ahead inc hosp,2020-12-31,06101,quantile,0.7,8.698783976246244e-23
32345,2020-12-27,4 day ahead inc hosp,2020-12-31,06101,quantile,0.75,8.708377202846564e-23
32346,2020-12-27,4 day ahead inc hosp,2020-12-31,06101,quantile,0.8,8.719059715589753e-23
32347,2020-12-27,4 day ahead inc hosp,2020-12-31,06101,quantile,0.85,8.731511488864934e-23
32348,2020-12-27,4 day ahead inc hosp,2020-12-31,06101,quantile,0.9,8.747178662914638e-23
32349,2020-12-27,4 day ahead inc hosp,2020-12-31,06101,quantile,0.95,8.770399774952848e-23
32350,2020-12-27,4 day ahead inc hosp,2020-12-31,06101,quantile,0.975,8.790540626589168e-23
32351,2020-12-27,4 day ahead inc hosp,2020-12-31,06101,quantile,0.99,8.813958719275313e-23
32352,2020-12-27,5 day ahead inc hosp,2021-01-01,06101,point,NA,1.0698914036374213e-22
32353,2020-12-27,5 day ahead inc hosp,2021-01-01,06101,quantile,0.01,1.0646875229056436e-22
32354,2020-12-27,5 day ahead inc hosp,2021-01-01,06101,quantile,0.025,1.0655070985522105e-22
32355,2020-12-27,5 day ahead inc hosp,2021-01-01,06101,quantile,0.05,1.0662119788224991e-22
32356,2020-12-27,5 day ahead inc hosp,2021-01-01,06101,quantile,0.1,1.0670246606308678e-22
32357,2020-12-27,5 day ahead inc hosp,2021-01-01,06101,quantile,0.15,1.0675729731887587e-22
32358,2020-12-27,5 day ahead inc hosp,2021-01-01,06101,quantile,0.2,1.0680087546279085e-22
32359,2020-12-27,5 day ahead inc hosp,2021-01-01,06101,quantile,0.25,1.068382616299984e-22
32360,2020-12-27,5 day ahead inc hosp,2021-01-01,06101,quantile,0.3,1.0687183556361886e-22
32361,2020-12-27,5 day ahead inc hosp,2021-01-01,06101,quantile,0.35,1.0690294681663453e-22
32362,2020-12-27,5 day ahead inc hosp,2021-01-01,06101,quantile,0.4,1.0693246835337034e-22
32363,2020-12-27,5 day ahead inc hosp,2021-01-01,06101,quantile,0.45,1.069610307818122e-22
32364,2020-12-27,5 day ahead inc hosp,2021-01-01,06101,quantile,0.5,1.0698914036374213e-22
32365,2020-12-27,5 day ahead inc hosp,2021-01-01,06101,quantile,0.55,1.0706662442178438e-22
32366,2020-12-27,5 day ahead inc hosp,2021-01-01,06101,quantile,0.6,1.0714535675116358e-22
32367,2020-12-27,5 day ahead inc hosp,2021-01-01,06101,quantile,0.65,1.0722673286239986e-22
32368,2020-12-27,5 day ahead inc hosp,2021-01-01,06101,quantile,0.7,1.0731249102630443e-22
32369,2020-12-27,5 day ahead inc hosp,2021-01-01,06101,quantile,0.75,1.0740503756889762e-22
32370,2020-12-27,5 day ahead inc hosp,2021-01-01,06101,quantile,0.8,1.0750809253275691e-22
32371,2020-12-27,5 day ahead inc hosp,2021-01-01,06101,quantile,0.85,1.076282156794085e-22
32372,2020-12-27,5 day ahead inc hosp,2021-01-01,06101,quantile,0.9,1.0777935802712053e-22
32373,2020-12-27,5 day ahead inc hosp,2021-01-01,06101,quantile,0.95,1.0800337375444985e-22
32374,2020-12-27,5 day ahead inc hosp,2021-01-01,06101,quantile,0.975,1.0819767398955135e-22
32375,2020-12-27,5 day ahead inc hosp,2021-01-01,06101,quantile,0.99,1.0842359000326848e-22
32376,2020-12-27,6 day ahead inc hosp,2021-01-02,06101,point,NA,1.2751844393943926e-22
32377,2020-12-27,6 day ahead inc hosp,2021-01-02,06101,quantile,0.01,1.2651488424886151e-22
32378,2020-12-27,6 day ahead inc hosp,2021-01-02,06101,quantile,0.025,1.2667293804076555e-22
32379,2020-12-27,6 day ahead inc hosp,2021-01-02,06101,quantile,0.05,1.268088730212937e-22
32380,2020-12-27,6 day ahead inc hosp,2021-01-02,06101,quantile,0.1,1.2696559734803786e-22
32381,2020-12-27,6 day ahead inc hosp,2021-01-02,06101,quantile,0.15,1.2707133850724173e-22
32382,2020-12-27,6 day ahead inc hosp,2021-01-02,06101,quantile,0.2,1.27155378228514e-22
32383,2020-12-27,6 day ahead inc hosp,2021-01-02,06101,quantile,0.25,1.2722747682632693e-22
32384,2020-12-27,6 day ahead inc hosp,2021-01-02,06101,quantile,0.3,1.272922235954638e-22
32385,2020-12-27,6 day ahead inc hosp,2021-01-02,06101,quantile,0.35,1.2735222112626663e-22
32386,2020-12-27,6 day ahead inc hosp,2021-01-02,06101,quantile,0.4,1.2740915291582716e-22
32387,2020-12-27,6 day ahead inc hosp,2021-01-02,06101,quantile,0.45,1.2746423508109322e-22
32388,2020-12-27,6 day ahead inc hosp,2021-01-02,06101,quantile,0.5,1.2751844393943926e-22
32389,2020-12-27,6 day ahead inc hosp,2021-01-02,06101,quantile,0.55,1.2759743789816862e-22
32390,2020-12-27,6 day ahead inc hosp,2021-01-02,06101,quantile,0.6,1.2767770445279658e-22
32391,2020-12-27,6 day ahead inc hosp,2021-01-02,06101,quantile,0.65,1.277606663075958e-22
32392,2020-12-27,6 day ahead inc hosp,2021-01-02,06101,quantile,0.7,1.2784809560636186e-22
32393,2020-12-27,6 day ahead inc hosp,2021-01-02,06101,quantile,0.75,1.2794244556622283e-22
32394,2020-12-27,6 day ahead inc hosp,2021-01-02,06101,quantile,0.8,1.2804750872073025e-22
32395,2020-12-27,6 day ahead inc hosp,2021-01-02,06101,quantile,0.85,1.2816997265884591e-22
32396,2020-12-27,6 day ahead inc hosp,2021-01-02,06101,quantile,0.9,1.28324060256722e-22
32397,2020-12-27,6 day ahead inc hosp,2021-01-02,06101,quantile,0.95,1.285524412884657e-22
32398,2020-12-27,6 day ahead inc hosp,2021-01-02,06101,quantile,0.975,1.2875052777413146e-22
32399,2020-12-27,6 day ahead inc hosp,2021-01-02,06101,quantile,0.99,1.2898084612237984e-22
32400,2020-12-27,7 day ahead inc hosp,2021-01-03,06101,point,NA,1.4783961445390288e-22
32401,2020-12-27,7 day ahead inc hosp,2021-01-03,06101,quantile,0.01,1.468634896755426e-22
32402,2020-12-27,7 day ahead inc hosp,2021-01-03,06101,quantile,0.025,1.470172226562909e-22
32403,2020-12-27,7 day ahead inc hosp,2021-01-03,06101,quantile,0.05,1.4714944150085514e-22
32404,2020-12-27,7 day ahead inc hosp,2021-01-03,06101,quantile,0.1,1.4730188136082872e-22
32405,2020-12-27,7 day ahead inc hosp,2021-01-03,06101,quantile,0.15,1.4740473181064303e-22
32406,2020-12-27,7 day ahead inc hosp,2021-01-03,06101,quantile,0.2,1.4748647408772984e-22
32407,2020-12-27,7 day ahead inc hosp,2021-01-03,06101,quantile,0.25,1.4755660168299996e-22
32408,2020-12-27,7 day ahead inc hosp,2021-01-03,06101,quantile,0.3,1.4761957843093696e-22
32409,2020-12-27,7 day ahead inc hosp,2021-01-03,06101,quantile,0.35,1.4767793577331223e-22
32410,2020-12-27,7 day ahead inc hosp,2021-01-03,06101,quantile,0.4,1.4773331118444942e-22
32411,2020-12-27,7 day ahead inc hosp,2021-01-03,06101,quantile,0.45,1.4778688753557905e-22
32412,2020-12-27,7 day ahead inc hosp,2021-01-03,06101,quantile,0.5,1.4783961445390288e-22
32413,2020-12-27,7 day ahead inc hosp,2021-01-03,06101,quantile,0.55,1.4791749768094987e-22
32414,2020-12-27,7 day ahead inc hosp,2021-01-03,06101,quantile,0.6,1.4799663560996274e-22
32415,2020-12-27,7 day ahead inc hosp,2021-01-03,06101,quantile,0.65,1.4807843094061206e-22
32416,2020-12-27,7 day ahead inc hosp,2021-01-03,06101,quantile,0.7,1.481646308986327e-22
32417,2020-12-27,7 day ahead inc hosp,2021-01-03,06101,quantile,0.75,1.4825765420654039e-22
32418,2020-12-27,7 day ahead inc hosp,2021-01-03,06101,quantile,0.8,1.4836124007118619e-22
32419,2020-12-27,7 day ahead inc hosp,2021-01-03,06101,quantile,0.85,1.4848198204754427e-22
32420,2020-12-27,7 day ahead inc hosp,2021-01-03,06101,quantile,0.9,1.486339030243322e-22
32421,2020-12-27,7 day ahead inc hosp,2021-01-03,06101,quantile,0.95,1.4885907279724435e-22
32422,2020-12-27,7 day ahead inc hosp,2021-01-03,06101,quantile,0.975,1.4905437399478152e-22
32423,2020-12-27,7 day ahead inc hosp,2021-01-03,06101,quantile,0.99,1.4928145384364913e-22
32424,2020-12-27,8 day ahead inc hosp,2021-01-04,06101,point,NA,1.6801505396017958e-22
32425,2020-12-27,8 day ahead inc hosp,2021-01-04,06101,quantile,0.01,1.6750699997287707e-22
32426,2020-12-27,8 day ahead inc hosp,2021-01-04,06101,quantile,0.025,1.675870150033123e-22
32427,2020-12-27,8 day ahead inc hosp,2021-01-04,06101,quantile,0.05,1.6765583234374518e-22
32428,2020-12-27,8 day ahead inc hosp,2021-01-04,06101,quantile,0.1,1.677351743299342e-22
32429,2020-12-27,8 day ahead inc hosp,2021-01-04,06101,quantile,0.15,1.67788705991339e-22
32430,2020-12-27,8 day ahead inc hosp,2021-01-04,06101,quantile,0.2,1.6783125125883532e-22
32431,2020-12-27,8 day ahead inc hosp,2021-01-04,06101,quantile,0.25,1.6786775131004473e-22
32432,2020-12-27,8 day ahead inc hosp,2021-01-04,06101,quantile,0.3,1.6790052948411229e-22
32433,2020-12-27,8 day ahead inc hosp,2021-01-04,06101,quantile,0.35,1.6793090334731032e-22
32434,2020-12-27,8 day ahead inc hosp,2021-01-04,06101,quantile,0.4,1.679597251732187e-22
32435,2020-12-27,8 day ahead inc hosp,2021-01-04,06101,quantile,0.45,1.6798761062333734e-22
32436,2020-12-27,8 day ahead inc hosp,2021-01-04,06101,quantile,0.5,1.6801505396017958e-22
32437,2020-12-27,8 day ahead inc hosp,2021-01-04,06101,quantile,0.55,1.680808435336308e-22
32438,2020-12-27,8 day ahead inc hosp,2021-01-04,06101,quantile,0.6,1.6814769297979498e-22
32439,2020-12-27,8 day ahead inc hosp,2021-01-04,06101,quantile,0.65,1.6821678718810858e-22
32440,2020-12-27,8 day ahead inc hosp,2021-01-04,06101,quantile,0.7,1.6828960207630356e-22
32441,2020-12-27,8 day ahead inc hosp,2021-01-04,06101,quantile,0.75,1.683681807893373e-22
32442,2020-12-27,8 day ahead inc hosp,2021-01-04,06101,quantile,0.8,1.684556819126088e-22
32443,2020-12-27,8 day ahead inc hosp,2021-01-04,06101,quantile,0.85,1.6855767515843903e-22
32444,2020-12-27,8 day ahead inc hosp,2021-01-04,06101,quantile,0.9,1.6868600595109019e-22
32445,2020-12-27,8 day ahead inc hosp,2021-01-04,06101,quantile,0.95,1.6887621151749618e-22
32446,2020-12-27,8 day ahead inc hosp,2021-01-04,06101,quantile,0.975,1.6904118648024046e-22
32447,2020-12-27,8 day ahead inc hosp,2021-01-04,06101,quantile,0.99,1.6923300552732943e-22
32448,2020-12-27,9 day ahead inc hosp,2021-01-05,06101,point,NA,1.8846750355104646e-22
32449,2020-12-27,9 day ahead inc hosp,2021-01-05,06101,quantile,0.01,1.8792960502267729e-22
32450,2020-12-27,9 day ahead inc hosp,2021-01-05,06101,quantile,0.025,1.8801432036434211e-22
32451,2020-12-27,9 day ahead inc hosp,2021-01-05,06101,quantile,0.05,1.8808718023173863e-22
32452,2020-12-27,9 day ahead inc hosp,2021-01-05,06101,quantile,0.1,1.8817118299261756e-22
32453,2020-12-27,9 day ahead inc hosp,2021-01-05,06101,quantile,0.15,1.8822785925657857e-22
32454,2020-12-27,9 day ahead inc hosp,2021-01-05,06101,quantile,0.2,1.8827290375450064e-22
32455,2020-12-27,9 day ahead inc hosp,2021-01-05,06101,quantile,0.25,1.8831154792287964e-22
32456,2020-12-27,9 day ahead inc hosp,2021-01-05,06101,quantile,0.3,1.8834625158043222e-22
32457,2020-12-27,9 day ahead inc hosp,2021-01-05,06101,quantile,0.35,1.8837840969103354e-22
32458,2020-12-27,9 day ahead inc hosp,2021-01-05,06101,quantile,0.4,1.884089245932457e-22
32459,2020-12-27,9 day ahead inc hosp,2021-01-05,06101,quantile,0.45,1.8843844811428203e-22
32460,2020-12-27,9 day ahead inc hosp,2021-01-05,06101,quantile,0.5,1.8846750355104646e-22
32461,2020-12-27,9 day ahead inc hosp,2021-01-05,06101,quantile,0.55,1.8852617268375362e-22
32462,2020-12-27,9 day ahead inc hosp,2021-01-05,06101,quantile,0.6,1.885857869785828e-22
32463,2020-12-27,9 day ahead inc hosp,2021-01-05,06101,quantile,0.65,1.8864740308375258e-22
32464,2020-12-27,9 day ahead inc hosp,2021-01-05,06101,quantile,0.7,1.8871233717762898e-22
32465,2020-12-27,9 day ahead inc hosp,2021-01-05,06101,quantile,0.75,1.8878241127449709e-22
32466,2020-12-27,9 day ahead inc hosp,2021-01-05,06101,quantile,0.8,1.8886044210436786e-22
32467,2020-12-27,9 day ahead inc hosp,2021-01-05,06101,quantile,0.85,1.8895139656661686e-22
32468,2020-12-27,9 day ahead inc hosp,2021-01-05,06101,quantile,0.9,1.89065838048899e-22
32469,2020-12-27,9 day ahead inc hosp,2021-01-05,06101,quantile,0.95,1.8923545756505813e-22
32470,2020-12-27,9 day ahead inc hosp,2021-01-05,06101,quantile,0.975,1.8938257719929288e-22
32471,2020-12-27,9 day ahead inc hosp,2021-01-05,06101,quantile,0.99,1.8955363556825719e-22
32472,2020-12-27,10 day ahead inc hosp,2021-01-06,06101,point,NA,2.088384164787497e-22
32473,2020-12-27,10 day ahead inc hosp,2021-01-06,06101,quantile,0.01,2.0830708657901004e-22
32474,2020-12-27,10 day ahead inc hosp,2021-01-06,06101,quantile,0.025,2.083907674065625e-22
32475,2020-12-27,10 day ahead inc hosp,2021-01-06,06101,quantile,0.05,2.0846273753475046e-22
32476,2020-12-27,10 day ahead inc hosp,2021-01-06,06101,quantile,0.1,2.0854571448330425e-22
32477,2020-12-27,10 day ahead inc hosp,2021-01-06,06101,quantile,0.15,2.0860169863655955e-22
32478,2020-12-27,10 day ahead inc hosp,2021-01-06,06101,quantile,0.2,2.086461930668331e-22
32479,2020-12-27,10 day ahead inc hosp,2021-01-06,06101,quantile,0.25,2.086843653261486e-22
32480,2020-12-27,10 day ahead inc hosp,2021-01-06,06101,quantile,0.3,2.0871864519477717e-22
32481,2020-12-27,10 day ahead inc hosp,2021-01-06,06101,quantile,0.35,2.0875041060178327e-22
32482,2020-12-27,10 day ahead inc hosp,2021-01-06,06101,quantile,0.4,2.087805528666861e-22
32483,2020-12-27,10 day ahead inc hosp,2021-01-06,06101,quantile,0.45,2.088097158568132e-22
32484,2020-12-27,10 day ahead inc hosp,2021-01-06,06101,quantile,0.5,2.088384164787497e-22
32485,2020-12-27,10 day ahead inc hosp,2021-01-06,06101,quantile,0.55,2.0890346845568462e-22
32486,2020-12-27,10 day ahead inc hosp,2021-01-06,06101,quantile,0.6,2.089695684226225e-22
32487,2020-12-27,10 day ahead inc hosp,2021-01-06,06101,quantile,0.65,2.0903788798467113e-22
32488,2020-12-27,10 day ahead inc hosp,2021-01-06,06101,quantile,0.7,2.0910988651238452e-22
32489,2020-12-27,10 day ahead inc hosp,2021-01-06,06101,quantile,0.75,2.091875842441024e-22
32490,2020-12-27,10 day ahead inc hosp,2021-01-06,06101,quantile,0.8,2.0927410435290138e-22
32491,2020-12-27,10 day ahead inc hosp,2021-01-06,06101,quantile,0.85,2.0937495410655093e-22
32492,2020-12-27,10 day ahead inc hosp,2021-01-06,06101,quantile,0.9,2.0950184612493093e-22
32493,2020-12-27,10 day ahead inc hosp,2021-01-06,06101,quantile,0.95,2.0968991921113065e-22
32494,2020-12-27,10 day ahead inc hosp,2021-01-06,06101,quantile,0.975,2.098530445653213e-22
32495,2020-12-27,10 day ahead inc hosp,2021-01-06,06101,quantile,0.99,2.1004271304274595e-22
32496,2020-12-27,11 day ahead inc hosp,2021-01-07,06101,point,NA,2.292497443283492e-22
32497,2020-12-27,11 day ahead inc hosp,2021-01-07,06101,quantile,0.01,2.2864846172803895e-22
32498,2020-12-27,11 day ahead inc hosp,2021-01-07,06101,quantile,0.025,2.2874315962780236e-22
32499,2020-12-27,11 day ahead inc hosp,2021-01-07,06101,quantile,0.05,2.2882460504588013e-22
32500,2020-12-27,11 day ahead inc hosp,2021-01-07,06101,quantile,0.1,2.289185063968425e-22
32501,2020-12-27,11 day ahead inc hosp,2021-01-07,06101,quantile,0.15,2.289818611925391e-22
32502,2020-12-27,11 day ahead inc hosp,2021-01-07,06101,quantile,0.2,2.290322135757709e-22
32503,2020-12-27,11 day ahead inc hosp,2021-01-07,06101,quantile,0.25,2.2907541143712253e-22
32504,2020-12-27,11 day ahead inc hosp,2021-01-07,06101,quantile,0.3,2.291142044517024e-22
32505,2020-12-27,11 day ahead inc hosp,2021-01-07,06101,quantile,0.35,2.2915015196102544e-22
32506,2020-12-27,11 day ahead inc hosp,2021-01-07,06101,quantile,0.4,2.2918426263205847e-22
32507,2020-12-27,11 day ahead inc hosp,2021-01-07,06101,quantile,0.45,2.292172651010425e-22
32508,2020-12-27,11 day ahead inc hosp,2021-01-07,06101,quantile,0.5,2.292497443283492e-22
32509,2020-12-27,11 day ahead inc hosp,2021-01-07,06101,quantile,0.55,2.2932958579942827e-22
32510,2020-12-27,11 day ahead inc hosp,2021-01-07,06101,quantile,0.6,2.294107135198644e-22
32511,2020-12-27,11 day ahead inc hosp,2021-01-07,06101,quantile,0.65,2.294945654578754e-22
32512,2020-12-27,11 day ahead inc hosp,2021-01-07,06101,quantile,0.7,2.295829327702772e-22
32513,2020-12-27,11 day ahead inc hosp,2021-01-07,06101,quantile,0.75,2.296782949943348e-22
32514,2020-12-27,11 day ahead inc hosp,2021-01-07,06101,quantile,0.8,2.2978448535302813e-22
32515,2020-12-27,11 day ahead inc hosp,2021-01-07,06101,quantile,0.85,2.2990826318528978e-22
32516,2020-12-27,11 day ahead inc hosp,2021-01-07,06101,quantile,0.9,2.3006400396201945e-22
32517,2020-12-27,11 day ahead inc hosp,2021-01-07,06101,quantile,0.95,2.302948352538584e-22
32518,2020-12-27,11 day ahead inc hosp,2021-01-07,06101,quantile,0.975,2.3049504697473962e-22
32519,2020-12-27,11 day ahead inc hosp,2021-01-07,06101,quantile,0.99,2.3072783636821274e-22
32520,2020-12-27,12 day ahead inc hosp,2021-01-08,06101,point,NA,2.4962292917545947e-22
32521,2020-12-27,12 day ahead inc hosp,2021-01-08,06101,quantile,0.01,2.490877616018419e-22
32522,2020-12-27,12 day ahead inc hosp,2021-01-08,06101,quantile,0.025,2.491720468367995e-22
32523,2020-12-27,12 day ahead inc hosp,2021-01-08,06101,quantile,0.05,2.4924453678869977e-22
32524,2020-12-27,12 day ahead inc hosp,2021-01-08,06101,quantile,0.1,2.493281130607023e-22
32525,2020-12-27,12 day ahead inc hosp,2021-01-08,06101,quantile,0.15,2.4938450157464316e-22
32526,2020-12-27,12 day ahead inc hosp,2021-01-08,06101,quantile,0.2,2.4942931737797113e-22
32527,2020-12-27,12 day ahead inc hosp,2021-01-08,06101,quantile,0.25,2.494677653467517e-22
32528,2020-12-27,12 day ahead inc hosp,2021-01-08,06101,quantile,0.3,2.495022928110011e-22
32529,2020-12-27,12 day ahead inc hosp,2021-01-08,06101,quantile,0.35,2.4953428765224896e-22
32530,2020-12-27,12 day ahead inc hosp,2021-01-08,06101,quantile,0.4,2.4956464762781083e-22
32531,2020-12-27,12 day ahead inc hosp,2021-01-08,06101,quantile,0.45,2.4959402125552006e-22
32532,2020-12-27,12 day ahead inc hosp,2021-01-08,06101,quantile,0.5,2.4962292917545947e-22
32533,2020-12-27,12 day ahead inc hosp,2021-01-08,06101,quantile,0.55,2.49700107593014e-22
32534,2020-12-27,12 day ahead inc hosp,2021-01-08,06101,quantile,0.6,2.497785293580248e-22
32535,2020-12-27,12 day ahead inc hosp,2021-01-08,06101,quantile,0.65,2.4985958447633743e-22
32536,2020-12-27,12 day ahead inc hosp,2021-01-08,06101,quantile,0.7,2.499450043620503e-22
32537,2020-12-27,12 day ahead inc hosp,2021-01-08,06101,quantile,0.75,2.500371858492872e-22
32538,2020-12-27,12 day ahead inc hosp,2021-01-08,06101,quantile,0.8,2.501398343066959e-22
32539,2020-12-27,12 day ahead inc hosp,2021-01-08,06101,quantile,0.85,2.50259483620432e-22
32540,2020-12-27,12 day ahead inc hosp,2021-01-08,06101,quantile,0.9,2.5041002977814013e-22
32541,2020-12-27,12 day ahead inc hosp,2021-01-08,06101,quantile,0.95,2.5063316186207383e-22
32542,2020-12-27,12 day ahead inc hosp,2021-01-08,06101,quantile,0.975,2.5082669566831085e-22
32543,2020-12-27,12 day ahead inc hosp,2021-01-08,06101,quantile,0.99,2.5105172054283943e-22
32544,2020-12-27,13 day ahead inc hosp,2021-01-09,06101,point,NA,2.6998990410952384e-22
32545,2020-12-27,13 day ahead inc hosp,2021-01-09,06101,quantile,0.01,2.6901981255043653e-22
32546,2020-12-27,13 day ahead inc hosp,2021-01-09,06101,quantile,0.025,2.6917259534038654e-22
32547,2020-12-27,13 day ahead inc hosp,2021-01-09,06101,quantile,0.05,2.6930399696844433e-22
32548,2020-12-27,13 day ahead inc hosp,2021-01-09,06101,quantile,0.1,2.694554946301236e-22
32549,2020-12-27,13 day ahead inc hosp,2021-01-09,06101,quantile,0.15,2.695577093832219e-22
32550,2020-12-27,13 day ahead inc hosp,2021-01-09,06101,quantile,0.2,2.696389464287108e-22
32551,2020-12-27,13 day ahead inc hosp,2021-01-09,06101,quantile,0.25,2.697086405802566e-22
32552,2020-12-27,13 day ahead inc hosp,2021-01-09,06101,quantile,0.3,2.6977122808233298e-22
32553,2020-12-27,13 day ahead inc hosp,2021-01-09,06101,quantile,0.35,2.6982922473040917e-22
32554,2020-12-27,13 day ahead inc hosp,2021-01-09,06101,quantile,0.4,2.6988425787792894e-22
32555,2020-12-27,13 day ahead inc hosp,2021-01-09,06101,quantile,0.45,2.699375030850477e-22
32556,2020-12-27,13 day ahead inc hosp,2021-01-09,06101,quantile,0.5,2.6998990410952384e-22
32557,2020-12-27,13 day ahead inc hosp,2021-01-09,06101,quantile,0.55,2.70067778662755e-22
32558,2020-12-27,13 day ahead inc hosp,2021-01-09,06101,quantile,0.6,2.701469077782165e-22
32559,2020-12-27,13 day ahead inc hosp,2021-01-09,06101,quantile,0.65,2.70228693999361e-22
32560,2020-12-27,13 day ahead inc hosp,2021-01-09,06101,quantile,0.7,2.7031488435733564e-22
32561,2020-12-27,13 day ahead inc hosp,2021-01-09,06101,quantile,0.75,2.704078973052843e-22
32562,2020-12-27,13 day ahead inc hosp,2021-01-09,06101,quantile,0.8,2.7051147163362445e-22
32563,2020-12-27,13 day ahead inc hosp,2021-01-09,06101,quantile,0.85,2.706322001630093e-22
32564,2020-12-27,13 day ahead inc hosp,2021-01-09,06101,quantile,0.9,2.7078410422043446e-22
32565,2020-12-27,13 day ahead inc hosp,2021-01-09,06101,quantile,0.95,2.710092489163022e-22
32566,2020-12-27,13 day ahead inc hosp,2021-01-09,06101,quantile,0.975,2.7120452836324324e-22
32567,2020-12-27,13 day ahead inc hosp,2021-01-09,06101,quantile,0.99,2.7143158292234225e-22
32568,2020-12-27,14 day ahead inc hosp,2021-01-10,06101,point,NA,2.904464431553234e-22
32569,2020-12-27,14 day ahead inc hosp,2021-01-10,06101,quantile,0.01,2.8945825205311505e-22
32570,2020-12-27,14 day ahead inc hosp,2021-01-10,06101,quantile,0.025,2.896138853973957e-22
32571,2020-12-27,14 day ahead inc hosp,2021-01-10,06101,quantile,0.05,2.897477386594368e-22
32572,2020-12-27,14 day ahead inc hosp,2021-01-10,06101,quantile,0.1,2.8990206289808672e-22
32573,2020-12-27,14 day ahead inc hosp,2021-01-10,06101,quantile,0.15,2.9000618472924784e-22
32574,2020-12-27,14 day ahead inc hosp,2021-01-10,06101,quantile,0.2,2.900889374599255e-22
32575,2020-12-27,14 day ahead inc hosp,2021-01-10,06101,quantile,0.25,2.9015993193440405e-22
32576,2020-12-27,14 day ahead inc hosp,2021-01-10,06101,quantile,0.3,2.902236871666623e-22
32577,2020-12-27,14 day ahead inc hosp,2021-01-10,06101,quantile,0.35,2.9028276589077854e-22
32578,2020-12-27,14 day ahead inc hosp,2021-01-10,06101,quantile,0.4,2.903388258226438e-22
32579,2020-12-27,14 day ahead inc hosp,2021-01-10,06101,quantile,0.45,2.903930644554998e-22
32580,2020-12-27,14 day ahead inc hosp,2021-01-10,06101,quantile,0.5,2.904464431553234e-22
32581,2020-12-27,14 day ahead inc hosp,2021-01-10,06101,quantile,0.55,2.9052456646120153e-22
32582,2020-12-27,14 day ahead inc hosp,2021-01-10,06101,quantile,0.6,2.906039483367253e-22
32583,2020-12-27,14 day ahead inc hosp,2021-01-10,06101,quantile,0.65,2.906859958054552e-22
32584,2020-12-27,14 day ahead inc hosp,2021-01-10,06101,quantile,0.7,2.907724614790343e-22
32585,2020-12-27,14 day ahead inc hosp,2021-01-10,06101,quantile,0.75,2.908657715358079e-22
32586,2020-12-27,14 day ahead inc hosp,2021-01-10,06101,quantile,0.8,2.9096967670891396e-22
32587,2020-12-27,14 day ahead inc hosp,2021-01-10,06101,quantile,0.85,2.910907908782802e-22
32588,2020-12-27,14 day ahead inc hosp,2021-01-10,06101,quantile,0.9,2.912431801588598e-22
32589,2020-12-27,14 day ahead inc hosp,2021-01-10,06101,quantile,0.95,2.914690440285363e-22
32590,2020-12-27,14 day ahead inc hosp,2021-01-10,06101,quantile,0.975,2.9166494725150316e-22
32591,2020-12-27,14 day ahead inc hosp,2021-01-10,06101,quantile,0.99,2.9189272708503707e-22
32592,2020-12-27,15 day ahead inc hosp,2021-01-11,06101,point,NA,3.1078973964045664e-22
32593,2020-12-27,15 day ahead inc hosp,2021-01-11,06101,quantile,0.01,3.1031311887352633e-22
32594,2020-12-27,15 day ahead inc hosp,2021-01-11,06101,quantile,0.025,3.1038818338659996e-22
32595,2020-12-27,15 day ahead inc hosp,2021-01-11,06101,quantile,0.05,3.1045274300899243e-22
32596,2020-12-27,15 day ahead inc hosp,2021-01-11,06101,quantile,0.1,3.105271761189616e-22
32597,2020-12-27,15 day ahead inc hosp,2021-01-11,06101,quantile,0.15,3.105773957848859e-22
32598,2020-12-27,15 day ahead inc hosp,2021-01-11,06101,quantile,0.2,3.1061730878336666e-22
32599,2020-12-27,15 day ahead inc hosp,2021-01-11,06101,quantile,0.25,3.1065155058214236e-22
32600,2020-12-27,15 day ahead inc hosp,2021-01-11,06101,quantile,0.3,3.106823007757303e-22
32601,2020-12-27,15 day ahead inc hosp,2021-01-11,06101,quantile,0.35,3.107107954127844e-22
32602,2020-12-27,15 day ahead inc hosp,2021-01-11,06101,quantile,0.4,3.107378340368521e-22
32603,2020-12-27,15 day ahead inc hosp,2021-01-11,06101,quantile,0.45,3.1076399421855313e-22
32604,2020-12-27,15 day ahead inc hosp,2021-01-11,06101,quantile,0.5,3.1078973964045664e-22
32605,2020-12-27,15 day ahead inc hosp,2021-01-11,06101,quantile,0.55,3.1085512811807687e-22
32606,2020-12-27,15 day ahead inc hosp,2021-01-11,06101,quantile,0.6,3.1092157000673987e-22
32607,2020-12-27,15 day ahead inc hosp,2021-01-11,06101,quantile,0.65,3.1099024297202905e-22
32608,2020-12-27,15 day ahead inc hosp,2021-01-11,06101,quantile,0.7,3.110626139335263e-22
32609,2020-12-27,15 day ahead inc hosp,2021-01-11,06101,quantile,0.75,3.1114071357985465e-22
32610,2020-12-27,15 day ahead inc hosp,2021-01-11,06101,quantile,0.8,3.1122768123963175e-22
32611,2020-12-27,15 day ahead inc hosp,2021-01-11,06101,quantile,0.85,3.1132905266860644e-22
32612,2020-12-27,15 day ahead inc hosp,2021-01-11,06101,quantile,0.9,3.1145660107366613e-22
32613,2020-12-27,15 day ahead inc hosp,2021-01-11,06101,quantile,0.95,3.1164564702380296e-22
32614,2020-12-27,15 day ahead inc hosp,2021-01-11,06101,quantile,0.975,3.1180961619237196e-22
32615,2020-12-27,15 day ahead inc hosp,2021-01-11,06101,quantile,0.99,3.1200026578636904e-22
32616,2020-12-27,16 day ahead inc hosp,2021-01-12,06101,point,NA,3.312420630135787e-22
32617,2020-12-27,16 day ahead inc hosp,2021-01-12,06101,quantile,0.01,3.3073702563591264e-22
32618,2020-12-27,16 day ahead inc hosp,2021-01-12,06101,quantile,0.025,3.308165655709487e-22
32619,2020-12-27,16 day ahead inc hosp,2021-01-12,06101,quantile,0.05,3.308849743031284e-22
32620,2020-12-27,16 day ahead inc hosp,2021-01-12,06101,quantile,0.1,3.3096384519017026e-22
32621,2020-12-27,16 day ahead inc hosp,2021-01-12,06101,quantile,0.15,3.3101705900321705e-22
32622,2020-12-27,16 day ahead inc hosp,2021-01-12,06101,quantile,0.2,3.310593516549144e-22
32623,2020-12-27,16 day ahead inc hosp,2021-01-12,06101,quantile,0.25,3.3109563498426165e-22
32624,2020-12-27,16 day ahead inc hosp,2021-01-12,06101,quantile,0.3,3.311282185353989e-22
32625,2020-12-27,16 day ahead inc hosp,2021-01-12,06101,quantile,0.35,3.3115841205144744e-22
32626,2020-12-27,16 day ahead inc hosp,2021-01-12,06101,quantile,0.4,3.311870627455471e-22
32627,2020-12-27,16 day ahead inc hosp,2021-01-12,06101,quantile,0.45,3.312147826236603e-22
32628,2020-12-27,16 day ahead inc hosp,2021-01-12,06101,quantile,0.5,3.312420630135787e-22
32629,2020-12-27,16 day ahead inc hosp,2021-01-12,06101,quantile,0.55,3.3129854057660784e-22
32630,2020-12-27,16 day ahead inc hosp,2021-01-12,06101,quantile,0.6,3.3135592799548205e-22
32631,2020-12-27,16 day ahead inc hosp,2021-01-12,06101,quantile,0.65,3.314152424476098e-22
32632,2020-12-27,16 day ahead inc hosp,2021-01-12,06101,quantile,0.7,3.314777509458682e-22
32633,2020-12-27,16 day ahead inc hosp,2021-01-12,06101,quantile,0.75,3.315452074436885e-22
32634,2020-12-27,16 day ahead inc hosp,2021-01-12,06101,quantile,0.8,3.3162032345288943e-22
32635,2020-12-27,16 day ahead inc hosp,2021-01-12,06101,quantile,0.85,3.317078803356559e-22
32636,2020-12-27,16 day ahead inc hosp,2021-01-12,06101,quantile,0.9,3.3181804688713706e-22
32637,2020-12-27,16 day ahead inc hosp,2021-01-12,06101,quantile,0.95,3.3198133031187533e-22
32638,2020-12-27,16 day ahead inc hosp,2021-01-12,06101,quantile,0.975,3.3212295433172907e-22
32639,2020-12-27,16 day ahead inc hosp,2021-01-12,06101,quantile,0.99,3.3228762286131285e-22
32640,2020-12-27,17 day ahead inc hosp,2021-01-13,06101,point,NA,3.5165548607774246e-22
32641,2020-12-27,17 day ahead inc hosp,2021-01-13,06101,quantile,0.01,3.511433445473925e-22
32642,2020-12-27,17 day ahead inc hosp,2021-01-13,06101,quantile,0.025,3.512240033379192e-22
32643,2020-12-27,17 day ahead inc hosp,2021-01-13,06101,quantile,0.05,3.5129337434754563e-22
32644,2020-12-27,17 day ahead inc hosp,2021-01-13,06101,quantile,0.1,3.513733546788557e-22
32645,2020-12-27,17 day ahead inc hosp,2021-01-13,06101,quantile,0.15,3.514273170286831e-22
32646,2020-12-27,17 day ahead inc hosp,2021-01-13,06101,quantile,0.2,3.5147020459368463e-22
32647,2020-12-27,17 day ahead inc hosp,2021-01-13,06101,quantile,0.25,3.5150699830567476e-22
32648,2020-12-27,17 day ahead inc hosp,2021-01-13,06101,quantile,0.3,3.5154004019619934e-22
32649,2020-12-27,17 day ahead inc hosp,2021-01-13,06101,quantile,0.35,3.5157065843199645e-22
32650,2020-12-27,17 day ahead inc hosp,2021-01-13,06101,quantile,0.4,3.5159971214360407e-22
32651,2020-12-27,17 day ahead inc hosp,2021-01-13,06101,quantile,0.45,3.5162782194582037e-22
32652,2020-12-27,17 day ahead inc hosp,2021-01-13,06101,quantile,0.5,3.5165548607774246e-22
32653,2020-12-27,17 day ahead inc hosp,2021-01-13,06101,quantile,0.55,3.517186145244954e-22
32654,2020-12-27,17 day ahead inc hosp,2021-01-13,06101,quantile,0.6,3.5178275997310163e-22
32655,2020-12-27,17 day ahead inc hosp,2021-01-13,06101,quantile,0.65,3.5184905938532837e-22
32656,2020-12-27,17 day ahead inc hosp,2021-01-13,06101,quantile,0.7,3.5191892897941607e-22
32657,2020-12-27,17 day ahead inc hosp,2021-01-13,06101,quantile,0.75,3.5199432925702e-22
32658,2020-12-27,17 day ahead inc hosp,2021-01-13,06101,quantile,0.8,3.5207829104171476e-22
32659,2020-12-27,17 day ahead inc hosp,2021-01-13,06101,quantile,0.85,3.521761587561685e-22
32660,2020-12-27,17 day ahead inc hosp,2021-01-13,06101,quantile,0.9,3.5229929868831367e-22
32661,2020-12-27,17 day ahead inc hosp,2021-01-13,06101,quantile,0.95,3.5248181061750076e-22
32662,2020-12-27,17 day ahead inc hosp,2021-01-13,06101,quantile,0.975,3.526401124973404e-22
32663,2020-12-27,17 day ahead inc hosp,2021-01-13,06101,quantile,0.99,3.528241726434263e-22
32664,2020-12-27,18 day ahead inc hosp,2021-01-14,06101,point,NA,3.7206807610479033e-22
32665,2020-12-27,18 day ahead inc hosp,2021-01-14,06101,quantile,0.01,3.7152152047279814e-22
32666,2020-12-27,18 day ahead inc hosp,2021-01-14,06101,quantile,0.025,3.7160759924911206e-22
32667,2020-12-27,18 day ahead inc hosp,2021-01-14,06101,quantile,0.05,3.7168163174552454e-22
32668,2020-12-27,18 day ahead inc hosp,2021-01-14,06101,quantile,0.1,3.717669864725591e-22
32669,2020-12-27,18 day ahead inc hosp,2021-01-14,06101,quantile,0.15,3.7182457490166693e-22
32670,2020-12-27,18 day ahead inc hosp,2021-01-14,06101,quantile,0.2,3.718703443595314e-22
32671,2020-12-27,18 day ahead inc hosp,2021-01-14,06101,quantile,0.25,3.7190961047898934e-22
32672,2020-12-27,18 day ahead inc hosp,2021-01-14,06101,quantile,0.3,3.7194487266783303e-22
32673,2020-12-27,18 day ahead inc hosp,2021-01-14,06101,quantile,0.35,3.719775483409133e-22
32674,2020-12-27,18 day ahead inc hosp,2021-01-14,06101,quantile,0.4,3.7200855435930553e-22
32675,2020-12-27,18 day ahead inc hosp,2021-01-14,06101,quantile,0.45,3.720385530409297e-22
32676,2020-12-27,18 day ahead inc hosp,2021-01-14,06101,quantile,0.5,3.7206807610479033e-22
32677,2020-12-27,18 day ahead inc hosp,2021-01-14,06101,quantile,0.55,3.7214475122418106e-22
32678,2020-12-27,18 day ahead inc hosp,2021-01-14,06101,quantile,0.6,3.72222661582874e-22
32679,2020-12-27,18 day ahead inc hosp,2021-01-14,06101,quantile,0.65,3.7230318812216796e-22
32680,2020-12-27,18 day ahead inc hosp,2021-01-14,06101,quantile,0.7,3.723880509652127e-22
32681,2020-12-27,18 day ahead inc hosp,2021-01-14,06101,quantile,0.75,3.72479631315827e-22
32682,2020-12-27,18 day ahead inc hosp,2021-01-14,06101,quantile,0.8,3.725816103790997e-22
32683,2020-12-27,18 day ahead inc hosp,2021-01-14,06101,quantile,0.85,3.7270047943221615e-22
32684,2020-12-27,18 day ahead inc hosp,2021-01-14,06101,quantile,0.9,3.72850043843898e-22
32685,2020-12-27,18 day ahead inc hosp,2021-01-14,06101,quantile,0.95,3.7307172083233097e-22
32686,2020-12-27,18 day ahead inc hosp,2021-01-14,06101,quantile,0.975,3.732639925602253e-22
32687,2020-12-27,18 day ahead inc hosp,2021-01-14,06101,quantile,0.99,3.734875499959315e-22
32688,2020-12-27,19 day ahead inc hosp,2021-01-15,06101,point,NA,3.924595120378038e-22
32689,2020-12-27,19 day ahead inc hosp,2021-01-15,06101,quantile,0.01,3.919667195111203e-22
32690,2020-12-27,19 day ahead inc hosp,2021-01-15,06101,quantile,0.025,3.9204433096582055e-22
32691,2020-12-27,19 day ahead inc hosp,2021-01-15,06101,quantile,0.05,3.9211108109852124e-22
32692,2020-12-27,19 day ahead inc hosp,2021-01-15,06101,quantile,0.1,3.921880397265871e-22
32693,2020-12-27,19 day ahead inc hosp,2021-01-15,06101,quantile,0.15,3.9223996334758118e-22
32694,2020-12-27,19 day ahead inc hosp,2021-01-15,06101,quantile,0.2,3.92281230595535e-22
32695,2020-12-27,19 day ahead inc hosp,2021-01-15,06101,quantile,0.25,3.92316634219774e-22
32696,2020-12-27,19 day ahead inc hosp,2021-01-15,06101,quantile,0.3,3.9234842776853557e-22
32697,2020-12-27,19 day ahead inc hosp,2021-01-15,06101,quantile,0.35,3.9237788922964914e-22
32698,2020-12-27,19 day ahead inc hosp,2021-01-15,06101,quantile,0.4,3.924058452752033e-22
32699,2020-12-27,19 day ahead inc hosp,2021-01-15,06101,quantile,0.45,3.924328930728097e-22
32700,2020-12-27,19 day ahead inc hosp,2021-01-15,06101,quantile,0.5,3.924595120378038e-22
32701,2020-12-27,19 day ahead inc hosp,2021-01-15,06101,quantile,0.55,3.925323883046599e-22
32702,2020-12-27,19 day ahead inc hosp,2021-01-15,06101,quantile,0.6,3.9260643861114885e-22
32703,2020-12-27,19 day ahead inc hosp,2021-01-15,06101,quantile,0.65,3.9268297548012566e-22
32704,2020-12-27,19 day ahead inc hosp,2021-01-15,06101,quantile,0.7,3.927636338116032e-22
32705,2020-12-27,19 day ahead inc hosp,2021-01-15,06101,quantile,0.75,3.928506768331619e-22
32706,2020-12-27,19 day ahead inc hosp,2021-01-15,06101,quantile,0.8,3.9294760336536496e-22
32707,2020-12-27,19 day ahead inc hosp,2021-01-15,06101,quantile,0.85,3.930605830764457e-22
32708,2020-12-27,19 day ahead inc hosp,2021-01-15,06101,quantile,0.9,3.9320273735105936e-22
32709,2020-12-27,19 day ahead inc hosp,2021-01-15,06101,quantile,0.95,3.934134314000973e-22
32710,2020-12-27,19 day ahead inc hosp,2021-01-15,06101,quantile,0.975,3.935961770659959e-22
32711,2020-12-27,19 day ahead inc hosp,2021-01-15,06101,quantile,0.99,3.9380865839594557e-22
32712,2020-12-27,20 day ahead inc hosp,2021-01-16,06101,point,NA,4.128940134653551e-22
32713,2020-12-27,20 day ahead inc hosp,2021-01-16,06101,quantile,0.01,4.1201759669373935e-22
32714,2020-12-27,20 day ahead inc hosp,2021-01-16,06101,quantile,0.025,4.1215562634493275e-22
32715,2020-12-27,20 day ahead inc hosp,2021-01-16,06101,quantile,0.05,4.1227433945976054e-22
32716,2020-12-27,20 day ahead inc hosp,2021-01-16,06101,quantile,0.1,4.124112080783075e-22
32717,2020-12-27,20 day ahead inc hosp,2021-01-16,06101,quantile,0.15,4.1250355268545585e-22
32718,2020-12-27,20 day ahead inc hosp,2021-01-16,06101,quantile,0.2,4.125769452518338e-22
32719,2020-12-27,20 day ahead inc hosp,2021-01-16,06101,quantile,0.25,4.12639909538788e-22
32720,2020-12-27,20 day ahead inc hosp,2021-01-16,06101,quantile,0.3,4.12696453414466e-22
32721,2020-12-27,20 day ahead inc hosp,2021-01-16,06101,quantile,0.35,4.1274884974200368e-22
32722,2020-12-27,20 day ahead inc hosp,2021-01-16,06101,quantile,0.4,4.127985687329889e-22
32723,2020-12-27,20 day ahead inc hosp,2021-01-16,06101,quantile,0.45,4.128466724321603e-22
32724,2020-12-27,20 day ahead inc hosp,2021-01-16,06101,quantile,0.5,4.128940134653551e-22
32725,2020-12-27,20 day ahead inc hosp,2021-01-16,06101,quantile,0.55,4.129684169867255e-22
32726,2020-12-27,20 day ahead inc hosp,2021-01-16,06101,quantile,0.6,4.1304401915186144e-22
32727,2020-12-27,20 day ahead inc hosp,2021-01-16,06101,quantile,0.65,4.1312215998991758e-22
32728,2020-12-27,20 day ahead inc hosp,2021-01-16,06101,quantile,0.7,4.1320450866320574e-22
32729,2020-12-27,20 day ahead inc hosp,2021-01-16,06101,quantile,0.75,4.132933758293503e-22
32730,2020-12-27,20 day ahead inc hosp,2021-01-16,06101,quantile,0.8,4.13392333633053e-22
32731,2020-12-27,20 day ahead inc hosp,2021-01-16,06101,quantile,0.85,4.135076810391492e-22
32732,2020-12-27,20 day ahead inc hosp,2021-01-16,06101,quantile,0.9,4.1365281441473776e-22
32733,2020-12-27,20 day ahead inc hosp,2021-01-16,06101,quantile,0.95,4.1386792394019103e-22
32734,2020-12-27,20 day ahead inc hosp,2021-01-16,06101,quantile,0.975,4.140544993733824e-22
32735,2020-12-27,20 day ahead inc hosp,2021-01-16,06101,quantile,0.99,4.142714336354646e-22
32736,2020-12-27,21 day ahead inc hosp,2021-01-17,06101,point,NA,4.336719533766034e-22
32737,2020-12-27,21 day ahead inc hosp,2021-01-17,06101,quantile,0.01,4.3275355428334e-22
32738,2020-12-27,21 day ahead inc hosp,2021-01-17,06101,quantile,0.025,4.328981958632424e-22
32739,2020-12-27,21 day ahead inc hosp,2021-01-17,06101,quantile,0.05,4.33022595601526e-22
32740,2020-12-27,21 day ahead inc hosp,2021-01-17,06101,quantile,0.1,4.3316602053272395e-22
32741,2020-12-27,21 day ahead inc hosp,2021-01-17,06101,quantile,0.15,4.332627886528918e-22
32742,2020-12-27,21 day ahead inc hosp,2021-01-17,06101,quantile,0.2,4.333396968871893e-22
32743,2020-12-27,21 day ahead inc hosp,2021-01-17,06101,quantile,0.25,4.334056773041777e-22
32744,2020-12-27,21 day ahead inc hosp,2021-01-17,06101,quantile,0.3,4.334649297578437e-22
32745,2020-12-27,21 day ahead inc hosp,2021-01-17,06101,quantile,0.35,4.33519835986546e-22
32746,2020-12-27,21 day ahead inc hosp,2021-01-17,06101,quantile,0.4,4.335719366282928e-22
32747,2020-12-27,21 day ahead inc hosp,2021-01-17,06101,quantile,0.45,4.336223446021385e-22
32748,2020-12-27,21 day ahead inc hosp,2021-01-17,06101,quantile,0.5,4.336719533766034e-22
32749,2020-12-27,21 day ahead inc hosp,2021-01-17,06101,quantile,0.55,4.337449337726186e-22
32750,2020-12-27,21 day ahead inc hosp,2021-01-17,06101,quantile,0.6,4.338190898857917e-22
32751,2020-12-27,21 day ahead inc hosp,2021-01-17,06101,quantile,0.65,4.338957361143741e-22
32752,2020-12-27,21 day ahead inc hosp,2021-01-17,06101,quantile,0.7,4.339765096944037e-22
32753,2020-12-27,21 day ahead inc hosp,2021-01-17,06101,quantile,0.75,4.340636770872705e-22
32754,2020-12-27,21 day ahead inc hosp,2021-01-17,06101,quantile,0.8,4.34160742112823e-22
32755,2020-12-27,21 day ahead inc hosp,2021-01-17,06101,quantile,0.85,4.3427388325481695e-22
32756,2020-12-27,21 day ahead inc hosp,2021-01-17,06101,quantile,0.9,4.34416240646381e-22
32757,2020-12-27,21 day ahead inc hosp,2021-01-17,06101,quantile,0.95,4.3462723574533685e-22
32758,2020-12-27,21 day ahead inc hosp,2021-01-17,06101,quantile,0.975,4.3481024252714245e-22
32759,2020-12-27,21 day ahead inc hosp,2021-01-17,06101,quantile,0.99,4.350230274607641e-22
32760,2020-12-27,22 day ahead inc hosp,2021-01-18,06101,point,NA,4.536443968838614e-22
32761,2020-12-27,22 day ahead inc hosp,2021-01-18,06101,quantile,0.01,4.530799202358826e-22
32762,2020-12-27,22 day ahead inc hosp,2021-01-18,06101,quantile,0.025,4.531688214497237e-22
32763,2020-12-27,22 day ahead inc hosp,2021-01-18,06101,quantile,0.05,4.532452813981175e-22
32764,2020-12-27,22 day ahead inc hosp,2021-01-18,06101,quantile,0.1,4.533334348218229e-22
32765,2020-12-27,22 day ahead inc hosp,2021-01-18,06101,quantile,0.15,4.533929115182877e-22
32766,2020-12-27,22 day ahead inc hosp,2021-01-18,06101,quantile,0.2,4.534401817111883e-22
32767,2020-12-27,22 day ahead inc hosp,2021-01-18,06101,quantile,0.25,4.534807353276792e-22
32768,2020-12-27,22 day ahead inc hosp,2021-01-18,06101,quantile,0.3,4.535171537286502e-22
32769,2020-12-27,22 day ahead inc hosp,2021-01-18,06101,quantile,0.35,4.535509008045766e-22
32770,2020-12-27,22 day ahead inc hosp,2021-01-18,06101,quantile,0.4,4.53582923479497e-22
32771,2020-12-27,22 day ahead inc hosp,2021-01-18,06101,quantile,0.45,4.536139057880779e-22
32772,2020-12-27,22 day ahead inc hosp,2021-01-18,06101,quantile,0.5,4.536443968838614e-22
32773,2020-12-27,22 day ahead inc hosp,2021-01-18,06101,quantile,0.55,4.5372568076094915e-22
32774,2020-12-27,22 day ahead inc hosp,2021-01-18,06101,quantile,0.6,4.538082741246137e-22
32775,2020-12-27,22 day ahead inc hosp,2021-01-18,06101,quantile,0.65,4.538936409212264e-22
32776,2020-12-27,22 day ahead inc hosp,2021-01-18,06101,quantile,0.7,4.539836046664175e-22
32777,2020-12-27,22 day ahead inc hosp,2021-01-18,06101,quantile,0.75,4.540806896924618e-22
32778,2020-12-27,22 day ahead inc hosp,2021-01-18,06101,quantile,0.8,4.541887984728647e-22
32779,2020-12-27,22 day ahead inc hosp,2021-01-18,06101,quantile,0.85,4.54314812459929e-22
32780,2020-12-27,22 day ahead inc hosp,2021-01-18,06101,quantile,0.9,4.544733668300097e-22
32781,2020-12-27,22 day ahead inc hosp,2021-01-18,06101,quantile,0.95,4.547083682910332e-22
32782,2020-12-27,22 day ahead inc hosp,2021-01-18,06101,quantile,0.975,4.549121970117683e-22
32783,2020-12-27,22 day ahead inc hosp,2021-01-18,06101,quantile,0.99,4.551491919492448e-22
32784,2020-12-27,23 day ahead inc hosp,2021-01-19,06101,point,NA,4.740973765892566e-22
32785,2020-12-27,23 day ahead inc hosp,2021-01-19,06101,quantile,0.01,4.7358030855876e-22
32786,2020-12-27,23 day ahead inc hosp,2021-01-19,06101,quantile,0.025,4.7366174323938705e-22
32787,2020-12-27,23 day ahead inc hosp,2021-01-19,06101,quantile,0.05,4.737317815573039e-22
32788,2020-12-27,23 day ahead inc hosp,2021-01-19,06101,quantile,0.1,4.738125312523359e-22
32789,2020-12-27,23 day ahead inc hosp,2021-01-19,06101,quantile,0.15,4.738670126882139e-22
32790,2020-12-27,23 day ahead inc hosp,2021-01-19,06101,quantile,0.2,4.739103128063531e-22
32791,2020-12-27,23 day ahead inc hosp,2021-01-19,06101,quantile,0.25,4.739474604522009e-22
32792,2020-12-27,23 day ahead inc hosp,2021-01-19,06101,quantile,0.3,4.739808201862684e-22
32793,2020-12-27,23 day ahead inc hosp,2021-01-19,06101,quantile,0.35,4.740117329514762e-22
32794,2020-12-27,23 day ahead inc hosp,2021-01-19,06101,quantile,0.4,4.740410661426926e-22
32795,2020-12-27,23 day ahead inc hosp,2021-01-19,06101,quantile,0.45,4.740694463446646e-22
32796,2020-12-27,23 day ahead inc hosp,2021-01-19,06101,quantile,0.5,4.740973765892566e-22
32797,2020-12-27,23 day ahead inc hosp,2021-01-19,06101,quantile,0.55,4.741620110768486e-22
32798,2020-12-27,23 day ahead inc hosp,2021-01-19,06101,quantile,0.6,4.742276868286733e-22
32799,2020-12-27,23 day ahead inc hosp,2021-01-19,06101,quantile,0.65,4.742955679307333e-22
32800,2020-12-27,23 day ahead inc hosp,2021-01-19,06101,quantile,0.7,4.74367104387662e-22
32801,2020-12-27,23 day ahead inc hosp,2021-01-19,06101,quantile,0.75,4.744443034723519e-22
32802,2020-12-27,23 day ahead inc hosp,2021-01-19,06101,quantile,0.8,4.745302683140388e-22
32803,2020-12-27,23 day ahead inc hosp,2021-01-19,06101,quantile,0.85,4.746304708360535e-22
32804,2020-12-27,23 day ahead inc hosp,2021-01-19,06101,quantile,0.9,4.747565484892463e-22
32805,2020-12-27,23 day ahead inc hosp,2021-01-19,06101,quantile,0.95,4.74943414563563e-22
32806,2020-12-27,23 day ahead inc hosp,2021-01-19,06101,quantile,0.975,4.751054930149516e-22
32807,2020-12-27,23 day ahead inc hosp,2021-01-19,06101,quantile,0.99,4.752939442416217e-22
32808,2020-12-27,24 day ahead inc hosp,2021-01-20,06101,point,NA,4.945714599015882e-22
32809,2020-12-27,24 day ahead inc hosp,2021-01-20,06101,quantile,0.01,4.940493225721771e-22
32810,2020-12-27,24 day ahead inc hosp,2021-01-20,06101,quantile,0.025,4.941315556327343e-22
32811,2020-12-27,24 day ahead inc hosp,2021-01-20,06101,quantile,0.05,4.942022806014362e-22
32812,2020-12-27,24 day ahead inc hosp,2021-01-20,06101,quantile,0.1,4.942838219608473e-22
32813,2020-12-27,24 day ahead inc hosp,2021-01-20,06101,quantile,0.15,4.943388375289235e-22
32814,2020-12-27,24 day ahead inc hosp,2021-01-20,06101,quantile,0.2,4.943825621584015e-22
32815,2020-12-27,24 day ahead inc hosp,2021-01-20,06101,quantile,0.25,4.944200739971788e-22
32816,2020-12-27,24 day ahead inc hosp,2021-01-20,06101,quantile,0.3,4.944537607877529e-22
32817,2020-12-27,24 day ahead inc hosp,2021-01-20,06101,quantile,0.35,4.944849766195552e-22
32818,2020-12-27,24 day ahead inc hosp,2021-01-20,06101,quantile,0.4,4.945145973913328e-22
32819,2020-12-27,24 day ahead inc hosp,2021-01-20,06101,quantile,0.45,4.945432558308259e-22
32820,2020-12-27,24 day ahead inc hosp,2021-01-20,06101,quantile,0.5,4.945714599015882e-22
32821,2020-12-27,24 day ahead inc hosp,2021-01-20,06101,quantile,0.55,4.946389560668918e-22
32822,2020-12-27,24 day ahead inc hosp,2021-01-20,06101,quantile,0.6,4.947075395981727e-22
32823,2020-12-27,24 day ahead inc hosp,2021-01-20,06101,quantile,0.65,4.947784261210852e-22
32824,2020-12-27,24 day ahead inc hosp,2021-01-20,06101,quantile,0.7,4.9485312983889865e-22
32825,2020-12-27,24 day ahead inc hosp,2021-01-20,06101,quantile,0.75,4.949337468960711e-22
32826,2020-12-27,24 day ahead inc hosp,2021-01-20,06101,quantile,0.8,4.95023517812202e-22
32827,2020-12-27,24 day ahead inc hosp,2021-01-20,06101,quantile,0.85,4.951281567788235e-22
32828,2020-12-27,24 day ahead inc hosp,2021-01-20,06101,quantile,0.9,4.952598164923606e-22
32829,2020-12-27,24 day ahead inc hosp,2021-01-20,06101,quantile,0.95,4.954549560209869e-22
32830,2020-12-27,24 day ahead inc hosp,2021-01-20,06101,quantile,0.975,4.956242104601358e-22
32831,2020-12-27,24 day ahead inc hosp,2021-01-20,06101,quantile,0.99,4.9582100532338705e-22
32832,2020-12-27,25 day ahead inc hosp,2021-01-21,06101,point,NA,5.15129806180372e-22
32833,2020-12-27,25 day ahead inc hosp,2021-01-21,06101,quantile,0.01,5.145381981105694e-22
32834,2020-12-27,25 day ahead inc hosp,2021-01-21,06101,quantile,0.025,5.146313723379036e-22
32835,2020-12-27,25 day ahead inc hosp,2021-01-21,06101,quantile,0.05,5.147115073136344e-22
32836,2020-12-27,25 day ahead inc hosp,2021-01-21,06101,quantile,0.1,5.148038978084966e-22
32837,2020-12-27,25 day ahead inc hosp,2021-01-21,06101,quantile,0.15,5.148662332367553e-22
32838,2020-12-27,25 day ahead inc hosp,2021-01-21,06101,quantile,0.2,5.14915775459062e-22
32839,2020-12-27,25 day ahead inc hosp,2021-01-21,06101,quantile,0.25,5.14958278274478e-22
32840,2020-12-27,25 day ahead inc hosp,2021-01-21,06101,quantile,0.3,5.149964471163263e-22
32841,2020-12-27,25 day ahead inc hosp,2021-01-21,06101,quantile,0.35,5.150318162365933e-22
32842,2020-12-27,25 day ahead inc hosp,2021-01-21,06101,quantile,0.4,5.150653780729729e-22
32843,2020-12-27,25 day ahead inc hosp,2021-01-21,06101,quantile,0.45,5.150978495380781e-22
32844,2020-12-27,25 day ahead inc hosp,2021-01-21,06101,quantile,0.5,5.15129806180372e-22
32845,2020-12-27,25 day ahead inc hosp,2021-01-21,06101,quantile,0.55,5.15211259754471e-22
32846,2020-12-27,25 day ahead inc hosp,2021-01-21,06101,quantile,0.6,5.152940255489725e-22
32847,2020-12-27,25 day ahead inc hosp,2021-01-21,06101,quantile,0.65,5.153795705665407e-22
32848,2020-12-27,25 day ahead inc hosp,2021-01-21,06101,quantile,0.7,5.154697221297744e-22
32849,2020-12-27,25 day ahead inc hosp,2021-01-21,06101,quantile,0.75,5.15567009841017e-22
32850,2020-12-27,25 day ahead inc hosp,2021-01-21,06101,quantile,0.8,5.15675344321e-22
32851,2020-12-27,25 day ahead inc hosp,2021-01-21,06101,quantile,0.85,5.158016213884899e-22
32852,2020-12-27,25 day ahead inc hosp,2021-01-21,06101,quantile,0.9,5.159605067738184e-22
32853,2020-12-27,25 day ahead inc hosp,2021-01-21,06101,quantile,0.95,5.161959988493033e-22
32854,2020-12-27,25 day ahead inc hosp,2021-01-21,06101,quantile,0.975,5.164002531049163e-22
32855,2020-12-27,25 day ahead inc hosp,2021-01-21,06101,quantile,0.99,5.166377428186511e-22
32856,2020-12-27,26 day ahead inc hosp,2021-01-22,06101,point,NA,5.353519083869143e-22
32857,2020-12-27,26 day ahead inc hosp,2021-01-22,06101,quantile,0.01,5.348596156559187e-22
32858,2020-12-27,26 day ahead inc hosp,2021-01-22,06101,quantile,0.025,5.349371483962143e-22
32859,2020-12-27,26 day ahead inc hosp,2021-01-22,06101,quantile,0.05,5.350038308301844e-22
32860,2020-12-27,26 day ahead inc hosp,2021-01-22,06101,quantile,0.1,5.350807114059496e-22
32861,2020-12-27,26 day ahead inc hosp,2021-01-22,06101,quantile,0.15,5.351325823654269e-22
32862,2020-12-27,26 day ahead inc hosp,2021-01-22,06101,quantile,0.2,5.351738077596768e-22
32863,2020-12-27,26 day ahead inc hosp,2021-01-22,06101,quantile,0.25,5.352091754771643e-22
32864,2020-12-27,26 day ahead inc hosp,2021-01-22,06101,quantile,0.3,5.352409367805534e-22
32865,2020-12-27,26 day ahead inc hosp,2021-01-22,06101,quantile,0.35,5.352703683615239e-22
32866,2020-12-27,26 day ahead inc hosp,2021-01-22,06101,quantile,0.4,5.352982960537442e-22
32867,2020-12-27,26 day ahead inc hosp,2021-01-22,06101,quantile,0.45,5.35325316419172e-22
32868,2020-12-27,26 day ahead inc hosp,2021-01-22,06101,quantile,0.5,5.353519083869143e-22
32869,2020-12-27,26 day ahead inc hosp,2021-01-22,06101,quantile,0.55,5.354250584799407e-22
32870,2020-12-27,26 day ahead inc hosp,2021-01-22,06101,quantile,0.6,5.354993870239508e-22
32871,2020-12-27,26 day ahead inc hosp,2021-01-22,06101,quantile,0.65,5.355762114734888e-22
32872,2020-12-27,26 day ahead inc hosp,2021-01-22,06101,quantile,0.7,5.356571728715608e-22
32873,2020-12-27,26 day ahead inc hosp,2021-01-22,06101,quantile,0.75,5.357445429496261e-22
32874,2020-12-27,26 day ahead inc hosp,2021-01-22,06101,quantile,0.8,5.358418336747586e-22
32875,2020-12-27,26 day ahead inc hosp,2021-01-22,06101,quantile,0.85,5.359552378971782e-22
32876,2020-12-27,26 day ahead inc hosp,2021-01-22,06101,quantile,0.9,5.360979263039901e-22
32877,2020-12-27,26 day ahead inc hosp,2021-01-22,06101,quantile,0.95,5.363094120174072e-22
32878,2020-12-27,26 day ahead inc hosp,2021-01-22,06101,quantile,0.975,5.364928443340908e-22
32879,2020-12-27,26 day ahead inc hosp,2021-01-22,06101,quantile,0.99,5.367061240439707e-22
32880,2020-12-27,27 day ahead inc hosp,2021-01-23,06101,point,NA,5.558196303249063e-22
32881,2020-12-27,27 day ahead inc hosp,2021-01-23,06101,quantile,0.01,5.54900588637187e-22
32882,2020-12-27,27 day ahead inc hosp,2021-01-23,06101,quantile,0.025,5.55045331421324e-22
32883,2020-12-27,27 day ahead inc hosp,2021-01-23,06101,quantile,0.05,5.551698182008326e-22
32884,2020-12-27,27 day ahead inc hosp,2021-01-23,06101,quantile,0.1,5.553133434849885e-22
32885,2020-12-27,27 day ahead inc hosp,2021-01-23,06101,quantile,0.15,5.554101793128208e-22
32886,2020-12-27,27 day ahead inc hosp,2021-01-23,06101,quantile,0.2,5.5548714135902355e-22
32887,2020-12-27,27 day ahead inc hosp,2021-01-23,06101,quantile,0.25,5.55553167941835e-22
32888,2020-12-27,27 day ahead inc hosp,2021-01-23,06101,quantile,0.3,5.556124618538371e-22
32889,2020-12-27,27 day ahead inc hosp,2021-01-23,06101,quantile,0.35,5.556674064998664e-22
32890,2020-12-27,27 day ahead inc hosp,2021-01-23,06101,quantile,0.4,5.557195435958995e-22
32891,2020-12-27,27 day ahead inc hosp,2021-01-23,06101,quantile,0.45,5.557699868396892e-22
32892,2020-12-27,27 day ahead inc hosp,2021-01-23,06101,quantile,0.5,5.558196303249063e-22
32893,2020-12-27,27 day ahead inc hosp,2021-01-23,06101,quantile,0.55,5.558967875287855e-22
32894,2020-12-27,27 day ahead inc hosp,2021-01-23,06101,quantile,0.6,5.559751877383678e-22
32895,2020-12-27,27 day ahead inc hosp,2021-01-23,06101,quantile,0.65,5.560562205774343e-22
32896,2020-12-27,27 day ahead inc hosp,2021-01-23,06101,quantile,0.7,5.561416169841775e-22
32897,2020-12-27,27 day ahead inc hosp,2021-01-23,06101,quantile,0.75,5.562337731339147e-22
32898,2020-12-27,27 day ahead inc hosp,2021-01-23,06101,quantile,0.8,5.563363933768158e-22
32899,2020-12-27,27 day ahead inc hosp,2021-01-23,06101,quantile,0.85,5.564560098030975e-22
32900,2020-12-27,27 day ahead inc hosp,2021-01-23,06101,quantile,0.9,5.566065145808783e-22
32901,2020-12-27,27 day ahead inc hosp,2021-01-23,06101,quantile,0.95,5.568295853335263e-22
32902,2020-12-27,27 day ahead inc hosp,2021-01-23,06101,quantile,0.975,5.570230659440195e-22
32903,2020-12-27,27 day ahead inc hosp,2021-01-23,06101,quantile,0.99,5.572480289669998e-22
32904,2020-12-27,28 day ahead inc hosp,2021-01-24,06101,point,NA,5.762057651126366e-22
32905,2020-12-27,28 day ahead inc hosp,2021-01-24,06101,quantile,0.01,5.753046444982528e-22
32906,2020-12-27,28 day ahead inc hosp,2021-01-24,06101,quantile,0.025,5.754465648358306e-22
32907,2020-12-27,28 day ahead inc hosp,2021-01-24,06101,quantile,0.05,5.7556862415559e-22
32908,2020-12-27,28 day ahead inc hosp,2021-01-24,06101,quantile,0.1,5.757093507341189e-22
32909,2020-12-27,28 day ahead inc hosp,2021-01-24,06101,quantile,0.15,5.758042982885515e-22
32910,2020-12-27,28 day ahead inc hosp,2021-01-24,06101,quantile,0.2,5.758797595949157e-22
32911,2020-12-27,28 day ahead inc hosp,2021-01-24,06101,quantile,0.25,5.759444986765741e-22
32912,2020-12-27,28 day ahead inc hosp,2021-01-24,06101,quantile,0.3,5.760026363727488e-22
32913,2020-12-27,28 day ahead inc hosp,2021-01-24,06101,quantile,0.35,5.760565096125034e-22
32914,2020-12-27,28 day ahead inc hosp,2021-01-24,06101,quantile,0.4,5.761076300487549e-22
32915,2020-12-27,28 day ahead inc hosp,2021-01-24,06101,quantile,0.45,5.761570896624402e-22
32916,2020-12-27,28 day ahead inc hosp,2021-01-24,06101,quantile,0.5,5.762057651126366e-22
32917,2020-12-27,28 day ahead inc hosp,2021-01-24,06101,quantile,0.55,5.762765047646336e-22
32918,2020-12-27,28 day ahead inc hosp,2021-01-24,06101,quantile,0.6,5.7634838403531095e-22
32919,2020-12-27,28 day ahead inc hosp,2021-01-24,06101,quantile,0.65,5.7642267696646565e-22
32920,2020-12-27,28 day ahead inc hosp,2021-01-24,06101,quantile,0.7,5.765009705254737e-22
32921,2020-12-27,28 day ahead inc hosp,2021-01-24,06101,quantile,0.75,5.76585461585725e-22
32922,2020-12-27,28 day ahead inc hosp,2021-01-24,06101,quantile,0.8,5.766795463879948e-22
32923,2020-12-27,28 day ahead inc hosp,2021-01-24,06101,quantile,0.85,5.767892137157731e-22
32924,2020-12-27,28 day ahead inc hosp,2021-01-24,06101,quantile,0.9,5.769272002558344e-22
32925,2020-12-27,28 day ahead inc hosp,2021-01-24,06101,quantile,0.95,5.771317170944399e-22
32926,2020-12-27,28 day ahead inc hosp,2021-01-24,06101,quantile,0.975,5.773091049515203e-22
32927,2020-12-27,28 day ahead inc hosp,2021-01-24,06101,quantile,0.99,5.7751535667083765e-22
32928,2020-12-27,1 day ahead inc hosp,2020-12-28,06103,point,NA,16.629796981811523
32929,2020-12-27,1 day ahead inc hosp,2020-12-28,06103,quantile,0.01,10.482614254516204
32930,2020-12-27,1 day ahead inc hosp,2020-12-28,06103,quantile,0.025,11.450753517878573
32931,2020-12-27,1 day ahead inc hosp,2020-12-28,06103,quantile,0.05,12.283406694548905
32932,2020-12-27,1 day ahead inc hosp,2020-12-28,06103,quantile,0.1,13.243402480902182
32933,2020-12-27,1 day ahead inc hosp,2020-12-28,06103,quantile,0.15,13.891107080364517
32934,2020-12-27,1 day ahead inc hosp,2020-12-28,06103,quantile,0.2,14.405882163363536
32935,2020-12-27,1 day ahead inc hosp,2020-12-28,06103,quantile,0.25,14.847513348134173
32936,2020-12-27,1 day ahead inc hosp,2020-12-28,06103,quantile,0.3,15.244111801243776
32937,2020-12-27,1 day ahead inc hosp,2020-12-28,06103,quantile,0.35,15.611619373034689
32938,2020-12-27,1 day ahead inc hosp,2020-12-28,06103,quantile,0.4,15.960348120020463
32939,2020-12-27,1 day ahead inc hosp,2020-12-28,06103,quantile,0.45,16.29774721853411
32940,2020-12-27,1 day ahead inc hosp,2020-12-28,06103,quantile,0.5,16.629796981811523
32941,2020-12-27,1 day ahead inc hosp,2020-12-28,06103,quantile,0.55,17.51571135862778
32942,2020-12-27,1 day ahead inc hosp,2020-12-28,06103,quantile,0.6,18.41589785220573
32943,2020-12-27,1 day ahead inc hosp,2020-12-28,06103,quantile,0.65,19.346312039267524
32944,2020-12-27,1 day ahead inc hosp,2020-12-28,06103,quantile,0.7,20.326828448087827
32945,2020-12-27,1 day ahead inc hosp,2020-12-28,06103,quantile,0.75,21.384959819617656
32946,2020-12-27,1 day ahead inc hosp,2020-12-28,06103,quantile,0.8,22.563239279831677
32947,2020-12-27,1 day ahead inc hosp,2020-12-28,06103,quantile,0.85,23.936667895935237
32948,2020-12-27,1 day ahead inc hosp,2020-12-28,06103,quantile,0.9,25.664754707171124
32949,2020-12-27,1 day ahead inc hosp,2020-12-28,06103,quantile,0.95,28.226039679697543
32950,2020-12-27,1 day ahead inc hosp,2020-12-28,06103,quantile,0.975,30.44757241874572
32951,2020-12-27,1 day ahead inc hosp,2020-12-28,06103,quantile,0.99,33.03058432547748
32952,2020-12-27,2 day ahead inc hosp,2020-12-29,06103,point,NA,17.982563018798828
32953,2020-12-27,2 day ahead inc hosp,2020-12-29,06103,quantile,0.01,11.217876760214018
32954,2020-12-27,2 day ahead inc hosp,2020-12-29,06103,quantile,0.025,12.283268609098487
32955,2020-12-27,2 day ahead inc hosp,2020-12-29,06103,quantile,0.05,13.199564374535587
32956,2020-12-27,2 day ahead inc hosp,2020-12-29,06103,quantile,0.1,14.255994708940278
32957,2020-12-27,2 day ahead inc hosp,2020-12-29,06103,quantile,0.15,14.968763240148856
32958,2020-12-27,2 day ahead inc hosp,2020-12-29,06103,quantile,0.2,15.535249073531183
32959,2020-12-27,2 day ahead inc hosp,2020-12-29,06103,quantile,0.25,16.021243477718176
32960,2020-12-27,2 day ahead inc hosp,2020-12-29,06103,quantile,0.3,16.457681472966602
32961,2020-12-27,2 day ahead inc hosp,2020-12-29,06103,quantile,0.35,16.862106317827802
32962,2020-12-27,2 day ahead inc hosp,2020-12-29,06103,quantile,0.4,17.245865946809275
32963,2020-12-27,2 day ahead inc hosp,2020-12-29,06103,quantile,0.45,17.61715782906285
32964,2020-12-27,2 day ahead inc hosp,2020-12-29,06103,quantile,0.5,17.982563018798828
32965,2020-12-27,2 day ahead inc hosp,2020-12-29,06103,quantile,0.55,18.73394657058953
32966,2020-12-27,2 day ahead inc hosp,2020-12-29,06103,quantile,0.6,19.497434942061012
32967,2020-12-27,2 day ahead inc hosp,2020-12-29,06103,quantile,0.65,20.28656077047721
32968,2020-12-27,2 day ahead inc hosp,2020-12-29,06103,quantile,0.7,21.11818053095127
32969,2020-12-27,2 day ahead inc hosp,2020-12-29,06103,quantile,0.75,22.01562900792316
32970,2020-12-27,2 day ahead inc hosp,2020-12-29,06103,quantile,0.8,23.014980445247517
32971,2020-12-27,2 day ahead inc hosp,2020-12-29,06103,quantile,0.85,24.179846597897075
32972,2020-12-27,2 day ahead inc hosp,2020-12-29,06103,quantile,0.9,25.645514206425336
32973,2020-12-27,2 day ahead inc hosp,2020-12-29,06103,quantile,0.95,27.817854389820056
32974,2020-12-27,2 day ahead inc hosp,2020-12-29,06103,quantile,0.975,29.702035529180385
32975,2020-12-27,2 day ahead inc hosp,2020-12-29,06103,quantile,0.99,31.892803295894613
32976,2020-12-27,3 day ahead inc hosp,2020-12-30,06103,point,NA,19.16107749938965
32977,2020-12-27,3 day ahead inc hosp,2020-12-30,06103,quantile,0.01,12.57212648542581
32978,2020-12-27,3 day ahead inc hosp,2020-12-30,06103,quantile,0.025,13.609841234438383
32979,2020-12-27,3 day ahead inc hosp,2020-12-30,06103,quantile,0.05,14.50233316709907
32980,2020-12-27,3 day ahead inc hosp,2020-12-30,06103,quantile,0.1,15.53131920680258
32981,2020-12-27,3 day ahead inc hosp,2020-12-30,06103,quantile,0.15,16.225571202668355
32982,2020-12-27,3 day ahead inc hosp,2020-12-30,06103,quantile,0.2,16.777340680746335
32983,2020-12-27,3 day ahead inc hosp,2020-12-30,06103,quantile,0.25,17.250709762451322
32984,2020-12-27,3 day ahead inc hosp,2020-12-30,06103,quantile,0.3,17.675809827908914
32985,2020-12-27,3 day ahead inc hosp,2020-12-30,06103,quantile,0.35,18.069728391129587
32986,2020-12-27,3 day ahead inc hosp,2020-12-30,06103,quantile,0.4,18.443518586245723
32987,2020-12-27,3 day ahead inc hosp,2020-12-30,06103,quantile,0.45,18.80516492585927
32988,2020-12-27,3 day ahead inc hosp,2020-12-30,06103,quantile,0.5,19.16107749938965
32989,2020-12-27,3 day ahead inc hosp,2020-12-30,06103,quantile,0.55,19.981175029681776
32990,2020-12-27,3 day ahead inc hosp,2020-12-30,06103,quantile,0.6,20.814484364652323
32991,2020-12-27,3 day ahead inc hosp,2020-12-30,06103,quantile,0.65,21.675775700390957
32992,2020-12-27,3 day ahead inc hosp,2020-12-30,06103,quantile,0.7,22.583447035598574
32993,2020-12-27,3 day ahead inc hosp,2020-12-30,06103,quantile,0.75,23.562967119282927
32994,2020-12-27,3 day ahead inc hosp,2020-12-30,06103,quantile,0.8,24.653709182627807
32995,2020-12-27,3 day ahead inc hosp,2020-12-30,06103,quantile,0.85,25.925102271592962
32996,2020-12-27,3 day ahead inc hosp,2020-12-30,06103,quantile,0.9,27.52480509063738
32997,2020-12-27,3 day ahead inc hosp,2020-12-30,06103,quantile,0.95,29.895805647025128
32998,2020-12-27,3 day ahead inc hosp,2020-12-30,06103,quantile,0.975,31.952295032945074
32999,2020-12-27,3 day ahead inc hosp,2020-12-30,06103,quantile,0.99,34.34340837398663
33000,2020-12-27,4 day ahead inc hosp,2020-12-31,06103,point,NA,21.166141510009766
33001,2020-12-27,4 day ahead inc hosp,2020-12-31,06103,quantile,0.01,13.668366568174438
33002,2020-12-27,4 day ahead inc hosp,2020-12-31,06103,quantile,0.025,14.849214873986732
33003,2020-12-27,4 day ahead inc hosp,2020-12-31,06103,quantile,0.05,15.864809561868292
33004,2020-12-27,4 day ahead inc hosp,2020-12-31,06103,quantile,0.1,17.03572519436228
33005,2020-12-27,4 day ahead inc hosp,2020-12-31,06103,quantile,0.15,17.82573641267153
33006,2020-12-27,4 day ahead inc hosp,2020-12-31,06103,quantile,0.2,18.453612285118464
33007,2020-12-27,4 day ahead inc hosp,2020-12-31,06103,quantile,0.25,18.992273876550158
33008,2020-12-27,4 day ahead inc hosp,2020-12-31,06103,quantile,0.3,19.47600863369218
33009,2020-12-27,4 day ahead inc hosp,2020-12-31,06103,quantile,0.35,19.924260977074372
33010,2020-12-27,4 day ahead inc hosp,2020-12-31,06103,quantile,0.4,20.34960861625184
33011,2020-12-27,4 day ahead inc hosp,2020-12-31,06103,quantile,0.45,20.761137379664163
33012,2020-12-27,4 day ahead inc hosp,2020-12-31,06103,quantile,0.5,21.166141510009766
33013,2020-12-27,4 day ahead inc hosp,2020-12-31,06103,quantile,0.55,22.176115392333653
33014,2020-12-27,4 day ahead inc hosp,2020-12-31,06103,quantile,0.6,23.20235999511541
33015,2020-12-27,4 day ahead inc hosp,2020-12-31,06103,quantile,0.65,24.26306524301198
33016,2020-12-27,4 day ahead inc hosp,2020-12-31,06103,quantile,0.7,25.380888804762247
33017,2020-12-27,4 day ahead inc hosp,2020-12-31,06103,quantile,0.75,26.58719618308164
33018,2020-12-27,4 day ahead inc hosp,2020-12-31,06103,quantile,0.8,27.93047665356176
33019,2020-12-27,4 day ahead inc hosp,2020-12-31,06103,quantile,0.85,29.496234098977432
33020,2020-12-27,4 day ahead inc hosp,2020-12-31,06103,quantile,0.9,31.46631449434119
33021,2020-12-27,4 day ahead inc hosp,2020-12-31,06103,quantile,0.95,34.386270412357476
33022,2020-12-27,4 day ahead inc hosp,2020-12-31,06103,quantile,0.975,36.918896706592975
33023,2020-12-27,4 day ahead inc hosp,2020-12-31,06103,quantile,0.99,39.863622101958995
33024,2020-12-27,5 day ahead inc hosp,2021-01-01,06103,point,NA,21.309297561645508
33025,2020-12-27,5 day ahead inc hosp,2021-01-01,06103,quantile,0.01,14.674265014149782
33026,2020-12-27,5 day ahead inc hosp,2021-01-01,06103,quantile,0.025,15.719237289724898
33027,2020-12-27,5 day ahead inc hosp,2021-01-01,06103,quantile,0.05,16.61797109561164
33028,2020-12-27,5 day ahead inc hosp,2021-01-01,06103,quantile,0.1,17.654153615390957
33029,2020-12-27,5 day ahead inc hosp,2021-01-01,06103,quantile,0.15,18.35326104219851
33030,2020-12-27,5 day ahead inc hosp,2021-01-01,06103,quantile,0.2,18.908889462868725
33031,2020-12-27,5 day ahead inc hosp,2021-01-01,06103,quantile,0.25,19.385569173711083
33032,2020-12-27,5 day ahead inc hosp,2021-01-01,06103,quantile,0.3,19.813642286453327
33033,2020-12-27,5 day ahead inc hosp,2021-01-01,06103,quantile,0.35,20.210315821055854
33034,2020-12-27,5 day ahead inc hosp,2021-01-01,06103,quantile,0.4,20.586720214604128
33035,2020-12-27,5 day ahead inc hosp,2021-01-01,06103,quantile,0.45,20.95089582145464
33036,2020-12-27,5 day ahead inc hosp,2021-01-01,06103,quantile,0.5,21.309297561645508
33037,2020-12-27,5 day ahead inc hosp,2021-01-01,06103,quantile,0.55,22.286320237827663
33038,2020-12-27,5 day ahead inc hosp,2021-01-01,06103,quantile,0.6,23.27908278919212
33039,2020-12-27,5 day ahead inc hosp,2021-01-01,06103,quantile,0.65,24.30518167954741
33040,2020-12-27,5 day ahead inc hosp,2021-01-01,06103,quantile,0.7,25.386535353058026
33041,2020-12-27,5 day ahead inc hosp,2021-01-01,06103,quantile,0.75,26.55348598781309
33042,2020-12-27,5 day ahead inc hosp,2021-01-01,06103,quantile,0.8,27.852940857984514
33043,2020-12-27,5 day ahead inc hosp,2021-01-01,06103,quantile,0.85,29.367614213747167
33044,2020-12-27,5 day ahead inc hosp,2021-01-01,06103,quantile,0.9,31.273419159656683
33045,2020-12-27,5 day ahead inc hosp,2021-01-01,06103,quantile,0.95,34.098109179154946
33046,2020-12-27,5 day ahead inc hosp,2021-01-01,06103,quantile,0.975,36.548106513808534
33047,2020-12-27,5 day ahead inc hosp,2021-01-01,06103,quantile,0.99,39.396757886636244
33048,2020-12-27,6 day ahead inc hosp,2021-01-02,06103,point,NA,23.04431915283203
33049,2020-12-27,6 day ahead inc hosp,2021-01-02,06103,quantile,0.01,10.13651793011552
33050,2020-12-27,6 day ahead inc hosp,2021-01-02,06103,quantile,0.025,12.169408397467377
33051,2020-12-27,6 day ahead inc hosp,2021-01-02,06103,quantile,0.05,13.917806349622113
33052,2020-12-27,6 day ahead inc hosp,2021-01-02,06103,quantile,0.1,15.93359721425216
33053,2020-12-27,6 day ahead inc hosp,2021-01-02,06103,quantile,0.15,17.29364174062945
33054,2020-12-27,6 day ahead inc hosp,2021-01-02,06103,quantile,0.2,18.37456201590526
33055,2020-12-27,6 day ahead inc hosp,2021-01-02,06103,quantile,0.25,19.301895365125596
33056,2020-12-27,6 day ahead inc hosp,2021-01-02,06103,quantile,0.3,20.134669373167487
33057,2020-12-27,6 day ahead inc hosp,2021-01-02,06103,quantile,0.35,20.906358599755272
33058,2020-12-27,6 day ahead inc hosp,2021-01-02,06103,quantile,0.4,21.63861621213308
33059,2020-12-27,6 day ahead inc hosp,2021-01-02,06103,quantile,0.45,22.347083926456918
33060,2020-12-27,6 day ahead inc hosp,2021-01-02,06103,quantile,0.5,23.04431915283203
33061,2020-12-27,6 day ahead inc hosp,2021-01-02,06103,quantile,0.55,24.036293067297
33062,2020-12-27,6 day ahead inc hosp,2021-01-02,06103,quantile,0.6,25.044247722003114
33063,2020-12-27,6 day ahead inc hosp,2021-01-02,06103,quantile,0.65,26.086048856927977
33064,2020-12-27,6 day ahead inc hosp,2021-01-02,06103,quantile,0.7,27.183950331052426
33065,2020-12-27,6 day ahead inc hosp,2021-01-02,06103,quantile,0.75,28.368758644477428
33066,2020-12-27,6 day ahead inc hosp,2021-01-02,06103,quantile,0.8,29.688098886683015
33067,2020-12-27,6 day ahead inc hosp,2021-01-02,06103,quantile,0.85,31.225951072184937
33068,2020-12-27,6 day ahead inc hosp,2021-01-02,06103,quantile,0.9,33.1609202786193
33069,2020-12-27,6 day ahead inc hosp,2021-01-02,06103,quantile,0.95,36.0288361255074
33070,2020-12-27,6 day ahead inc hosp,2021-01-02,06103,quantile,0.975,38.51632541898205
33071,2020-12-27,6 day ahead inc hosp,2021-01-02,06103,quantile,0.99,41.40856929636271
33072,2020-12-27,7 day ahead inc hosp,2021-01-03,06103,point,NA,23.221588134765625
33073,2020-12-27,7 day ahead inc hosp,2021-01-03,06103,quantile,0.01,10.556851013800541
33074,2020-12-27,7 day ahead inc hosp,2021-01-03,06103,quantile,0.025,12.551460546477301
33075,2020-12-27,7 day ahead inc hosp,2021-01-03,06103,quantile,0.05,14.266934782933921
33076,2020-12-27,7 day ahead inc hosp,2021-01-03,06103,quantile,0.1,16.244766711926832
33077,2020-12-27,7 day ahead inc hosp,2021-01-03,06103,quantile,0.15,17.5792005246402
33078,2020-12-27,7 day ahead inc hosp,2021-01-03,06103,quantile,0.2,18.639766216572067
33079,2020-12-27,7 day ahead inc hosp,2021-01-03,06103,quantile,0.25,19.54963714568977
33080,2020-12-27,7 day ahead inc hosp,2021-01-03,06103,quantile,0.3,20.36672936078071
33081,2020-12-27,7 day ahead inc hosp,2021-01-03,06103,quantile,0.35,21.123887069145105
33082,2020-12-27,7 day ahead inc hosp,2021-01-03,06103,quantile,0.4,21.842355691769182
33083,2020-12-27,7 day ahead inc hosp,2021-01-03,06103,quantile,0.45,22.537482398927605
33084,2020-12-27,7 day ahead inc hosp,2021-01-03,06103,quantile,0.5,23.221588134765625
33085,2020-12-27,7 day ahead inc hosp,2021-01-03,06103,quantile,0.55,24.20600559800982
33086,2020-12-27,7 day ahead inc hosp,2021-01-03,06103,quantile,0.6,25.206282066757645
33087,2020-12-27,7 day ahead inc hosp,2021-01-03,06103,quantile,0.65,26.240147187092795
33088,2020-12-27,7 day ahead inc hosp,2021-01-03,06103,quantile,0.7,27.32968529720791
33089,2020-12-27,7 day ahead inc hosp,2021-01-03,06103,quantile,0.75,28.505468225896667
33090,2020-12-27,7 day ahead inc hosp,2021-01-03,06103,quantile,0.8,29.81475827420254
33091,2020-12-27,7 day ahead inc hosp,2021-01-03,06103,quantile,0.85,31.340895731267505
33092,2020-12-27,7 day ahead inc hosp,2021-01-03,06103,quantile,0.9,33.261125134357336
33093,2020-12-27,7 day ahead inc hosp,2021-01-03,06103,quantile,0.95,36.10719437229102
33094,2020-12-27,7 day ahead inc hosp,2021-01-03,06103,quantile,0.975,38.57573499056944
33095,2020-12-27,7 day ahead inc hosp,2021-01-03,06103,quantile,0.99,41.445946938017954
33096,2020-12-27,8 day ahead inc hosp,2021-01-04,06103,point,NA,21.499309539794922
33097,2020-12-27,8 day ahead inc hosp,2021-01-04,06103,quantile,0.01,15.06720756872253
33098,2020-12-27,8 day ahead inc hosp,2021-01-04,06103,quantile,0.025,16.080219665547823
33099,2020-12-27,8 day ahead inc hosp,2021-01-04,06103,quantile,0.05,16.951465954534807
33100,2020-12-27,8 day ahead inc hosp,2021-01-04,06103,quantile,0.1,17.95595712773618
33101,2020-12-27,8 day ahead inc hosp,2021-01-04,06103,quantile,0.15,18.633682553462606
33102,2020-12-27,8 day ahead inc hosp,2021-01-04,06103,quantile,0.2,19.172317237496763
33103,2020-12-27,8 day ahead inc hosp,2021-01-04,06103,quantile,0.25,19.63441783545639
33104,2020-12-27,8 day ahead inc hosp,2021-01-04,06103,quantile,0.3,20.049398454243516
33105,2020-12-27,8 day ahead inc hosp,2021-01-04,06103,quantile,0.35,20.433939842024976
33106,2020-12-27,8 day ahead inc hosp,2021-01-04,06103,quantile,0.4,20.79883201464528
33107,2020-12-27,8 day ahead inc hosp,2021-01-04,06103,quantile,0.45,21.151869414518135
33108,2020-12-27,8 day ahead inc hosp,2021-01-04,06103,quantile,0.5,21.499309539794922
33109,2020-12-27,8 day ahead inc hosp,2021-01-04,06103,quantile,0.55,22.331424325592856
33110,2020-12-27,8 day ahead inc hosp,2021-01-04,06103,quantile,0.6,23.1769445145458
33111,2020-12-27,8 day ahead inc hosp,2021-01-04,06103,quantile,0.65,24.05085673702558
33112,2020-12-27,8 day ahead inc hosp,2021-01-04,06103,quantile,0.7,24.971828585827723
33113,2020-12-27,8 day ahead inc hosp,2021-01-04,06103,quantile,0.75,25.965702014917852
33114,2020-12-27,8 day ahead inc hosp,2021-01-04,06103,quantile,0.8,27.072427209027044
33115,2020-12-27,8 day ahead inc hosp,2021-01-04,06103,quantile,0.85,28.36245058894427
33116,2020-12-27,8 day ahead inc hosp,2021-01-04,06103,quantile,0.9,29.985594568094328
33117,2020-12-27,8 day ahead inc hosp,2021-01-04,06103,quantile,0.95,32.3913384549252
33118,2020-12-27,8 day ahead inc hosp,2021-01-04,06103,quantile,0.975,34.47796249859345
33119,2020-12-27,8 day ahead inc hosp,2021-01-04,06103,quantile,0.99,36.904113891697435
33120,2020-12-27,9 day ahead inc hosp,2021-01-05,06103,point,NA,22.799551010131836
33121,2020-12-27,9 day ahead inc hosp,2021-01-05,06103,quantile,0.01,15.99940798910353
33122,2020-12-27,9 day ahead inc hosp,2021-01-05,06103,quantile,0.025,17.070384035724764
33123,2020-12-27,9 day ahead inc hosp,2021-01-05,06103,quantile,0.05,17.991482519283768
33124,2020-12-27,9 day ahead inc hosp,2021-01-05,06103,quantile,0.1,19.053450080098266
33125,2020-12-27,9 day ahead inc hosp,2021-01-05,06103,quantile,0.15,19.7699545516775
33126,2020-12-27,9 day ahead inc hosp,2021-01-05,06103,quantile,0.2,20.339409592034702
33127,2020-12-27,9 day ahead inc hosp,2021-01-05,06103,quantile,0.25,20.827951311422936
33128,2020-12-27,9 day ahead inc hosp,2021-01-05,06103,quantile,0.3,21.266676874450162
33129,2020-12-27,9 day ahead inc hosp,2021-01-05,06103,quantile,0.35,21.67322149177417
33130,2020-12-27,9 day ahead inc hosp,2021-01-05,06103,quantile,0.4,22.05899257752985
33131,2020-12-27,9 day ahead inc hosp,2021-01-05,06103,quantile,0.45,22.432230567490873
33132,2020-12-27,9 day ahead inc hosp,2021-01-05,06103,quantile,0.5,22.799551010131836
33133,2020-12-27,9 day ahead inc hosp,2021-01-05,06103,quantile,0.55,23.541082635439757
33134,2020-12-27,9 day ahead inc hosp,2021-01-05,06103,quantile,0.6,24.294560365490796
33135,2020-12-27,9 day ahead inc hosp,2021-01-05,06103,quantile,0.65,25.073339401474964
33136,2020-12-27,9 day ahead inc hosp,2021-01-05,06103,quantile,0.7,25.894055201219125
33137,2020-12-27,9 day ahead inc hosp,2021-01-05,06103,quantile,0.75,26.779736590135734
33138,2020-12-27,9 day ahead inc hosp,2021-01-05,06103,quantile,0.8,27.765984816899362
33139,2020-12-27,9 day ahead inc hosp,2021-01-05,06103,quantile,0.85,28.91557757732356
33140,2020-12-27,9 day ahead inc hosp,2021-01-05,06103,quantile,0.9,30.36202777086715
33141,2020-12-27,9 day ahead inc hosp,2021-01-05,06103,quantile,0.95,32.505884850351244
33142,2020-12-27,9 day ahead inc hosp,2021-01-05,06103,quantile,0.975,34.365361144867705
33143,2020-12-27,9 day ahead inc hosp,2021-01-05,06103,quantile,0.99,36.52740419046303
33144,2020-12-27,10 day ahead inc hosp,2021-01-06,06103,point,NA,23.270578384399414
33145,2020-12-27,10 day ahead inc hosp,2021-01-06,06103,quantile,0.01,16.55365700556978
33146,2020-12-27,10 day ahead inc hosp,2021-01-06,06103,quantile,0.025,17.61152621236726
33147,2020-12-27,10 day ahead inc hosp,2021-01-06,06103,quantile,0.05,18.521352090601425
33148,2020-12-27,10 day ahead inc hosp,2021-01-06,06103,quantile,0.1,19.57032305941787
33149,2020-12-27,10 day ahead inc hosp,2021-01-06,06103,quantile,0.15,20.278058792077477
33150,2020-12-27,10 day ahead inc hosp,2021-01-06,06103,quantile,0.2,20.840544716716042
33151,2020-12-27,10 day ahead inc hosp,2021-01-06,06103,quantile,0.25,21.323107555359517
33152,2020-12-27,10 day ahead inc hosp,2021-01-06,06103,quantile,0.3,21.75646389869287
33153,2020-12-27,10 day ahead inc hosp,2021-01-06,06103,quantile,0.35,22.158033133796813
33154,2020-12-27,10 day ahead inc hosp,2021-01-06,06103,quantile,0.4,22.539083068369333
33155,2020-12-27,10 day ahead inc hosp,2021-01-06,06103,quantile,0.45,22.907753289923214
33156,2020-12-27,10 day ahead inc hosp,2021-01-06,06103,quantile,0.5,23.270578384399414
33157,2020-12-27,10 day ahead inc hosp,2021-01-06,06103,quantile,0.55,24.09292806779389
33158,2020-12-27,10 day ahead inc hosp,2021-01-06,06103,quantile,0.6,24.928525838145166
33159,2020-12-27,10 day ahead inc hosp,2021-01-06,06103,quantile,0.65,25.79218245347819
33160,2020-12-27,10 day ahead inc hosp,2021-01-06,06103,quantile,0.7,26.702346437106257
33161,2020-12-27,10 day ahead inc hosp,2021-01-06,06103,quantile,0.75,27.684556480354928
33162,2020-12-27,10 day ahead inc hosp,2021-01-06,06103,quantile,0.8,28.77829394123618
33163,2020-12-27,10 day ahead inc hosp,2021-01-06,06103,quantile,0.85,30.053178531862848
33164,2020-12-27,10 day ahead inc hosp,2021-01-06,06103,quantile,0.9,31.657274457255802
33165,2020-12-27,10 day ahead inc hosp,2021-01-06,06103,quantile,0.95,34.03478625902778
33166,2020-12-27,10 day ahead inc hosp,2021-01-06,06103,quantile,0.975,36.09692317927062
33167,2020-12-27,10 day ahead inc hosp,2021-01-06,06103,quantile,0.99,38.494602999456646
33168,2020-12-27,11 day ahead inc hosp,2021-01-07,06103,point,NA,24.095985412597656
33169,2020-12-27,11 day ahead inc hosp,2021-01-07,06103,quantile,0.01,16.305700916255216
33170,2020-12-27,11 day ahead inc hosp,2021-01-07,06103,quantile,0.025,17.532617477590406
33171,2020-12-27,11 day ahead inc hosp,2021-01-07,06103,quantile,0.05,18.587833406709073
33172,2020-12-27,11 day ahead inc hosp,2021-01-07,06103,quantile,0.1,19.804429792851074
33173,2020-12-27,11 day ahead inc hosp,2021-01-07,06103,quantile,0.15,20.625261598776778
33174,2020-12-27,11 day ahead inc hosp,2021-01-07,06103,quantile,0.2,21.277632697228753
33175,2020-12-27,11 day ahead inc hosp,2021-01-07,06103,quantile,0.25,21.8373090114765
33176,2020-12-27,11 day ahead inc hosp,2021-01-07,06103,quantile,0.3,22.339915639194643
33177,2020-12-27,11 day ahead inc hosp,2021-01-07,06103,quantile,0.35,22.805655583136556
33178,2020-12-27,11 day ahead inc hosp,2021-01-07,06103,quantile,0.4,23.24759724512901
33179,2020-12-27,11 day ahead inc hosp,2021-01-07,06103,quantile,0.45,23.675180917655897
33180,2020-12-27,11 day ahead inc hosp,2021-01-07,06103,quantile,0.5,24.095985412597656
33181,2020-12-27,11 day ahead inc hosp,2021-01-07,06103,quantile,0.55,25.105314435886598
33182,2020-12-27,11 day ahead inc hosp,2021-01-07,06103,quantile,0.6,26.13090379092804
33183,2020-12-27,11 day ahead inc hosp,2021-01-07,06103,quantile,0.65,27.190931788279332
33184,2020-12-27,11 day ahead inc hosp,2021-01-07,06103,quantile,0.7,28.308041629966255
33185,2020-12-27,11 day ahead inc hosp,2021-01-07,06103,quantile,0.75,29.513578792119226
33186,2020-12-27,11 day ahead inc hosp,2021-01-07,06103,quantile,0.8,30.856001590373346
33187,2020-12-27,11 day ahead inc hosp,2021-01-07,06103,quantile,0.85,32.42075931406068
33188,2020-12-27,11 day ahead inc hosp,2021-01-07,06103,quantile,0.9,34.3895818312112
33189,2020-12-27,11 day ahead inc hosp,2021-01-07,06103,quantile,0.95,37.307673384229204
33190,2020-12-27,11 day ahead inc hosp,2021-01-07,06103,quantile,0.975,39.83868261986888
33191,2020-12-27,11 day ahead inc hosp,2021-01-07,06103,quantile,0.99,42.78152783515314
33192,2020-12-27,12 day ahead inc hosp,2021-01-08,06103,point,NA,24.58195686340332
33193,2020-12-27,12 day ahead inc hosp,2021-01-08,06103,quantile,0.01,17.817054848086762
33194,2020-12-27,12 day ahead inc hosp,2021-01-08,06103,quantile,0.025,18.882480677181775
33195,2020-12-27,12 day ahead inc hosp,2021-01-08,06103,quantile,0.05,19.79880566747456
33196,2020-12-27,12 day ahead inc hosp,2021-01-08,06103,quantile,0.1,20.855269696266184
33197,2020-12-27,12 day ahead inc hosp,2021-01-08,06103,quantile,0.15,21.568060960917663
33198,2020-12-27,12 day ahead inc hosp,2021-01-08,06103,quantile,0.2,22.13456486211974
33199,2020-12-27,12 day ahead inc hosp,2021-01-08,06103,quantile,0.25,22.62057476688729
33200,2020-12-27,12 day ahead inc hosp,2021-01-08,06103,quantile,0.3,23.057026682136122
33201,2020-12-27,12 day ahead inc hosp,2021-01-08,06103,quantile,0.35,23.461464425952194
33202,2020-12-27,12 day ahead inc hosp,2021-01-08,06103,quantile,0.4,23.845236294780445
33203,2020-12-27,12 day ahead inc hosp,2021-01-08,06103,quantile,0.45,24.216540019227434
33204,2020-12-27,12 day ahead inc hosp,2021-01-08,06103,quantile,0.5,24.58195686340332
33205,2020-12-27,12 day ahead inc hosp,2021-01-08,06103,quantile,0.55,25.55727805127881
33206,2020-12-27,12 day ahead inc hosp,2021-01-08,06103,quantile,0.6,26.54831170329055
33207,2020-12-27,12 day ahead inc hosp,2021-01-08,06103,quantile,0.65,27.572623638945625
33208,2020-12-27,12 day ahead inc hosp,2021-01-08,06103,quantile,0.7,28.652094131363626
33209,2020-12-27,12 day ahead inc hosp,2021-01-08,06103,quantile,0.75,29.81701251762754
33210,2020-12-27,12 day ahead inc hosp,2021-01-08,06103,quantile,0.8,31.114204382732108
33211,2020-12-27,12 day ahead inc hosp,2021-01-08,06103,quantile,0.85,32.626239929704774
33212,2020-12-27,12 day ahead inc hosp,2021-01-08,06103,quantile,0.9,34.52872590983254
33213,2020-12-27,12 day ahead inc hosp,2021-01-08,06103,quantile,0.95,37.34849672207462
33214,2020-12-27,12 day ahead inc hosp,2021-01-08,06103,quantile,0.975,39.79422737805443
33215,2020-12-27,12 day ahead inc hosp,2021-01-08,06103,quantile,0.99,42.63791781484781
33216,2020-12-27,13 day ahead inc hosp,2021-01-09,06103,point,NA,24.81219482421875
33217,2020-12-27,13 day ahead inc hosp,2021-01-09,06103,quantile,0.01,12.215678983472511
33218,2020-12-27,13 day ahead inc hosp,2021-01-09,06103,quantile,0.025,14.199544130809393
33219,2020-12-27,13 day ahead inc hosp,2021-01-09,06103,quantile,0.05,15.905777603128888
33220,2020-12-27,13 day ahead inc hosp,2021-01-09,06103,quantile,0.1,17.87295552288617
33221,2020-12-27,13 day ahead inc hosp,2021-01-09,06103,quantile,0.15,19.20020112614828
33222,2020-12-27,13 day ahead inc hosp,2021-01-09,06103,quantile,0.2,20.25505385707916
33223,2020-12-27,13 day ahead inc hosp,2021-01-09,06103,quantile,0.25,21.16002357434971
33224,2020-12-27,13 day ahead inc hosp,2021-01-09,06103,quantile,0.3,21.972714349723596
33225,2020-12-27,13 day ahead inc hosp,2021-01-09,06103,quantile,0.35,22.725793468244486
33226,2020-12-27,13 day ahead inc hosp,2021-01-09,06103,quantile,0.4,23.44039190795325
33227,2020-12-27,13 day ahead inc hosp,2021-01-09,06103,quantile,0.45,24.131774168351846
33228,2020-12-27,13 day ahead inc hosp,2021-01-09,06103,quantile,0.5,24.81219482421875
33229,2020-12-27,13 day ahead inc hosp,2021-01-09,06103,quantile,0.55,25.796636794742753
33230,2020-12-27,13 day ahead inc hosp,2021-01-09,06103,quantile,0.6,26.79693816558366
33231,2020-12-27,13 day ahead inc hosp,2021-01-09,06103,quantile,0.65,27.830829024208445
33232,2020-12-27,13 day ahead inc hosp,2021-01-09,06103,quantile,0.7,28.92039425860398
33233,2020-12-27,13 day ahead inc hosp,2021-01-09,06103,quantile,0.75,30.096206458656063
33234,2020-12-27,13 day ahead inc hosp,2021-01-09,06103,quantile,0.8,31.405529102013084
33235,2020-12-27,13 day ahead inc hosp,2021-01-09,06103,quantile,0.85,32.93170455259104
33236,2020-12-27,13 day ahead inc hosp,2021-01-09,06103,quantile,0.9,34.85198176019576
33237,2020-12-27,13 day ahead inc hosp,2021-01-09,06103,quantile,0.95,37.698121851621764
33238,2020-12-27,13 day ahead inc hosp,2021-01-09,06103,quantile,0.975,40.16672392473809
33239,2020-12-27,13 day ahead inc hosp,2021-01-09,06103,quantile,0.99,43.03700732671676
33240,2020-12-27,14 day ahead inc hosp,2021-01-10,06103,point,NA,26.096511840820312
33241,2020-12-27,14 day ahead inc hosp,2021-01-10,06103,quantile,0.01,13.307609771278711
33242,2020-12-27,14 day ahead inc hosp,2021-01-10,06103,quantile,0.025,15.321774434684958
33243,2020-12-27,14 day ahead inc hosp,2021-01-10,06103,quantile,0.05,17.0540671623838
33244,2020-12-27,14 day ahead inc hosp,2021-01-10,06103,quantile,0.1,19.051289734657402
33245,2020-12-27,14 day ahead inc hosp,2021-01-10,06103,quantile,0.15,20.39880632233497
33246,2020-12-27,14 day ahead inc hosp,2021-01-10,06103,quantile,0.2,21.469769789075976
33247,2020-12-27,14 day ahead inc hosp,2021-01-10,06103,quantile,0.25,22.388561083144495
33248,2020-12-27,14 day ahead inc hosp,2021-01-10,06103,quantile,0.3,23.21366406165674
33249,2020-12-27,14 day ahead inc hosp,2021-01-10,06103,quantile,0.35,23.978244936173375
33250,2020-12-27,14 day ahead inc hosp,2021-01-10,06103,quantile,0.4,24.703757417562926
33251,2020-12-27,14 day ahead inc hosp,2021-01-10,06103,quantile,0.45,25.40569913959486
33252,2020-12-27,14 day ahead inc hosp,2021-01-10,06103,quantile,0.5,26.096511840820312
33253,2020-12-27,14 day ahead inc hosp,2021-01-10,06103,quantile,0.55,27.084171515319095
33254,2020-12-27,14 day ahead inc hosp,2021-01-10,06103,quantile,0.6,28.08774242747712
33255,2020-12-27,14 day ahead inc hosp,2021-01-10,06103,quantile,0.65,29.12501261654991
33256,2020-12-27,14 day ahead inc hosp,2021-01-10,06103,quantile,0.7,30.21813915622343
33257,2020-12-27,14 day ahead inc hosp,2021-01-10,06103,quantile,0.75,31.397794564613825
33258,2020-12-27,14 day ahead inc hosp,2021-01-10,06103,quantile,0.8,32.71139680270567
33259,2020-12-27,14 day ahead inc hosp,2021-01-10,06103,quantile,0.85,34.242560643621076
33260,2020-12-27,14 day ahead inc hosp,2021-01-10,06103,quantile,0.9,36.169114385332016
33261,2020-12-27,14 day ahead inc hosp,2021-01-10,06103,quantile,0.95,39.02455724579791
33262,2020-12-27,14 day ahead inc hosp,2021-01-10,06103,quantile,0.975,41.50122808369739
33263,2020-12-27,14 day ahead inc hosp,2021-01-10,06103,quantile,0.99,44.380893168485024
33264,2020-12-27,15 day ahead inc hosp,2021-01-11,06103,point,NA,26.146530151367188
33265,2020-12-27,15 day ahead inc hosp,2021-01-11,06103,quantile,0.01,19.839909300399434
33266,2020-12-27,15 day ahead inc hosp,2021-01-11,06103,quantile,0.025,20.833158978475637
33267,2020-12-27,15 day ahead inc hosp,2021-01-11,06103,quantile,0.05,21.6874084970879
33268,2020-12-27,15 day ahead inc hosp,2021-01-11,06103,quantile,0.1,22.6723034825865
33269,2020-12-27,15 day ahead inc hosp,2021-01-11,06103,quantile,0.15,23.33680745350297
33270,2020-12-27,15 day ahead inc hosp,2021-01-11,06103,quantile,0.2,23.864934144382826
33271,2020-12-27,15 day ahead inc hosp,2021-01-11,06103,quantile,0.25,24.318019819865512
33272,2020-12-27,15 day ahead inc hosp,2021-01-11,06103,quantile,0.3,24.72490475965045
33273,2020-12-27,15 day ahead inc hosp,2021-01-11,06103,quantile,0.35,25.10194429433903
33274,2020-12-27,15 day ahead inc hosp,2021-01-11,06103,quantile,0.4,25.459717941982007
33275,2020-12-27,15 day ahead inc hosp,2021-01-11,06103,quantile,0.45,25.805868086557275
33276,2020-12-27,15 day ahead inc hosp,2021-01-11,06103,quantile,0.5,26.146530151367188
33277,2020-12-27,15 day ahead inc hosp,2021-01-11,06103,quantile,0.55,27.000776748511655
33278,2020-12-27,15 day ahead inc hosp,2021-01-11,06103,quantile,0.6,27.868785293195046
33279,2020-12-27,15 day ahead inc hosp,2021-01-11,06103,quantile,0.65,28.765941016176747
33280,2020-12-27,15 day ahead inc hosp,2021-01-11,06103,quantile,0.7,29.71140801343802
33281,2020-12-27,15 day ahead inc hosp,2021-01-11,06103,quantile,0.75,30.73171555908319
33282,2020-12-27,15 day ahead inc hosp,2021-01-11,06103,quantile,0.8,31.867876395517847
33283,2020-12-27,15 day ahead inc hosp,2021-01-11,06103,quantile,0.85,33.1922106115892
33284,2020-12-27,15 day ahead inc hosp,2021-01-11,06103,quantile,0.9,34.85852545724461
33285,2020-12-27,15 day ahead inc hosp,2021-01-11,06103,quantile,0.95,37.32825507147769
33286,2020-12-27,15 day ahead inc hosp,2021-01-11,06103,quantile,0.975,39.47037719122125
33287,2020-12-27,15 day ahead inc hosp,2021-01-11,06103,quantile,0.99,41.961057091505666
33288,2020-12-27,16 day ahead inc hosp,2021-01-12,06103,point,NA,27.751293182373047
33289,2020-12-27,16 day ahead inc hosp,2021-01-12,06103,quantile,0.01,21.104842722075816
33290,2020-12-27,16 day ahead inc hosp,2021-01-12,06103,quantile,0.025,22.151613240875378
33291,2020-12-27,16 day ahead inc hosp,2021-01-12,06103,quantile,0.05,23.051893635140388
33292,2020-12-27,16 day ahead inc hosp,2021-01-12,06103,quantile,0.1,24.08985927227031
33293,2020-12-27,16 day ahead inc hosp,2021-01-12,06103,quantile,0.15,24.79016975988895
33294,2020-12-27,16 day ahead inc hosp,2021-01-12,06103,quantile,0.2,25.34675433515401
33295,2020-12-27,16 day ahead inc hosp,2021-01-12,06103,quantile,0.25,25.824254341501128
33296,2020-12-27,16 day ahead inc hosp,2021-01-12,06103,quantile,0.3,26.25306410495895
33297,2020-12-27,16 day ahead inc hosp,2021-01-12,06103,quantile,0.35,26.650420256232355
33298,2020-12-27,16 day ahead inc hosp,2021-01-12,06103,quantile,0.4,27.027472386248064
33299,2020-12-27,16 day ahead inc hosp,2021-01-12,06103,quantile,0.45,27.39227468562701
33300,2020-12-27,16 day ahead inc hosp,2021-01-12,06103,quantile,0.5,27.751293182373047
33301,2020-12-27,16 day ahead inc hosp,2021-01-12,06103,quantile,0.55,28.490845110816483
33302,2020-12-27,16 day ahead inc hosp,2021-01-12,06103,quantile,0.6,29.24231125100577
33303,2020-12-27,16 day ahead inc hosp,2021-01-12,06103,quantile,0.65,30.019011149212066
33304,2020-12-27,16 day ahead inc hosp,2021-01-12,06103,quantile,0.7,30.837535850910058
33305,2020-12-27,16 day ahead inc hosp,2021-01-12,06103,quantile,0.75,31.72085270052891
33306,2020-12-27,16 day ahead inc hosp,2021-01-12,06103,quantile,0.8,32.70446790065485
33307,2020-12-27,16 day ahead inc hosp,2021-01-12,06103,quantile,0.85,33.850991546956905
33308,2020-12-27,16 day ahead inc hosp,2021-01-12,06103,quantile,0.9,35.29358009412554
33309,2020-12-27,16 day ahead inc hosp,2021-01-12,06103,quantile,0.95,37.43171363196514
33310,2020-12-27,16 day ahead inc hosp,2021-01-12,06103,quantile,0.975,39.28622560767955
33311,2020-12-27,16 day ahead inc hosp,2021-01-12,06103,quantile,0.99,41.44249655982375
33312,2020-12-27,17 day ahead inc hosp,2021-01-13,06103,point,NA,28.712465286254883
33313,2020-12-27,17 day ahead inc hosp,2021-01-13,06103,quantile,0.01,22.046334927870454
33314,2020-12-27,17 day ahead inc hosp,2021-01-13,06103,quantile,0.025,23.09620489610603
33315,2020-12-27,17 day ahead inc hosp,2021-01-13,06103,quantile,0.05,23.99915098787603
33316,2020-12-27,17 day ahead inc hosp,2021-01-13,06103,quantile,0.1,25.040190003507565
33317,2020-12-27,17 day ahead inc hosp,2021-01-13,06103,quantile,0.15,25.742574085010347
33318,2020-12-27,17 day ahead inc hosp,2021-01-13,06103,quantile,0.2,26.30080668696026
33319,2020-12-27,17 day ahead inc hosp,2021-01-13,06103,quantile,0.25,26.779720553459907
33320,2020-12-27,17 day ahead inc hosp,2021-01-13,06103,quantile,0.3,27.209800007031877
33321,2020-12-27,17 day ahead inc hosp,2021-01-13,06103,quantile,0.35,27.6083327154177
33322,2020-12-27,17 day ahead inc hosp,2021-01-13,06103,quantile,0.4,27.986501283077317
33323,2020-12-27,17 day ahead inc hosp,2021-01-13,06103,quantile,0.45,28.35238374879718
33324,2020-12-27,17 day ahead inc hosp,2021-01-13,06103,quantile,0.5,28.712465286254883
33325,2020-12-27,17 day ahead inc hosp,2021-01-13,06103,quantile,0.55,29.53375192893769
33326,2020-12-27,17 day ahead inc hosp,2021-01-13,06103,quantile,0.6,30.368269532948055
33327,2020-12-27,17 day ahead inc hosp,2021-01-13,06103,quantile,0.65,31.230809710637168
33328,2020-12-27,17 day ahead inc hosp,2021-01-13,06103,quantile,0.7,32.13979713715282
33329,2020-12-27,17 day ahead inc hosp,2021-01-13,06103,quantile,0.75,33.12073749028734
33330,2020-12-27,17 day ahead inc hosp,2021-01-13,06103,quantile,0.8,34.213061091016066
33331,2020-12-27,17 day ahead inc hosp,2021-01-13,06103,quantile,0.85,35.48629765495788
33332,2020-12-27,17 day ahead inc hosp,2021-01-13,06103,quantile,0.9,37.088319986466686
33333,2020-12-27,17 day ahead inc hosp,2021-01-13,06103,quantile,0.95,39.462758409737056
33334,2020-12-27,17 day ahead inc hosp,2021-01-13,06103,quantile,0.975,41.52222963247491
33335,2020-12-27,17 day ahead inc hosp,2021-01-13,06103,quantile,0.99,43.91681000322492
33336,2020-12-27,18 day ahead inc hosp,2021-01-14,06103,point,NA,29.885814666748047
33337,2020-12-27,18 day ahead inc hosp,2021-01-14,06103,quantile,0.01,22.458777982120452
33338,2020-12-27,18 day ahead inc hosp,2021-01-14,06103,quantile,0.025,23.628485495920735
33339,2020-12-27,18 day ahead inc hosp,2021-01-14,06103,quantile,0.05,24.634498488058224
33340,2020-12-27,18 day ahead inc hosp,2021-01-14,06103,quantile,0.1,25.794367039008357
33341,2020-12-27,18 day ahead inc hosp,2021-01-14,06103,quantile,0.15,26.576924843846108
33342,2020-12-27,18 day ahead inc hosp,2021-01-14,06103,quantile,0.2,27.198876979543908
33343,2020-12-27,18 day ahead inc hosp,2021-01-14,06103,quantile,0.25,27.73245653230437
33344,2020-12-27,18 day ahead inc hosp,2021-01-14,06103,quantile,0.3,28.211627461652615
33345,2020-12-27,18 day ahead inc hosp,2021-01-14,06103,quantile,0.35,28.655650738437565
33346,2020-12-27,18 day ahead inc hosp,2021-01-14,06103,quantile,0.4,29.076985406975577
33347,2020-12-27,18 day ahead inc hosp,2021-01-14,06103,quantile,0.45,29.484631574852497
33348,2020-12-27,18 day ahead inc hosp,2021-01-14,06103,quantile,0.5,29.885814666748047
33349,2020-12-27,18 day ahead inc hosp,2021-01-14,06103,quantile,0.55,30.88700949018074
33350,2020-12-27,18 day ahead inc hosp,2021-01-14,06103,quantile,0.6,31.904333603074328
33351,2020-12-27,18 day ahead inc hosp,2021-01-14,06103,quantile,0.65,32.95581881667055
33352,2020-12-27,18 day ahead inc hosp,2021-01-14,06103,quantile,0.7,34.06392585104292
33353,2020-12-27,18 day ahead inc hosp,2021-01-14,06103,quantile,0.75,35.25974756859377
33354,2020-12-27,18 day ahead inc hosp,2021-01-14,06103,quantile,0.8,36.591351758563945
33355,2020-12-27,18 day ahead inc hosp,2021-01-14,06103,quantile,0.85,38.14349907300178
33356,2020-12-27,18 day ahead inc hosp,2021-01-14,06103,quantile,0.9,40.09645481582355
33357,2020-12-27,18 day ahead inc hosp,2021-01-14,06103,quantile,0.95,42.99102941912211
33358,2020-12-27,18 day ahead inc hosp,2021-01-14,06103,quantile,0.975,45.50164120805643
33359,2020-12-27,18 day ahead inc hosp,2021-01-14,06103,quantile,0.99,48.4207699834338
33360,2020-12-27,19 day ahead inc hosp,2021-01-15,06103,point,NA,30.382553100585938
33361,2020-12-27,19 day ahead inc hosp,2021-01-15,06103,quantile,0.01,23.865403042796494
33362,2020-12-27,19 day ahead inc hosp,2021-01-15,06103,quantile,0.025,24.891809631973384
33363,2020-12-27,19 day ahead inc hosp,2021-01-15,06103,quantile,0.05,25.77457592332832
33364,2020-12-27,19 day ahead inc hosp,2021-01-15,06103,quantile,0.1,26.792348921474193
33365,2020-12-27,19 day ahead inc hosp,2021-01-15,06103,quantile,0.15,27.479035531435066
33366,2020-12-27,19 day ahead inc hosp,2021-01-15,06103,quantile,0.2,28.02479228062344
33367,2020-12-27,19 day ahead inc hosp,2021-01-15,06103,quantile,0.25,28.493002976324682
33368,2020-12-27,19 day ahead inc hosp,2021-01-15,06103,quantile,0.3,28.913470651724282
33369,2020-12-27,19 day ahead inc hosp,2021-01-15,06103,quantile,0.35,29.303096615192107
33370,2020-12-27,19 day ahead inc hosp,2021-01-15,06103,quantile,0.4,29.67281355291703
33371,2020-12-27,19 day ahead inc hosp,2021-01-15,06103,quantile,0.45,30.03051896886516
33372,2020-12-27,19 day ahead inc hosp,2021-01-15,06103,quantile,0.5,30.382553100585938
33373,2020-12-27,19 day ahead inc hosp,2021-01-15,06103,quantile,0.55,31.341194418112167
33374,2020-12-27,19 day ahead inc hosp,2021-01-15,06103,quantile,0.6,32.315279486382664
33375,2020-12-27,19 day ahead inc hosp,2021-01-15,06103,quantile,0.65,33.322073715566965
33376,2020-12-27,19 day ahead inc hosp,2021-01-15,06103,quantile,0.7,34.38308318398259
33377,2020-12-27,19 day ahead inc hosp,2021-01-15,06103,quantile,0.75,35.52807922272458
33378,2020-12-27,19 day ahead inc hosp,2021-01-15,06103,quantile,0.8,36.803086609118914
33379,2020-12-27,19 day ahead inc hosp,2021-01-15,06103,quantile,0.85,38.28926343672764
33380,2020-12-27,19 day ahead inc hosp,2021-01-15,06103,quantile,0.9,40.159213243249916
33381,2020-12-27,19 day ahead inc hosp,2021-01-15,06103,quantile,0.95,42.930760544973076
33382,2020-12-27,19 day ahead inc hosp,2021-01-15,06103,quantile,0.975,45.33466449734171
33383,2020-12-27,19 day ahead inc hosp,2021-01-15,06103,quantile,0.99,48.12972235197775
33384,2020-12-27,20 day ahead inc hosp,2021-01-16,06103,point,NA,31.102476119995117
33385,2020-12-27,20 day ahead inc hosp,2021-01-16,06103,quantile,0.01,19.0233981678603
33386,2020-12-27,20 day ahead inc hosp,2021-01-16,06103,quantile,0.025,20.925770384445073
33387,2020-12-27,20 day ahead inc hosp,2021-01-16,06103,quantile,0.05,22.56191544052654
33388,2020-12-27,20 day ahead inc hosp,2021-01-16,06103,quantile,0.1,24.44828590509612
33389,2020-12-27,20 day ahead inc hosp,2021-01-16,06103,quantile,0.15,25.721011101977346
33390,2020-12-27,20 day ahead inc hosp,2021-01-16,06103,quantile,0.2,26.732532742248758
33391,2020-12-27,20 day ahead inc hosp,2021-01-16,06103,quantile,0.25,27.600328242006952
33392,2020-12-27,20 day ahead inc hosp,2021-01-16,06103,quantile,0.3,28.379635421137245
33393,2020-12-27,20 day ahead inc hosp,2021-01-16,06103,quantile,0.35,29.101779662588058
33394,2020-12-27,20 day ahead inc hosp,2021-01-16,06103,quantile,0.4,29.78702392908554
33395,2020-12-27,20 day ahead inc hosp,2021-01-16,06103,quantile,0.45,30.45000568718914
33396,2020-12-27,20 day ahead inc hosp,2021-01-16,06103,quantile,0.5,31.102476119995117
33397,2020-12-27,20 day ahead inc hosp,2021-01-16,06103,quantile,0.55,32.07723921299498
33398,2020-12-27,20 day ahead inc hosp,2021-01-16,06103,quantile,0.6,33.067705779199876
33399,2020-12-27,20 day ahead inc hosp,2021-01-16,06103,quantile,0.65,34.091431586665145
33400,2020-12-27,20 day ahead inc hosp,2021-01-16,06103,quantile,0.7,35.17028438825709
33401,2020-12-27,20 day ahead inc hosp,2021-01-16,06103,quantile,0.75,36.334536189000275
33402,2020-12-27,20 day ahead inc hosp,2021-01-16,06103,quantile,0.8,37.63098577951713
33403,2020-12-27,20 day ahead inc hosp,2021-01-16,06103,quantile,0.85,39.14215611480259
33404,2020-12-27,20 day ahead inc hosp,2021-01-16,06103,quantile,0.9,41.04355346106322
33405,2020-12-27,20 day ahead inc hosp,2021-01-16,06103,quantile,0.95,43.86171075392285
33406,2020-12-27,20 day ahead inc hosp,2021-01-16,06103,quantile,0.975,46.30604192246895
33407,2020-12-27,20 day ahead inc hosp,2021-01-16,06103,quantile,0.99,49.14810515267605
33408,2020-12-27,21 day ahead inc hosp,2021-01-17,06103,point,NA,34.4188346862793
33409,2020-12-27,21 day ahead inc hosp,2021-01-17,06103,quantile,0.01,22.058211393193186
33410,2020-12-27,21 day ahead inc hosp,2021-01-17,06103,quantile,0.025,24.004925076606554
33411,2020-12-27,21 day ahead inc hosp,2021-01-17,06103,quantile,0.05,25.679206240384786
33412,2020-12-27,21 day ahead inc hosp,2021-01-17,06103,quantile,0.1,27.609545194744094
33413,2020-12-27,21 day ahead inc hosp,2021-01-17,06103,quantile,0.15,28.911935722945568
33414,2020-12-27,21 day ahead inc hosp,2021-01-17,06103,quantile,0.2,29.947034428140174
33415,2020-12-27,21 day ahead inc hosp,2021-01-17,06103,quantile,0.25,30.835056950260803
33416,2020-12-27,21 day ahead inc hosp,2021-01-17,06103,quantile,0.3,31.63252862061497
33417,2020-12-27,21 day ahead inc hosp,2021-01-17,06103,quantile,0.35,32.371504970235044
33418,2020-12-27,21 day ahead inc hosp,2021-01-17,06103,quantile,0.4,33.07272126136971
33419,2020-12-27,21 day ahead inc hosp,2021-01-17,06103,quantile,0.45,33.751156138152524
33420,2020-12-27,21 day ahead inc hosp,2021-01-17,06103,quantile,0.5,34.4188346862793
33421,2020-12-27,21 day ahead inc hosp,2021-01-17,06103,quantile,0.55,35.37658025973255
33422,2020-12-27,21 day ahead inc hosp,2021-01-17,06103,quantile,0.6,36.3497551534565
33423,2020-12-27,21 day ahead inc hosp,2021-01-17,06103,quantile,0.65,37.35560864500826
33424,2020-12-27,21 day ahead inc hosp,2021-01-17,06103,quantile,0.7,38.41562671765852
33425,2020-12-27,21 day ahead inc hosp,2021-01-17,06103,quantile,0.75,39.55955288449269
33426,2020-12-27,21 day ahead inc hosp,2021-01-17,06103,quantile,0.8,40.833368917782906
33427,2020-12-27,21 day ahead inc hosp,2021-01-17,06103,quantile,0.85,42.318157077846855
33428,2020-12-27,21 day ahead inc hosp,2021-01-17,06103,quantile,0.9,44.186359623505936
33429,2020-12-27,21 day ahead inc hosp,2021-01-17,06103,quantile,0.95,46.955317221423186
33430,2020-12-27,21 day ahead inc hosp,2021-01-17,06103,quantile,0.975,49.35697499195303
33431,2020-12-27,21 day ahead inc hosp,2021-01-17,06103,quantile,0.99,52.14942117477693
33432,2020-12-27,22 day ahead inc hosp,2021-01-18,06103,point,NA,31.427968978881836
33433,2020-12-27,22 day ahead inc hosp,2021-01-18,06103,quantile,0.01,24.398002330910106
33434,2020-12-27,22 day ahead inc hosp,2021-01-18,06103,quantile,0.025,25.505174027923236
33435,2020-12-27,22 day ahead inc hosp,2021-01-18,06103,quantile,0.05,26.457402767656117
33436,2020-12-27,22 day ahead inc hosp,2021-01-18,06103,quantile,0.1,27.555261520136423
33437,2020-12-27,22 day ahead inc hosp,2021-01-18,06103,quantile,0.15,28.295981608338764
33438,2020-12-27,22 day ahead inc hosp,2021-01-18,06103,quantile,0.2,28.884682453137344
33439,2020-12-27,22 day ahead inc hosp,2021-01-18,06103,quantile,0.25,29.389735359057358
33440,2020-12-27,22 day ahead inc hosp,2021-01-18,06103,quantile,0.3,29.8432884778898
33441,2020-12-27,22 day ahead inc hosp,2021-01-18,06103,quantile,0.35,30.26357303541489
33442,2020-12-27,22 day ahead inc hosp,2021-01-18,06103,quantile,0.4,30.66238198078971
33443,2020-12-27,22 day ahead inc hosp,2021-01-18,06103,quantile,0.45,31.048234250818172
33444,2020-12-27,22 day ahead inc hosp,2021-01-18,06103,quantile,0.5,31.427968978881836
33445,2020-12-27,22 day ahead inc hosp,2021-01-18,06103,quantile,0.55,32.409105402711745
33446,2020-12-27,22 day ahead inc hosp,2021-01-18,06103,quantile,0.6,33.40604797436644
33447,2020-12-27,22 day ahead inc hosp,2021-01-18,06103,quantile,0.65,34.43646724745128
33448,2020-12-27,22 day ahead inc hosp,2021-01-18,06103,quantile,0.7,35.52237395359793
33449,2020-12-27,22 day ahead inc hosp,2021-01-18,06103,quantile,0.75,36.69423802643974
33450,2020-12-27,22 day ahead inc hosp,2021-01-18,06103,quantile,0.8,37.99916424292262
33451,2020-12-27,22 day ahead inc hosp,2021-01-18,06103,quantile,0.85,39.52021512103586
33452,2020-12-27,22 day ahead inc hosp,2021-01-18,06103,quantile,0.9,41.434044446322076
33453,2020-12-27,22 day ahead inc hosp,2021-01-18,06103,quantile,0.95,44.27062780484575
33454,2020-12-27,22 day ahead inc hosp,2021-01-18,06103,quantile,0.975,46.730940837402926
33455,2020-12-27,22 day ahead inc hosp,2021-01-18,06103,quantile,0.99,49.59158643837899
33456,2020-12-27,23 day ahead inc hosp,2021-01-19,06103,point,NA,32.8521614074707
33457,2020-12-27,23 day ahead inc hosp,2021-01-19,06103,quantile,0.01,26.075657892005058
33458,2020-12-27,23 day ahead inc hosp,2021-01-19,06103,quantile,0.025,27.142910878076936
33459,2020-12-27,23 day ahead inc hosp,2021-01-19,06103,quantile,0.05,28.06080732417018
33460,2020-12-27,23 day ahead inc hosp,2021-01-19,06103,quantile,0.1,29.11908314085759
33461,2020-12-27,23 day ahead inc hosp,2021-01-19,06103,quantile,0.15,29.83309681020087
33462,2020-12-27,23 day ahead inc hosp,2021-01-19,06103,quantile,0.2,30.400572239900978
33463,2020-12-27,23 day ahead inc hosp,2021-01-19,06103,quantile,0.25,30.887415629613297
33464,2020-12-27,23 day ahead inc hosp,2021-01-19,06103,quantile,0.3,31.32461604010247
33465,2020-12-27,23 day ahead inc hosp,2021-01-19,06103,quantile,0.35,31.729747376306804
33466,2020-12-27,23 day ahead inc hosp,2021-01-19,06103,quantile,0.4,32.114177396484976
33467,2020-12-27,23 day ahead inc hosp,2021-01-19,06103,quantile,0.45,32.48611788997973
33468,2020-12-27,23 day ahead inc hosp,2021-01-19,06103,quantile,0.5,32.8521614074707
33469,2020-12-27,23 day ahead inc hosp,2021-01-19,06103,quantile,0.55,33.65895226378713
33470,2020-12-27,23 day ahead inc hosp,2021-01-19,06103,quantile,0.6,34.478740553721224
33471,2020-12-27,23 day ahead inc hosp,2021-01-19,06103,quantile,0.65,35.32605681627717
33472,2020-12-27,23 day ahead inc hosp,2021-01-19,06103,quantile,0.7,36.21900052935624
33473,2020-12-27,23 day ahead inc hosp,2021-01-19,06103,quantile,0.75,37.1826271931426
33474,2020-12-27,23 day ahead inc hosp,2021-01-19,06103,quantile,0.8,38.25567117974367
33475,2020-12-27,23 day ahead inc hosp,2021-01-19,06103,quantile,0.85,39.50643499876846
33476,2020-12-27,23 day ahead inc hosp,2021-01-19,06103,quantile,0.9,41.08018148568802
33477,2020-12-27,23 day ahead inc hosp,2021-01-19,06103,quantile,0.95,43.41271084781571
33478,2020-12-27,23 day ahead inc hosp,2021-01-19,06103,quantile,0.975,45.43583221007732
33479,2020-12-27,23 day ahead inc hosp,2021-01-19,06103,quantile,0.99,47.78814801242021
33480,2020-12-27,24 day ahead inc hosp,2021-01-20,06103,point,NA,34.445411682128906
33481,2020-12-27,24 day ahead inc hosp,2021-01-20,06103,quantile,0.01,27.663402764814055
33482,2020-12-27,24 day ahead inc hosp,2021-01-20,06103,quantile,0.025,28.73152281404759
33483,2020-12-27,24 day ahead inc hosp,2021-01-20,06103,quantile,0.05,29.650164982293884
33484,2020-12-27,24 day ahead inc hosp,2021-01-20,06103,quantile,0.1,30.709300568864812
33485,2020-12-27,24 day ahead inc hosp,2021-01-20,06103,quantile,0.15,31.423894320866737
33486,2020-12-27,24 day ahead inc hosp,2021-01-20,06103,quantile,0.2,31.99183078187494
33487,2020-12-27,24 day ahead inc hosp,2021-01-20,06103,quantile,0.25,32.4790696953986
33488,2020-12-27,24 day ahead inc hosp,2021-01-20,06103,quantile,0.3,32.91662529849453
33489,2020-12-27,24 day ahead inc hosp,2021-01-20,06103,quantile,0.35,33.32208577358331
33490,2020-12-27,24 day ahead inc hosp,2021-01-20,06103,quantile,0.4,33.70682811437626
33491,2020-12-27,24 day ahead inc hosp,2021-01-20,06103,quantile,0.45,34.079070781680265
33492,2020-12-27,24 day ahead inc hosp,2021-01-20,06103,quantile,0.5,34.445411682128906
33493,2020-12-27,24 day ahead inc hosp,2021-01-20,06103,quantile,0.55,35.305375366268564
33494,2020-12-27,24 day ahead inc hosp,2021-01-20,06103,quantile,0.6,36.17919310045193
33495,2020-12-27,24 day ahead inc hosp,2021-01-20,06103,quantile,0.65,37.08235308184528
33496,2020-12-27,24 day ahead inc hosp,2021-01-20,06103,quantile,0.7,38.03414766307643
33497,2020-12-27,24 day ahead inc hosp,2021-01-20,06103,quantile,0.75,39.06128366670997
33498,2020-12-27,24 day ahead inc hosp,2021-01-20,06103,quantile,0.8,40.20504831492934
33499,2020-12-27,24 day ahead inc hosp,2021-01-20,06103,quantile,0.85,41.53824570230193
33500,2020-12-27,24 day ahead inc hosp,2021-01-20,06103,quantile,0.9,43.215712441293334
33501,2020-12-27,24 day ahead inc hosp,2021-01-20,06103,quantile,0.95,45.7019708413669
33502,2020-12-27,24 day ahead inc hosp,2021-01-20,06103,quantile,0.975,47.858429217823485
33503,2020-12-27,24 day ahead inc hosp,2021-01-20,06103,quantile,0.99,50.3657781147591
33504,2020-12-27,25 day ahead inc hosp,2021-01-21,06103,point,NA,36.431278228759766
33505,2020-12-27,25 day ahead inc hosp,2021-01-21,06103,quantile,0.01,28.608695670712414
33506,2020-12-27,25 day ahead inc hosp,2021-01-21,06103,quantile,0.025,29.840698956007863
33507,2020-12-27,25 day ahead inc hosp,2021-01-21,06103,quantile,0.05,30.900289748356073
33508,2020-12-27,25 day ahead inc hosp,2021-01-21,06103,quantile,0.1,32.12193007161847
33509,2020-12-27,25 day ahead inc hosp,2021-01-21,06103,quantile,0.15,32.94616499797316
33510,2020-12-27,25 day ahead inc hosp,2021-01-21,06103,quantile,0.2,33.60124078866099
33511,2020-12-27,25 day ahead inc hosp,2021-01-21,06103,quantile,0.25,34.163237488016726
33512,2020-12-27,25 day ahead inc hosp,2021-01-21,06103,quantile,0.3,34.66792789327637
33513,2020-12-27,25 day ahead inc hosp,2021-01-21,06103,quantile,0.35,35.13559876765541
33514,2020-12-27,25 day ahead inc hosp,2021-01-21,06103,quantile,0.4,35.5793726938066
33515,2020-12-27,25 day ahead inc hosp,2021-01-21,06103,quantile,0.45,36.00872910311168
33516,2020-12-27,25 day ahead inc hosp,2021-01-21,06103,quantile,0.5,36.431278228759766
33517,2020-12-27,25 day ahead inc hosp,2021-01-21,06103,quantile,0.55,37.47520769625751
33518,2020-12-27,25 day ahead inc hosp,2021-01-21,06103,quantile,0.6,38.53595491007589
33519,2020-12-27,25 day ahead inc hosp,2021-01-21,06103,quantile,0.65,39.632321344880026
33520,2020-12-27,25 day ahead inc hosp,2021-01-21,06103,quantile,0.7,40.78772642613753
33521,2020-12-27,25 day ahead inc hosp,2021-01-21,06103,quantile,0.75,42.03459017294056
33522,2020-12-27,25 day ahead inc hosp,2021-01-21,06103,quantile,0.8,43.42303208296486
33523,2020-12-27,25 day ahead inc hosp,2021-01-21,06103,quantile,0.85,45.04143070181076
33524,2020-12-27,25 day ahead inc hosp,2021-01-21,06103,quantile,0.9,47.07774571356896
33525,2020-12-27,25 day ahead inc hosp,2021-01-21,06103,quantile,0.95,50.09587131063672
33526,2020-12-27,25 day ahead inc hosp,2021-01-21,06103,quantile,0.975,52.713645161014554
33527,2020-12-27,25 day ahead inc hosp,2021-01-21,06103,quantile,0.99,55.757372991716736
33528,2020-12-27,26 day ahead inc hosp,2021-01-22,06103,point,NA,35.62964630126953
33529,2020-12-27,26 day ahead inc hosp,2021-01-22,06103,quantile,0.01,29.072289505070785
33530,2020-12-27,26 day ahead inc hosp,2021-01-22,06103,quantile,0.025,30.105028380732822
33531,2020-12-27,26 day ahead inc hosp,2021-01-22,06103,quantile,0.05,30.993240787803728
33532,2020-12-27,26 day ahead inc hosp,2021-01-22,06103,quantile,0.1,32.01729280857968
33533,2020-12-27,26 day ahead inc hosp,2021-01-22,06103,quantile,0.15,32.70821584529934
33534,2020-12-27,26 day ahead inc hosp,2021-01-22,06103,quantile,0.2,33.25733957217815
33535,2020-12-27,26 day ahead inc hosp,2021-01-22,06103,quantile,0.25,33.72843883493639
33536,2020-12-27,26 day ahead inc hosp,2021-01-22,06103,quantile,0.3,34.1515005328281
33537,2020-12-27,26 day ahead inc hosp,2021-01-22,06103,quantile,0.35,34.5435302447215
33538,2020-12-27,26 day ahead inc hosp,2021-01-22,06103,quantile,0.4,34.91552810463922
33539,2020-12-27,26 day ahead inc hosp,2021-01-22,06103,quantile,0.45,35.27544033920577
33540,2020-12-27,26 day ahead inc hosp,2021-01-22,06103,quantile,0.5,35.62964630126953
33541,2020-12-27,26 day ahead inc hosp,2021-01-22,06103,quantile,0.55,36.59693766992796
33542,2020-12-27,26 day ahead inc hosp,2021-01-22,06103,quantile,0.6,37.579812142007384
33543,2020-12-27,26 day ahead inc hosp,2021-01-22,06103,quantile,0.65,38.595690917625085
33544,2020-12-27,26 day ahead inc hosp,2021-01-22,06103,quantile,0.7,39.66627412961483
33545,2020-12-27,26 day ahead inc hosp,2021-01-22,06103,quantile,0.75,40.8216017429512
33546,2020-12-27,26 day ahead inc hosp,2021-01-22,06103,quantile,0.8,42.10811382759358
33547,2020-12-27,26 day ahead inc hosp,2021-01-22,06103,quantile,0.85,43.60770078609827
33548,2020-12-27,26 day ahead inc hosp,2021-01-22,06103,quantile,0.9,45.494523599391016
33549,2020-12-27,26 day ahead inc hosp,2021-01-22,06103,quantile,0.95,48.29107923889069
33550,2020-12-27,26 day ahead inc hosp,2021-01-22,06103,quantile,0.975,50.71667419468754
33551,2020-12-27,26 day ahead inc hosp,2021-01-22,06103,quantile,0.99,53.5369525284726
33552,2020-12-27,27 day ahead inc hosp,2021-01-23,06103,point,NA,36.628318786621094
33553,2020-12-27,27 day ahead inc hosp,2021-01-23,06103,quantile,0.01,24.099318718220218
33554,2020-12-27,27 day ahead inc hosp,2021-01-23,06103,quantile,0.025,26.072550592885126
33555,2020-12-27,27 day ahead inc hosp,2021-01-23,06103,quantile,0.05,27.769638864091746
33556,2020-12-27,27 day ahead inc hosp,2021-01-23,06103,quantile,0.1,29.72627295266012
33557,2020-12-27,27 day ahead inc hosp,2021-01-23,06103,quantile,0.15,31.04640468307603
33558,2020-12-27,27 day ahead inc hosp,2021-01-23,06103,quantile,0.2,32.09560353338311
33559,2020-12-27,27 day ahead inc hosp,2021-01-23,06103,quantile,0.25,32.99572272450952
33560,2020-12-27,27 day ahead inc hosp,2021-01-23,06103,quantile,0.3,33.80405757749414
33561,2020-12-27,27 day ahead inc hosp,2021-01-23,06103,quantile,0.35,34.55310028475918
33562,2020-12-27,27 day ahead inc hosp,2021-01-23,06103,quantile,0.4,35.26386856490766
33563,2020-12-27,27 day ahead inc hosp,2021-01-23,06103,quantile,0.45,35.9515451016056
33564,2020-12-27,27 day ahead inc hosp,2021-01-23,06103,quantile,0.5,36.628318786621094
33565,2020-12-27,27 day ahead inc hosp,2021-01-23,06103,quantile,0.55,37.63054663084569
33566,2020-12-27,27 day ahead inc hosp,2021-01-23,06103,quantile,0.6,38.648920406538295
33567,2020-12-27,27 day ahead inc hosp,2021-01-23,06103,quantile,0.65,39.701490529946874
33568,2020-12-27,27 day ahead inc hosp,2021-01-23,06103,quantile,0.7,40.8107408958461
33569,2020-12-27,27 day ahead inc hosp,2021-01-23,06103,quantile,0.75,42.00779644788024
33570,2020-12-27,27 day ahead inc hosp,2021-01-23,06103,quantile,0.8,43.34077457105765
33571,2020-12-27,27 day ahead inc hosp,2021-01-23,06103,quantile,0.85,44.89452337244925
33572,2020-12-27,27 day ahead inc hosp,2021-01-23,06103,quantile,0.9,46.849494151546466
33573,2020-12-27,27 day ahead inc hosp,2021-01-23,06103,quantile,0.95,49.74705534214945
33574,2020-12-27,27 day ahead inc hosp,2021-01-23,06103,quantile,0.975,52.26025755016872
33575,2020-12-27,27 day ahead inc hosp,2021-01-23,06103,quantile,0.99,55.18239824755031
33576,2020-12-27,28 day ahead inc hosp,2021-01-24,06103,point,NA,37.112518310546875
33577,2020-12-27,28 day ahead inc hosp,2021-01-24,06103,quantile,0.01,24.74031514844931
33578,2020-12-27,28 day ahead inc hosp,2021-01-24,06103,quantile,0.025,26.688852582083214
33579,2020-12-27,28 day ahead inc hosp,2021-01-24,06103,quantile,0.05,28.364702271663518
33580,2020-12-27,28 day ahead inc hosp,2021-01-24,06103,quantile,0.1,30.29684963581812
33581,2020-12-27,28 day ahead inc hosp,2021-01-24,06103,quantile,0.15,31.60046028952304
33582,2020-12-27,28 day ahead inc hosp,2021-01-24,06103,quantile,0.2,32.63652871178901
33583,2020-12-27,28 day ahead inc hosp,2021-01-24,06103,quantile,0.25,33.525383164811636
33584,2020-12-27,28 day ahead inc hosp,2021-01-24,06103,quantile,0.3,34.32360193482769
33585,2020-12-27,28 day ahead inc hosp,2021-01-24,06103,quantile,0.35,35.063270583624615
33586,2020-12-27,28 day ahead inc hosp,2021-01-24,06103,quantile,0.4,35.76514379897803
33587,2020-12-27,28 day ahead inc hosp,2021-01-24,06103,quantile,0.45,36.444214257545
33588,2020-12-27,28 day ahead inc hosp,2021-01-24,06103,quantile,0.5,37.112518310546875
33589,2020-12-27,28 day ahead inc hosp,2021-01-24,06103,quantile,0.55,38.0642195738875
33590,2020-12-27,28 day ahead inc hosp,2021-01-24,06103,quantile,0.6,39.031252783416264
33591,2020-12-27,28 day ahead inc hosp,2021-01-24,06103,quantile,0.65,40.03075835689947
33592,2020-12-27,28 day ahead inc hosp,2021-01-24,06103,quantile,0.7,41.08408668006544
33593,2020-12-27,28 day ahead inc hosp,2021-01-24,06103,quantile,0.75,42.220793555378
33594,2020-12-27,28 day ahead inc hosp,2021-01-24,06103,quantile,0.8,43.48657056521037
33595,2020-12-27,28 day ahead inc hosp,2021-01-24,06103,quantile,0.85,44.961988261614934
33596,2020-12-27,28 day ahead inc hosp,2021-01-24,06103,quantile,0.9,46.818400624315046
33597,2020-12-27,28 day ahead inc hosp,2021-01-24,06103,quantile,0.95,49.56988339501886
33598,2020-12-27,28 day ahead inc hosp,2021-01-24,06103,quantile,0.975,51.95638435903157
33599,2020-12-27,28 day ahead inc hosp,2021-01-24,06103,quantile,0.99,54.731207478727185
33600,2020-12-27,1 day ahead inc hosp,2020-12-28,06105,point,NA,2.520719036795074e-23
33601,2020-12-27,1 day ahead inc hosp,2020-12-28,06105,quantile,0.01,2.474093575929593e-23
33602,2020-12-27,1 day ahead inc hosp,2020-12-28,06105,quantile,0.025,2.4814367673294197e-23
33603,2020-12-27,1 day ahead inc hosp,2020-12-28,06105,quantile,0.05,2.4877523170414814e-23
33604,2020-12-27,1 day ahead inc hosp,2020-12-28,06105,quantile,0.1,2.495033741387124e-23
33605,2020-12-27,1 day ahead inc hosp,2020-12-28,06105,quantile,0.15,2.4999464838244892e-23
33606,2020-12-27,1 day ahead inc hosp,2020-12-28,06105,quantile,0.2,2.503850975776603e-23
33607,2020-12-27,1 day ahead inc hosp,2020-12-28,06105,quantile,0.25,2.5072006822089604e-23
33608,2020-12-27,1 day ahead inc hosp,2020-12-28,06105,quantile,0.3,2.5102088221122473e-23
33609,2020-12-27,1 day ahead inc hosp,2020-12-28,06105,quantile,0.35,2.5129963120351057e-23
33610,2020-12-27,1 day ahead inc hosp,2020-12-28,06105,quantile,0.4,2.5156413673826645e-23
33611,2020-12-27,1 day ahead inc hosp,2020-12-28,06105,quantile,0.45,2.5182004890424037e-23
33612,2020-12-27,1 day ahead inc hosp,2020-12-28,06105,quantile,0.5,2.520719036795074e-23
33613,2020-12-27,1 day ahead inc hosp,2020-12-28,06105,quantile,0.55,2.5278912032203096e-23
33614,2020-12-27,1 day ahead inc hosp,2020-12-28,06105,quantile,0.6,2.5351789135393273e-23
33615,2020-12-27,1 day ahead inc hosp,2020-12-28,06105,quantile,0.65,2.542711340564599e-23
33616,2020-12-27,1 day ahead inc hosp,2020-12-28,06105,quantile,0.7,2.5506493840716994e-23
33617,2020-12-27,1 day ahead inc hosp,2020-12-28,06105,quantile,0.75,2.5592157811129662e-23
33618,2020-12-27,1 day ahead inc hosp,2020-12-28,06105,quantile,0.8,2.5687548704485085e-23
33619,2020-12-27,1 day ahead inc hosp,2020-12-28,06105,quantile,0.85,2.5798738440938798e-23
33620,2020-12-27,1 day ahead inc hosp,2020-12-28,06105,quantile,0.9,2.5938640518744322e-23
33621,2020-12-27,1 day ahead inc hosp,2020-12-28,06105,quantile,0.95,2.6145996472842628e-23
33622,2020-12-27,1 day ahead inc hosp,2020-12-28,06105,quantile,0.975,2.6325846839204468e-23
33623,2020-12-27,1 day ahead inc hosp,2020-12-28,06105,quantile,0.99,2.653496175773668e-23
33624,2020-12-27,2 day ahead inc hosp,2020-12-29,06105,point,NA,4.569266325403198e-23
33625,2020-12-27,2 day ahead inc hosp,2020-12-29,06105,quantile,0.01,4.515472010821642e-23
33626,2020-12-27,2 day ahead inc hosp,2020-12-29,06105,quantile,0.025,4.523944247682411e-23
33627,2020-12-27,2 day ahead inc hosp,2020-12-29,06105,quantile,0.05,4.531230838777913e-23
33628,2020-12-27,2 day ahead inc hosp,2020-12-29,06105,quantile,0.1,4.539631811649396e-23
33629,2020-12-27,2 day ahead inc hosp,2020-12-29,06105,quantile,0.15,4.545299908162077e-23
33630,2020-12-27,2 day ahead inc hosp,2020-12-29,06105,quantile,0.2,4.54980473158804e-23
33631,2020-12-27,2 day ahead inc hosp,2020-12-29,06105,quantile,0.25,4.553669468970433e-23
33632,2020-12-27,2 day ahead inc hosp,2020-12-29,06105,quantile,0.3,4.557140122584552e-23
33633,2020-12-27,2 day ahead inc hosp,2020-12-29,06105,quantile,0.35,4.560356200388818e-23
33634,2020-12-27,2 day ahead inc hosp,2020-12-29,06105,quantile,0.4,4.5634079437241326e-23
33635,2020-12-27,2 day ahead inc hosp,2020-12-29,06105,quantile,0.45,4.5663605407185876e-23
33636,2020-12-27,2 day ahead inc hosp,2020-12-29,06105,quantile,0.5,4.569266325403198e-23
33637,2020-12-27,2 day ahead inc hosp,2020-12-29,06105,quantile,0.55,4.575262028730552e-23
33638,2020-12-27,2 day ahead inc hosp,2020-12-29,06105,quantile,0.6,4.5813543230831744e-23
33639,2020-12-27,2 day ahead inc hosp,2020-12-29,06105,quantile,0.65,4.5876511928294714e-23
33640,2020-12-27,2 day ahead inc hosp,2020-12-29,06105,quantile,0.7,4.5942871450712855e-23
33641,2020-12-27,2 day ahead inc hosp,2020-12-29,06105,quantile,0.75,4.6014483809097407e-23
33642,2020-12-27,2 day ahead inc hosp,2020-12-29,06105,quantile,0.8,4.609422756611314e-23
33643,2020-12-27,2 day ahead inc hosp,2020-12-29,06105,quantile,0.85,4.618717865415225e-23
33644,2020-12-27,2 day ahead inc hosp,2020-12-29,06105,quantile,0.9,4.6304132347592903e-23
33645,2020-12-27,2 day ahead inc hosp,2020-12-29,06105,quantile,0.95,4.6477475339127445e-23
33646,2020-12-27,2 day ahead inc hosp,2020-12-29,06105,quantile,0.975,4.6627824532953656e-23
33647,2020-12-27,2 day ahead inc hosp,2020-12-29,06105,quantile,0.99,4.6802637962886277e-23
33648,2020-12-27,3 day ahead inc hosp,2020-12-30,06105,point,NA,6.614274941762681e-23
33649,2020-12-27,3 day ahead inc hosp,2020-12-30,06105,quantile,0.01,6.562253987158347e-23
33650,2020-12-27,3 day ahead inc hosp,2020-12-30,06105,quantile,0.025,6.570446931943674e-23
33651,2020-12-27,3 day ahead inc hosp,2020-12-30,06105,quantile,0.05,6.577493316446349e-23
33652,2020-12-27,3 day ahead inc hosp,2020-12-30,06105,quantile,0.1,6.585617346500065e-23
33653,2020-12-27,3 day ahead inc hosp,2020-12-30,06105,quantile,0.15,6.591098591008389e-23
33654,2020-12-27,3 day ahead inc hosp,2020-12-30,06105,quantile,0.2,6.595454910384617e-23
33655,2020-12-27,3 day ahead inc hosp,2020-12-30,06105,quantile,0.25,6.59919224451539e-23
33656,2020-12-27,3 day ahead inc hosp,2020-12-30,06105,quantile,0.3,6.60254848607199e-23
33657,2020-12-27,3 day ahead inc hosp,2020-12-30,06105,quantile,0.35,6.605658544054159e-23
33658,2020-12-27,3 day ahead inc hosp,2020-12-30,06105,quantile,0.4,6.608609684946006e-23
33659,2020-12-27,3 day ahead inc hosp,2020-12-30,06105,quantile,0.45,6.611464947912143e-23
33660,2020-12-27,3 day ahead inc hosp,2020-12-30,06105,quantile,0.5,6.614274941762681e-23
33661,2020-12-27,3 day ahead inc hosp,2020-12-30,06105,quantile,0.55,6.620790938356888e-23
33662,2020-12-27,3 day ahead inc hosp,2020-12-30,06105,quantile,0.6,6.627411907922123e-23
33663,2020-12-27,3 day ahead inc hosp,2020-12-30,06105,quantile,0.65,6.63425520546052e-23
33664,2020-12-27,3 day ahead inc hosp,2020-12-30,06105,quantile,0.7,6.641467010289106e-23
33665,2020-12-27,3 day ahead inc hosp,2020-12-30,06105,quantile,0.75,6.649249681609882e-23
33666,2020-12-27,3 day ahead inc hosp,2020-12-30,06105,quantile,0.8,6.657916055190329e-23
33667,2020-12-27,3 day ahead inc hosp,2020-12-30,06105,quantile,0.85,6.668017772036916e-23
33668,2020-12-27,3 day ahead inc hosp,2020-12-30,06105,quantile,0.9,6.680728038481595e-23
33669,2020-12-27,3 day ahead inc hosp,2020-12-30,06105,quantile,0.95,6.699566568021834e-23
33670,2020-12-27,3 day ahead inc hosp,2020-12-30,06105,quantile,0.975,6.715906182933128e-23
33671,2020-12-27,3 day ahead inc hosp,2020-12-30,06105,quantile,0.99,6.734904516437486e-23
33672,2020-12-27,4 day ahead inc hosp,2020-12-31,06105,point,NA,8.669262017484486e-23
33673,2020-12-27,4 day ahead inc hosp,2020-12-31,06105,quantile,0.01,8.611816556331369e-23
33674,2020-12-27,4 day ahead inc hosp,2020-12-31,06105,quantile,0.025,8.620863823821457e-23
33675,2020-12-27,4 day ahead inc hosp,2020-12-31,06105,quantile,0.05,8.628644972981389e-23
33676,2020-12-27,4 day ahead inc hosp,2020-12-31,06105,quantile,0.1,8.637616139627736e-23
33677,2020-12-27,4 day ahead inc hosp,2020-12-31,06105,quantile,0.15,8.643668943173316e-23
33678,2020-12-27,4 day ahead inc hosp,2020-12-31,06105,quantile,0.2,8.648479519553568e-23
33679,2020-12-27,4 day ahead inc hosp,2020-12-31,06105,quantile,0.25,8.65260656574598e-23
33680,2020-12-27,4 day ahead inc hosp,2020-12-31,06105,quantile,0.3,8.656312780778491e-23
33681,2020-12-27,4 day ahead inc hosp,2020-12-31,06105,quantile,0.35,8.659747141342567e-23
33682,2020-12-27,4 day ahead inc hosp,2020-12-31,06105,quantile,0.4,8.663006013671023e-23
33683,2020-12-27,4 day ahead inc hosp,2020-12-31,06105,quantile,0.45,8.666159010363426e-23
33684,2020-12-27,4 day ahead inc hosp,2020-12-31,06105,quantile,0.5,8.669262017484486e-23
33685,2020-12-27,4 day ahead inc hosp,2020-12-31,06105,quantile,0.55,8.677293071349311e-23
33686,2020-12-27,4 day ahead inc hosp,2020-12-31,06105,quantile,0.6,8.685453505819617e-23
33687,2020-12-27,4 day ahead inc hosp,2020-12-31,06105,quantile,0.65,8.693887962521565e-23
33688,2020-12-27,4 day ahead inc hosp,2020-12-31,06105,quantile,0.7,8.702776609438978e-23
33689,2020-12-27,4 day ahead inc hosp,2020-12-31,06105,quantile,0.75,8.71236885702317e-23
33690,2020-12-27,4 day ahead inc hosp,2020-12-31,06105,quantile,0.8,8.723050279585474e-23
33691,2020-12-27,4 day ahead inc hosp,2020-12-31,06105,quantile,0.85,8.735500782121688e-23
33692,2020-12-27,4 day ahead inc hosp,2020-12-31,06105,quantile,0.9,8.751166357291607e-23
33693,2020-12-27,4 day ahead inc hosp,2020-12-31,06105,quantile,0.95,8.774385099549123e-23
33694,2020-12-27,4 day ahead inc hosp,2020-12-31,06105,quantile,0.975,8.794523895754105e-23
33695,2020-12-27,4 day ahead inc hosp,2020-12-31,06105,quantile,0.99,8.817939598557118e-23
33696,2020-12-27,5 day ahead inc hosp,2021-01-01,06105,point,NA,1.0703671183177058e-22
33697,2020-12-27,5 day ahead inc hosp,2021-01-01,06105,quantile,0.01,1.0651635948695926e-22
33698,2020-12-27,5 day ahead inc hosp,2021-01-01,06105,quantile,0.025,1.0659831142464245e-22
33699,2020-12-27,5 day ahead inc hosp,2021-01-01,06105,quantile,0.05,1.0666879461216363e-22
33700,2020-12-27,5 day ahead inc hosp,2021-01-01,06105,quantile,0.1,1.0675005721335815e-22
33701,2020-12-27,5 day ahead inc hosp,2021-01-01,06105,quantile,0.15,1.0680488470458902e-22
33702,2020-12-27,5 day ahead inc hosp,2021-01-01,06105,quantile,0.2,1.0684845985655245e-22
33703,2020-12-27,5 day ahead inc hosp,2021-01-01,06105,quantile,0.25,1.0688584345693199e-22
33704,2020-12-27,5 day ahead inc hosp,2021-01-01,06105,quantile,0.3,1.0691941508546156e-22
33705,2020-12-27,5 day ahead inc hosp,2021-01-01,06105,quantile,0.35,1.0695052420246702e-22
33706,2020-12-27,5 day ahead inc hosp,2021-01-01,06105,quantile,0.4,1.06980043712338e-22
33707,2020-12-27,5 day ahead inc hosp,2021-01-01,06105,quantile,0.45,1.070086041797647e-22
33708,2020-12-27,5 day ahead inc hosp,2021-01-01,06105,quantile,0.5,1.0703671183177058e-22
33709,2020-12-27,5 day ahead inc hosp,2021-01-01,06105,quantile,0.55,1.07114187215997e-22
33710,2020-12-27,5 day ahead inc hosp,2021-01-01,06105,quantile,0.6,1.0719291073182482e-22
33711,2020-12-27,5 day ahead inc hosp,2021-01-01,06105,quantile,0.65,1.0727427773355628e-22
33712,2020-12-27,5 day ahead inc hosp,2021-01-01,06105,quantile,0.7,1.0736002629741484e-22
33713,2020-12-27,5 day ahead inc hosp,2021-01-01,06105,quantile,0.75,1.0745256248004901e-22
33714,2020-12-27,5 day ahead inc hosp,2021-01-01,06105,quantile,0.8,1.0755560590760263e-22
33715,2020-12-27,5 day ahead inc hosp,2021-01-01,06105,quantile,0.85,1.0767571560728105e-22
33716,2020-12-27,5 day ahead inc hosp,2021-01-01,06105,quantile,0.9,1.0782684103563028e-22
33717,2020-12-27,5 day ahead inc hosp,2021-01-01,06105,quantile,0.95,1.0805083168591522e-22
33718,2020-12-27,5 day ahead inc hosp,2021-01-01,06105,quantile,0.975,1.0824511017042053e-22
33719,2020-12-27,5 day ahead inc hosp,2021-01-01,06105,quantile,0.99,1.0847100089436908e-22
33720,2020-12-27,6 day ahead inc hosp,2021-01-02,06105,point,NA,1.2757360109393231e-22
33721,2020-12-27,6 day ahead inc hosp,2021-01-02,06105,quantile,0.01,1.2657013063824733e-22
33722,2020-12-27,6 day ahead inc hosp,2021-01-02,06105,quantile,0.025,1.267281703762657e-22
33723,2020-12-27,6 day ahead inc hosp,2021-01-02,06105,quantile,0.05,1.2686409326967682e-22
33724,2020-12-27,6 day ahead inc hosp,2021-01-02,06105,quantile,0.1,1.2702080366074916e-22
33725,2020-12-27,6 day ahead inc hosp,2021-01-02,06105,quantile,0.15,1.271265354176214e-22
33726,2020-12-27,6 day ahead inc hosp,2021-01-02,06105,quantile,0.2,1.2721056766621859e-22
33727,2020-12-27,6 day ahead inc hosp,2021-01-02,06105,quantile,0.25,1.2728265985314168e-22
33728,2020-12-27,6 day ahead inc hosp,2021-01-02,06105,quantile,0.3,1.273474008651013e-22
33729,2020-12-27,6 day ahead inc hosp,2021-01-02,06105,quantile,0.35,1.2740739306102142e-22
33730,2020-12-27,6 day ahead inc hosp,2021-01-02,06105,quantile,0.4,1.274643197883e-22
33731,2020-12-27,6 day ahead inc hosp,2021-01-02,06105,quantile,0.45,1.2751939705574967e-22
33732,2020-12-27,6 day ahead inc hosp,2021-01-02,06105,quantile,0.5,1.2757360109393231e-22
33733,2020-12-27,6 day ahead inc hosp,2021-01-02,06105,quantile,0.55,1.2765258733916117e-22
33734,2020-12-27,6 day ahead inc hosp,2021-01-02,06105,quantile,0.6,1.277328460560238e-22
33735,2020-12-27,6 day ahead inc hosp,2021-01-02,06105,quantile,0.65,1.278157998098705e-22
33736,2020-12-27,6 day ahead inc hosp,2021-01-02,06105,quantile,0.7,1.2790322057145282e-22
33737,2020-12-27,6 day ahead inc hosp,2021-01-02,06105,quantile,0.75,1.2799756131835022e-22
33738,2020-12-27,6 day ahead inc hosp,2021-01-02,06105,quantile,0.8,1.281026142137858e-22
33739,2020-12-27,6 day ahead inc hosp,2021-01-02,06105,quantile,0.85,1.2822506619370031e-22
33740,2020-12-27,6 day ahead inc hosp,2021-01-02,06105,quantile,0.9,1.2837913874542878e-22
33741,2020-12-27,6 day ahead inc hosp,2021-01-02,06105,quantile,0.95,1.2860749747651516e-22
33742,2020-12-27,6 day ahead inc hosp,2021-01-02,06105,quantile,0.975,1.2880556461968644e-22
33743,2020-12-27,6 day ahead inc hosp,2021-01-02,06105,quantile,0.99,1.290358604781049e-22
33744,2020-12-27,7 day ahead inc hosp,2021-01-03,06105,point,NA,1.4790235729486053e-22
33745,2020-12-27,7 day ahead inc hosp,2021-01-03,06105,quantile,0.01,1.4692633964425072e-22
33746,2020-12-27,7 day ahead inc hosp,2021-01-03,06105,quantile,0.025,1.4708005575311052e-22
33747,2020-12-27,7 day ahead inc hosp,2021-01-03,06105,quantile,0.05,1.472122600869199e-22
33748,2020-12-27,7 day ahead inc hosp,2021-01-03,06105,quantile,0.1,1.4736468321692244e-22
33749,2020-12-27,7 day ahead inc hosp,2021-01-03,06105,quantile,0.15,1.474675223791047e-22
33750,2020-12-27,7 day ahead inc hosp,2021-01-03,06105,quantile,0.2,1.475492556851394e-22
33751,2020-12-27,7 day ahead inc hosp,2021-01-03,06105,quantile,0.25,1.4761937558404558e-22
33752,2020-12-27,7 day ahead inc hosp,2021-01-03,06105,quantile,0.3,1.4768234542040994e-22
33753,2020-12-27,7 day ahead inc hosp,2021-01-03,06105,quantile,0.35,1.477406963581831e-22
33754,2020-12-27,7 day ahead inc hosp,2021-01-03,06105,quantile,0.4,1.4779606569197918e-22
33755,2020-12-27,7 day ahead inc hosp,2021-01-03,06105,quantile,0.45,1.47849636163211e-22
33756,2020-12-27,7 day ahead inc hosp,2021-01-03,06105,quantile,0.5,1.4790235729486053e-22
33757,2020-12-27,7 day ahead inc hosp,2021-01-03,06105,quantile,0.55,1.4798023280840703e-22
33758,2020-12-27,7 day ahead inc hosp,2021-01-03,06105,quantile,0.6,1.4805936289965457e-22
33759,2020-12-27,7 day ahead inc hosp,2021-01-03,06105,quantile,0.65,1.4814115012935138e-22
33760,2020-12-27,7 day ahead inc hosp,2021-01-03,06105,quantile,0.7,1.4822734155018827e-22
33761,2020-12-27,7 day ahead inc hosp,2021-01-03,06105,quantile,0.75,1.4832035564513238e-22
33762,2020-12-27,7 day ahead inc hosp,2021-01-03,06105,quantile,0.8,1.4842393125070636e-22
33763,2020-12-27,7 day ahead inc hosp,2021-01-03,06105,quantile,0.85,1.4854466126886327e-22
33764,2020-12-27,7 day ahead inc hosp,2021-01-03,06105,quantile,0.9,1.4869656719950357e-22
33765,2020-12-27,7 day ahead inc hosp,2021-01-03,06105,quantile,0.95,1.4892171467175839e-22
33766,2020-12-27,7 day ahead inc hosp,2021-01-03,06105,quantile,0.975,1.4911699652680113e-22
33767,2020-12-27,7 day ahead inc hosp,2021-01-03,06105,quantile,0.99,1.493440538858388e-22
33768,2020-12-27,8 day ahead inc hosp,2021-01-04,06105,point,NA,1.680854203529253e-22
33769,2020-12-27,8 day ahead inc hosp,2021-01-04,06105,quantile,0.01,1.6757738425848048e-22
33770,2020-12-27,8 day ahead inc hosp,2021-01-04,06105,quantile,0.025,1.6765739647091289e-22
33771,2020-12-27,8 day ahead inc hosp,2021-01-04,06105,quantile,0.05,1.6772621138770794e-22
33772,2020-12-27,8 day ahead inc hosp,2021-01-04,06105,quantile,0.1,1.6780555057959772e-22
33773,2020-12-27,8 day ahead inc hosp,2021-01-04,06105,quantile,0.15,1.678590803557021e-22
33774,2020-12-27,8 day ahead inc hosp,2021-01-04,06105,quantile,0.2,1.679016241248214e-22
33775,2020-12-27,8 day ahead inc hosp,2021-01-04,06105,quantile,0.25,1.6793812289055675e-22
33776,2020-12-27,8 day ahead inc hosp,2021-01-04,06105,quantile,0.3,1.6797089991022886e-22
33777,2020-12-27,8 day ahead inc hosp,2021-01-04,06105,quantile,0.35,1.680012727037075e-22
33778,2020-12-27,8 day ahead inc hosp,2021-01-04,06105,quantile,0.4,1.6803009351455677e-22
33779,2020-12-27,8 day ahead inc hosp,2021-01-04,06105,quantile,0.45,1.6805797798259397e-22
33780,2020-12-27,8 day ahead inc hosp,2021-01-04,06105,quantile,0.5,1.680854203529253e-22
33781,2020-12-27,8 day ahead inc hosp,2021-01-04,06105,quantile,0.55,1.68151202212876e-22
33782,2020-12-27,8 day ahead inc hosp,2021-01-04,06105,quantile,0.6,1.6821804382127487e-22
33783,2020-12-27,8 day ahead inc hosp,2021-01-04,06105,quantile,0.65,1.6828712992863593e-22
33784,2020-12-27,8 day ahead inc hosp,2021-01-04,06105,quantile,0.7,1.6835993627964718e-22
33785,2020-12-27,8 day ahead inc hosp,2021-01-04,06105,quantile,0.75,1.6843850577971735e-22
33786,2020-12-27,8 day ahead inc hosp,2021-01-04,06105,quantile,0.8,1.6852599664391705e-22
33787,2020-12-27,8 day ahead inc hosp,2021-01-04,06105,quantile,0.85,1.6862797793154611e-22
33788,2020-12-27,8 day ahead inc hosp,2021-01-04,06105,quantile,0.9,1.6875629367804964e-22
33789,2020-12-27,8 day ahead inc hosp,2021-01-04,06105,quantile,0.95,1.6894647694379827e-22
33790,2020-12-27,8 day ahead inc hosp,2021-01-04,06105,quantile,0.975,1.691114325640481e-22
33791,2020-12-27,8 day ahead inc hosp,2021-01-04,06105,quantile,0.99,1.6930322912130715e-22
33792,2020-12-27,9 day ahead inc hosp,2021-01-05,06105,point,NA,1.8854548087380575e-22
33793,2020-12-27,9 day ahead inc hosp,2021-01-05,06105,quantile,0.01,1.8800761801645411e-22
33794,2020-12-27,9 day ahead inc hosp,2021-01-05,06105,quantile,0.025,1.880923277401775e-22
33795,2020-12-27,9 day ahead inc hosp,2021-01-05,06105,quantile,0.05,1.8816518277583444e-22
33796,2020-12-27,9 day ahead inc hosp,2021-01-05,06105,quantile,0.1,1.882491799660271e-22
33797,2020-12-27,9 day ahead inc hosp,2021-01-05,06105,quantile,0.15,1.883058524714725e-22
33798,2020-12-27,9 day ahead inc hosp,2021-01-05,06105,quantile,0.2,1.8835089398224554e-22
33799,2020-12-27,9 day ahead inc hosp,2021-01-05,06105,quantile,0.25,1.8838953558791663e-22
33800,2020-12-27,9 day ahead inc hosp,2021-01-05,06105,quantile,0.3,1.8842423694407829e-22
33801,2020-12-27,9 day ahead inc hosp,2021-01-05,06105,quantile,0.35,1.8845639292209796e-22
33802,2020-12-27,9 day ahead inc hosp,2021-01-05,06105,quantile,0.4,1.884869058006987e-22
33803,2020-12-27,9 day ahead inc hosp,2021-01-05,06105,quantile,0.45,1.8851642736386756e-22
33804,2020-12-27,9 day ahead inc hosp,2021-01-05,06105,quantile,0.5,1.8854548087380575e-22
33805,2020-12-27,9 day ahead inc hosp,2021-01-05,06105,quantile,0.55,1.886041432595233e-22
33806,2020-12-27,9 day ahead inc hosp,2021-01-05,06105,quantile,0.6,1.8866375069866857e-22
33807,2020-12-27,9 day ahead inc hosp,2021-01-05,06105,quantile,0.65,1.8872535971794496e-22
33808,2020-12-27,9 day ahead inc hosp,2021-01-05,06105,quantile,0.7,1.8879028634435703e-22
33809,2020-12-27,9 day ahead inc hosp,2021-01-05,06105,quantile,0.75,1.8886035238265702e-22
33810,2020-12-27,9 day ahead inc hosp,2021-01-05,06105,quantile,0.8,1.8893837423893003e-22
33811,2020-12-27,9 day ahead inc hosp,2021-01-05,06105,quantile,0.85,1.8902931824135488e-22
33812,2020-12-27,9 day ahead inc hosp,2021-01-05,06105,quantile,0.9,1.891437465627898e-22
33813,2020-12-27,9 day ahead inc hosp,2021-01-05,06105,quantile,0.95,1.8931334657259084e-22
33814,2020-12-27,9 day ahead inc hosp,2021-01-05,06105,quantile,0.975,1.89460449287969e-22
33815,2020-12-27,9 day ahead inc hosp,2021-01-05,06105,quantile,0.99,1.8963148798510617e-22
33816,2020-12-27,10 day ahead inc hosp,2021-01-06,06105,point,NA,2.089239668661991e-22
33817,2020-12-27,10 day ahead inc hosp,2021-01-06,06105,quantile,0.01,2.083926726948259e-22
33818,2020-12-27,10 day ahead inc hosp,2021-01-06,06105,quantile,0.025,2.0847634789540487e-22
33819,2020-12-27,10 day ahead inc hosp,2021-01-06,06105,quantile,0.05,2.0854831318408516e-22
33820,2020-12-27,10 day ahead inc hosp,2021-01-06,06105,quantile,0.1,2.0863128455299658e-22
33821,2020-12-27,10 day ahead inc hosp,2021-01-06,06105,quantile,0.15,2.0868726494169365e-22
33822,2020-12-27,10 day ahead inc hosp,2021-01-06,06105,quantile,0.2,2.0873175638001565e-22
33823,2020-12-27,10 day ahead inc hosp,2021-01-06,06105,quantile,0.25,2.0876992607250314e-22
33824,2020-12-27,10 day ahead inc hosp,2021-01-06,06105,quantile,0.3,2.0880420363604086e-22
33825,2020-12-27,10 day ahead inc hosp,2021-01-06,06105,quantile,0.35,2.088359669070367e-22
33826,2020-12-27,10 day ahead inc hosp,2021-01-06,06105,quantile,0.4,2.0886610714507471e-22
33827,2020-12-27,10 day ahead inc hosp,2021-01-06,06105,quantile,0.45,2.0889526817418661e-22
33828,2020-12-27,10 day ahead inc hosp,2021-01-06,06105,quantile,0.5,2.089239668661991e-22
33829,2020-12-27,10 day ahead inc hosp,2021-01-06,06105,quantile,0.55,2.0898901209614442e-22
33830,2020-12-27,10 day ahead inc hosp,2021-01-06,06105,quantile,0.6,2.0905510520739842e-22
33831,2020-12-27,10 day ahead inc hosp,2021-01-06,06105,quantile,0.65,2.0912341768355364e-22
33832,2020-12-27,10 day ahead inc hosp,2021-01-06,06105,quantile,0.7,2.091954087438027e-22
33833,2020-12-27,10 day ahead inc hosp,2021-01-06,06105,quantile,0.75,2.0927309841695243e-22
33834,2020-12-27,10 day ahead inc hosp,2021-01-06,06105,quantile,0.8,2.0935960955215367e-22
33835,2020-12-27,10 day ahead inc hosp,2021-01-06,06105,quantile,0.85,2.0946044884597907e-22
33836,2020-12-27,10 day ahead inc hosp,2021-01-06,06105,quantile,0.9,2.0958732770351185e-22
33837,2020-12-27,10 day ahead inc hosp,2021-01-06,06105,quantile,0.95,2.0977538128335348e-22
33838,2020-12-27,10 day ahead inc hosp,2021-01-06,06105,quantile,0.975,2.0993848971868753e-22
33839,2020-12-27,10 day ahead inc hosp,2021-01-06,06105,quantile,0.99,2.1012813852428503e-22
33840,2020-12-27,11 day ahead inc hosp,2021-01-07,06105,point,NA,2.293428930240377e-22
33841,2020-12-27,11 day ahead inc hosp,2021-01-07,06105,quantile,0.01,2.287416818231114e-22
33842,2020-12-27,11 day ahead inc hosp,2021-01-07,06105,quantile,0.025,2.288363684779599e-22
33843,2020-12-27,11 day ahead inc hosp,2021-01-07,06105,quantile,0.05,2.2891780422479044e-22
33844,2020-12-27,11 day ahead inc hosp,2021-01-07,06105,quantile,0.1,2.290116944254241e-22
33845,2020-12-27,11 day ahead inc hosp,2021-01-07,06105,quantile,0.15,2.290750416980469e-22
33846,2020-12-27,11 day ahead inc hosp,2021-01-07,06105,quantile,0.2,2.2912538810217813e-22
33847,2020-12-27,11 day ahead inc hosp,2021-01-07,06105,quantile,0.25,2.291685808339939e-22
33848,2020-12-27,11 day ahead inc hosp,2021-01-07,06105,quantile,0.3,2.292073692420919e-22
33849,2020-12-27,11 day ahead inc hosp,2021-01-07,06105,quantile,0.35,2.2924331248282314e-22
33850,2020-12-27,11 day ahead inc hosp,2021-01-07,06105,quantile,0.4,2.2927741910337987e-22
33851,2020-12-27,11 day ahead inc hosp,2021-01-07,06105,quantile,0.45,2.293104176534812e-22
33852,2020-12-27,11 day ahead inc hosp,2021-01-07,06105,quantile,0.5,2.293428930240377e-22
33853,2020-12-27,11 day ahead inc hosp,2021-01-07,06105,quantile,0.55,2.294227267816162e-22
33854,2020-12-27,11 day ahead inc hosp,2021-01-07,06105,quantile,0.6,2.295038466642871e-22
33855,2020-12-27,11 day ahead inc hosp,2021-01-07,06105,quantile,0.65,2.2958769050134556e-22
33856,2020-12-27,11 day ahead inc hosp,2021-01-07,06105,quantile,0.7,2.296760492765636e-22
33857,2020-12-27,11 day ahead inc hosp,2021-01-07,06105,quantile,0.75,2.297714022876576e-22
33858,2020-12-27,11 day ahead inc hosp,2021-01-07,06105,quantile,0.8,2.2987758238727915e-22
33859,2020-12-27,11 day ahead inc hosp,2021-01-07,06105,quantile,0.85,2.3000134826133964e-22
33860,2020-12-27,11 day ahead inc hosp,2021-01-07,06105,quantile,0.9,2.3015707399192167e-22
33861,2020-12-27,11 day ahead inc hosp,2021-01-07,06105,quantile,0.95,2.3038788298310325e-22
33862,2020-12-27,11 day ahead inc hosp,2021-01-07,06105,quantile,0.975,2.305880753614901e-22
33863,2020-12-27,11 day ahead inc hosp,2021-01-07,06105,quantile,0.99,2.3082084226513323e-22
33864,2020-12-27,12 day ahead inc hosp,2021-01-08,06105,point,NA,2.4972367617938706e-22
33865,2020-12-27,12 day ahead inc hosp,2021-01-08,06105,quantile,0.01,2.491885443341359e-22
33866,2020-12-27,12 day ahead inc hosp,2021-01-08,06105,quantile,0.025,2.4927282394212006e-22
33867,2020-12-27,12 day ahead inc hosp,2021-01-08,06105,quantile,0.05,2.493453090545126e-22
33868,2020-12-27,12 day ahead inc hosp,2021-01-08,06105,quantile,0.1,2.4942887974687283e-22
33869,2020-12-27,12 day ahead inc hosp,2021-01-08,06105,quantile,0.15,2.4948526449625544e-22
33870,2020-12-27,12 day ahead inc hosp,2021-01-08,06105,quantile,0.2,2.4953007730763187e-22
33871,2020-12-27,12 day ahead inc hosp,2021-01-08,06105,quantile,0.25,2.4956852270958444e-22
33872,2020-12-27,12 day ahead inc hosp,2021-01-08,06105,quantile,0.3,2.496030478687429e-22
33873,2020-12-27,12 day ahead inc hosp,2021-01-08,06105,quantile,0.35,2.496350405739806e-22
33874,2020-12-27,12 day ahead inc hosp,2021-01-08,06105,quantile,0.4,2.496653985226776e-22
33875,2020-12-27,12 day ahead inc hosp,2021-01-08,06105,quantile,0.45,2.496947701893717e-22
33876,2020-12-27,12 day ahead inc hosp,2021-01-08,06105,quantile,0.5,2.4972367617938706e-22
33877,2020-12-27,12 day ahead inc hosp,2021-01-08,06105,quantile,0.55,2.4980084881026734e-22
33878,2020-12-27,12 day ahead inc hosp,2021-01-08,06105,quantile,0.6,2.4987926469538023e-22
33879,2020-12-27,12 day ahead inc hosp,2021-01-08,06105,quantile,0.65,2.499603137363518e-22
33880,2020-12-27,12 day ahead inc hosp,2021-01-08,06105,quantile,0.7,2.5004572721746257e-22
33881,2020-12-27,12 day ahead inc hosp,2021-01-08,06105,quantile,0.75,2.5013790179312686e-22
33882,2020-12-27,12 day ahead inc hosp,2021-01-08,06105,quantile,0.8,2.502405425541716e-22
33883,2020-12-27,12 day ahead inc hosp,2021-01-08,06105,quantile,0.85,2.503601828968556e-22
33884,2020-12-27,12 day ahead inc hosp,2021-01-08,06105,quantile,0.9,2.505107177669317e-22
33885,2020-12-27,12 day ahead inc hosp,2021-01-08,06105,quantile,0.95,2.5073383312089434e-22
33886,2020-12-27,12 day ahead inc hosp,2021-01-08,06105,quantile,0.975,2.509273524163765e-22
33887,2020-12-27,12 day ahead inc hosp,2021-01-08,06105,quantile,0.99,2.511523604190166e-22
33888,2020-12-27,13 day ahead inc hosp,2021-01-09,06105,point,NA,2.700982746652395e-22
33889,2020-12-27,13 day ahead inc hosp,2021-01-09,06105,quantile,0.01,2.691282901192048e-22
33890,2020-12-27,13 day ahead inc hosp,2021-01-09,06105,quantile,0.025,2.6928105605533047e-22
33891,2020-12-27,13 day ahead inc hosp,2021-01-09,06105,quantile,0.05,2.694124431881695e-22
33892,2020-12-27,13 day ahead inc hosp,2021-01-09,06105,quantile,0.1,2.6956392413778994e-22
33893,2020-12-27,13 day ahead inc hosp,2021-01-09,06105,quantile,0.15,2.6966612761534146e-22
33894,2020-12-27,13 day ahead inc hosp,2021-01-09,06105,quantile,0.2,2.697473556993832e-22
33895,2020-12-27,13 day ahead inc hosp,2021-01-09,06105,quantile,0.25,2.698170421628053e-22
33896,2020-12-27,13 day ahead inc hosp,2021-01-09,06105,quantile,0.3,2.69879622760709e-22
33897,2020-12-27,13 day ahead inc hosp,2021-01-09,06105,quantile,0.35,2.699376130110403e-22
33898,2020-12-27,13 day ahead inc hosp,2021-01-09,06105,quantile,0.4,2.699926400877257e-22
33899,2020-12-27,13 day ahead inc hosp,2021-01-09,06105,quantile,0.45,2.7004587942124205e-22
33900,2020-12-27,13 day ahead inc hosp,2021-01-09,06105,quantile,0.5,2.700982746652395e-22
33901,2020-12-27,13 day ahead inc hosp,2021-01-09,06105,quantile,0.55,2.7017614343179635e-22
33902,2020-12-27,13 day ahead inc hosp,2021-01-09,06105,quantile,0.6,2.7025526666736e-22
33903,2020-12-27,13 day ahead inc hosp,2021-01-09,06105,quantile,0.65,2.7033704681116343e-22
33904,2020-12-27,13 day ahead inc hosp,2021-01-09,06105,quantile,0.7,2.70423230764536e-22
33905,2020-12-27,13 day ahead inc hosp,2021-01-09,06105,quantile,0.75,2.70516236800912e-22
33906,2020-12-27,13 day ahead inc hosp,2021-01-09,06105,quantile,0.8,2.706198034328882e-22
33907,2020-12-27,13 day ahead inc hosp,2021-01-09,06105,quantile,0.85,2.7074052299122095e-22
33908,2020-12-27,13 day ahead inc hosp,2021-01-09,06105,quantile,0.9,2.7089241576101406e-22
33909,2020-12-27,13 day ahead inc hosp,2021-01-09,06105,quantile,0.95,2.7111754372691076e-22
33910,2020-12-27,13 day ahead inc hosp,2021-01-09,06105,quantile,0.975,2.713128086630969e-22
33911,2020-12-27,13 day ahead inc hosp,2021-01-09,06105,quantile,0.99,2.7153984635030746e-22
33912,2020-12-27,14 day ahead inc hosp,2021-01-10,06105,point,NA,2.905623362886312e-22
33913,2020-12-27,14 day ahead inc hosp,2021-01-10,06105,quantile,0.01,2.895742523141733e-22
33914,2020-12-27,14 day ahead inc hosp,2021-01-10,06105,quantile,0.025,2.897298687865655e-22
33915,2020-12-27,14 day ahead inc hosp,2021-01-10,06105,quantile,0.05,2.898637075378517e-22
33916,2020-12-27,14 day ahead inc hosp,2021-01-10,06105,quantile,0.1,2.900180150465306e-22
33917,2020-12-27,14 day ahead inc hosp,2021-01-10,06105,quantile,0.15,2.901221255900597e-22
33918,2020-12-27,14 day ahead inc hosp,2021-01-10,06105,quantile,0.2,2.902048693496852e-22
33919,2020-12-27,14 day ahead inc hosp,2021-01-10,06105,quantile,0.25,2.9027585612779986e-22
33920,2020-12-27,14 day ahead inc hosp,2021-01-10,06105,quantile,0.3,2.9033960444848545e-22
33921,2020-12-27,14 day ahead inc hosp,2021-01-10,06105,quantile,0.35,2.9039867676799958e-22
33922,2020-12-27,14 day ahead inc hosp,2021-01-10,06105,quantile,0.4,2.9045473062252375e-22
33923,2020-12-27,14 day ahead inc hosp,2021-01-10,06105,quantile,0.45,2.905089633754819e-22
33924,2020-12-27,14 day ahead inc hosp,2021-01-10,06105,quantile,0.5,2.905623362886312e-22
33925,2020-12-27,14 day ahead inc hosp,2021-01-10,06105,quantile,0.55,2.9064045381403065e-22
33926,2020-12-27,14 day ahead inc hosp,2021-01-10,06105,quantile,0.6,2.9071982981595203e-22
33927,2020-12-27,14 day ahead inc hosp,2021-01-10,06105,quantile,0.65,2.908018712138476e-22
33928,2020-12-27,14 day ahead inc hosp,2021-01-10,06105,quantile,0.7,2.9088833048968177e-22
33929,2020-12-27,14 day ahead inc hosp,2021-01-10,06105,quantile,0.75,2.909816336422827e-22
33930,2020-12-27,14 day ahead inc hosp,2021-01-10,06105,quantile,0.8,2.9108553112726504e-22
33931,2020-12-27,14 day ahead inc hosp,2021-01-10,06105,quantile,0.85,2.912066363351841e-22
33932,2020-12-27,14 day ahead inc hosp,2021-01-10,06105,quantile,0.9,2.9135901434021694e-22
33933,2020-12-27,14 day ahead inc hosp,2021-01-10,06105,quantile,0.95,2.915848614978346e-22
33934,2020-12-27,14 day ahead inc hosp,2021-01-10,06105,quantile,0.975,2.917807502255827e-22
33935,2020-12-27,14 day ahead inc hosp,2021-01-10,06105,quantile,0.99,2.9200851320529224e-22
33936,2020-12-27,15 day ahead inc hosp,2021-01-11,06105,point,NA,3.109132815691015e-22
33937,2020-12-27,15 day ahead inc hosp,2021-01-11,06105,quantile,0.01,3.1043673220155515e-22
33938,2020-12-27,15 day ahead inc hosp,2021-01-11,06105,quantile,0.025,3.1051178546971385e-22
33939,2020-12-27,15 day ahead inc hosp,2021-01-11,06105,quantile,0.05,3.105763354208591e-22
33940,2020-12-27,15 day ahead inc hosp,2021-01-11,06105,quantile,0.1,3.1065075738049963e-22
33941,2020-12-27,15 day ahead inc hosp,2021-01-11,06105,quantile,0.15,3.1070096952335005e-22
33942,2020-12-27,15 day ahead inc hosp,2021-01-11,06105,quantile,0.2,3.1074087654273025e-22
33943,2020-12-27,15 day ahead inc hosp,2021-01-11,06105,quantile,0.25,3.1077511321197008e-22
33944,2020-12-27,15 day ahead inc hosp,2021-01-11,06105,quantile,0.3,3.1080585879907616e-22
33945,2020-12-27,15 day ahead inc hosp,2021-01-11,06105,quantile,0.35,3.108343491675384e-22
33946,2020-12-27,15 day ahead inc hosp,2021-01-11,06105,quantile,0.4,3.108613837411299e-22
33947,2020-12-27,15 day ahead inc hosp,2021-01-11,06105,quantile,0.45,3.108875400039482e-22
33948,2020-12-27,15 day ahead inc hosp,2021-01-11,06105,quantile,0.5,3.109132815691015e-22
33949,2020-12-27,15 day ahead inc hosp,2021-01-11,06105,quantile,0.55,3.109786623332212e-22
33950,2020-12-27,15 day ahead inc hosp,2021-01-11,06105,quantile,0.6,3.110450963841189e-22
33951,2020-12-27,15 day ahead inc hosp,2021-01-11,06105,quantile,0.65,3.1111376124845553e-22
33952,2020-12-27,15 day ahead inc hosp,2021-01-11,06105,quantile,0.7,3.1118612367276904e-22
33953,2020-12-27,15 day ahead inc hosp,2021-01-11,06105,quantile,0.75,3.112642141061338e-22
33954,2020-12-27,15 day ahead inc hosp,2021-01-11,06105,quantile,0.8,3.1135117150683912e-22
33955,2020-12-27,15 day ahead inc hosp,2021-01-11,06105,quantile,0.85,3.1145253097761266e-22
33956,2020-12-27,15 day ahead inc hosp,2021-01-11,06105,quantile,0.9,3.115800643365247e-22
33957,2020-12-27,15 day ahead inc hosp,2021-01-11,06105,quantile,0.95,3.117690879860042e-22
33958,2020-12-27,15 day ahead inc hosp,2021-01-11,06105,quantile,0.975,3.119330378120788e-22
33959,2020-12-27,15 day ahead inc hosp,2021-01-11,06105,quantile,0.99,3.121236649162459e-22
33960,2020-12-27,16 day ahead inc hosp,2021-01-12,06105,point,NA,3.313732032504626e-22
33961,2020-12-27,16 day ahead inc hosp,2021-01-12,06105,quantile,0.01,3.3086823727218056e-22
33962,2020-12-27,16 day ahead inc hosp,2021-01-12,06105,quantile,0.025,3.309477659623017e-22
33963,2020-12-27,16 day ahead inc hosp,2021-01-12,06105,quantile,0.05,3.3101616502323415e-22
33964,2020-12-27,16 day ahead inc hosp,2021-01-12,06105,quantile,0.1,3.310950247599473e-22
33965,2020-12-27,16 day ahead inc hosp,2021-01-12,06105,quantile,0.15,3.311482310499203e-22
33966,2020-12-27,16 day ahead inc hosp,2021-01-12,06105,quantile,0.2,3.311905177225171e-22
33967,2020-12-27,16 day ahead inc hosp,2021-01-12,06105,quantile,0.25,3.312267959223284e-22
33968,2020-12-27,16 day ahead inc hosp,2021-01-12,06105,quantile,0.3,3.312593748669839e-22
33969,2020-12-27,16 day ahead inc hosp,2021-01-12,06105,quantile,0.35,3.3128956411444054e-22
33970,2020-12-27,16 day ahead inc hosp,2021-01-12,06105,quantile,0.4,3.3131821075806394e-22
33971,2020-12-27,16 day ahead inc hosp,2021-01-12,06105,quantile,0.45,3.3134592671729447e-22
33972,2020-12-27,16 day ahead inc hosp,2021-01-12,06105,quantile,0.5,3.313732032504626e-22
33973,2020-12-27,16 day ahead inc hosp,2021-01-12,06105,quantile,0.55,3.3142967309999128e-22
33974,2020-12-27,16 day ahead inc hosp,2021-01-12,06105,quantile,0.6,3.3148705268110014e-22
33975,2020-12-27,16 day ahead inc hosp,2021-01-12,06105,quantile,0.65,3.315463590322754e-22
33976,2020-12-27,16 day ahead inc hosp,2021-01-12,06105,quantile,0.7,3.3160885899335003e-22
33977,2020-12-27,16 day ahead inc hosp,2021-01-12,06105,quantile,0.75,3.3167630627820676e-22
33978,2020-12-27,16 day ahead inc hosp,2021-01-12,06105,quantile,0.8,3.317514120283359e-22
33979,2020-12-27,16 day ahead inc hosp,2021-01-12,06105,quantile,0.85,3.318389569529012e-22
33980,2020-12-27,16 day ahead inc hosp,2021-01-12,06105,quantile,0.9,3.319491084582347e-22
33981,2020-12-27,16 day ahead inc hosp,2021-01-12,06105,quantile,0.95,3.321123695823157e-22
33982,2020-12-27,16 day ahead inc hosp,2021-01-12,06105,quantile,0.975,3.3225397425967494e-22
33983,2020-12-27,16 day ahead inc hosp,2021-01-12,06105,quantile,0.99,3.324186202994288e-22
33984,2020-12-27,17 day ahead inc hosp,2021-01-13,06105,point,NA,3.517942246228655e-22
33985,2020-12-27,17 day ahead inc hosp,2021-01-13,06105,quantile,0.01,3.512821187635331e-22
33986,2020-12-27,17 day ahead inc hosp,2021-01-13,06105,quantile,0.025,3.5136277193611834e-22
33987,2020-12-27,17 day ahead inc hosp,2021-01-13,06105,quantile,0.05,3.514321381140052e-22
33988,2020-12-27,17 day ahead inc hosp,2021-01-13,06105,quantile,0.1,3.5151211287462897e-22
33989,2020-12-27,17 day ahead inc hosp,2021-01-13,06105,quantile,0.15,3.5156607146594076e-22
33990,2020-12-27,17 day ahead inc hosp,2021-01-13,06105,quantile,0.2,3.5160895604379324e-22
33991,2020-12-27,17 day ahead inc hosp,2021-01-13,06105,quantile,0.25,3.516457471930755e-22
33992,2020-12-27,17 day ahead inc hosp,2021-01-13,06105,quantile,0.3,3.5167878678220914e-22
33993,2020-12-27,17 day ahead inc hosp,2021-01-13,06105,quantile,0.35,3.5170940288542464e-22
33994,2020-12-27,17 day ahead inc hosp,2021-01-13,06105,quantile,0.4,3.5173845457342085e-22
33995,2020-12-27,17 day ahead inc hosp,2021-01-13,06105,quantile,0.45,3.5176656241776963e-22
33996,2020-12-27,17 day ahead inc hosp,2021-01-13,06105,quantile,0.5,3.517942246228655e-22
33997,2020-12-27,17 day ahead inc hosp,2021-01-13,06105,quantile,0.55,3.5185734535611794e-22
33998,2020-12-27,17 day ahead inc hosp,2021-01-13,06105,quantile,0.6,3.5192148296695885e-22
33999,2020-12-27,17 day ahead inc hosp,2021-01-13,06105,quantile,0.65,3.5198777427823304e-22
34000,2020-12-27,17 day ahead inc hosp,2021-01-13,06105,quantile,0.7,3.52057635335137e-22
34001,2020-12-27,17 day ahead inc hosp,2021-01-13,06105,quantile,0.75,3.521330263997774e-22
34002,2020-12-27,17 day ahead inc hosp,2021-01-13,06105,quantile,0.8,3.522169779254003e-22
34003,2020-12-27,17 day ahead inc hosp,2021-01-13,06105,quantile,0.85,3.523148336816529e-22
34004,2020-12-27,17 day ahead inc hosp,2021-01-13,06105,quantile,0.9,3.524379585676504e-22
34005,2020-12-27,17 day ahead inc hosp,2021-01-13,06105,quantile,0.95,3.526204481961802e-22
34006,2020-12-27,17 day ahead inc hosp,2021-01-13,06105,quantile,0.975,3.5277873073352537e-22
34007,2020-12-27,17 day ahead inc hosp,2021-01-13,06105,quantile,0.99,3.5296276838978133e-22
34008,2020-12-27,18 day ahead inc hosp,2021-01-14,06105,point,NA,3.7221441295815245e-22
34009,2020-12-27,18 day ahead inc hosp,2021-01-14,06105,quantile,0.01,3.716678930545267e-22
34010,2020-12-27,18 day ahead inc hosp,2021-01-14,06105,quantile,0.025,3.717539662038671e-22
34011,2020-12-27,18 day ahead inc hosp,2021-01-14,06105,quantile,0.05,3.7182799386077193e-22
34012,2020-12-27,18 day ahead inc hosp,2021-01-14,06105,quantile,0.1,3.7191334300816416e-22
34013,2020-12-27,18 day ahead inc hosp,2021-01-14,06105,quantile,0.15,3.719709276727137e-22
34014,2020-12-27,18 day ahead inc hosp,2021-01-14,06105,quantile,0.2,3.720166941386267e-22
34015,2020-12-27,18 day ahead inc hosp,2021-01-14,06105,quantile,0.25,3.7205595769125663e-22
34016,2020-12-27,18 day ahead inc hosp,2021-01-14,06105,quantile,0.3,3.720912175750094e-22
34017,2020-12-27,18 day ahead inc hosp,2021-01-14,06105,quantile,0.35,3.721238911120795e-22
34018,2020-12-27,18 day ahead inc hosp,2021-01-14,06105,quantile,0.4,3.7215489510360685e-22
34019,2020-12-27,18 day ahead inc hosp,2021-01-14,06105,quantile,0.45,3.7218489182421583e-22
34020,2020-12-27,18 day ahead inc hosp,2021-01-14,06105,quantile,0.5,3.7221441295815245e-22
34021,2020-12-27,18 day ahead inc hosp,2021-01-14,06105,quantile,0.55,3.7229108036404263e-22
34022,2020-12-27,18 day ahead inc hosp,2021-01-14,06105,quantile,0.6,3.723689828849703e-22
34023,2020-12-27,18 day ahead inc hosp,2021-01-14,06105,quantile,0.65,3.724495013233117e-22
34024,2020-12-27,18 day ahead inc hosp,2021-01-14,06105,quantile,0.7,3.7253435562917274e-22
34025,2020-12-27,18 day ahead inc hosp,2021-01-14,06105,quantile,0.75,3.726259267668235e-22
34026,2020-12-27,18 day ahead inc hosp,2021-01-14,06105,quantile,0.8,3.7272789557102435e-22
34027,2020-12-27,18 day ahead inc hosp,2021-01-14,06105,quantile,0.85,3.728467526659396e-22
34028,2020-12-27,18 day ahead inc hosp,2021-01-14,06105,quantile,0.9,3.7299630203147385e-22
34029,2020-12-27,18 day ahead inc hosp,2021-01-14,06105,quantile,0.95,3.7321795671924946e-22
34030,2020-12-27,18 day ahead inc hosp,2021-01-14,06105,quantile,0.975,3.734102091046494e-22
34031,2020-12-27,18 day ahead inc hosp,2021-01-14,06105,quantile,0.99,3.736337440505256e-22
34032,2020-12-27,19 day ahead inc hosp,2021-01-15,06105,point,NA,3.9261342195585603e-22
34033,2020-12-27,19 day ahead inc hosp,2021-01-15,06105,quantile,0.01,3.921207008285565e-22
34034,2020-12-27,19 day ahead inc hosp,2021-01-15,06105,quantile,0.025,3.921983010383418e-22
34035,2020-12-27,19 day ahead inc hosp,2021-01-15,06105,quantile,0.05,3.922650414997953e-22
34036,2020-12-27,19 day ahead inc hosp,2021-01-15,06105,quantile,0.1,3.9234198897753244e-22
34037,2020-12-27,19 day ahead inc hosp,2021-01-15,06105,quantile,0.15,3.9239390507545273e-22
34038,2020-12-27,19 day ahead inc hosp,2021-01-15,06105,quantile,0.2,3.92435166344306e-22
34039,2020-12-27,19 day ahead inc hosp,2021-01-15,06105,quantile,0.25,3.9247056483900905e-22
34040,2020-12-27,19 day ahead inc hosp,2021-01-15,06105,quantile,0.3,3.9250235378128884e-22
34041,2020-12-27,19 day ahead inc hosp,2021-01-15,06105,quantile,0.35,3.9253181097381054e-22
34042,2020-12-27,19 day ahead inc hosp,2021-01-15,06105,quantile,0.4,3.9255976296888846e-22
34043,2020-12-27,19 day ahead inc hosp,2021-01-15,06105,quantile,0.45,3.925868068476122e-22
34044,2020-12-27,19 day ahead inc hosp,2021-01-15,06105,quantile,0.5,3.9261342195585603e-22
34045,2020-12-27,19 day ahead inc hosp,2021-01-15,06105,quantile,0.55,3.926862905092116e-22
34046,2020-12-27,19 day ahead inc hosp,2021-01-15,06105,quantile,0.6,3.927603329779353e-22
34047,2020-12-27,19 day ahead inc hosp,2021-01-15,06105,quantile,0.65,3.9283686174595953e-22
34048,2020-12-27,19 day ahead inc hosp,2021-01-15,06105,quantile,0.7,3.9291751154025334e-22
34049,2020-12-27,19 day ahead inc hosp,2021-01-15,06105,quantile,0.75,3.930045453488485e-22
34050,2020-12-27,19 day ahead inc hosp,2021-01-15,06105,quantile,0.8,3.931014616219797e-22
34051,2020-12-27,19 day ahead inc hosp,2021-01-15,06105,quantile,0.85,3.932144293748593e-22
34052,2020-12-27,19 day ahead inc hosp,2021-01-15,06105,quantile,0.9,3.933565686033253e-22
34053,2020-12-27,19 day ahead inc hosp,2021-01-15,06105,quantile,0.95,3.935672403517059e-22
34054,2020-12-27,19 day ahead inc hosp,2021-01-15,06105,quantile,0.975,3.937499666751101e-22
34055,2020-12-27,19 day ahead inc hosp,2021-01-15,06105,quantile,0.99,3.939624255152298e-22
34056,2020-12-27,20 day ahead inc hosp,2021-01-16,06105,point,NA,4.1305549644809744e-22
34057,2020-12-27,20 day ahead inc hosp,2021-01-16,06105,quantile,0.01,4.1217918680423214e-22
34058,2020-12-27,20 day ahead inc hosp,2021-01-16,06105,quantile,0.025,4.1231719958353707e-22
34059,2020-12-27,20 day ahead inc hosp,2021-01-16,06105,quantile,0.05,4.1243589818761e-22
34060,2020-12-27,20 day ahead inc hosp,2021-01-16,06105,quantile,0.1,4.125727500761859e-22
34061,2020-12-27,20 day ahead inc hosp,2021-01-16,06105,quantile,0.15,4.1266508339570223e-22
34062,2020-12-27,20 day ahead inc hosp,2021-01-16,06105,quantile,0.2,4.1273846699102805e-22
34063,2020-12-27,20 day ahead inc hosp,2021-01-16,06105,quantile,0.25,4.1280142358161836e-22
34064,2020-12-27,20 day ahead inc hosp,2021-01-16,06105,quantile,0.3,4.1285796054572365e-22
34065,2020-12-27,20 day ahead inc hosp,2021-01-16,06105,quantile,0.35,4.1291035046865924e-22
34066,2020-12-27,20 day ahead inc hosp,2021-01-16,06105,quantile,0.4,4.1296006338230337e-22
34067,2020-12-27,20 day ahead inc hosp,2021-01-16,06105,quantile,0.45,4.1300816120157694e-22
34068,2020-12-27,20 day ahead inc hosp,2021-01-16,06105,quantile,0.5,4.1305549644809744e-22
34069,2020-12-27,20 day ahead inc hosp,2021-01-16,06105,quantile,0.55,4.131298941827936e-22
34070,2020-12-27,20 day ahead inc hosp,2021-01-16,06105,quantile,0.6,4.1320549046803165e-22
34071,2020-12-27,20 day ahead inc hosp,2021-01-16,06105,quantile,0.65,4.1328362522874673e-22
34072,2020-12-27,20 day ahead inc hosp,2021-01-16,06105,quantile,0.7,4.1336596749743283e-22
34073,2020-12-27,20 day ahead inc hosp,2021-01-16,06105,quantile,0.75,4.134548277520047e-22
34074,2020-12-27,20 day ahead inc hosp,2021-01-16,06105,quantile,0.8,4.1355377785934347e-22
34075,2020-12-27,20 day ahead inc hosp,2021-01-16,06105,quantile,0.85,4.136691162943875e-22
34076,2020-12-27,20 day ahead inc hosp,2021-01-16,06105,quantile,0.9,4.138142383823441e-22
34077,2020-12-27,20 day ahead inc hosp,2021-01-16,06105,quantile,0.95,4.140293311778263e-22
34078,2020-12-27,20 day ahead inc hosp,2021-01-16,06105,quantile,0.975,4.1421589210026277e-22
34079,2020-12-27,20 day ahead inc hosp,2021-01-16,06105,quantile,0.99,4.144328094904565e-22
34080,2020-12-27,21 day ahead inc hosp,2021-01-17,06105,point,NA,4.338409841804869e-22
34081,2020-12-27,21 day ahead inc hosp,2021-01-17,06105,quantile,0.01,4.329227278859915e-22
34082,2020-12-27,21 day ahead inc hosp,2021-01-17,06105,quantile,0.025,4.33067346976064e-22
34083,2020-12-27,21 day ahead inc hosp,2021-01-17,06105,quantile,0.05,4.331917273718531e-22
34084,2020-12-27,21 day ahead inc hosp,2021-01-17,06105,quantile,0.1,4.333351300023937e-22
34085,2020-12-27,21 day ahead inc hosp,2021-01-17,06105,quantile,0.15,4.33431883076414e-22
34086,2020-12-27,21 day ahead inc hosp,2021-01-17,06105,quantile,0.2,4.335087793525104e-22
34087,2020-12-27,21 day ahead inc hosp,2021-01-17,06105,quantile,0.25,4.335747495104269e-22
34088,2020-12-27,21 day ahead inc hosp,2021-01-17,06105,quantile,0.3,4.336339927511293e-22
34089,2020-12-27,21 day ahead inc hosp,2021-01-17,06105,quantile,0.35,4.336888904426479e-22
34090,2020-12-27,21 day ahead inc hosp,2021-01-17,06105,quantile,0.4,4.337409829834422e-22
34091,2020-12-27,21 day ahead inc hosp,2021-01-17,06105,quantile,0.45,4.337913831195226e-22
34092,2020-12-27,21 day ahead inc hosp,2021-01-17,06105,quantile,0.5,4.338409841804869e-22
34093,2020-12-27,21 day ahead inc hosp,2021-01-17,06105,quantile,0.55,4.33913960716654e-22
34094,2020-12-27,21 day ahead inc hosp,2021-01-17,06105,quantile,0.6,4.339881129077968e-22
34095,2020-12-27,21 day ahead inc hosp,2021-01-17,06105,quantile,0.65,4.340647550826495e-22
34096,2020-12-27,21 day ahead inc hosp,2021-01-17,06105,quantile,0.7,4.341455243906586e-22
34097,2020-12-27,21 day ahead inc hosp,2021-01-17,06105,quantile,0.75,4.342326871733438e-22
34098,2020-12-27,21 day ahead inc hosp,2021-01-17,06105,quantile,0.8,4.343297470652403e-22
34099,2020-12-27,21 day ahead inc hosp,2021-01-17,06105,quantile,0.85,4.344428822233312e-22
34100,2020-12-27,21 day ahead inc hosp,2021-01-17,06105,quantile,0.9,4.345852320857787e-22
34101,2020-12-27,21 day ahead inc hosp,2021-01-17,06105,quantile,0.95,4.347962160254498e-22
34102,2020-12-27,21 day ahead inc hosp,2021-01-17,06105,quantile,0.975,4.349792131282401e-22
34103,2020-12-27,21 day ahead inc hosp,2021-01-17,06105,quantile,0.99,4.351919868079147e-22
34104,2020-12-27,22 day ahead inc hosp,2021-01-18,06105,point,NA,4.538211522137288e-22
34105,2020-12-27,22 day ahead inc hosp,2021-01-18,06105,quantile,0.01,4.5325667556575e-22
34106,2020-12-27,22 day ahead inc hosp,2021-01-18,06105,quantile,0.025,4.533455767795911e-22
34107,2020-12-27,22 day ahead inc hosp,2021-01-18,06105,quantile,0.05,4.534220367279849e-22
34108,2020-12-27,22 day ahead inc hosp,2021-01-18,06105,quantile,0.1,4.535101901516904e-22
34109,2020-12-27,22 day ahead inc hosp,2021-01-18,06105,quantile,0.15,4.535696668481551e-22
34110,2020-12-27,22 day ahead inc hosp,2021-01-18,06105,quantile,0.2,4.536169370410557e-22
34111,2020-12-27,22 day ahead inc hosp,2021-01-18,06105,quantile,0.25,4.536574906575466e-22
34112,2020-12-27,22 day ahead inc hosp,2021-01-18,06105,quantile,0.3,4.536939090585176e-22
34113,2020-12-27,22 day ahead inc hosp,2021-01-18,06105,quantile,0.35,4.53727656134444e-22
34114,2020-12-27,22 day ahead inc hosp,2021-01-18,06105,quantile,0.4,4.537596788093644e-22
34115,2020-12-27,22 day ahead inc hosp,2021-01-18,06105,quantile,0.45,4.537906611179453e-22
34116,2020-12-27,22 day ahead inc hosp,2021-01-18,06105,quantile,0.5,4.538211522137288e-22
34117,2020-12-27,22 day ahead inc hosp,2021-01-18,06105,quantile,0.55,4.539024245236637e-22
34118,2020-12-27,22 day ahead inc hosp,2021-01-18,06105,quantile,0.6,4.53985006133828e-22
34119,2020-12-27,22 day ahead inc hosp,2021-01-18,06105,quantile,0.65,4.540703607822652e-22
34120,2020-12-27,22 day ahead inc hosp,2021-01-18,06105,quantile,0.7,4.541603117251093e-22
34121,2020-12-27,22 day ahead inc hosp,2021-01-18,06105,quantile,0.75,4.542573829354082e-22
34122,2020-12-27,22 day ahead inc hosp,2021-01-18,06105,quantile,0.8,4.543654763313235e-22
34123,2020-12-27,22 day ahead inc hosp,2021-01-18,06105,quantile,0.85,4.544914723858886e-22
34124,2020-12-27,22 day ahead inc hosp,2021-01-18,06105,quantile,0.9,4.546500041927904e-22
34125,2020-12-27,22 day ahead inc hosp,2021-01-18,06105,quantile,0.95,4.548849722117841e-22
34126,2020-12-27,22 day ahead inc hosp,2021-01-18,06105,quantile,0.975,4.550887719265455e-22
34127,2020-12-27,22 day ahead inc hosp,2021-01-18,06105,quantile,0.99,4.5532573313830915e-22
34128,2020-12-27,23 day ahead inc hosp,2021-01-19,06105,point,NA,4.742817049838141e-22
34129,2020-12-27,23 day ahead inc hosp,2021-01-19,06105,quantile,0.01,4.737647083527015e-22
34130,2020-12-27,23 day ahead inc hosp,2021-01-19,06105,quantile,0.025,4.738461317884136e-22
34131,2020-12-27,23 day ahead inc hosp,2021-01-19,06105,quantile,0.05,4.739161604350833e-22
34132,2020-12-27,23 day ahead inc hosp,2021-01-19,06105,quantile,0.1,4.739968989797865e-22
34133,2020-12-27,23 day ahead inc hosp,2021-01-19,06105,quantile,0.15,4.740513728925908e-22
34134,2020-12-27,23 day ahead inc hosp,2021-01-19,06105,quantile,0.2,4.740946670316294e-22
34135,2020-12-27,23 day ahead inc hosp,2021-01-19,06105,quantile,0.25,4.741318095479412e-22
34136,2020-12-27,23 day ahead inc hosp,2021-01-19,06105,quantile,0.3,4.74165164675527e-22
34137,2020-12-27,23 day ahead inc hosp,2021-01-19,06105,quantile,0.35,4.741960731721429e-22
34138,2020-12-27,23 day ahead inc hosp,2021-01-19,06105,quantile,0.4,4.742254023128831e-22
34139,2020-12-27,23 day ahead inc hosp,2021-01-19,06105,quantile,0.45,4.742537785959724e-22
34140,2020-12-27,23 day ahead inc hosp,2021-01-19,06105,quantile,0.5,4.742817049838141e-22
34141,2020-12-27,23 day ahead inc hosp,2021-01-19,06105,quantile,0.55,4.743463317579057e-22
34142,2020-12-27,23 day ahead inc hosp,2021-01-19,06105,quantile,0.6,4.744119996719649e-22
34143,2020-12-27,23 day ahead inc hosp,2021-01-19,06105,quantile,0.65,4.744798726730724e-22
34144,2020-12-27,23 day ahead inc hosp,2021-01-19,06105,quantile,0.7,4.745514005928175e-22
34145,2020-12-27,23 day ahead inc hosp,2021-01-19,06105,quantile,0.75,4.746285904645438e-22
34146,2020-12-27,23 day ahead inc hosp,2021-01-19,06105,quantile,0.8,4.747145450471589e-22
34147,2020-12-27,23 day ahead inc hosp,2021-01-19,06105,quantile,0.85,4.748147356109724e-22
34148,2020-12-27,23 day ahead inc hosp,2021-01-19,06105,quantile,0.9,4.749407982180176e-22
34149,2020-12-27,23 day ahead inc hosp,2021-01-19,06105,quantile,0.95,4.75127641991677e-22
34150,2020-12-27,23 day ahead inc hosp,2021-01-19,06105,quantile,0.975,4.752897011005711e-22
34151,2020-12-27,23 day ahead inc hosp,2021-01-19,06105,quantile,0.99,4.754781298374113e-22
34152,2020-12-27,24 day ahead inc hosp,2021-01-20,06105,point,NA,4.947634118479338e-22
34153,2020-12-27,24 day ahead inc hosp,2021-01-20,06105,quantile,0.01,4.942413459179067e-22
34154,2020-12-27,24 day ahead inc hosp,2021-01-20,06105,quantile,0.025,4.943235677335489e-22
34155,2020-12-27,24 day ahead inc hosp,2021-01-20,06105,quantile,0.05,4.943942830310035e-22
34156,2020-12-27,24 day ahead inc hosp,2021-01-20,06105,quantile,0.1,4.944758132400861e-22
34157,2020-12-27,24 day ahead inc hosp,2021-01-20,06105,quantile,0.15,4.945308212850885e-22
34158,2020-12-27,24 day ahead inc hosp,2021-01-20,06105,quantile,0.2,4.945745399354659e-22
34159,2020-12-27,24 day ahead inc hosp,2021-01-20,06105,quantile,0.25,4.946120466447073e-22
34160,2020-12-27,24 day ahead inc hosp,2021-01-20,06105,quantile,0.3,4.946457288287996e-22
34161,2020-12-27,24 day ahead inc hosp,2021-01-20,06105,quantile,0.35,4.9467694039201e-22
34162,2020-12-27,24 day ahead inc hosp,2021-01-20,06105,quantile,0.4,4.947065571133113e-22
34163,2020-12-27,24 day ahead inc hosp,2021-01-20,06105,quantile,0.45,4.947352116339218e-22
34164,2020-12-27,24 day ahead inc hosp,2021-01-20,06105,quantile,0.5,4.947634118479338e-22
34165,2020-12-27,24 day ahead inc hosp,2021-01-20,06105,quantile,0.55,4.948309002997369e-22
34166,2020-12-27,24 day ahead inc hosp,2021-01-20,06105,quantile,0.6,4.948994759932524e-22
34167,2020-12-27,24 day ahead inc hosp,2021-01-20,06105,quantile,0.65,4.949703544152124e-22
34168,2020-12-27,24 day ahead inc hosp,2021-01-20,06105,quantile,0.7,4.950450495958421e-22
34169,2020-12-27,24 day ahead inc hosp,2021-01-20,06105,quantile,0.75,4.95125657440051e-22
34170,2020-12-27,24 day ahead inc hosp,2021-01-20,06105,quantile,0.8,4.952154180971101e-22
34171,2020-12-27,24 day ahead inc hosp,2021-01-20,06105,quantile,0.85,4.953200451055305e-22
34172,2020-12-27,24 day ahead inc hosp,2021-01-20,06105,quantile,0.9,4.954516897729199e-22
34173,2020-12-27,24 day ahead inc hosp,2021-01-20,06105,quantile,0.95,4.956468070008889e-22
34174,2020-12-27,24 day ahead inc hosp,2021-01-20,06105,quantile,0.975,4.958160420975434e-22
34175,2020-12-27,24 day ahead inc hosp,2021-01-20,06105,quantile,0.99,4.960128144709646e-22
34176,2020-12-27,25 day ahead inc hosp,2021-01-21,06105,point,NA,5.153293816785056e-22
34177,2020-12-27,25 day ahead inc hosp,2021-01-21,06105,quantile,0.01,5.147377736087031e-22
34178,2020-12-27,25 day ahead inc hosp,2021-01-21,06105,quantile,0.025,5.148309478360373e-22
34179,2020-12-27,25 day ahead inc hosp,2021-01-21,06105,quantile,0.05,5.149110828117681e-22
34180,2020-12-27,25 day ahead inc hosp,2021-01-21,06105,quantile,0.1,5.150034733066303e-22
34181,2020-12-27,25 day ahead inc hosp,2021-01-21,06105,quantile,0.15,5.150658087348889e-22
34182,2020-12-27,25 day ahead inc hosp,2021-01-21,06105,quantile,0.2,5.151153509571957e-22
34183,2020-12-27,25 day ahead inc hosp,2021-01-21,06105,quantile,0.25,5.151578537726117e-22
34184,2020-12-27,25 day ahead inc hosp,2021-01-21,06105,quantile,0.3,5.1519602261446e-22
34185,2020-12-27,25 day ahead inc hosp,2021-01-21,06105,quantile,0.35,5.15231391734727e-22
34186,2020-12-27,25 day ahead inc hosp,2021-01-21,06105,quantile,0.4,5.152649535711066e-22
34187,2020-12-27,25 day ahead inc hosp,2021-01-21,06105,quantile,0.45,5.152974250362118e-22
34188,2020-12-27,25 day ahead inc hosp,2021-01-21,06105,quantile,0.5,5.153293816785056e-22
34189,2020-12-27,25 day ahead inc hosp,2021-01-21,06105,quantile,0.55,5.154108275391042e-22
34190,2020-12-27,25 day ahead inc hosp,2021-01-21,06105,quantile,0.6,5.154935854958404e-22
34191,2020-12-27,25 day ahead inc hosp,2021-01-21,06105,quantile,0.65,5.15579122412456e-22
34192,2020-12-27,25 day ahead inc hosp,2021-01-21,06105,quantile,0.7,5.156692654385059e-22
34193,2020-12-27,25 day ahead inc hosp,2021-01-21,06105,quantile,0.75,5.15766543936785e-22
34194,2020-12-27,25 day ahead inc hosp,2021-01-21,06105,quantile,0.8,5.158748681576962e-22
34195,2020-12-27,25 day ahead inc hosp,2021-01-21,06105,quantile,0.85,5.160011332669849e-22
34196,2020-12-27,25 day ahead inc hosp,2021-01-21,06105,quantile,0.9,5.161600036061658e-22
34197,2020-12-27,25 day ahead inc hosp,2021-01-21,06105,quantile,0.95,5.163954733809934e-22
34198,2020-12-27,25 day ahead inc hosp,2021-01-21,06105,quantile,0.975,5.165997082941119e-22
34199,2020-12-27,25 day ahead inc hosp,2021-01-21,06105,quantile,0.99,5.168371755180167e-22
34200,2020-12-27,26 day ahead inc hosp,2021-01-22,06105,point,NA,5.355590064626402e-22
34201,2020-12-27,26 day ahead inc hosp,2021-01-22,06105,quantile,0.01,5.350667851310286e-22
34202,2020-12-27,26 day ahead inc hosp,2021-01-22,06105,quantile,0.025,5.351443066264092e-22
34203,2020-12-27,26 day ahead inc hosp,2021-01-22,06105,quantile,0.05,5.352109793891321e-22
34204,2020-12-27,26 day ahead inc hosp,2021-01-22,06105,quantile,0.1,5.352878488145685e-22
34205,2020-12-27,26 day ahead inc hosp,2021-01-22,06105,quantile,0.15,5.353397122509721e-22
34206,2020-12-27,26 day ahead inc hosp,2021-01-22,06105,quantile,0.2,5.353809316661214e-22
34207,2020-12-27,26 day ahead inc hosp,2021-01-22,06105,quantile,0.25,5.35416294254073e-22
34208,2020-12-27,26 day ahead inc hosp,2021-01-22,06105,quantile,0.3,5.3544805095098035e-22
34209,2020-12-27,26 day ahead inc hosp,2021-01-22,06105,quantile,0.35,5.354774782633589e-22
34210,2020-12-27,26 day ahead inc hosp,2021-01-22,06105,quantile,0.4,5.3550540190510305e-22
34211,2020-12-27,26 day ahead inc hosp,2021-01-22,06105,quantile,0.45,5.355324183516482e-22
34212,2020-12-27,26 day ahead inc hosp,2021-01-22,06105,quantile,0.5,5.355590064626402e-22
34213,2020-12-27,26 day ahead inc hosp,2021-01-22,06105,quantile,0.55,5.356321526958185e-22
34214,2020-12-27,26 day ahead inc hosp,2021-01-22,06105,quantile,0.6,5.357064773177983e-22
34215,2020-12-27,26 day ahead inc hosp,2021-01-22,06105,quantile,0.65,5.357832977136066e-22
34216,2020-12-27,26 day ahead inc hosp,2021-01-22,06105,quantile,0.7,5.358642548396582e-22
34217,2020-12-27,26 day ahead inc hosp,2021-01-22,06105,quantile,0.75,5.359516203075417e-22
34218,2020-12-27,26 day ahead inc hosp,2021-01-22,06105,quantile,0.8,5.360489058990183e-22
34219,2020-12-27,26 day ahead inc hosp,2021-01-22,06105,quantile,0.85,5.361623041375347e-22
34220,2020-12-27,26 day ahead inc hosp,2021-01-22,06105,quantile,0.9,5.363049850152301e-22
34221,2020-12-27,26 day ahead inc hosp,2021-01-22,06105,quantile,0.95,5.365164595693625e-22
34222,2020-12-27,26 day ahead inc hosp,2021-01-22,06105,quantile,0.975,5.366998822070307e-22
34223,2020-12-27,26 day ahead inc hosp,2021-01-22,06105,quantile,0.99,5.3691315066296365e-22
34224,2020-12-27,27 day ahead inc hosp,2021-01-23,06105,point,NA,5.560343519524202e-22
34225,2020-12-27,27 day ahead inc hosp,2021-01-23,06105,quantile,0.01,5.551154530634689e-22
34226,2020-12-27,27 day ahead inc hosp,2021-01-23,06105,quantile,0.025,5.55260173357776e-22
34227,2020-12-27,27 day ahead inc hosp,2021-01-23,06105,quantile,0.05,5.553846407947902e-22
34228,2020-12-27,27 day ahead inc hosp,2021-01-23,06105,quantile,0.1,5.555281437782888e-22
34229,2020-12-27,27 day ahead inc hosp,2021-01-23,06105,quantile,0.15,5.556249645599733e-22
34230,2020-12-27,27 day ahead inc hosp,2021-01-23,06105,quantile,0.2,5.5570191464797495e-22
34231,2020-12-27,27 day ahead inc hosp,2021-01-23,06105,quantile,0.25,5.557679309717147e-22
34232,2020-12-27,27 day ahead inc hosp,2021-01-23,06105,quantile,0.3,5.558272156707531e-22
34233,2020-12-27,27 day ahead inc hosp,2021-01-23,06105,quantile,0.35,5.558821517795986e-22
34234,2020-12-27,27 day ahead inc hosp,2021-01-23,06105,quantile,0.4,5.559342807746792e-22
34235,2020-12-27,27 day ahead inc hosp,2021-01-23,06105,quantile,0.45,5.559847161807036e-22
34236,2020-12-27,27 day ahead inc hosp,2021-01-23,06105,quantile,0.5,5.560343519524202e-22
34237,2020-12-27,27 day ahead inc hosp,2021-01-23,06105,quantile,0.55,5.5611150144279895e-22
34238,2020-12-27,27 day ahead inc hosp,2021-01-23,06105,quantile,0.6,5.561898938146158e-22
34239,2020-12-27,27 day ahead inc hosp,2021-01-23,06105,quantile,0.65,5.562709185527299e-22
34240,2020-12-27,27 day ahead inc hosp,2021-01-23,06105,quantile,0.7,5.563563064222894e-22
34241,2020-12-27,27 day ahead inc hosp,2021-01-23,06105,quantile,0.75,5.56448453359063e-22
34242,2020-12-27,27 day ahead inc hosp,2021-01-23,06105,quantile,0.8,5.565510633428922e-22
34243,2020-12-27,27 day ahead inc hosp,2021-01-23,06105,quantile,0.85,5.566706678109728e-22
34244,2020-12-27,27 day ahead inc hosp,2021-01-23,06105,quantile,0.9,5.5682115754260595e-22
34245,2020-12-27,27 day ahead inc hosp,2021-01-23,06105,quantile,0.95,5.570442059945966e-22
34246,2020-12-27,27 day ahead inc hosp,2021-01-23,06105,quantile,0.975,5.572376672625954e-22
34247,2020-12-27,27 day ahead inc hosp,2021-01-23,06105,quantile,0.99,5.574626077957458e-22
34248,2020-12-27,28 day ahead inc hosp,2021-01-24,06105,point,NA,5.764280598048407e-22
34249,2020-12-27,28 day ahead inc hosp,2021-01-24,06105,quantile,0.01,5.755269391904569e-22
34250,2020-12-27,28 day ahead inc hosp,2021-01-24,06105,quantile,0.025,5.756688595280346e-22
34251,2020-12-27,28 day ahead inc hosp,2021-01-24,06105,quantile,0.05,5.75790918847794e-22
34252,2020-12-27,28 day ahead inc hosp,2021-01-24,06105,quantile,0.1,5.759316454263229e-22
34253,2020-12-27,28 day ahead inc hosp,2021-01-24,06105,quantile,0.15,5.760265929807555e-22
34254,2020-12-27,28 day ahead inc hosp,2021-01-24,06105,quantile,0.2,5.761020542871198e-22
34255,2020-12-27,28 day ahead inc hosp,2021-01-24,06105,quantile,0.25,5.761667933687782e-22
34256,2020-12-27,28 day ahead inc hosp,2021-01-24,06105,quantile,0.3,5.762249310649529e-22
34257,2020-12-27,28 day ahead inc hosp,2021-01-24,06105,quantile,0.35,5.762788043047074e-22
34258,2020-12-27,28 day ahead inc hosp,2021-01-24,06105,quantile,0.4,5.763299247409589e-22
34259,2020-12-27,28 day ahead inc hosp,2021-01-24,06105,quantile,0.45,5.763793843546443e-22
34260,2020-12-27,28 day ahead inc hosp,2021-01-24,06105,quantile,0.5,5.764280598048407e-22
34261,2020-12-27,28 day ahead inc hosp,2021-01-24,06105,quantile,0.55,5.7649878788348915e-22
34262,2020-12-27,28 day ahead inc hosp,2021-01-24,06105,quantile,0.6,5.765706553943707e-22
34263,2020-12-27,28 day ahead inc hosp,2021-01-24,06105,quantile,0.65,5.766449361708433e-22
34264,2020-12-27,28 day ahead inc hosp,2021-01-24,06105,quantile,0.7,5.767232169206471e-22
34265,2020-12-27,28 day ahead inc hosp,2021-01-24,06105,quantile,0.75,5.768076941577531e-22
34266,2020-12-27,28 day ahead inc hosp,2021-01-24,06105,quantile,0.8,5.7690176356729505e-22
34267,2020-12-27,28 day ahead inc hosp,2021-01-24,06105,quantile,0.85,5.770114129529691e-22
34268,2020-12-27,28 day ahead inc hosp,2021-01-24,06105,quantile,0.9,5.771493769177663e-22
34269,2020-12-27,28 day ahead inc hosp,2021-01-24,06105,quantile,0.95,5.773538602964297e-22
34270,2020-12-27,28 day ahead inc hosp,2021-01-24,06105,quantile,0.975,5.775312191320004e-22
34271,2020-12-27,28 day ahead inc hosp,2021-01-24,06105,quantile,0.99,5.777374371075408e-22
34272,2020-12-27,1 day ahead inc hosp,2020-12-28,06107,point,NA,217.97137451171875
34273,2020-12-27,1 day ahead inc hosp,2020-12-28,06107,quantile,0.01,145.9912770204944
34274,2020-12-27,1 day ahead inc hosp,2020-12-28,06107,quantile,0.025,157.32765038913942
34275,2020-12-27,1 day ahead inc hosp,2020-12-28,06107,quantile,0.05,167.07755688971918
34276,2020-12-27,1 day ahead inc hosp,2020-12-28,06107,quantile,0.1,178.318574662958
34277,2020-12-27,1 day ahead inc hosp,2020-12-28,06107,quantile,0.15,185.90283598771063
34278,2020-12-27,1 day ahead inc hosp,2020-12-28,06107,quantile,0.2,191.93056646264736
34279,2020-12-27,1 day ahead inc hosp,2020-12-28,06107,quantile,0.25,197.1018224908445
34280,2020-12-27,1 day ahead inc hosp,2020-12-28,06107,quantile,0.3,201.74577022855206
34281,2020-12-27,1 day ahead inc hosp,2020-12-28,06107,quantile,0.35,206.04907989410222
34282,2020-12-27,1 day ahead inc hosp,2020-12-28,06107,quantile,0.4,210.13249994513964
34283,2020-12-27,1 day ahead inc hosp,2020-12-28,06107,quantile,0.45,214.0832561015536
34284,2020-12-27,1 day ahead inc hosp,2020-12-28,06107,quantile,0.5,217.97137451171875
34285,2020-12-27,1 day ahead inc hosp,2020-12-28,06107,quantile,0.55,228.40707614384436
34286,2020-12-27,1 day ahead inc hosp,2020-12-28,06107,quantile,0.6,239.01089735510936
34287,2020-12-27,1 day ahead inc hosp,2020-12-28,06107,quantile,0.65,249.97078818041354
34288,2020-12-27,1 day ahead inc hosp,2020-12-28,06107,quantile,0.7,261.5208622684134
34289,2020-12-27,1 day ahead inc hosp,2020-12-28,06107,quantile,0.75,273.9852082253674
34290,2020-12-27,1 day ahead inc hosp,2020-12-28,06107,quantile,0.8,287.8648485245177
34291,2020-12-27,1 day ahead inc hosp,2020-12-28,06107,quantile,0.85,304.0432644366602
34292,2020-12-27,1 day ahead inc hosp,2020-12-28,06107,quantile,0.9,324.399405874705
34293,2020-12-27,1 day ahead inc hosp,2020-12-28,06107,quantile,0.95,354.570273926524
34294,2020-12-27,1 day ahead inc hosp,2020-12-28,06107,quantile,0.975,380.73900245988415
34295,2020-12-27,1 day ahead inc hosp,2020-12-28,06107,quantile,0.99,411.16580472914137
34296,2020-12-27,2 day ahead inc hosp,2020-12-29,06107,point,NA,227.994873046875
34297,2020-12-27,2 day ahead inc hosp,2020-12-29,06107,quantile,0.01,148.35541379713828
34298,2020-12-27,2 day ahead inc hosp,2020-12-29,06107,quantile,0.025,160.8980842907713
34299,2020-12-27,2 day ahead inc hosp,2020-12-29,06107,quantile,0.05,171.68547286768074
34300,2020-12-27,2 day ahead inc hosp,2020-12-29,06107,quantile,0.1,184.12264103054082
34301,2020-12-27,2 day ahead inc hosp,2020-12-29,06107,quantile,0.15,192.5139393444342
34302,2020-12-27,2 day ahead inc hosp,2020-12-29,06107,quantile,0.2,199.1830772347468
34303,2020-12-27,2 day ahead inc hosp,2020-12-29,06107,quantile,0.25,204.90460371333725
34304,2020-12-27,2 day ahead inc hosp,2020-12-29,06107,quantile,0.3,210.04271132232122
34305,2020-12-27,2 day ahead inc hosp,2020-12-29,06107,quantile,0.35,214.80393375315168
34306,2020-12-27,2 day ahead inc hosp,2020-12-29,06107,quantile,0.4,219.32186823905315
34307,2020-12-27,2 day ahead inc hosp,2020-12-29,06107,quantile,0.45,223.69302213979265
34308,2020-12-27,2 day ahead inc hosp,2020-12-29,06107,quantile,0.5,227.994873046875
34309,2020-12-27,2 day ahead inc hosp,2020-12-29,06107,quantile,0.55,236.83453502559027
34310,2020-12-27,2 day ahead inc hosp,2020-12-29,06107,quantile,0.6,245.81660431949948
34311,2020-12-27,2 day ahead inc hosp,2020-12-29,06107,quantile,0.65,255.10028582310514
34312,2020-12-27,2 day ahead inc hosp,2020-12-29,06107,quantile,0.7,264.88388776633553
34313,2020-12-27,2 day ahead inc hosp,2020-12-29,06107,quantile,0.75,275.44193253699626
34314,2020-12-27,2 day ahead inc hosp,2020-12-29,06107,quantile,0.8,287.1988160658379
34315,2020-12-27,2 day ahead inc hosp,2020-12-29,06107,quantile,0.85,300.9028997063816
34316,2020-12-27,2 day ahead inc hosp,2020-12-29,06107,quantile,0.9,318.1457661514415
34317,2020-12-27,2 day ahead inc hosp,2020-12-29,06107,quantile,0.95,343.7022916812133
34318,2020-12-27,2 day ahead inc hosp,2020-12-29,06107,quantile,0.975,365.8687662319569
34319,2020-12-27,2 day ahead inc hosp,2020-12-29,06107,quantile,0.99,391.6420833154443
34320,2020-12-27,3 day ahead inc hosp,2020-12-30,06107,point,NA,235.7703094482422
34321,2020-12-27,3 day ahead inc hosp,2020-12-30,06107,quantile,0.01,158.26205193244715
34322,2020-12-27,3 day ahead inc hosp,2020-12-30,06107,quantile,0.025,170.469072719815
34323,2020-12-27,3 day ahead inc hosp,2020-12-30,06107,quantile,0.05,180.96778403225787
34324,2020-12-27,3 day ahead inc hosp,2020-12-30,06107,quantile,0.1,193.07212579720266
34325,2020-12-27,3 day ahead inc hosp,2020-12-30,06107,quantile,0.15,201.23886772051947
34326,2020-12-27,3 day ahead inc hosp,2020-12-30,06107,quantile,0.2,207.72953531018422
34327,2020-12-27,3 day ahead inc hosp,2020-12-30,06107,quantile,0.25,213.29795016211574
34328,2020-12-27,3 day ahead inc hosp,2020-12-30,06107,quantile,0.3,218.29855879824623
34329,2020-12-27,3 day ahead inc hosp,2020-12-30,06107,quantile,0.35,222.93236793928466
34330,2020-12-27,3 day ahead inc hosp,2020-12-30,06107,quantile,0.4,227.32939967294624
34331,2020-12-27,3 day ahead inc hosp,2020-12-30,06107,quantile,0.45,231.58357876169754
34332,2020-12-27,3 day ahead inc hosp,2020-12-30,06107,quantile,0.5,235.7703094482422
34333,2020-12-27,3 day ahead inc hosp,2020-12-30,06107,quantile,0.55,245.41935160621358
34334,2020-12-27,3 day ahead inc hosp,2020-12-30,06107,quantile,0.6,255.22384022709483
34335,2020-12-27,3 day ahead inc hosp,2020-12-30,06107,quantile,0.65,265.3575573788551
34336,2020-12-27,3 day ahead inc hosp,2020-12-30,06107,quantile,0.7,276.03696885797603
34337,2020-12-27,3 day ahead inc hosp,2020-12-30,06107,quantile,0.75,287.5617329658296
34338,2020-12-27,3 day ahead inc hosp,2020-12-30,06107,quantile,0.8,300.395104319769
34339,2020-12-27,3 day ahead inc hosp,2020-12-30,06107,quantile,0.85,315.3539659937072
34340,2020-12-27,3 day ahead inc hosp,2020-12-30,06107,quantile,0.9,334.1756297239796
34341,2020-12-27,3 day ahead inc hosp,2020-12-30,06107,quantile,0.95,362.07217065979944
34342,2020-12-27,3 day ahead inc hosp,2020-12-30,06107,quantile,0.975,386.268259599482
34343,2020-12-27,3 day ahead inc hosp,2020-12-30,06107,quantile,0.99,414.401442032039
34344,2020-12-27,4 day ahead inc hosp,2020-12-31,06107,point,NA,253.2707977294922
34345,2020-12-27,4 day ahead inc hosp,2020-12-31,06107,quantile,0.01,165.33137113496437
34346,2020-12-27,4 day ahead inc hosp,2020-12-31,06107,quantile,0.025,179.18122975486497
34347,2020-12-27,4 day ahead inc hosp,2020-12-31,06107,quantile,0.05,191.09287223514607
34348,2020-12-27,4 day ahead inc hosp,2020-12-31,06107,quantile,0.1,204.82623314700143
34349,2020-12-27,4 day ahead inc hosp,2020-12-31,06107,quantile,0.15,214.09206655495302
34350,2020-12-27,4 day ahead inc hosp,2020-12-31,06107,quantile,0.2,221.45625721469645
34351,2020-12-27,4 day ahead inc hosp,2020-12-31,06107,quantile,0.25,227.77407708078647
34352,2020-12-27,4 day ahead inc hosp,2020-12-31,06107,quantile,0.3,233.44767458096695
34353,2020-12-27,4 day ahead inc hosp,2020-12-31,06107,quantile,0.35,238.7051081999379
34354,2020-12-27,4 day ahead inc hosp,2020-12-31,06107,quantile,0.4,243.69389857878684
34355,2020-12-27,4 day ahead inc hosp,2020-12-31,06107,quantile,0.45,248.52061100512387
34356,2020-12-27,4 day ahead inc hosp,2020-12-31,06107,quantile,0.5,253.2707977294922
34357,2020-12-27,4 day ahead inc hosp,2020-12-31,06107,quantile,0.55,265.15831589039857
34358,2020-12-27,4 day ahead inc hosp,2020-12-31,06107,quantile,0.6,277.2373424539667
34359,2020-12-27,4 day ahead inc hosp,2020-12-31,06107,quantile,0.65,289.7219750948883
34360,2020-12-27,4 day ahead inc hosp,2020-12-31,06107,quantile,0.7,302.87889739115616
34361,2020-12-27,4 day ahead inc hosp,2020-12-31,06107,quantile,0.75,317.0772852092765
34362,2020-12-27,4 day ahead inc hosp,2020-12-31,06107,quantile,0.8,332.88786335143726
34363,2020-12-27,4 day ahead inc hosp,2020-12-31,06107,quantile,0.85,351.31702314824884
34364,2020-12-27,4 day ahead inc hosp,2020-12-31,06107,quantile,0.9,374.5051143337811
34365,2020-12-27,4 day ahead inc hosp,2020-12-31,06107,quantile,0.95,408.87335851510255
34366,2020-12-27,4 day ahead inc hosp,2020-12-31,06107,quantile,0.975,438.68268486940394
34367,2020-12-27,4 day ahead inc hosp,2020-12-31,06107,quantile,0.99,473.3424688786204
34368,2020-12-27,5 day ahead inc hosp,2021-01-01,06107,point,NA,247.96737670898438
34369,2020-12-27,5 day ahead inc hosp,2021-01-01,06107,quantile,0.01,169.92773421260733
34370,2020-12-27,5 day ahead inc hosp,2021-01-01,06107,quantile,0.025,182.21844450238382
34371,2020-12-27,5 day ahead inc hosp,2021-01-01,06107,quantile,0.05,192.78913340386956
34372,2020-12-27,5 day ahead inc hosp,2021-01-01,06107,quantile,0.1,204.976460719256
34373,2020-12-27,5 day ahead inc hosp,2021-01-01,06107,quantile,0.15,213.19919259948102
34374,2020-12-27,5 day ahead inc hosp,2021-01-01,06107,quantile,0.2,219.7343592319787
34375,2020-12-27,5 day ahead inc hosp,2021-01-01,06107,quantile,0.25,225.34095030039094
34376,2020-12-27,5 day ahead inc hosp,2021-01-01,06107,quantile,0.3,230.37584235880666
34377,2020-12-27,5 day ahead inc hosp,2021-01-01,06107,quantile,0.35,235.04142019984369
34378,2020-12-27,5 day ahead inc hosp,2021-01-01,06107,quantile,0.4,239.46859732313595
34379,2020-12-27,5 day ahead inc hosp,2021-01-01,06107,quantile,0.45,243.75194242522468
34380,2020-12-27,5 day ahead inc hosp,2021-01-01,06107,quantile,0.5,247.96737670898438
34381,2020-12-27,5 day ahead inc hosp,2021-01-01,06107,quantile,0.55,259.4594602630701
34382,2020-12-27,5 day ahead inc hosp,2021-01-01,06107,quantile,0.6,271.13668175216543
34383,2020-12-27,5 day ahead inc hosp,2021-01-01,06107,quantile,0.65,283.2060169581777
34384,2020-12-27,5 day ahead inc hosp,2021-01-01,06107,quantile,0.7,295.92527831254233
34385,2020-12-27,5 day ahead inc hosp,2021-01-01,06107,quantile,0.75,309.6513611610005
34386,2020-12-27,5 day ahead inc hosp,2021-01-01,06107,quantile,0.8,324.9360053221044
34387,2020-12-27,5 day ahead inc hosp,2021-01-01,06107,quantile,0.85,342.75212483080503
34388,2020-12-27,5 day ahead inc hosp,2021-01-01,06107,quantile,0.9,365.16887135071767
34389,2020-12-27,5 day ahead inc hosp,2021-01-01,06107,quantile,0.95,398.39386654255287
34390,2020-12-27,5 day ahead inc hosp,2021-01-01,06107,quantile,0.975,427.21159489574535
34391,2020-12-27,5 day ahead inc hosp,2021-01-01,06107,quantile,0.99,460.71843193346996
34392,2020-12-27,6 day ahead inc hosp,2021-01-02,06107,point,NA,262.8518981933594
34393,2020-12-27,6 day ahead inc hosp,2021-01-02,06107,quantile,0.01,111.05954526927232
34394,2020-12-27,6 day ahead inc hosp,2021-01-02,06107,quantile,0.025,134.96580334932537
34395,2020-12-27,6 day ahead inc hosp,2021-01-02,06107,quantile,0.05,155.52650415545145
34396,2020-12-27,6 day ahead inc hosp,2021-01-02,06107,quantile,0.1,179.2316753976748
34397,2020-12-27,6 day ahead inc hosp,2021-01-02,06107,quantile,0.15,195.2254418942499
34398,2020-12-27,6 day ahead inc hosp,2021-01-02,06107,quantile,0.2,207.93678049301215
34399,2020-12-27,6 day ahead inc hosp,2021-01-02,06107,quantile,0.25,218.84197717169985
34400,2020-12-27,6 day ahead inc hosp,2021-01-02,06107,quantile,0.3,228.6351808284337
34401,2020-12-27,6 day ahead inc hosp,2021-01-02,06107,quantile,0.35,237.71004349549895
34402,2020-12-27,6 day ahead inc hosp,2021-01-02,06107,quantile,0.4,246.32120073378877
34403,2020-12-27,6 day ahead inc hosp,2021-01-02,06107,quantile,0.45,254.652595017945
34404,2020-12-27,6 day ahead inc hosp,2021-01-02,06107,quantile,0.5,262.8518981933594
34405,2020-12-27,6 day ahead inc hosp,2021-01-02,06107,quantile,0.55,274.52670419081295
34406,2020-12-27,6 day ahead inc hosp,2021-01-02,06107,quantile,0.6,286.389591789295
34407,2020-12-27,6 day ahead inc hosp,2021-01-02,06107,quantile,0.65,298.6508276552955
34408,2020-12-27,6 day ahead inc hosp,2021-01-02,06107,quantile,0.7,311.5723234001051
34409,2020-12-27,6 day ahead inc hosp,2021-01-02,06107,quantile,0.75,325.51664895312905
34410,2020-12-27,6 day ahead inc hosp,2021-01-02,06107,quantile,0.8,341.0443167151301
34411,2020-12-27,6 day ahead inc hosp,2021-01-02,06107,quantile,0.85,359.14370991155164
34412,2020-12-27,6 day ahead inc hosp,2021-01-02,06107,quantile,0.9,381.9168794140504
34413,2020-12-27,6 day ahead inc hosp,2021-01-02,06107,quantile,0.95,415.67014715748724
34414,2020-12-27,6 day ahead inc hosp,2021-01-02,06107,quantile,0.975,444.94607316580675
34415,2020-12-27,6 day ahead inc hosp,2021-01-02,06107,quantile,0.99,478.9856639991548
34416,2020-12-27,7 day ahead inc hosp,2021-01-03,06107,point,NA,257.34747314453125
34417,2020-12-27,7 day ahead inc hosp,2021-01-03,06107,quantile,0.01,108.78731358109818
34418,2020-12-27,7 day ahead inc hosp,2021-01-03,06107,quantile,0.025,132.18452329899117
34419,2020-12-27,7 day ahead inc hosp,2021-01-03,06107,quantile,0.05,152.30741443054697
34420,2020-12-27,7 day ahead inc hosp,2021-01-03,06107,quantile,0.1,175.50781915702495
34421,2020-12-27,7 day ahead inc hosp,2021-01-03,06107,quantile,0.15,191.1610220818111
34422,2020-12-27,7 day ahead inc hosp,2021-01-03,06107,quantile,0.2,203.60169154980036
34423,2020-12-27,7 day ahead inc hosp,2021-01-03,06107,quantile,0.25,214.27467821512127
34424,2020-12-27,7 day ahead inc hosp,2021-01-03,06107,quantile,0.3,223.8593501030996
34425,2020-12-27,7 day ahead inc hosp,2021-01-03,06107,quantile,0.35,232.74097700896672
34426,2020-12-27,7 day ahead inc hosp,2021-01-03,06107,quantile,0.4,241.16877240644584
34427,2020-12-27,7 day ahead inc hosp,2021-01-03,06107,quantile,0.45,249.32276198758845
34428,2020-12-27,7 day ahead inc hosp,2021-01-03,06107,quantile,0.5,257.34747314453125
34429,2020-12-27,7 day ahead inc hosp,2021-01-03,06107,quantile,0.55,268.92939834911283
34430,2020-12-27,7 day ahead inc hosp,2021-01-03,06107,quantile,0.6,280.6979088413596
34431,2020-12-27,7 day ahead inc hosp,2021-01-03,06107,quantile,0.65,292.8615984775492
34432,2020-12-27,7 day ahead inc hosp,2021-01-03,06107,quantile,0.7,305.680295189113
34433,2020-12-27,7 day ahead inc hosp,2021-01-03,06107,quantile,0.75,319.5136844221919
34434,2020-12-27,7 day ahead inc hosp,2021-01-03,06107,quantile,0.8,334.91781933118426
34435,2020-12-27,7 day ahead inc hosp,2021-01-03,06107,quantile,0.85,352.87321990015215
34436,2020-12-27,7 day ahead inc hosp,2021-01-03,06107,quantile,0.9,375.4652137976719
34437,2020-12-27,7 day ahead inc hosp,2021-01-03,06107,quantile,0.95,408.94995200231256
34438,2020-12-27,7 day ahead inc hosp,2021-01-03,06107,quantile,0.975,437.99296868260484
34439,2020-12-27,7 day ahead inc hosp,2021-01-03,06107,quantile,0.99,471.76175208786117
34440,2020-12-27,8 day ahead inc hosp,2021-01-04,06107,point,NA,229.84051513671875
34441,2020-12-27,8 day ahead inc hosp,2021-01-04,06107,quantile,0.01,154.19086708631482
34442,2020-12-27,8 day ahead inc hosp,2021-01-04,06107,quantile,0.025,166.10516958653753
34443,2020-12-27,8 day ahead inc hosp,2021-01-04,06107,quantile,0.05,176.3521270233919
34444,2020-12-27,8 day ahead inc hosp,2021-01-04,06107,quantile,0.1,188.16621269308035
34445,2020-12-27,8 day ahead inc hosp,2021-01-04,06107,quantile,0.15,196.13712020692162
34446,2020-12-27,8 day ahead inc hosp,2021-01-04,06107,quantile,0.2,202.47214481601236
34447,2020-12-27,8 day ahead inc hosp,2021-01-04,06107,quantile,0.25,207.90703184932514
34448,2020-12-27,8 day ahead inc hosp,2021-01-04,06107,quantile,0.3,212.78772837748525
34449,2020-12-27,8 day ahead inc hosp,2021-01-04,06107,quantile,0.35,217.31042108001267
34450,2020-12-27,8 day ahead inc hosp,2021-01-04,06107,quantile,0.4,221.6020141796275
34451,2020-12-27,8 day ahead inc hosp,2021-01-04,06107,quantile,0.45,225.75418016970718
34452,2020-12-27,8 day ahead inc hosp,2021-01-04,06107,quantile,0.5,229.84051513671875
34453,2020-12-27,8 day ahead inc hosp,2021-01-04,06107,quantile,0.55,239.6277021345674
34454,2020-12-27,8 day ahead inc hosp,2021-01-04,06107,quantile,0.6,249.5725611143335
34455,2020-12-27,8 day ahead inc hosp,2021-01-04,06107,quantile,0.65,259.8513621729077
34456,2020-12-27,8 day ahead inc hosp,2021-01-04,06107,quantile,0.7,270.6836702364371
34457,2020-12-27,8 day ahead inc hosp,2021-01-04,06107,quantile,0.75,282.37343379876876
34458,2020-12-27,8 day ahead inc hosp,2021-01-04,06107,quantile,0.8,295.39053986976614
34459,2020-12-27,8 day ahead inc hosp,2021-01-04,06107,quantile,0.85,310.563566796261
34460,2020-12-27,8 day ahead inc hosp,2021-01-04,06107,quantile,0.9,329.6546993172873
34461,2020-12-27,8 day ahead inc hosp,2021-01-04,06107,quantile,0.95,357.9506335936703
34462,2020-12-27,8 day ahead inc hosp,2021-01-04,06107,quantile,0.975,382.4931366931735
34463,2020-12-27,8 day ahead inc hosp,2021-01-04,06107,quantile,0.99,411.02910045042097
34464,2020-12-27,9 day ahead inc hosp,2021-01-05,06107,point,NA,238.38113403320312
34465,2020-12-27,9 day ahead inc hosp,2021-01-05,06107,quantile,0.01,158.38333890392732
34466,2020-12-27,9 day ahead inc hosp,2021-01-05,06107,quantile,0.025,170.98244484935077
34467,2020-12-27,9 day ahead inc hosp,2021-01-05,06107,quantile,0.05,181.81837102822354
34468,2020-12-27,9 day ahead inc hosp,2021-01-05,06107,quantile,0.1,194.3114999376105
34469,2020-12-27,9 day ahead inc hosp,2021-01-05,06107,quantile,0.15,202.74055470151134
34470,2020-12-27,9 day ahead inc hosp,2021-01-05,06107,quantile,0.2,209.43970022138603
34471,2020-12-27,9 day ahead inc hosp,2021-01-05,06107,quantile,0.25,215.1869705742108
34472,2020-12-27,9 day ahead inc hosp,2021-01-05,06107,quantile,0.3,220.34819697790502
34473,2020-12-27,9 day ahead inc hosp,2021-01-05,06107,quantile,0.35,225.1308424174237
34474,2020-12-27,9 day ahead inc hosp,2021-01-05,06107,quantile,0.4,229.66910524360972
34475,2020-12-27,9 day ahead inc hosp,2021-01-05,06107,quantile,0.45,234.0599270488325
34476,2020-12-27,9 day ahead inc hosp,2021-01-05,06107,quantile,0.5,238.38113403320312
34477,2020-12-27,9 day ahead inc hosp,2021-01-05,06107,quantile,0.55,247.10419265155232
34478,2020-12-27,9 day ahead inc hosp,2021-01-05,06107,quantile,0.6,255.96778010020176
34479,2020-12-27,9 day ahead inc hosp,2021-01-05,06107,quantile,0.65,265.1290012130713
34480,2020-12-27,9 day ahead inc hosp,2021-01-05,06107,quantile,0.7,274.78354835015506
34481,2020-12-27,9 day ahead inc hosp,2021-01-05,06107,quantile,0.75,285.2023226937205
34482,2020-12-27,9 day ahead inc hosp,2021-01-05,06107,quantile,0.8,296.8041219976
34483,2020-12-27,9 day ahead inc hosp,2021-01-05,06107,quantile,0.85,310.32743603325696
34484,2020-12-27,9 day ahead inc hosp,2021-01-05,06107,quantile,0.9,327.34285303797867
34485,2020-12-27,9 day ahead inc hosp,2021-01-05,06107,quantile,0.95,352.56226423428075
34486,2020-12-27,9 day ahead inc hosp,2021-01-05,06107,quantile,0.975,374.4363423759411
34487,2020-12-27,9 day ahead inc hosp,2021-01-05,06107,quantile,0.99,399.86968544379863
34488,2020-12-27,10 day ahead inc hosp,2021-01-06,06107,point,NA,237.15396118164062
34489,2020-12-27,10 day ahead inc hosp,2021-01-06,06107,quantile,0.01,158.13509150549532
34490,2020-12-27,10 day ahead inc hosp,2021-01-06,06107,quantile,0.025,170.58002338303686
34491,2020-12-27,10 day ahead inc hosp,2021-01-06,06107,quantile,0.05,181.28335135807666
34492,2020-12-27,10 day ahead inc hosp,2021-01-06,06107,quantile,0.1,193.62360303054885
34493,2020-12-27,10 day ahead inc hosp,2021-01-06,06107,quantile,0.15,201.94951224848955
34494,2020-12-27,10 day ahead inc hosp,2021-01-06,06107,quantile,0.2,208.56668095821553
34495,2020-12-27,10 day ahead inc hosp,2021-01-06,06107,quantile,0.25,214.24362250728623
34496,2020-12-27,10 day ahead inc hosp,2021-01-06,06107,quantile,0.3,219.34169147160628
34497,2020-12-27,10 day ahead inc hosp,2021-01-06,06107,quantile,0.35,224.06581213120478
34498,2020-12-27,10 day ahead inc hosp,2021-01-06,06107,quantile,0.4,228.5485406643972
34499,2020-12-27,10 day ahead inc hosp,2021-01-06,06107,quantile,0.45,232.88563239845553
34500,2020-12-27,10 day ahead inc hosp,2021-01-06,06107,quantile,0.5,237.15396118164062
34501,2020-12-27,10 day ahead inc hosp,2021-01-06,06107,quantile,0.55,246.82794156405654
34502,2020-12-27,10 day ahead inc hosp,2021-01-06,06107,quantile,0.6,256.65777016519576
34503,2020-12-27,10 day ahead inc hosp,2021-01-06,06107,quantile,0.65,266.8176781977348
34504,2020-12-27,10 day ahead inc hosp,2021-01-06,06107,quantile,0.7,277.5246909201752
34505,2020-12-27,10 day ahead inc hosp,2021-01-06,06107,quantile,0.75,289.0792411093087
34506,2020-12-27,10 day ahead inc hosp,2021-01-06,06107,quantile,0.8,301.9457806772496
34507,2020-12-27,10 day ahead inc hosp,2021-01-06,06107,quantile,0.85,316.9433039554955
34508,2020-12-27,10 day ahead inc hosp,2021-01-06,06107,quantile,0.9,335.8136128120758
34509,2020-12-27,10 day ahead inc hosp,2021-01-06,06107,quantile,0.95,363.7822531529655
34510,2020-12-27,10 day ahead inc hosp,2021-01-06,06107,quantile,0.975,388.040877574075
34511,2020-12-27,10 day ahead inc hosp,2021-01-06,06107,quantile,0.99,416.24677101839416
34512,2020-12-27,11 day ahead inc hosp,2021-01-07,06107,point,NA,240.3645477294922
34513,2020-12-27,11 day ahead inc hosp,2021-01-07,06107,quantile,0.01,148.91594272088722
34514,2020-12-27,11 day ahead inc hosp,2021-01-07,06107,quantile,0.025,163.3184729556605
34515,2020-12-27,11 day ahead inc hosp,2021-01-07,06107,quantile,0.05,175.70544351444659
34516,2020-12-27,11 day ahead inc hosp,2021-01-07,06107,quantile,0.1,189.9868272589595
34517,2020-12-27,11 day ahead inc hosp,2021-01-07,06107,quantile,0.15,199.6224090703609
34518,2020-12-27,11 day ahead inc hosp,2021-01-07,06107,quantile,0.2,207.28046403990334
34519,2020-12-27,11 day ahead inc hosp,2021-01-07,06107,quantile,0.25,213.85039331762658
34520,2020-12-27,11 day ahead inc hosp,2021-01-07,06107,quantile,0.3,219.75039286122262
34521,2020-12-27,11 day ahead inc hosp,2021-01-07,06107,quantile,0.35,225.21762171406752
34522,2020-12-27,11 day ahead inc hosp,2021-01-07,06107,quantile,0.4,230.4054872539421
34523,2020-12-27,11 day ahead inc hosp,2021-01-07,06107,quantile,0.45,235.42480720244959
34524,2020-12-27,11 day ahead inc hosp,2021-01-07,06107,quantile,0.5,240.3645477294922
34525,2020-12-27,11 day ahead inc hosp,2021-01-07,06107,quantile,0.55,252.23823539578694
34526,2020-12-27,11 day ahead inc hosp,2021-01-07,06107,quantile,0.6,264.3032086549109
34527,2020-12-27,11 day ahead inc hosp,2021-01-07,06107,quantile,0.65,276.7733160903077
34528,2020-12-27,11 day ahead inc hosp,2021-01-07,06107,quantile,0.7,289.91493100782236
34529,2020-12-27,11 day ahead inc hosp,2021-01-07,06107,quantile,0.75,304.09679975749174
34530,2020-12-27,11 day ahead inc hosp,2021-01-07,06107,quantile,0.8,319.8889831335759
34531,2020-12-27,11 day ahead inc hosp,2021-01-07,06107,quantile,0.85,338.29670158394197
34532,2020-12-27,11 day ahead inc hosp,2021-01-07,06107,quantile,0.9,361.45781465967417
34533,2020-12-27,11 day ahead inc hosp,2021-01-07,06107,quantile,0.95,395.78607321830077
34534,2020-12-27,11 day ahead inc hosp,2021-01-07,06107,quantile,0.975,425.56071800812936
34535,2020-12-27,11 day ahead inc hosp,2021-01-07,06107,quantile,0.99,460.1801772035799
34536,2020-12-27,12 day ahead inc hosp,2021-01-08,06107,point,NA,239.1581573486328
34537,2020-12-27,12 day ahead inc hosp,2021-01-08,06107,quantile,0.01,159.57113641366854
34538,2020-12-27,12 day ahead inc hosp,2021-01-08,06107,quantile,0.025,172.1055482311424
34539,2020-12-27,12 day ahead inc hosp,2021-01-08,06107,quantile,0.05,182.88583389094146
34540,2020-12-27,12 day ahead inc hosp,2021-01-08,06107,quantile,0.1,195.3148128452717
34541,2020-12-27,12 day ahead inc hosp,2021-01-08,06107,quantile,0.15,203.7005859390483
34542,2020-12-27,12 day ahead inc hosp,2021-01-08,06107,quantile,0.2,210.36533255956516
34543,2020-12-27,12 day ahead inc hosp,2021-01-08,06107,quantile,0.25,216.08309171967693
34544,2020-12-27,12 day ahead inc hosp,2021-01-08,06107,quantile,0.3,221.21781616023318
34545,2020-12-27,12 day ahead inc hosp,2021-01-08,06107,quantile,0.35,225.97590358132248
34546,2020-12-27,12 day ahead inc hosp,2021-01-08,06107,quantile,0.4,230.49086324955283
34547,2020-12-27,12 day ahead inc hosp,2021-01-08,06107,quantile,0.45,234.85913897976826
34548,2020-12-27,12 day ahead inc hosp,2021-01-08,06107,quantile,0.5,239.1581573486328
34549,2020-12-27,12 day ahead inc hosp,2021-01-08,06107,quantile,0.55,250.63211438382064
34550,2020-12-27,12 day ahead inc hosp,2021-01-08,06107,quantile,0.6,262.2909173350589
34551,2020-12-27,12 day ahead inc hosp,2021-01-08,06107,quantile,0.65,274.34121552035447
34552,2020-12-27,12 day ahead inc hosp,2021-01-08,06107,quantile,0.7,287.0404147223494
34553,2020-12-27,12 day ahead inc hosp,2021-01-08,06107,quantile,0.75,300.7448473540322
34554,2020-12-27,12 day ahead inc hosp,2021-01-08,06107,quantile,0.8,316.00538297207413
34555,2020-12-27,12 day ahead inc hosp,2021-01-08,06107,quantile,0.85,333.79340102941984
34556,2020-12-27,12 day ahead inc hosp,2021-01-08,06107,quantile,0.9,356.1747895067712
34557,2020-12-27,12 day ahead inc hosp,2021-01-08,06107,quantile,0.95,389.3473787532098
34558,2020-12-27,12 day ahead inc hosp,2021-01-08,06107,quantile,0.975,418.11965276427793
34559,2020-12-27,12 day ahead inc hosp,2021-01-08,06107,quantile,0.99,451.5736393061011
34560,2020-12-27,13 day ahead inc hosp,2021-01-09,06107,point,NA,235.54916381835938
34561,2020-12-27,13 day ahead inc hosp,2021-01-09,06107,quantile,0.01,87.8486589430303
34562,2020-12-27,13 day ahead inc hosp,2021-01-09,06107,quantile,0.025,111.11047892331365
34563,2020-12-27,13 day ahead inc hosp,2021-01-09,06107,quantile,0.05,131.11692741136204
34564,2020-12-27,13 day ahead inc hosp,2021-01-09,06107,quantile,0.1,154.1830812273157
34565,2020-12-27,13 day ahead inc hosp,2021-01-09,06107,quantile,0.15,169.74570570012872
34566,2020-12-27,13 day ahead inc hosp,2021-01-09,06107,quantile,0.2,182.11438628588516
34567,2020-12-27,13 day ahead inc hosp,2021-01-09,06107,quantile,0.25,192.72561290026186
34568,2020-12-27,13 day ahead inc hosp,2021-01-09,06107,quantile,0.3,202.25482235371769
34569,2020-12-27,13 day ahead inc hosp,2021-01-09,06107,quantile,0.35,211.08505504844464
34570,2020-12-27,13 day ahead inc hosp,2021-01-09,06107,quantile,0.4,219.46408236540262
34571,2020-12-27,13 day ahead inc hosp,2021-01-09,06107,quantile,0.45,227.5708882642526
34572,2020-12-27,13 day ahead inc hosp,2021-01-09,06107,quantile,0.5,235.54916381835938
34573,2020-12-27,13 day ahead inc hosp,2021-01-09,06107,quantile,0.55,247.12991650839015
34574,2020-12-27,13 day ahead inc hosp,2021-01-09,06107,quantile,0.6,258.8972355968288
34575,2020-12-27,13 day ahead inc hosp,2021-01-09,06107,quantile,0.65,271.0596938226235
34576,2020-12-27,13 day ahead inc hosp,2021-01-09,06107,quantile,0.7,283.8770928131132
34577,2020-12-27,13 day ahead inc hosp,2021-01-09,06107,quantile,0.75,297.70908160111276
34578,2020-12-27,13 day ahead inc hosp,2021-01-09,06107,quantile,0.8,313.1116570480982
34579,2020-12-27,13 day ahead inc hosp,2021-01-09,06107,quantile,0.85,331.0652398736373
34580,2020-12-27,13 day ahead inc hosp,2021-01-09,06107,quantile,0.9,353.6549466348556
34581,2020-12-27,13 day ahead inc hosp,2021-01-09,06107,quantile,0.95,387.1362949589642
34582,2020-12-27,13 day ahead inc hosp,2021-01-09,06107,quantile,0.975,416.1763714234412
34583,2020-12-27,13 day ahead inc hosp,2021-01-09,06107,quantile,0.99,449.9417361923995
34584,2020-12-27,14 day ahead inc hosp,2021-01-10,06107,point,NA,244.13290405273438
34585,2020-12-27,14 day ahead inc hosp,2021-01-10,06107,quantile,0.01,94.08573800119589
34586,2020-12-27,14 day ahead inc hosp,2021-01-10,06107,quantile,0.025,117.71714107722951
34587,2020-12-27,14 day ahead inc hosp,2021-01-10,06107,quantile,0.05,138.04145141673445
34588,2020-12-27,14 day ahead inc hosp,2021-01-10,06107,quantile,0.1,161.47407959030838
34589,2020-12-27,14 day ahead inc hosp,2021-01-10,06107,quantile,0.15,177.28396257236687
34590,2020-12-27,14 day ahead inc hosp,2021-01-10,06107,quantile,0.2,189.84915638301732
34591,2020-12-27,14 day ahead inc hosp,2021-01-10,06107,quantile,0.25,200.62897384648377
34592,2020-12-27,14 day ahead inc hosp,2021-01-10,06107,quantile,0.3,210.30958309294144
34593,2020-12-27,14 day ahead inc hosp,2021-01-10,06107,quantile,0.35,219.28011025896424
34594,2020-12-27,14 day ahead inc hosp,2021-01-10,06107,quantile,0.4,227.7922633097557
34595,2020-12-27,14 day ahead inc hosp,2021-01-10,06107,quantile,0.45,236.02786989674115
34596,2020-12-27,14 day ahead inc hosp,2021-01-10,06107,quantile,0.5,244.13290405273438
34597,2020-12-27,14 day ahead inc hosp,2021-01-10,06107,quantile,0.55,255.7516297242275
34598,2020-12-27,14 day ahead inc hosp,2021-01-10,06107,quantile,0.6,267.55753354040945
34599,2020-12-27,14 day ahead inc hosp,2021-01-10,06107,quantile,0.65,279.75987214471724
34600,2020-12-27,14 day ahead inc hosp,2021-01-10,06107,quantile,0.7,292.61929904714754
34601,2020-12-27,14 day ahead inc hosp,2021-01-10,06107,quantile,0.75,306.4966425601716
34602,2020-12-27,14 day ahead inc hosp,2021-01-10,06107,quantile,0.8,321.94972264425417
34603,2020-12-27,14 day ahead inc hosp,2021-01-10,06107,quantile,0.85,339.962174792545
34604,2020-12-27,14 day ahead inc hosp,2021-01-10,06107,quantile,0.9,362.6259526041556
34605,2020-12-27,14 day ahead inc hosp,2021-01-10,06107,quantile,0.95,396.21708538297764
34606,2020-12-27,14 day ahead inc hosp,2021-01-10,06107,quantile,0.975,425.35238348932614
34607,2020-12-27,14 day ahead inc hosp,2021-01-10,06107,quantile,0.99,459.228463995401
34608,2020-12-27,15 day ahead inc hosp,2021-01-11,06107,point,NA,235.8715362548828
34609,2020-12-27,15 day ahead inc hosp,2021-01-11,06107,quantile,0.01,162.13828275814905
34610,2020-12-27,15 day ahead inc hosp,2021-01-11,06107,quantile,0.025,173.75076621478556
34611,2020-12-27,15 day ahead inc hosp,2021-01-11,06107,quantile,0.05,183.73814262344274
34612,2020-12-27,15 day ahead inc hosp,2021-01-11,06107,quantile,0.1,195.25294799219844
34613,2020-12-27,15 day ahead inc hosp,2021-01-11,06107,quantile,0.15,203.02193250783677
34614,2020-12-27,15 day ahead inc hosp,2021-01-11,06107,quantile,0.2,209.19647511904512
34615,2020-12-27,15 day ahead inc hosp,2021-01-11,06107,quantile,0.25,214.49368288776287
34616,2020-12-27,15 day ahead inc hosp,2021-01-11,06107,quantile,0.3,219.25073918116007
34617,2020-12-27,15 day ahead inc hosp,2021-01-11,06107,quantile,0.35,223.6588607801012
34618,2020-12-27,15 day ahead inc hosp,2021-01-11,06107,quantile,0.4,227.84173710634536
34619,2020-12-27,15 day ahead inc hosp,2021-01-11,06107,quantile,0.45,231.8887183600199
34620,2020-12-27,15 day ahead inc hosp,2021-01-11,06107,quantile,0.5,235.8715362548828
34621,2020-12-27,15 day ahead inc hosp,2021-01-11,06107,quantile,0.55,245.8950391023992
34622,2020-12-27,15 day ahead inc hosp,2021-01-11,06107,quantile,0.6,256.0800209898145
34623,2020-12-27,15 day ahead inc hosp,2021-01-11,06107,quantile,0.65,266.60700813150504
34624,2020-12-27,15 day ahead inc hosp,2021-01-11,06107,quantile,0.7,277.7008669434219
34625,2020-12-27,15 day ahead inc hosp,2021-01-11,06107,quantile,0.75,289.6728848868393
34626,2020-12-27,15 day ahead inc hosp,2021-01-11,06107,quantile,0.8,303.0042945960587
34627,2020-12-27,15 day ahead inc hosp,2021-01-11,06107,quantile,0.85,318.54368079932584
34628,2020-12-27,15 day ahead inc hosp,2021-01-11,06107,quantile,0.9,338.0957769459391
34629,2020-12-27,15 day ahead inc hosp,2021-01-11,06107,quantile,0.95,367.07492875480995
34630,2020-12-27,15 day ahead inc hosp,2021-01-11,06107,quantile,0.975,392.2100211727974
34631,2020-12-27,15 day ahead inc hosp,2021-01-11,06107,quantile,0.99,421.43499807783337
34632,2020-12-27,16 day ahead inc hosp,2021-01-12,06107,point,NA,248.4625701904297
34633,2020-12-27,16 day ahead inc hosp,2021-01-12,06107,quantile,0.01,170.74989287758214
34634,2020-12-27,16 day ahead inc hosp,2021-01-12,06107,quantile,0.025,182.98910838577004
34635,2020-12-27,16 day ahead inc hosp,2021-01-12,06107,quantile,0.05,193.51550893423226
34636,2020-12-27,16 day ahead inc hosp,2021-01-12,06107,quantile,0.1,205.65177461498098
34637,2020-12-27,16 day ahead inc hosp,2021-01-12,06107,quantile,0.15,213.84005545273155
34638,2020-12-27,16 day ahead inc hosp,2021-01-12,06107,quantile,0.2,220.34784148879083
34639,2020-12-27,16 day ahead inc hosp,2021-01-12,06107,quantile,0.25,225.93094244347344
34640,2020-12-27,16 day ahead inc hosp,2021-01-12,06107,quantile,0.3,230.9447396537675
34641,2020-12-27,16 day ahead inc hosp,2021-01-12,06107,quantile,0.35,235.59076997425896
34642,2020-12-27,16 day ahead inc hosp,2021-01-12,06107,quantile,0.4,239.9993984121097
34643,2020-12-27,16 day ahead inc hosp,2021-01-12,06107,quantile,0.45,244.26479744637157
34644,2020-12-27,16 day ahead inc hosp,2021-01-12,06107,quantile,0.5,248.4625701904297
34645,2020-12-27,16 day ahead inc hosp,2021-01-12,06107,quantile,0.55,257.125903429407
34646,2020-12-27,16 day ahead inc hosp,2021-01-12,06107,quantile,0.6,265.9288033203857
34647,2020-12-27,16 day ahead inc hosp,2021-01-12,06107,quantile,0.65,275.027299025756
34648,2020-12-27,16 day ahead inc hosp,2021-01-12,06107,quantile,0.7,284.61574303139764
34649,2020-12-27,16 day ahead inc hosp,2021-01-12,06107,quantile,0.75,294.96318170275396
34650,2020-12-27,16 day ahead inc hosp,2021-01-12,06107,quantile,0.8,306.48554535279493
34651,2020-12-27,16 day ahead inc hosp,2021-01-12,06107,quantile,0.85,319.91626743229494
34652,2020-12-27,16 day ahead inc hosp,2021-01-12,06107,quantile,0.9,336.81518261348884
34653,2020-12-27,16 day ahead inc hosp,2021-01-12,06107,quantile,0.95,361.8619205575367
34654,2020-12-27,16 day ahead inc hosp,2021-01-12,06107,quantile,0.975,383.58623040431564
34655,2020-12-27,16 day ahead inc hosp,2021-01-12,06107,quantile,0.99,408.84543546280247
34656,2020-12-27,17 day ahead inc hosp,2021-01-13,06107,point,NA,252.616455078125
34657,2020-12-27,17 day ahead inc hosp,2021-01-13,06107,quantile,0.01,174.5756944183258
34658,2020-12-27,17 day ahead inc hosp,2021-01-13,06107,quantile,0.025,186.86658081119862
34659,2020-12-27,17 day ahead inc hosp,2021-01-13,06107,quantile,0.05,197.43742117106243
34660,2020-12-27,17 day ahead inc hosp,2021-01-13,06107,quantile,0.1,209.62492310825877
34661,2020-12-27,17 day ahead inc hosp,2021-01-13,06107,quantile,0.15,217.84777280498992
34662,2020-12-27,17 day ahead inc hosp,2021-01-13,06107,quantile,0.2,224.3830330743118
34663,2020-12-27,17 day ahead inc hosp,2021-01-13,06107,quantile,0.25,229.98970447478163
34664,2020-12-27,17 day ahead inc hosp,2021-01-13,06107,quantile,0.3,235.02466867386784
34665,2020-12-27,17 day ahead inc hosp,2021-01-13,06107,quantile,0.35,239.69031336398717
34666,2020-12-27,17 day ahead inc hosp,2021-01-13,06107,quantile,0.4,244.11755392052137
34667,2020-12-27,17 day ahead inc hosp,2021-01-13,06107,quantile,0.45,248.4009603950058
34668,2020-12-27,17 day ahead inc hosp,2021-01-13,06107,quantile,0.5,252.616455078125
34669,2020-12-27,17 day ahead inc hosp,2021-01-13,06107,quantile,0.55,262.23743454319634
34670,2020-12-27,17 day ahead inc hosp,2021-01-13,06107,quantile,0.6,272.0134083800498
34671,2020-12-27,17 day ahead inc hosp,2021-01-13,06107,quantile,0.65,282.1176532393576
34672,2020-12-27,17 day ahead inc hosp,2021-01-13,06107,quantile,0.7,292.7660053615201
34673,2020-12-27,17 day ahead inc hosp,2021-01-13,06107,quantile,0.75,304.2572515397585
34674,2020-12-27,17 day ahead inc hosp,2021-01-13,06107,quantile,0.8,317.05329908960607
34675,2020-12-27,17 day ahead inc hosp,2021-01-13,06107,quantile,0.85,331.9686553114572
34676,2020-12-27,17 day ahead inc hosp,2021-01-13,06107,quantile,0.9,350.73557924885864
34677,2020-12-27,17 day ahead inc hosp,2021-01-13,06107,quantile,0.95,378.5509875656642
34678,2020-12-27,17 day ahead inc hosp,2021-01-13,06107,quantile,0.975,402.6767060579821
34679,2020-12-27,17 day ahead inc hosp,2021-01-13,06107,quantile,0.99,430.7280676376523
34680,2020-12-27,18 day ahead inc hosp,2021-01-14,06107,point,NA,259.5910339355469
34681,2020-12-27,18 day ahead inc hosp,2021-01-14,06107,quantile,0.01,173.1128428245384
34682,2020-12-27,18 day ahead inc hosp,2021-01-14,06107,quantile,0.025,186.73256684337503
34683,2020-12-27,18 day ahead inc hosp,2021-01-14,06107,quantile,0.05,198.44628087070592
34684,2020-12-27,18 day ahead inc hosp,2021-01-14,06107,quantile,0.1,211.95144295241758
34685,2020-12-27,18 day ahead inc hosp,2021-01-14,06107,quantile,0.15,221.06331169304758
34686,2020-12-27,18 day ahead inc hosp,2021-01-14,06107,quantile,0.2,228.3051361159831
34687,2020-12-27,18 day ahead inc hosp,2021-01-14,06107,quantile,0.25,234.51797664658824
34688,2020-12-27,18 day ahead inc hosp,2021-01-14,06107,quantile,0.3,240.09729945898053
34689,2020-12-27,18 day ahead inc hosp,2021-01-14,06107,quantile,0.35,245.26737352997867
34690,2020-12-27,18 day ahead inc hosp,2021-01-14,06107,quantile,0.4,250.1732682407102
34691,2020-12-27,18 day ahead inc hosp,2021-01-14,06107,quantile,0.45,254.9197781487999
34692,2020-12-27,18 day ahead inc hosp,2021-01-14,06107,quantile,0.5,259.5910339355469
34693,2020-12-27,18 day ahead inc hosp,2021-01-14,06107,quantile,0.55,271.3124413943952
34694,2020-12-27,18 day ahead inc hosp,2021-01-14,06107,quantile,0.6,283.22268120571675
34695,2020-12-27,18 day ahead inc hosp,2021-01-14,06107,quantile,0.65,295.53285934193445
34696,2020-12-27,18 day ahead inc hosp,2021-01-14,06107,quantile,0.7,308.5059328675864
34697,2020-12-27,18 day ahead inc hosp,2021-01-14,06107,quantile,0.75,322.50591895570426
34698,2020-12-27,18 day ahead inc hosp,2021-01-14,06107,quantile,0.8,338.0955673630298
34699,2020-12-27,18 day ahead inc hosp,2021-01-14,06107,quantile,0.85,356.26720657137616
34700,2020-12-27,18 day ahead inc hosp,2021-01-14,06107,quantile,0.9,379.131278053714
34701,2020-12-27,18 day ahead inc hosp,2021-01-14,06107,quantile,0.95,413.0192762247088
34702,2020-12-27,18 day ahead inc hosp,2021-01-14,06107,quantile,0.975,442.41206078605
34703,2020-12-27,18 day ahead inc hosp,2021-01-14,06107,quantile,0.99,476.58752494170074
34704,2020-12-27,19 day ahead inc hosp,2021-01-15,06107,point,NA,258.739501953125
34705,2020-12-27,19 day ahead inc hosp,2021-01-15,06107,quantile,0.01,182.63095430969386
34706,2020-12-27,19 day ahead inc hosp,2021-01-15,06107,quantile,0.025,194.61753035922527
34707,2020-12-27,19 day ahead inc hosp,2021-01-15,06107,quantile,0.05,204.92664703566268
34708,2020-12-27,19 day ahead inc hosp,2021-01-15,06107,quantile,0.1,216.812398327671
34709,2020-12-27,19 day ahead inc hosp,2021-01-15,06107,quantile,0.15,224.83165829665813
34710,2020-12-27,19 day ahead inc hosp,2021-01-15,06107,quantile,0.2,231.2051119042948
34711,2020-12-27,19 day ahead inc hosp,2021-01-15,06107,quantile,0.25,236.67296759657708
34712,2020-12-27,19 day ahead inc hosp,2021-01-15,06107,quantile,0.3,241.58327099943102
34713,2020-12-27,19 day ahead inc hosp,2021-01-15,06107,quantile,0.35,246.13339888366866
34714,2020-12-27,19 day ahead inc hosp,2021-01-15,06107,quantile,0.4,250.45102528783423
34715,2020-12-27,19 day ahead inc hosp,2021-01-15,06107,quantile,0.45,254.62837880134774
34716,2020-12-27,19 day ahead inc hosp,2021-01-15,06107,quantile,0.5,258.739501953125
34717,2020-12-27,19 day ahead inc hosp,2021-01-15,06107,quantile,0.55,269.9552737768965
34718,2020-12-27,19 day ahead inc hosp,2021-01-15,06107,quantile,0.6,281.3517321424268
34719,2020-12-27,19 day ahead inc hosp,2021-01-15,06107,quantile,0.65,293.13087637664347
34720,2020-12-27,19 day ahead inc hosp,2021-01-15,06107,quantile,0.7,305.5443201569708
34721,2020-12-27,19 day ahead inc hosp,2021-01-15,06107,quantile,0.75,318.94037775940245
34722,2020-12-27,19 day ahead inc hosp,2021-01-15,06107,quantile,0.8,333.8575231588139
34723,2020-12-27,19 day ahead inc hosp,2021-01-15,06107,quantile,0.85,351.2452779775289
34724,2020-12-27,19 day ahead inc hosp,2021-01-15,06107,quantile,0.9,373.12304390355854
34725,2020-12-27,19 day ahead inc hosp,2021-01-15,06107,quantile,0.95,405.5491886634478
34726,2020-12-27,19 day ahead inc hosp,2021-01-15,06107,quantile,0.975,433.6740334026705
34727,2020-12-27,19 day ahead inc hosp,2021-01-15,06107,quantile,0.99,466.3752434994075
34728,2020-12-27,20 day ahead inc hosp,2021-01-16,06107,point,NA,260.3543395996094
34729,2020-12-27,20 day ahead inc hosp,2021-01-16,06107,quantile,0.01,120.35134271668156
34730,2020-12-27,20 day ahead inc hosp,2021-01-16,06107,quantile,0.025,142.40085780087014
34731,2020-12-27,20 day ahead inc hosp,2021-01-16,06107,quantile,0.05,161.36465719800105
34732,2020-12-27,20 day ahead inc hosp,2021-01-16,06107,quantile,0.1,183.2287033874295
34733,2020-12-27,20 day ahead inc hosp,2021-01-16,06107,quantile,0.15,197.9802715516447
34734,2020-12-27,20 day ahead inc hosp,2021-01-16,06107,quantile,0.2,209.70435029433577
34735,2020-12-27,20 day ahead inc hosp,2021-01-16,06107,quantile,0.25,219.76256592379883
34736,2020-12-27,20 day ahead inc hosp,2021-01-16,06107,quantile,0.3,228.79515442127922
34737,2020-12-27,20 day ahead inc hosp,2021-01-16,06107,quantile,0.35,237.16519378897732
34738,2020-12-27,20 day ahead inc hosp,2021-01-16,06107,quantile,0.4,245.10754264098844
34739,2020-12-27,20 day ahead inc hosp,2021-01-16,06107,quantile,0.45,252.79185707136367
34740,2020-12-27,20 day ahead inc hosp,2021-01-16,06107,quantile,0.5,260.3543395996094
34741,2020-12-27,20 day ahead inc hosp,2021-01-16,06107,quantile,0.55,271.7653710480904
34742,2020-12-27,20 day ahead inc hosp,2021-01-16,06107,quantile,0.6,283.36023467885224
34743,2020-12-27,20 day ahead inc hosp,2021-01-16,06107,quantile,0.65,295.3444465017032
34744,2020-12-27,20 day ahead inc hosp,2021-01-16,06107,quantile,0.7,307.97400063198995
34745,2020-12-27,20 day ahead inc hosp,2021-01-16,06107,quantile,0.75,321.60327528101794
34746,2020-12-27,20 day ahead inc hosp,2021-01-16,06107,quantile,0.8,336.78011892128103
34747,2020-12-27,20 day ahead inc hosp,2021-01-16,06107,quantile,0.85,354.47058375708536
34748,2020-12-27,20 day ahead inc hosp,2021-01-16,06107,quantile,0.9,376.7292280061874
34749,2020-12-27,20 day ahead inc hosp,2021-01-16,06107,quantile,0.95,409.7198918162213
34750,2020-12-27,20 day ahead inc hosp,2021-01-16,06107,quantile,0.975,438.33437264247243
34751,2020-12-27,20 day ahead inc hosp,2021-01-16,06107,quantile,0.99,471.6048905061082
34752,2020-12-27,21 day ahead inc hosp,2021-01-17,06107,point,NA,295.15606689453125
34753,2020-12-27,21 day ahead inc hosp,2021-01-17,06107,quantile,0.01,151.77193905798515
34754,2020-12-27,21 day ahead inc hosp,2021-01-17,06107,quantile,0.025,174.35395915723257
34755,2020-12-27,21 day ahead inc hosp,2021-01-17,06107,quantile,0.05,193.77574224448023
34756,2020-12-27,21 day ahead inc hosp,2021-01-17,06107,quantile,0.1,216.16781429755667
34757,2020-12-27,21 day ahead inc hosp,2021-01-17,06107,quantile,0.15,231.27563900516674
34758,2020-12-27,21 day ahead inc hosp,2021-01-17,06107,quantile,0.2,243.28285915498583
34759,2020-12-27,21 day ahead inc hosp,2021-01-17,06107,quantile,0.25,253.5839849003758
34760,2020-12-27,21 day ahead inc hosp,2021-01-17,06107,quantile,0.3,262.8347141894113
34761,2020-12-27,21 day ahead inc hosp,2021-01-17,06107,quantile,0.35,271.4068935099619
34762,2020-12-27,21 day ahead inc hosp,2021-01-17,06107,quantile,0.4,279.541053409921
34763,2020-12-27,21 day ahead inc hosp,2021-01-17,06107,quantile,0.45,287.41094724899705
34764,2020-12-27,21 day ahead inc hosp,2021-01-17,06107,quantile,0.5,295.15606689453125
34765,2020-12-27,21 day ahead inc hosp,2021-01-17,06107,quantile,0.55,306.357897970892
34766,2020-12-27,21 day ahead inc hosp,2021-01-17,06107,quantile,0.6,317.7401910030019
34767,2020-12-27,21 day ahead inc hosp,2021-01-17,06107,quantile,0.65,329.50469424085526
34768,2020-12-27,21 day ahead inc hosp,2021-01-17,06107,quantile,0.7,341.90270861632683
34769,2020-12-27,21 day ahead inc hosp,2021-01-17,06107,quantile,0.75,355.28211546495663
34770,2020-12-27,21 day ahead inc hosp,2021-01-17,06107,quantile,0.8,370.1807194604085
34771,2020-12-27,21 day ahead inc hosp,2021-01-17,06107,quantile,0.85,387.5468620083163
34772,2020-12-27,21 day ahead inc hosp,2021-01-17,06107,quantile,0.9,409.39743476266966
34773,2020-12-27,21 day ahead inc hosp,2021-01-17,06107,quantile,0.95,441.7832751457667
34774,2020-12-27,21 day ahead inc hosp,2021-01-17,06107,quantile,0.975,469.87316184887413
34775,2020-12-27,21 day ahead inc hosp,2021-01-17,06107,quantile,0.99,502.5337256738122
34776,2020-12-27,22 day ahead inc hosp,2021-01-18,06107,point,NA,250.19642639160156
34777,2020-12-27,22 day ahead inc hosp,2021-01-18,06107,quantile,0.01,167.53277880066446
34778,2020-12-27,22 day ahead inc hosp,2021-01-18,06107,quantile,0.025,180.5517382876144
34779,2020-12-27,22 day ahead inc hosp,2021-01-18,06107,quantile,0.05,191.74876167462457
34780,2020-12-27,22 day ahead inc hosp,2021-01-18,06107,quantile,0.1,204.65821253892443
34781,2020-12-27,22 day ahead inc hosp,2021-01-18,06107,quantile,0.15,213.36815774931208
34782,2020-12-27,22 day ahead inc hosp,2021-01-18,06107,quantile,0.2,220.29054609164615
34783,2020-12-27,22 day ahead inc hosp,2021-01-18,06107,quantile,0.25,226.2293389082232
34784,2020-12-27,22 day ahead inc hosp,2021-01-18,06107,quantile,0.3,231.56255840361757
34785,2020-12-27,22 day ahead inc hosp,2021-01-18,06107,quantile,0.35,236.5045810746911
34786,2020-12-27,22 day ahead inc hosp,2021-01-18,06107,quantile,0.4,241.19407730808916
34787,2020-12-27,22 day ahead inc hosp,2021-01-18,06107,quantile,0.45,245.7312191849996
34788,2020-12-27,22 day ahead inc hosp,2021-01-18,06107,quantile,0.5,250.19642639160156
34789,2020-12-27,22 day ahead inc hosp,2021-01-18,06107,quantile,0.55,261.7809842412825
34790,2020-12-27,22 day ahead inc hosp,2021-01-18,06107,quantile,0.6,273.5521697906486
34791,2020-12-27,22 day ahead inc hosp,2021-01-18,06107,quantile,0.65,285.71862431068485
34792,2020-12-27,22 day ahead inc hosp,2021-01-18,06107,quantile,0.7,298.54023479336024
34793,2020-12-27,22 day ahead inc hosp,2021-01-18,06107,quantile,0.75,312.37676844360027
34794,2020-12-27,22 day ahead inc hosp,2021-01-18,06107,quantile,0.8,327.784404810214
34795,2020-12-27,22 day ahead inc hosp,2021-01-18,06107,quantile,0.85,345.7438867556785
34796,2020-12-27,22 day ahead inc hosp,2021-01-18,06107,quantile,0.9,368.3410159567828
34797,2020-12-27,22 day ahead inc hosp,2021-01-18,06107,quantile,0.95,401.8333654549158
34798,2020-12-27,22 day ahead inc hosp,2021-01-18,06107,quantile,0.975,430.88298379721016
34799,2020-12-27,22 day ahead inc hosp,2021-01-18,06107,quantile,0.99,464.6594430612355
34800,2020-12-27,23 day ahead inc hosp,2021-01-19,06107,point,NA,260.1033630371094
34801,2020-12-27,23 day ahead inc hosp,2021-01-19,06107,quantile,0.01,180.92834982594613
34802,2020-12-27,23 day ahead inc hosp,2021-01-19,06107,quantile,0.025,193.39787324300704
34803,2020-12-27,23 day ahead inc hosp,2021-01-19,06107,quantile,0.05,204.1223512986963
34804,2020-12-27,23 day ahead inc hosp,2021-01-19,06107,quantile,0.1,216.48698765962388
34805,2020-12-27,23 day ahead inc hosp,2021-01-19,06107,quantile,0.15,224.82934911109888
34806,2020-12-27,23 day ahead inc hosp,2021-01-19,06107,quantile,0.2,231.4595935344915
34807,2020-12-27,23 day ahead inc hosp,2021-01-19,06107,quantile,0.25,237.14775288160456
34808,2020-12-27,23 day ahead inc hosp,2021-01-19,06107,quantile,0.3,242.25589577526728
34809,2020-12-27,23 day ahead inc hosp,2021-01-19,06107,quantile,0.35,246.9893514317173
34810,2020-12-27,23 day ahead inc hosp,2021-01-19,06107,quantile,0.4,251.48093796405053
34811,2020-12-27,23 day ahead inc hosp,2021-01-19,06107,quantile,0.45,255.8265999147904
34812,2020-12-27,23 day ahead inc hosp,2021-01-19,06107,quantile,0.5,260.1033630371094
34813,2020-12-27,23 day ahead inc hosp,2021-01-19,06107,quantile,0.55,269.58659457238036
34814,2020-12-27,23 day ahead inc hosp,2021-01-19,06107,quantile,0.6,279.22260135466337
34815,2020-12-27,23 day ahead inc hosp,2021-01-19,06107,quantile,0.65,289.1821791541756
34816,2020-12-27,23 day ahead inc hosp,2021-01-19,06107,quantile,0.7,299.67807398589923
34817,2020-12-27,23 day ahead inc hosp,2021-01-19,06107,quantile,0.75,311.0047947769226
34818,2020-12-27,23 day ahead inc hosp,2021-01-19,06107,quantile,0.8,323.6176355060908
34819,2020-12-27,23 day ahead inc hosp,2021-01-19,06107,quantile,0.85,338.3194418030872
34820,2020-12-27,23 day ahead inc hosp,2021-01-19,06107,quantile,0.9,356.8176711724893
34821,2020-12-27,23 day ahead inc hosp,2021-01-19,06107,quantile,0.95,384.2348336634825
34822,2020-12-27,23 day ahead inc hosp,2021-01-19,06107,quantile,0.975,408.01513329389263
34823,2020-12-27,23 day ahead inc hosp,2021-01-19,06107,quantile,0.99,435.6648707977909
34824,2020-12-27,24 day ahead inc hosp,2021-01-20,06107,point,NA,272.7878112792969
34825,2020-12-27,24 day ahead inc hosp,2021-01-20,06107,quantile,0.01,193.46679787273064
34826,2020-12-27,24 day ahead inc hosp,2021-01-20,06107,quantile,0.025,205.9593153226516
34827,2020-12-27,24 day ahead inc hosp,2021-01-20,06107,quantile,0.05,216.70356951513227
34828,2020-12-27,24 day ahead inc hosp,2021-01-20,06107,quantile,0.1,229.09100649523964
34829,2020-12-27,24 day ahead inc hosp,2021-01-20,06107,quantile,0.15,237.44875141622907
34830,2020-12-27,24 day ahead inc hosp,2021-01-20,06107,quantile,0.2,244.09122213352583
34831,2020-12-27,24 day ahead inc hosp,2021-01-20,06107,quantile,0.25,249.78987055215882
34832,2020-12-27,24 day ahead inc hosp,2021-01-20,06107,quantile,0.3,254.9074329562248
34833,2020-12-27,24 day ahead inc hosp,2021-01-20,06107,quantile,0.35,259.6496171928511
34834,2020-12-27,24 day ahead inc hosp,2021-01-20,06107,quantile,0.4,264.14948629420195
34835,2020-12-27,24 day ahead inc hosp,2021-01-20,06107,quantile,0.45,268.5031617263197
34836,2020-12-27,24 day ahead inc hosp,2021-01-20,06107,quantile,0.5,272.7878112792969
34837,2020-12-27,24 day ahead inc hosp,2021-01-20,06107,quantile,0.55,282.86981809691474
34838,2020-12-27,24 day ahead inc hosp,2021-01-20,06107,quantile,0.6,293.11424645577716
34839,2020-12-27,24 day ahead inc hosp,2021-01-20,06107,quantile,0.65,303.70267624385235
34840,2020-12-27,24 day ahead inc hosp,2021-01-20,06107,quantile,0.7,314.86128635021345
34841,2020-12-27,24 day ahead inc hosp,2021-01-20,06107,quantile,0.75,326.9031811211702
34842,2020-12-27,24 day ahead inc hosp,2021-01-20,06107,quantile,0.8,340.3124019915079
34843,2020-12-27,24 day ahead inc hosp,2021-01-20,06107,quantile,0.85,355.94248660626465
34844,2020-12-27,24 day ahead inc hosp,2021-01-20,06107,quantile,0.9,375.6087020648373
34845,2020-12-27,24 day ahead inc hosp,2021-01-20,06107,quantile,0.95,404.7569958849175
34846,2020-12-27,24 day ahead inc hosp,2021-01-20,06107,quantile,0.975,430.03879377280794
34847,2020-12-27,24 day ahead inc hosp,2021-01-20,06107,quantile,0.99,459.4343474912672
34848,2020-12-27,25 day ahead inc hosp,2021-01-21,06107,point,NA,290.1980895996094
34849,2020-12-27,25 day ahead inc hosp,2021-01-21,06107,quantile,0.01,198.75369101530669
34850,2020-12-27,25 day ahead inc hosp,2021-01-21,06107,quantile,0.025,213.1555587670034
34851,2020-12-27,25 day ahead inc hosp,2021-01-21,06107,quantile,0.05,225.54195955379583
34852,2020-12-27,25 day ahead inc hosp,2021-01-21,06107,quantile,0.1,239.8226863876905
34853,2020-12-27,25 day ahead inc hosp,2021-01-21,06107,quantile,0.15,249.4578249846165
34854,2020-12-27,25 day ahead inc hosp,2021-01-21,06107,quantile,0.2,257.11552770134404
34855,2020-12-27,25 day ahead inc hosp,2021-01-21,06107,quantile,0.25,263.6851547775173
34856,2020-12-27,25 day ahead inc hosp,2021-01-21,06107,quantile,0.3,269.58488293478155
34857,2020-12-27,25 day ahead inc hosp,2021-01-21,06107,quantile,0.35,275.0518603077453
34858,2020-12-27,25 day ahead inc hosp,2021-01-21,06107,quantile,0.4,280.23948721780505
34859,2020-12-27,25 day ahead inc hosp,2021-01-21,06107,quantile,0.45,285.258576289205
34860,2020-12-27,25 day ahead inc hosp,2021-01-21,06107,quantile,0.5,290.1980895996094
34861,2020-12-27,25 day ahead inc hosp,2021-01-21,06107,quantile,0.55,302.42788134375303
34862,2020-12-27,25 day ahead inc hosp,2021-01-21,06107,quantile,0.6,314.85469553195145
34863,2020-12-27,25 day ahead inc hosp,2021-01-21,06107,quantile,0.65,327.6987942861163
34864,2020-12-27,25 day ahead inc hosp,2021-01-21,06107,quantile,0.7,341.23453972088646
34865,2020-12-27,25 day ahead inc hosp,2021-01-21,06107,quantile,0.75,355.8417372677425
34866,2020-12-27,25 day ahead inc hosp,2021-01-21,06107,quantile,0.8,372.1075444291587
34867,2020-12-27,25 day ahead inc hosp,2021-01-21,06107,quantile,0.85,391.0673292457874
34868,2020-12-27,25 day ahead inc hosp,2021-01-21,06107,quantile,0.9,414.92306787051393
34869,2020-12-27,25 day ahead inc hosp,2021-01-21,06107,quantile,0.95,450.2808661308525
34870,2020-12-27,25 day ahead inc hosp,2021-01-21,06107,quantile,0.975,480.9484830725642
34871,2020-12-27,25 day ahead inc hosp,2021-01-21,06107,quantile,0.99,516.6062153756541
34872,2020-12-27,26 day ahead inc hosp,2021-01-22,06107,point,NA,272.7641906738281
34873,2020-12-27,26 day ahead inc hosp,2021-01-22,06107,quantile,0.01,196.30460183604032
34874,2020-12-27,26 day ahead inc hosp,2021-01-22,06107,quantile,0.025,208.34646447430532
34875,2020-12-27,26 day ahead inc hosp,2021-01-22,06107,quantile,0.05,218.70313066709684
34876,2020-12-27,26 day ahead inc hosp,2021-01-22,06107,quantile,0.1,230.6437035062055
34877,2020-12-27,26 day ahead inc hosp,2021-01-22,06107,quantile,0.15,238.69995131275536
34878,2020-12-27,26 day ahead inc hosp,2021-01-22,06107,quantile,0.2,245.10280168114858
34879,2020-12-27,26 day ahead inc hosp,2021-01-22,06107,quantile,0.25,250.59587717662274
34880,2020-12-27,26 day ahead inc hosp,2021-01-22,06107,quantile,0.3,255.5288287421938
34881,2020-12-27,26 day ahead inc hosp,2021-01-22,06107,quantile,0.35,260.0999435244398
34882,2020-12-27,26 day ahead inc hosp,2021-01-22,06107,quantile,0.4,264.4374844425021
34883,2020-12-27,26 day ahead inc hosp,2021-01-22,06107,quantile,0.45,268.6341054786795
34884,2020-12-27,26 day ahead inc hosp,2021-01-22,06107,quantile,0.5,272.7641906738281
34885,2020-12-27,26 day ahead inc hosp,2021-01-22,06107,quantile,0.55,284.05524981988947
34886,2020-12-27,26 day ahead inc hosp,2021-01-22,06107,quantile,0.6,295.52820838954403
34887,2020-12-27,26 day ahead inc hosp,2021-01-22,06107,quantile,0.65,307.3864216563868
34888,2020-12-27,26 day ahead inc hosp,2021-01-22,06107,quantile,0.7,319.883192287269
34889,2020-12-27,26 day ahead inc hosp,2021-01-22,06107,quantile,0.75,333.36917266291465
34890,2020-12-27,26 day ahead inc hosp,2021-01-22,06107,quantile,0.8,348.38645133455884
34891,2020-12-27,26 day ahead inc hosp,2021-01-22,06107,quantile,0.85,365.8909237115038
34892,2020-12-27,26 day ahead inc hosp,2021-01-22,06107,quantile,0.9,387.91554697737024
34893,2020-12-27,26 day ahead inc hosp,2021-01-22,06107,quantile,0.95,420.559356437426
34894,2020-12-27,26 day ahead inc hosp,2021-01-22,06107,quantile,0.975,448.8729928428404
34895,2020-12-27,26 day ahead inc hosp,2021-01-22,06107,quantile,0.99,481.7937140514747
34896,2020-12-27,27 day ahead inc hosp,2021-01-23,06107,point,NA,278.2208251953125
34897,2020-12-27,27 day ahead inc hosp,2021-01-23,06107,quantile,0.01,132.39863075995484
34898,2020-12-27,27 day ahead inc hosp,2021-01-23,06107,quantile,0.025,155.36462968425343
34899,2020-12-27,27 day ahead inc hosp,2021-01-23,06107,quantile,0.05,175.11665574433806
34900,2020-12-27,27 day ahead inc hosp,2021-01-23,06107,quantile,0.1,197.88947679505128
34901,2020-12-27,27 day ahead inc hosp,2021-01-23,06107,quantile,0.15,213.254191043757
34902,2020-12-27,27 day ahead inc hosp,2021-01-23,06107,quantile,0.2,225.4655788572747
34903,2020-12-27,27 day ahead inc hosp,2021-01-23,06107,quantile,0.25,235.9418622786846
34904,2020-12-27,27 day ahead inc hosp,2021-01-23,06107,quantile,0.3,245.3498885742615
34905,2020-12-27,27 day ahead inc hosp,2021-01-23,06107,quantile,0.35,254.06782701331292
34906,2020-12-27,27 day ahead inc hosp,2021-01-23,06107,quantile,0.4,262.340298062914
34907,2020-12-27,27 day ahead inc hosp,2021-01-23,06107,quantile,0.45,270.3440095399305
34908,2020-12-27,27 day ahead inc hosp,2021-01-23,06107,quantile,0.5,278.2208251953125
34909,2020-12-27,27 day ahead inc hosp,2021-01-23,06107,quantile,0.55,289.94479051910076
34910,2020-12-27,27 day ahead inc hosp,2021-01-23,06107,quantile,0.6,301.8576294026708
34911,2020-12-27,27 day ahead inc hosp,2021-01-23,06107,quantile,0.65,314.17049388634035
34912,2020-12-27,27 day ahead inc hosp,2021-01-23,06107,quantile,0.7,327.1463984175735
34913,2020-12-27,27 day ahead inc hosp,2021-01-23,06107,quantile,0.75,341.14943960583184
34914,2020-12-27,27 day ahead inc hosp,2021-01-23,06107,quantile,0.8,356.7424900120408
34915,2020-12-27,27 day ahead inc hosp,2021-01-23,06107,quantile,0.85,374.91809466557754
34916,2020-12-27,27 day ahead inc hosp,2021-01-23,06107,quantile,0.9,397.7871555834448
34917,2020-12-27,27 day ahead inc hosp,2021-01-23,06107,quantile,0.95,431.68254884950056
34918,2020-12-27,27 day ahead inc hosp,2021-01-23,06107,quantile,0.975,461.0817475529472
34919,2020-12-27,27 day ahead inc hosp,2021-01-23,06107,quantile,0.99,495.26466953496197
34920,2020-12-27,28 day ahead inc hosp,2021-01-24,06107,point,NA,277.0872802734375
34921,2020-12-27,28 day ahead inc hosp,2021-01-24,06107,quantile,0.01,133.3088844645255
34922,2020-12-27,28 day ahead inc hosp,2021-01-24,06107,quantile,0.025,155.9529990745866
34923,2020-12-27,28 day ahead inc hosp,2021-01-24,06107,quantile,0.05,175.42818686675577
34924,2020-12-27,28 day ahead inc hosp,2021-01-24,06107,quantile,0.1,197.88183112436172
34925,2020-12-27,28 day ahead inc hosp,2021-01-24,06107,quantile,0.15,213.03119830605317
34926,2020-12-27,28 day ahead inc hosp,2021-01-24,06107,quantile,0.2,225.0714350973489
34927,2020-12-27,28 day ahead inc hosp,2021-01-24,06107,quantile,0.25,235.40088618126833
34928,2020-12-27,28 day ahead inc hosp,2021-01-24,06107,quantile,0.3,244.67705249973466
34929,2020-12-27,28 day ahead inc hosp,2021-01-24,06107,quantile,0.35,253.27280301892813
34930,2020-12-27,28 day ahead inc hosp,2021-01-24,06107,quantile,0.4,261.42932968136677
34931,2020-12-27,28 day ahead inc hosp,2021-01-24,06107,quantile,0.45,269.3208636219902
34932,2020-12-27,28 day ahead inc hosp,2021-01-24,06107,quantile,0.5,277.0872802734375
34933,2020-12-27,28 day ahead inc hosp,2021-01-24,06107,quantile,0.55,288.1742490249385
34934,2020-12-27,28 day ahead inc hosp,2021-01-24,06107,quantile,0.6,299.4398292954481
34935,2020-12-27,28 day ahead inc hosp,2021-01-24,06107,quantile,0.65,311.0837006309358
34936,2020-12-27,28 day ahead inc hosp,2021-01-24,06107,quantile,0.7,323.3545871515859
34937,2020-12-27,28 day ahead inc hosp,2021-01-24,06107,quantile,0.75,336.5968030565743
34938,2020-12-27,28 day ahead inc hosp,2021-01-24,06107,quantile,0.8,351.342638430502
34939,2020-12-27,28 day ahead inc hosp,2021-01-24,06107,quantile,0.85,368.5307104921384
34940,2020-12-27,28 day ahead inc hosp,2021-01-24,06107,quantile,0.9,390.1572299136953
34941,2020-12-27,28 day ahead inc hosp,2021-01-24,06107,quantile,0.95,422.2109895062876
34942,2020-12-27,28 day ahead inc hosp,2021-01-24,06107,quantile,0.975,450.0128456481617
34943,2020-12-27,28 day ahead inc hosp,2021-01-24,06107,quantile,0.99,482.338511699103
34944,2020-12-27,1 day ahead inc hosp,2020-12-28,06109,point,NA,7.133553504943848
34945,2020-12-27,1 day ahead inc hosp,2020-12-28,06109,quantile,0.01,4.200889834924852
34946,2020-12-27,1 day ahead inc hosp,2020-12-28,06109,quantile,0.025,4.662764318104725
34947,2020-12-27,1 day ahead inc hosp,2020-12-28,06109,quantile,0.05,5.06000185426975
34948,2020-12-27,1 day ahead inc hosp,2020-12-28,06109,quantile,0.1,5.517991292831354
34949,2020-12-27,1 day ahead inc hosp,2020-12-28,06109,quantile,0.15,5.82699459271913
34950,2020-12-27,1 day ahead inc hosp,2020-12-28,06109,quantile,0.2,6.072580619865987
34951,2020-12-27,1 day ahead inc hosp,2020-12-28,06109,quantile,0.25,6.283271563763494
34952,2020-12-27,1 day ahead inc hosp,2020-12-28,06109,quantile,0.3,6.472478543060823
34953,2020-12-27,1 day ahead inc hosp,2020-12-28,06109,quantile,0.35,6.647807006856516
34954,2020-12-27,1 day ahead inc hosp,2020-12-28,06109,quantile,0.4,6.814176573590772
34955,2020-12-27,1 day ahead inc hosp,2020-12-28,06109,quantile,0.45,6.975141054785475
34956,2020-12-27,1 day ahead inc hosp,2020-12-28,06109,quantile,0.5,7.133553504943848
34957,2020-12-27,1 day ahead inc hosp,2020-12-28,06109,quantile,0.55,7.5565380692285204
34958,2020-12-27,1 day ahead inc hosp,2020-12-28,06109,quantile,0.6,7.986336932104395
34959,2020-12-27,1 day ahead inc hosp,2020-12-28,06109,quantile,0.65,8.430568169137628
34960,2020-12-27,1 day ahead inc hosp,2020-12-28,06109,quantile,0.7,8.89872098030354
34961,2020-12-27,1 day ahead inc hosp,2020-12-28,06109,quantile,0.75,9.403931471131049
34962,2020-12-27,1 day ahead inc hosp,2020-12-28,06109,quantile,0.8,9.966507310429765
34963,2020-12-27,1 day ahead inc hosp,2020-12-28,06109,quantile,0.85,10.622258159452453
34964,2020-12-27,1 day ahead inc hosp,2020-12-28,06109,quantile,0.9,11.447342463336941
34965,2020-12-27,1 day ahead inc hosp,2020-12-28,06109,quantile,0.95,12.670241692048371
34966,2020-12-27,1 day ahead inc hosp,2020-12-28,06109,quantile,0.975,13.730924397128032
34967,2020-12-27,1 day ahead inc hosp,2020-12-28,06109,quantile,0.99,14.964197266948114
34968,2020-12-27,2 day ahead inc hosp,2020-12-29,06109,point,NA,7.393023490905762
34969,2020-12-27,2 day ahead inc hosp,2020-12-29,06109,quantile,0.01,4.161809355212956
34970,2020-12-27,2 day ahead inc hosp,2020-12-29,06109,quantile,0.025,4.670703496134663
34971,2020-12-27,2 day ahead inc hosp,2020-12-29,06109,quantile,0.05,5.1083805319319175
34972,2020-12-27,2 day ahead inc hosp,2020-12-29,06109,quantile,0.1,5.612994123666656
34973,2020-12-27,2 day ahead inc hosp,2020-12-29,06109,quantile,0.15,5.953454518351682
34974,2020-12-27,2 day ahead inc hosp,2020-12-29,06109,quantile,0.2,6.224041647233196
34975,2020-12-27,2 day ahead inc hosp,2020-12-29,06109,quantile,0.25,6.456181310278726
34976,2020-12-27,2 day ahead inc hosp,2020-12-29,06109,quantile,0.3,6.664649902271516
34977,2020-12-27,2 day ahead inc hosp,2020-12-29,06109,quantile,0.35,6.857827120783681
34978,2020-12-27,2 day ahead inc hosp,2020-12-29,06109,quantile,0.4,7.04113341031034
34979,2020-12-27,2 day ahead inc hosp,2020-12-29,06109,quantile,0.45,7.218484366813788
34980,2020-12-27,2 day ahead inc hosp,2020-12-29,06109,quantile,0.5,7.393023490905762
34981,2020-12-27,2 day ahead inc hosp,2020-12-29,06109,quantile,0.55,7.751797573973712
34982,2020-12-27,2 day ahead inc hosp,2020-12-29,06109,quantile,0.6,8.11635152216025
34983,2020-12-27,2 day ahead inc hosp,2020-12-29,06109,quantile,0.65,8.493146961507477
34984,2020-12-27,2 day ahead inc hosp,2020-12-29,06109,quantile,0.7,8.890232599480532
34985,2020-12-27,2 day ahead inc hosp,2020-12-29,06109,quantile,0.75,9.318750436554515
34986,2020-12-27,2 day ahead inc hosp,2020-12-29,06109,quantile,0.8,9.795925369029689
34987,2020-12-27,2 day ahead inc hosp,2020-12-29,06109,quantile,0.85,10.35213103099519
34988,2020-12-27,2 day ahead inc hosp,2020-12-29,06109,quantile,0.9,11.051964759160958
34989,2020-12-27,2 day ahead inc hosp,2020-12-29,06109,quantile,0.95,12.089223766962878
34990,2020-12-27,2 day ahead inc hosp,2020-12-29,06109,quantile,0.975,12.988891265668286
34991,2020-12-27,2 day ahead inc hosp,2020-12-29,06109,quantile,0.99,14.034949160926365
34992,2020-12-27,3 day ahead inc hosp,2020-12-30,06109,point,NA,7.578211784362793
34993,2020-12-27,3 day ahead inc hosp,2020-12-30,06109,quantile,0.01,4.4315956413309605
34994,2020-12-27,3 day ahead inc hosp,2020-12-30,06109,quantile,0.025,4.9271661766384955
34995,2020-12-27,3 day ahead inc hosp,2020-12-30,06109,quantile,0.05,5.353384176572652
34996,2020-12-27,3 day ahead inc hosp,2020-12-30,06109,quantile,0.1,5.84478623383846
34997,2020-12-27,3 day ahead inc hosp,2020-12-30,06109,quantile,0.15,6.176332868939199
34998,2020-12-27,3 day ahead inc hosp,2020-12-30,06109,quantile,0.2,6.43983562427505
34999,2020-12-27,3 day ahead inc hosp,2020-12-30,06109,quantile,0.25,6.665897525622984
35000,2020-12-27,3 day ahead inc hosp,2020-12-30,06109,quantile,0.3,6.86890809977021
35001,2020-12-27,3 day ahead inc hosp,2020-12-30,06109,quantile,0.35,7.057027651341198
35002,2020-12-27,3 day ahead inc hosp,2020-12-30,06109,quantile,0.4,7.235534709531008
35003,2020-12-27,3 day ahead inc hosp,2020-12-30,06109,quantile,0.45,7.408242354175003
35004,2020-12-27,3 day ahead inc hosp,2020-12-30,06109,quantile,0.5,7.578211784362793
35005,2020-12-27,3 day ahead inc hosp,2020-12-30,06109,quantile,0.55,7.969843298773209
35006,2020-12-27,3 day ahead inc hosp,2020-12-30,06109,quantile,0.6,8.36778401286194
35007,2020-12-27,3 day ahead inc hosp,2020-12-30,06109,quantile,0.65,8.77908732460797
35008,2020-12-27,3 day ahead inc hosp,2020-12-30,06109,quantile,0.7,9.2125390623149
35009,2020-12-27,3 day ahead inc hosp,2020-12-30,06109,quantile,0.75,9.680301638836834
35010,2020-12-27,3 day ahead inc hosp,2020-12-30,06109,quantile,0.8,10.201177449725737
35011,2020-12-27,3 day ahead inc hosp,2020-12-30,06109,quantile,0.85,10.808321822743174
35012,2020-12-27,3 day ahead inc hosp,2020-12-30,06109,quantile,0.9,11.572248080886903
35013,2020-12-27,3 day ahead inc hosp,2020-12-30,06109,quantile,0.95,12.704501872988084
35014,2020-12-27,3 day ahead inc hosp,2020-12-30,06109,quantile,0.975,13.686563180122967
35015,2020-12-27,3 day ahead inc hosp,2020-12-30,06109,quantile,0.99,14.828421683885914
35016,2020-12-27,4 day ahead inc hosp,2020-12-31,06109,point,NA,8.16353702545166
35017,2020-12-27,4 day ahead inc hosp,2020-12-31,06109,quantile,0.01,4.59708351876345
35018,2020-12-27,4 day ahead inc hosp,2020-12-31,06109,quantile,0.025,5.158775569245321
35019,2020-12-27,4 day ahead inc hosp,2020-12-31,06109,quantile,0.05,5.641861720012404
35020,2020-12-27,4 day ahead inc hosp,2020-12-31,06109,quantile,0.1,6.198829113131034
35021,2020-12-27,4 day ahead inc hosp,2020-12-31,06109,quantile,0.15,6.574612369059543
35022,2020-12-27,4 day ahead inc hosp,2020-12-31,06109,quantile,0.2,6.873272988299888
35023,2020-12-27,4 day ahead inc hosp,2020-12-31,06109,quantile,0.25,7.129497206362316
35024,2020-12-27,4 day ahead inc hosp,2020-12-31,06109,quantile,0.3,7.359594473124744
35025,2020-12-27,4 day ahead inc hosp,2020-12-31,06109,quantile,0.35,7.5728138821278765
35026,2020-12-27,4 day ahead inc hosp,2020-12-31,06109,quantile,0.4,7.775138250500382
35027,2020-12-27,4 day ahead inc hosp,2020-12-31,06109,quantile,0.45,7.970889418381621
35028,2020-12-27,4 day ahead inc hosp,2020-12-31,06109,quantile,0.5,8.16353702545166
35029,2020-12-27,4 day ahead inc hosp,2020-12-31,06109,quantile,0.55,8.645923490990745
35030,2020-12-27,4 day ahead inc hosp,2020-12-31,06109,quantile,0.6,9.13608122217423
35031,2020-12-27,4 day ahead inc hosp,2020-12-31,06109,quantile,0.65,9.64269814016251
35032,2020-12-27,4 day ahead inc hosp,2020-12-31,06109,quantile,0.7,10.176596062164517
35033,2020-12-27,4 day ahead inc hosp,2020-12-31,06109,quantile,0.75,10.752755864675727
35034,2020-12-27,4 day ahead inc hosp,2020-12-31,06109,quantile,0.8,11.394337127046219
35035,2020-12-27,4 day ahead inc hosp,2020-12-31,06109,quantile,0.85,12.142178445722372
35036,2020-12-27,4 day ahead inc hosp,2020-12-31,06109,quantile,0.9,13.083133588602596
35037,2020-12-27,4 day ahead inc hosp,2020-12-31,06109,quantile,0.95,14.477770855440454
35038,2020-12-27,4 day ahead inc hosp,2020-12-31,06109,quantile,0.975,15.687410696617878
35039,2020-12-27,4 day ahead inc hosp,2020-12-31,06109,quantile,0.99,17.093878428422315
35040,2020-12-27,5 day ahead inc hosp,2021-01-01,06109,point,NA,7.812099456787109
35041,2020-12-27,5 day ahead inc hosp,2021-01-01,06109,quantile,0.01,4.643018822681588
35042,2020-12-27,5 day ahead inc hosp,2021-01-01,06109,quantile,0.025,5.142127361787728
35043,2020-12-27,5 day ahead inc hosp,2021-01-01,06109,quantile,0.05,5.57138824017281
35044,2020-12-27,5 day ahead inc hosp,2021-01-01,06109,quantile,0.1,6.066298541414765
35045,2020-12-27,5 day ahead inc hosp,2021-01-01,06109,quantile,0.15,6.400212172070786
35046,2020-12-27,5 day ahead inc hosp,2021-01-01,06109,quantile,0.2,6.665596140438689
35047,2020-12-27,5 day ahead inc hosp,2021-01-01,06109,quantile,0.25,6.8932719550617385
35048,2020-12-27,5 day ahead inc hosp,2021-01-01,06109,quantile,0.3,7.097731873210105
35049,2020-12-27,5 day ahead inc hosp,2021-01-01,06109,quantile,0.35,7.287194457993583
35050,2020-12-27,5 day ahead inc hosp,2021-01-01,06109,quantile,0.4,7.466975923366543
35051,2020-12-27,5 day ahead inc hosp,2021-01-01,06109,quantile,0.45,7.64091657170883
35052,2020-12-27,5 day ahead inc hosp,2021-01-01,06109,quantile,0.5,7.812099456787109
35053,2020-12-27,5 day ahead inc hosp,2021-01-01,06109,quantile,0.55,8.278589236330792
35054,2020-12-27,5 day ahead inc hosp,2021-01-01,06109,quantile,0.6,8.752594185258799
35055,2020-12-27,5 day ahead inc hosp,2021-01-01,06109,quantile,0.65,9.242515920772963
35056,2020-12-27,5 day ahead inc hosp,2021-01-01,06109,quantile,0.7,9.758819635171779
35057,2020-12-27,5 day ahead inc hosp,2021-01-01,06109,quantile,0.75,10.315992521345157
35058,2020-12-27,5 day ahead inc hosp,2021-01-01,06109,quantile,0.8,10.93643095198831
35059,2020-12-27,5 day ahead inc hosp,2021-01-01,06109,quantile,0.85,11.659627718077157
35060,2020-12-27,5 day ahead inc hosp,2021-01-01,06109,quantile,0.9,12.569574386402834
35061,2020-12-27,5 day ahead inc hosp,2021-01-01,06109,quantile,0.95,13.918252422847212
35062,2020-12-27,5 day ahead inc hosp,2021-01-01,06109,quantile,0.975,15.088029485741176
35063,2020-12-27,5 day ahead inc hosp,2021-01-01,06109,quantile,0.99,16.448148123007535
35064,2020-12-27,6 day ahead inc hosp,2021-01-02,06109,point,NA,8.261207580566406
35065,2020-12-27,6 day ahead inc hosp,2021-01-02,06109,quantile,0.01,2.1064384250529304
35066,2020-12-27,6 day ahead inc hosp,2021-01-02,06109,quantile,0.025,3.0757724990061828
35067,2020-12-27,6 day ahead inc hosp,2021-01-02,06109,quantile,0.05,3.9094532786998295
35068,2020-12-27,6 day ahead inc hosp,2021-01-02,06109,quantile,0.1,4.8706338255272925
35069,2020-12-27,6 day ahead inc hosp,2021-01-02,06109,quantile,0.15,5.519137777256898
35070,2020-12-27,6 day ahead inc hosp,2021-01-02,06109,quantile,0.2,6.0345481600979625
35071,2020-12-27,6 day ahead inc hosp,2021-01-02,06109,quantile,0.25,6.476724375564903
35072,2020-12-27,6 day ahead inc hosp,2021-01-02,06109,quantile,0.3,6.873812283084668
35073,2020-12-27,6 day ahead inc hosp,2021-01-02,06109,quantile,0.35,7.241773407329885
35074,2020-12-27,6 day ahead inc hosp,2021-01-02,06109,quantile,0.4,7.590932531241803
35075,2020-12-27,6 day ahead inc hosp,2021-01-02,06109,quantile,0.45,7.928748024412204
35076,2020-12-27,6 day ahead inc hosp,2021-01-02,06109,quantile,0.5,8.261207580566406
35077,2020-12-27,6 day ahead inc hosp,2021-01-02,06109,quantile,0.55,8.734973865093055
35078,2020-12-27,6 day ahead inc hosp,2021-01-02,06109,quantile,0.6,9.216372543796234
35079,2020-12-27,6 day ahead inc hosp,2021-01-02,06109,quantile,0.65,9.713936285858152
35080,2020-12-27,6 day ahead inc hosp,2021-01-02,06109,quantile,0.7,10.238293524075265
35081,2020-12-27,6 day ahead inc hosp,2021-01-02,06109,quantile,0.75,10.80415742870264
35082,2020-12-27,6 day ahead inc hosp,2021-01-02,06109,quantile,0.8,11.434273720534126
35083,2020-12-27,6 day ahead inc hosp,2021-01-02,06109,quantile,0.85,12.168751215811207
35084,2020-12-27,6 day ahead inc hosp,2021-01-02,06109,quantile,0.9,13.09289161732603
35085,2020-12-27,6 day ahead inc hosp,2021-01-02,06109,quantile,0.95,14.462606904494754
35086,2020-12-27,6 day ahead inc hosp,2021-01-02,06109,quantile,0.975,15.650630645023188
35087,2020-12-27,6 day ahead inc hosp,2021-01-02,06109,quantile,0.99,17.031964988346765
35088,2020-12-27,7 day ahead inc hosp,2021-01-03,06109,point,NA,7.92536735534668
35089,2020-12-27,7 day ahead inc hosp,2021-01-03,06109,quantile,0.01,1.8930881218547535
35090,2020-12-27,7 day ahead inc hosp,2021-01-03,06109,quantile,0.025,2.843130870312069
35091,2020-12-27,7 day ahead inc hosp,2021-01-03,06109,quantile,0.05,3.660220045817918
35092,2020-12-27,7 day ahead inc hosp,2021-01-03,06109,quantile,0.1,4.602271535607709
35093,2020-12-27,7 day ahead inc hosp,2021-01-03,06109,quantile,0.15,5.237869203369398
35094,2020-12-27,7 day ahead inc hosp,2021-01-03,06109,quantile,0.2,5.743022080850292
35095,2020-12-27,7 day ahead inc hosp,2021-01-03,06109,quantile,0.25,6.1763982700638005
35096,2020-12-27,7 day ahead inc hosp,2021-01-03,06109,quantile,0.3,6.565583482031739
35097,2020-12-27,7 day ahead inc hosp,2021-01-03,06109,quantile,0.35,6.926221581111116
35098,2020-12-27,7 day ahead inc hosp,2021-01-03,06109,quantile,0.4,7.268431870260844
35099,2020-12-27,7 day ahead inc hosp,2021-01-03,06109,quantile,0.45,7.5995242853806175
35100,2020-12-27,7 day ahead inc hosp,2021-01-03,06109,quantile,0.5,7.92536735534668
35101,2020-12-27,7 day ahead inc hosp,2021-01-03,06109,quantile,0.55,8.395528822741582
35102,2020-12-27,7 day ahead inc hosp,2021-01-03,06109,quantile,0.6,8.873264610561924
35103,2020-12-27,7 day ahead inc hosp,2021-01-03,06109,quantile,0.65,9.367042464180319
35104,2020-12-27,7 day ahead inc hosp,2021-01-03,06109,quantile,0.7,9.887409946230278
35105,2020-12-27,7 day ahead inc hosp,2021-01-03,06109,quantile,0.75,10.448968276644672
35106,2020-12-27,7 day ahead inc hosp,2021-01-03,06109,quantile,0.8,11.074290107413873
35107,2020-12-27,7 day ahead inc hosp,2021-01-03,06109,quantile,0.85,11.803179072767383
35108,2020-12-27,7 day ahead inc hosp,2021-01-03,06109,quantile,0.9,12.72028782753924
35109,2020-12-27,7 day ahead inc hosp,2021-01-03,06109,quantile,0.95,14.079581154990564
35110,2020-12-27,7 day ahead inc hosp,2021-01-03,06109,quantile,0.975,15.258565399732468
35111,2020-12-27,7 day ahead inc hosp,2021-01-03,06109,quantile,0.99,16.62938937567003
35112,2020-12-27,8 day ahead inc hosp,2021-01-04,06109,point,NA,6.711649417877197
35113,2020-12-27,8 day ahead inc hosp,2021-01-04,06109,quantile,0.01,3.6419308598322053
35114,2020-12-27,8 day ahead inc hosp,2021-01-04,06109,quantile,0.025,4.125390551101717
35115,2020-12-27,8 day ahead inc hosp,2021-01-04,06109,quantile,0.05,4.5411925570337335
35116,2020-12-27,8 day ahead inc hosp,2021-01-04,06109,quantile,0.1,5.020585640295836
35117,2020-12-27,8 day ahead inc hosp,2021-01-04,06109,quantile,0.15,5.3440298776490085
35118,2020-12-27,8 day ahead inc hosp,2021-01-04,06109,quantile,0.2,5.6010931041063285
35119,2020-12-27,8 day ahead inc hosp,2021-01-04,06109,quantile,0.25,5.821630463063007
35120,2020-12-27,8 day ahead inc hosp,2021-01-04,06109,quantile,0.3,6.019679827399724
35121,2020-12-27,8 day ahead inc hosp,2021-01-04,06109,quantile,0.35,6.203202078713211
35122,2020-12-27,8 day ahead inc hosp,2021-01-04,06109,quantile,0.4,6.377346748529625
35123,2020-12-27,8 day ahead inc hosp,2021-01-04,06109,quantile,0.45,6.545833731936851
35124,2020-12-27,8 day ahead inc hosp,2021-01-04,06109,quantile,0.5,6.711649417877197
35125,2020-12-27,8 day ahead inc hosp,2021-01-04,06109,quantile,0.55,7.1087080064850765
35126,2020-12-27,8 day ahead inc hosp,2021-01-04,06109,quantile,0.6,7.512163225158052
35127,2020-12-27,8 day ahead inc hosp,2021-01-04,06109,quantile,0.65,7.929166215066775
35128,2020-12-27,8 day ahead inc hosp,2021-01-04,06109,quantile,0.7,8.368624555038839
35129,2020-12-27,8 day ahead inc hosp,2021-01-04,06109,quantile,0.75,8.84286919982181
35130,2020-12-27,8 day ahead inc hosp,2021-01-04,06109,quantile,0.8,9.370963101107785
35131,2020-12-27,8 day ahead inc hosp,2021-01-04,06109,quantile,0.85,9.986521040040362
35132,2020-12-27,8 day ahead inc hosp,2021-01-04,06109,quantile,0.9,10.76103348528034
35133,2020-12-27,8 day ahead inc hosp,2021-01-04,06109,quantile,0.95,11.908977601356963
35134,2020-12-27,8 day ahead inc hosp,2021-01-04,06109,quantile,0.975,12.904647924580098
35135,2020-12-27,8 day ahead inc hosp,2021-01-04,06109,quantile,0.99,14.062329850603266
35136,2020-12-27,9 day ahead inc hosp,2021-01-05,06109,point,NA,6.924699306488037
35137,2020-12-27,9 day ahead inc hosp,2021-01-05,06109,quantile,0.01,3.678121516632126
35138,2020-12-27,9 day ahead inc hosp,2021-01-05,06109,quantile,0.025,4.189435328073463
35139,2020-12-27,9 day ahead inc hosp,2021-01-05,06109,quantile,0.05,4.629193414005664
35140,2020-12-27,9 day ahead inc hosp,2021-01-05,06109,quantile,0.1,5.1362063232674515
35141,2020-12-27,9 day ahead inc hosp,2021-01-05,06109,quantile,0.15,5.478285526097192
35142,2020-12-27,9 day ahead inc hosp,2021-01-05,06109,quantile,0.2,5.750159232374862
35143,2020-12-27,9 day ahead inc hosp,2021-01-05,06109,quantile,0.25,5.983402664267271
35144,2020-12-27,9 day ahead inc hosp,2021-01-05,06109,quantile,0.3,6.192862474797968
35145,2020-12-27,9 day ahead inc hosp,2021-01-05,06109,quantile,0.35,6.3869582050065965
35146,2020-12-27,9 day ahead inc hosp,2021-01-05,06109,quantile,0.4,6.571136072311744
35147,2020-12-27,9 day ahead inc hosp,2021-01-05,06109,quantile,0.45,6.749330290402569
35148,2020-12-27,9 day ahead inc hosp,2021-01-05,06109,quantile,0.5,6.924699306488037
35149,2020-12-27,9 day ahead inc hosp,2021-01-05,06109,quantile,0.55,7.278636467433899
35150,2020-12-27,9 day ahead inc hosp,2021-01-05,06109,quantile,0.6,7.6382755704855825
35151,2020-12-27,9 day ahead inc hosp,2021-01-05,06109,quantile,0.65,8.009991127304799
35152,2020-12-27,9 day ahead inc hosp,2021-01-05,06109,quantile,0.7,8.401723334254488
35153,2020-12-27,9 day ahead inc hosp,2021-01-05,06109,quantile,0.75,8.824463977535293
35154,2020-12-27,9 day ahead inc hosp,2021-01-05,06109,quantile,0.8,9.295205730759452
35155,2020-12-27,9 day ahead inc hosp,2021-01-05,06109,quantile,0.85,9.843912736613044
35156,2020-12-27,9 day ahead inc hosp,2021-01-05,06109,quantile,0.9,10.534311443127853
35157,2020-12-27,9 day ahead inc hosp,2021-01-05,06109,quantile,0.95,11.557586327555336
35158,2020-12-27,9 day ahead inc hosp,2021-01-05,06109,quantile,0.975,12.44512468474138
35159,2020-12-27,9 day ahead inc hosp,2021-01-05,06109,quantile,0.99,13.477079831742692
35160,2020-12-27,10 day ahead inc hosp,2021-01-06,06109,point,NA,6.746669769287109
35161,2020-12-27,10 day ahead inc hosp,2021-01-06,06109,quantile,0.01,3.5397828984047006
35162,2020-12-27,10 day ahead inc hosp,2021-01-06,06109,quantile,0.025,4.044845661396387
35163,2020-12-27,10 day ahead inc hosp,2021-01-06,06109,quantile,0.05,4.479227500804874
35164,2020-12-27,10 day ahead inc hosp,2021-01-06,06109,quantile,0.1,4.980041942140556
35165,2020-12-27,10 day ahead inc hosp,2021-01-06,06109,quantile,0.15,5.317939068087845
35166,2020-12-27,10 day ahead inc hosp,2021-01-06,06109,quantile,0.2,5.586488992233878
35167,2020-12-27,10 day ahead inc hosp,2021-01-06,06109,quantile,0.25,5.816880915012516
35168,2020-12-27,10 day ahead inc hosp,2021-01-06,06109,quantile,0.3,6.023779982229451
35169,2020-12-27,10 day ahead inc hosp,2021-01-06,06109,quantile,0.35,6.215502802130837
35170,2020-12-27,10 day ahead inc hosp,2021-01-06,06109,quantile,0.4,6.397429009601817
35171,2020-12-27,10 day ahead inc hosp,2021-01-06,06109,quantile,0.45,6.5734447207448365
35172,2020-12-27,10 day ahead inc hosp,2021-01-06,06109,quantile,0.5,6.746669769287109
35173,2020-12-27,10 day ahead inc hosp,2021-01-06,06109,quantile,0.55,7.139238881890177
35174,2020-12-27,10 day ahead inc hosp,2021-01-06,06109,quantile,0.6,7.538132298916703
35175,2020-12-27,10 day ahead inc hosp,2021-01-06,06109,quantile,0.65,7.950420304763014
35176,2020-12-27,10 day ahead inc hosp,2021-01-06,06109,quantile,0.7,8.384909761731345
35177,2020-12-27,10 day ahead inc hosp,2021-01-06,06109,quantile,0.75,8.853792200496741
35178,2020-12-27,10 day ahead inc hosp,2021-01-06,06109,quantile,0.8,9.37591503109911
35179,2020-12-27,10 day ahead inc hosp,2021-01-06,06109,quantile,0.85,9.98451295789318
35180,2020-12-27,10 day ahead inc hosp,2021-01-06,06109,quantile,0.9,10.750268118596072
35181,2020-12-27,10 day ahead inc hosp,2021-01-06,06109,quantile,0.95,11.885232619795051
35182,2020-12-27,10 day ahead inc hosp,2021-01-06,06109,quantile,0.975,12.86964506281344
35183,2020-12-27,10 day ahead inc hosp,2021-01-06,06109,quantile,0.99,14.014237270147213
35184,2020-12-27,11 day ahead inc hosp,2021-01-07,06109,point,NA,6.739316940307617
35185,2020-12-27,11 day ahead inc hosp,2021-01-07,06109,quantile,0.01,3.0213586683340488
35186,2020-12-27,11 day ahead inc hosp,2021-01-07,06109,quantile,0.025,3.606911683808545
35187,2020-12-27,11 day ahead inc hosp,2021-01-07,06109,quantile,0.05,4.11051958082784
35188,2020-12-27,11 day ahead inc hosp,2021-01-07,06109,quantile,0.1,4.691147233082835
35189,2020-12-27,11 day ahead inc hosp,2021-01-07,06109,quantile,0.15,5.082893953523316
35190,2020-12-27,11 day ahead inc hosp,2021-01-07,06109,quantile,0.2,5.394241828305653
35191,2020-12-27,11 day ahead inc hosp,2021-01-07,06109,quantile,0.25,5.661350581928456
35192,2020-12-27,11 day ahead inc hosp,2021-01-07,06109,quantile,0.3,5.901222498024815
35193,2020-12-27,11 day ahead inc hosp,2021-01-07,06109,quantile,0.35,6.123499576349788
35194,2020-12-27,11 day ahead inc hosp,2021-01-07,06109,quantile,0.4,6.334418787157307
35195,2020-12-27,11 day ahead inc hosp,2021-01-07,06109,quantile,0.45,6.5384855645617215
35196,2020-12-27,11 day ahead inc hosp,2021-01-07,06109,quantile,0.5,6.739316940307617
35197,2020-12-27,11 day ahead inc hosp,2021-01-07,06109,quantile,0.55,7.22116517445092
35198,2020-12-27,11 day ahead inc hosp,2021-01-07,06109,quantile,0.6,7.710776003308876
35199,2020-12-27,11 day ahead inc hosp,2021-01-07,06109,quantile,0.65,8.216827654337207
35200,2020-12-27,11 day ahead inc hosp,2021-01-07,06109,quantile,0.7,8.750129870107193
35201,2020-12-27,11 day ahead inc hosp,2021-01-07,06109,quantile,0.75,9.325646811931275
35202,2020-12-27,11 day ahead inc hosp,2021-01-07,06109,quantile,0.8,9.966512218441325
35203,2020-12-27,11 day ahead inc hosp,2021-01-07,06109,quantile,0.85,10.713519119683475
35204,2020-12-27,11 day ahead inc hosp,2021-01-07,06109,quantile,0.9,11.653424374898723
35205,2020-12-27,11 day ahead inc hosp,2021-01-07,06109,quantile,0.95,13.046505550062452
35206,2020-12-27,11 day ahead inc hosp,2021-01-07,06109,quantile,0.975,14.254795713778709
35207,2020-12-27,11 day ahead inc hosp,2021-01-07,06109,quantile,0.99,15.65969415385444
35208,2020-12-27,12 day ahead inc hosp,2021-01-08,06109,point,NA,6.583930492401123
35209,2020-12-27,12 day ahead inc hosp,2021-01-08,06109,quantile,0.01,3.3537014054373313
35210,2020-12-27,12 day ahead inc hosp,2021-01-08,06109,quantile,0.025,3.862440407917057
35211,2020-12-27,12 day ahead inc hosp,2021-01-08,06109,quantile,0.05,4.299984016095551
35212,2020-12-27,12 day ahead inc hosp,2021-01-08,06109,quantile,0.1,4.804443774331082
35213,2020-12-27,12 day ahead inc hosp,2021-01-08,06109,quantile,0.15,5.14480037828452
35214,2020-12-27,12 day ahead inc hosp,2021-01-08,06109,quantile,0.2,5.415305017582799
35215,2020-12-27,12 day ahead inc hosp,2021-01-08,06109,quantile,0.25,5.647373911910928
35216,2020-12-27,12 day ahead inc hosp,2021-01-08,06109,quantile,0.3,5.85577895140829
35217,2020-12-27,12 day ahead inc hosp,2021-01-08,06109,quantile,0.35,6.048897279062228
35218,2020-12-27,12 day ahead inc hosp,2021-01-08,06109,quantile,0.4,6.232147686923377
35219,2020-12-27,12 day ahead inc hosp,2021-01-08,06109,quantile,0.45,6.409444577268733
35220,2020-12-27,12 day ahead inc hosp,2021-01-08,06109,quantile,0.5,6.583930492401123
35221,2020-12-27,12 day ahead inc hosp,2021-01-08,06109,quantile,0.55,7.049566981191493
35222,2020-12-27,12 day ahead inc hosp,2021-01-08,06109,quantile,0.6,7.522704892817332
35223,2020-12-27,12 day ahead inc hosp,2021-01-08,06109,quantile,0.65,8.01173047646474
35224,2020-12-27,12 day ahead inc hosp,2021-01-08,06109,quantile,0.7,8.52708978177955
35225,2020-12-27,12 day ahead inc hosp,2021-01-08,06109,quantile,0.75,9.08324350206202
35226,2020-12-27,12 day ahead inc hosp,2021-01-08,06109,quantile,0.8,9.702547043155429
35227,2020-12-27,12 day ahead inc hosp,2021-01-08,06109,quantile,0.85,10.424420956868106
35228,2020-12-27,12 day ahead inc hosp,2021-01-08,06109,quantile,0.9,11.33270317484109
35229,2020-12-27,12 day ahead inc hosp,2021-01-08,06109,quantile,0.95,12.67891424513067
35230,2020-12-27,12 day ahead inc hosp,2021-01-08,06109,quantile,0.975,13.846551582793825
35231,2020-12-27,12 day ahead inc hosp,2021-01-08,06109,quantile,0.99,15.204182327061279
35232,2020-12-27,13 day ahead inc hosp,2021-01-09,06109,point,NA,6.317019939422607
35233,2020-12-27,13 day ahead inc hosp,2021-01-09,06109,quantile,0.01,0.30788435926150903
35234,2020-12-27,13 day ahead inc hosp,2021-01-09,06109,quantile,0.025,1.254282140506815
35235,2020-12-27,13 day ahead inc hosp,2021-01-09,06109,quantile,0.05,2.0682364431252678
35236,2020-12-27,13 day ahead inc hosp,2021-01-09,06109,quantile,0.1,3.006673625245341
35237,2020-12-27,13 day ahead inc hosp,2021-01-09,06109,quantile,0.15,3.6398327367812366
35238,2020-12-27,13 day ahead inc hosp,2021-01-09,06109,quantile,0.2,4.143047527077674
35239,2020-12-27,13 day ahead inc hosp,2021-01-09,06109,quantile,0.25,4.574761010057475
35240,2020-12-27,13 day ahead inc hosp,2021-01-09,06109,quantile,0.3,4.962453060439448
35241,2020-12-27,13 day ahead inc hosp,2021-01-09,06109,quantile,0.35,5.321707522783868
35242,2020-12-27,13 day ahead inc hosp,2021-01-09,06109,quantile,0.4,5.662604875978253
35243,2020-12-27,13 day ahead inc hosp,2021-01-09,06109,quantile,0.45,5.992427010366747
35244,2020-12-27,13 day ahead inc hosp,2021-01-09,06109,quantile,0.5,6.317019939422607
35245,2020-12-27,13 day ahead inc hosp,2021-01-09,06109,quantile,0.55,6.786957425859266
35246,2020-12-27,13 day ahead inc hosp,2021-01-09,06109,quantile,0.6,7.264465624378985
35247,2020-12-27,13 day ahead inc hosp,2021-01-09,06109,quantile,0.65,7.758008246391893
35248,2020-12-27,13 day ahead inc hosp,2021-01-09,06109,quantile,0.7,8.278127829761608
35249,2020-12-27,13 day ahead inc hosp,2021-01-09,06109,quantile,0.75,8.839418638522956
35250,2020-12-27,13 day ahead inc hosp,2021-01-09,06109,quantile,0.8,9.464442571245252
35251,2020-12-27,13 day ahead inc hosp,2021-01-09,06109,quantile,0.85,10.192984300042312
35252,2020-12-27,13 day ahead inc hosp,2021-01-09,06109,quantile,0.9,11.109656151937278
35253,2020-12-27,13 day ahead inc hosp,2021-01-09,06109,quantile,0.95,12.468301923510182
35254,2020-12-27,13 day ahead inc hosp,2021-01-09,06109,quantile,0.975,13.646724510100142
35255,2020-12-27,13 day ahead inc hosp,2021-01-09,06109,quantile,0.99,15.016895437055584
35256,2020-12-27,14 day ahead inc hosp,2021-01-10,06109,point,NA,6.539377689361572
35257,2020-12-27,14 day ahead inc hosp,2021-01-10,06109,quantile,0.01,0.43774958327124924
35258,2020-12-27,14 day ahead inc hosp,2021-01-10,06109,quantile,0.025,1.3987143051610937
35259,2020-12-27,14 day ahead inc hosp,2021-01-10,06109,quantile,0.05,2.225196980360903
35260,2020-12-27,14 day ahead inc hosp,2021-01-10,06109,quantile,0.1,3.1780785737015766
35261,2020-12-27,14 day ahead inc hosp,2021-01-10,06109,quantile,0.15,3.820983260913015
35262,2020-12-27,14 day ahead inc hosp,2021-01-10,06109,quantile,0.2,4.331943525815339
35263,2020-12-27,14 day ahead inc hosp,2021-01-10,06109,quantile,0.25,4.770301936336853
35264,2020-12-27,14 day ahead inc hosp,2021-01-10,06109,quantile,0.3,5.163961337021405
35265,2020-12-27,14 day ahead inc hosp,2021-01-10,06109,quantile,0.35,5.528745438734136
35266,2020-12-27,14 day ahead inc hosp,2021-01-10,06109,quantile,0.4,5.874889878944435
35267,2020-12-27,14 day ahead inc hosp,2021-01-10,06109,quantile,0.45,6.209788630744871
35268,2020-12-27,14 day ahead inc hosp,2021-01-10,06109,quantile,0.5,6.539377689361572
35269,2020-12-27,14 day ahead inc hosp,2021-01-10,06109,quantile,0.55,7.010884240905932
35270,2020-12-27,14 day ahead inc hosp,2021-01-10,06109,quantile,0.6,7.489986782236267
35271,2020-12-27,14 day ahead inc hosp,2021-01-10,06109,quantile,0.65,7.985177284083653
35272,2020-12-27,14 day ahead inc hosp,2021-01-10,06109,quantile,0.7,8.507033484585758
35273,2020-12-27,14 day ahead inc hosp,2021-01-10,06109,quantile,0.75,9.070198376280942
35274,2020-12-27,14 day ahead inc hosp,2021-01-10,06109,quantile,0.8,9.697309189221603
35275,2020-12-27,14 day ahead inc hosp,2021-01-10,06109,quantile,0.85,10.42828343178731
35276,2020-12-27,14 day ahead inc hosp,2021-01-10,06109,quantile,0.9,11.348015941449603
35277,2020-12-27,14 day ahead inc hosp,2021-01-10,06109,quantile,0.95,12.711198068889892
35278,2020-12-27,14 day ahead inc hosp,2021-01-10,06109,quantile,0.975,13.893555267670013
35279,2020-12-27,14 day ahead inc hosp,2021-01-10,06109,quantile,0.99,15.268301031609356
35280,2020-12-27,15 day ahead inc hosp,2021-01-11,06109,point,NA,6.108244895935059
35281,2020-12-27,15 day ahead inc hosp,2021-01-11,06109,quantile,0.01,3.00269602233903
35282,2020-12-27,15 day ahead inc hosp,2021-01-11,06109,quantile,0.025,3.4917987434064996
35283,2020-12-27,15 day ahead inc hosp,2021-01-11,06109,quantile,0.05,3.9124540662786806
35284,2020-12-27,15 day ahead inc hosp,2021-01-11,06109,quantile,0.1,4.397442713147503
35285,2020-12-27,15 day ahead inc hosp,2021-01-11,06109,quantile,0.15,4.7246622507011296
35286,2020-12-27,15 day ahead inc hosp,2021-01-11,06109,quantile,0.2,4.9847259660783205
35287,2020-12-27,15 day ahead inc hosp,2021-01-11,06109,quantile,0.25,5.207837477359648
35288,2020-12-27,15 day ahead inc hosp,2021-01-11,06109,quantile,0.3,5.408198510041422
35289,2020-12-27,15 day ahead inc hosp,2021-01-11,06109,quantile,0.35,5.593862866584056
35290,2020-12-27,15 day ahead inc hosp,2021-01-11,06109,quantile,0.4,5.770040184786004
35291,2020-12-27,15 day ahead inc hosp,2021-01-11,06109,quantile,0.45,5.9404937790298815
35292,2020-12-27,15 day ahead inc hosp,2021-01-11,06109,quantile,0.5,6.108244895935059
35293,2020-12-27,15 day ahead inc hosp,2021-01-11,06109,quantile,0.55,6.5221877120506
35294,2020-12-27,15 day ahead inc hosp,2021-01-11,06109,quantile,0.6,6.942799163825375
35295,2020-12-27,15 day ahead inc hosp,2021-01-11,06109,quantile,0.65,7.377534482299714
35296,2020-12-27,15 day ahead inc hosp,2021-01-11,06109,quantile,0.7,7.835680025634491
35297,2020-12-27,15 day ahead inc hosp,2021-01-11,06109,quantile,0.75,8.330091101031343
35298,2020-12-27,15 day ahead inc hosp,2021-01-11,06109,quantile,0.8,8.880641279125191
35299,2020-12-27,15 day ahead inc hosp,2021-01-11,06109,quantile,0.85,9.522374751299662
35300,2020-12-27,15 day ahead inc hosp,2021-01-11,06109,quantile,0.9,10.32982199434567
35301,2020-12-27,15 day ahead inc hosp,2021-01-11,06109,quantile,0.95,11.526580442055
35302,2020-12-27,15 day ahead inc hosp,2021-01-11,06109,quantile,0.975,12.564589918094018
35303,2020-12-27,15 day ahead inc hosp,2021-01-11,06109,quantile,0.99,13.7715002592209
35304,2020-12-27,16 day ahead inc hosp,2021-01-12,06109,point,NA,6.276261806488037
35305,2020-12-27,16 day ahead inc hosp,2021-01-12,06109,quantile,0.01,3.1761689713758523
35306,2020-12-27,16 day ahead inc hosp,2021-01-12,06109,quantile,0.025,3.664412403674311
35307,2020-12-27,16 day ahead inc hosp,2021-01-12,06109,quantile,0.05,4.084328690800013
35308,2020-12-27,16 day ahead inc hosp,2021-01-12,06109,quantile,0.1,4.5684652767838685
35309,2020-12-27,16 day ahead inc hosp,2021-01-12,06109,quantile,0.15,4.895109932903576
35310,2020-12-27,16 day ahead inc hosp,2021-01-12,06109,quantile,0.2,5.1547167507412
35311,2020-12-27,16 day ahead inc hosp,2021-01-12,06109,quantile,0.25,5.3774362846165085
35312,2020-12-27,16 day ahead inc hosp,2021-01-12,06109,quantile,0.3,5.577445309473106
35313,2020-12-27,16 day ahead inc hosp,2021-01-12,06109,quantile,0.35,5.762783478306061
35314,2020-12-27,16 day ahead inc hosp,2021-01-12,06109,quantile,0.4,5.938651276269489
35315,2020-12-27,16 day ahead inc hosp,2021-01-12,06109,quantile,0.45,6.10880540610055
35316,2020-12-27,16 day ahead inc hosp,2021-01-12,06109,quantile,0.5,6.276261806488037
35317,2020-12-27,16 day ahead inc hosp,2021-01-12,06109,quantile,0.55,6.62667495242152
35318,2020-12-27,16 day ahead inc hosp,2021-01-12,06109,quantile,0.6,6.982733268435172
35319,2020-12-27,16 day ahead inc hosp,2021-01-12,06109,quantile,0.65,7.350747797650886
35320,2020-12-27,16 day ahead inc hosp,2021-01-12,06109,quantile,0.7,7.738579678976574
35321,2020-12-27,16 day ahead inc hosp,2021-01-12,06109,quantile,0.75,8.157111257661612
35322,2020-12-27,16 day ahead inc hosp,2021-01-12,06109,quantile,0.8,8.623166017858866
35323,2020-12-27,16 day ahead inc hosp,2021-01-12,06109,quantile,0.85,9.16640976090937
35324,2020-12-27,16 day ahead inc hosp,2021-01-12,06109,quantile,0.9,9.849934435322597
35325,2020-12-27,16 day ahead inc hosp,2021-01-12,06109,quantile,0.95,10.86302096867421
35326,2020-12-27,16 day ahead inc hosp,2021-01-12,06109,quantile,0.975,11.74172245073127
35327,2020-12-27,16 day ahead inc hosp,2021-01-12,06109,quantile,0.99,12.763402820649508
35328,2020-12-27,17 day ahead inc hosp,2021-01-13,06109,point,NA,6.677432060241699
35329,2020-12-27,17 day ahead inc hosp,2021-01-13,06109,quantile,0.01,3.5009000538670714
35330,2020-12-27,17 day ahead inc hosp,2021-01-13,06109,quantile,0.025,4.001182133175233
35331,2020-12-27,17 day ahead inc hosp,2021-01-13,06109,quantile,0.05,4.4314523208757635
35332,2020-12-27,17 day ahead inc hosp,2021-01-13,06109,quantile,0.1,4.927526291118338
35333,2020-12-27,17 day ahead inc hosp,2021-01-13,06109,quantile,0.15,5.262225043724545
35334,2020-12-27,17 day ahead inc hosp,2021-01-13,06109,quantile,0.2,5.528233002129583
35335,2020-12-27,17 day ahead inc hosp,2021-01-13,06109,quantile,0.25,5.756444144643369
35336,2020-12-27,17 day ahead inc hosp,2021-01-13,06109,quantile,0.3,5.96138480378262
35337,2020-12-27,17 day ahead inc hosp,2021-01-13,06109,quantile,0.35,6.151292866738883
35338,2020-12-27,17 day ahead inc hosp,2021-01-13,06109,quantile,0.4,6.331497047334411
35339,2020-12-27,17 day ahead inc hosp,2021-01-13,06109,quantile,0.45,6.505846677546575
35340,2020-12-27,17 day ahead inc hosp,2021-01-13,06109,quantile,0.5,6.677432060241699
35341,2020-12-27,17 day ahead inc hosp,2021-01-13,06109,quantile,0.55,7.06887284929361
35342,2020-12-27,17 day ahead inc hosp,2021-01-13,06109,quantile,0.6,7.4666197654305275
35343,2020-12-27,17 day ahead inc hosp,2021-01-13,06109,quantile,0.65,7.877722771612014
35344,2020-12-27,17 day ahead inc hosp,2021-01-13,06109,quantile,0.7,8.310963417425091
35345,2020-12-27,17 day ahead inc hosp,2021-01-13,06109,quantile,0.75,8.778498192603623
35346,2020-12-27,17 day ahead inc hosp,2021-01-13,06109,quantile,0.8,9.299120335893996
35347,2020-12-27,17 day ahead inc hosp,2021-01-13,06109,quantile,0.85,9.905969028344504
35348,2020-12-27,17 day ahead inc hosp,2021-01-13,06109,quantile,0.9,10.669523252818585
35349,2020-12-27,17 day ahead inc hosp,2021-01-13,06109,quantile,0.95,11.801225634978351
35350,2020-12-27,17 day ahead inc hosp,2021-01-13,06109,quantile,0.975,12.782808676223016
35351,2020-12-27,17 day ahead inc hosp,2021-01-13,06109,quantile,0.99,13.92411109253008
35352,2020-12-27,18 day ahead inc hosp,2021-01-14,06109,point,NA,6.856583118438721
35353,2020-12-27,18 day ahead inc hosp,2021-01-14,06109,quantile,0.01,3.3214323638021446
35354,2020-12-27,18 day ahead inc hosp,2021-01-14,06109,quantile,0.025,3.8781944447911765
35355,2020-12-27,18 day ahead inc hosp,2021-01-14,06109,quantile,0.05,4.35704054981851
35356,2020-12-27,18 day ahead inc hosp,2021-01-14,06109,quantile,0.1,4.909119441748231
35357,2020-12-27,18 day ahead inc hosp,2021-01-14,06109,quantile,0.15,5.281604449132794
35358,2020-12-27,18 day ahead inc hosp,2021-01-14,06109,quantile,0.2,5.577643724987016
35359,2020-12-27,18 day ahead inc hosp,2021-01-14,06109,quantile,0.25,5.831619063832994
35360,2020-12-27,18 day ahead inc hosp,2021-01-14,06109,quantile,0.3,6.059696767554514
35361,2020-12-27,18 day ahead inc hosp,2021-01-14,06109,quantile,0.35,6.271044750425186
35362,2020-12-27,18 day ahead inc hosp,2021-01-14,06109,quantile,0.4,6.471593318405147
35363,2020-12-27,18 day ahead inc hosp,2021-01-14,06109,quantile,0.45,6.665626378855428
35364,2020-12-27,18 day ahead inc hosp,2021-01-14,06109,quantile,0.5,6.856583118438721
35365,2020-12-27,18 day ahead inc hosp,2021-01-14,06109,quantile,0.55,7.333566597620154
35366,2020-12-27,18 day ahead inc hosp,2021-01-14,06109,quantile,0.6,7.8182343001152885
35367,2020-12-27,18 day ahead inc hosp,2021-01-14,06109,quantile,0.65,8.31917683772188
35368,2020-12-27,18 day ahead inc hosp,2021-01-14,06109,quantile,0.7,8.84709481750944
35369,2020-12-27,18 day ahead inc hosp,2021-01-14,06109,quantile,0.75,9.416801322146059
35370,2020-12-27,18 day ahead inc hosp,2021-01-14,06109,quantile,0.8,10.05119653130911
35371,2020-12-27,18 day ahead inc hosp,2021-01-14,06109,quantile,0.85,10.790661627327399
35372,2020-12-27,18 day ahead inc hosp,2021-01-14,06109,quantile,0.9,11.72107756945608
35373,2020-12-27,18 day ahead inc hosp,2021-01-14,06109,quantile,0.95,13.100094153159354
35374,2020-12-27,18 day ahead inc hosp,2021-01-14,06109,quantile,0.975,14.296185381292153
35375,2020-12-27,18 day ahead inc hosp,2021-01-14,06109,quantile,0.99,15.686899922428347
35376,2020-12-27,19 day ahead inc hosp,2021-01-15,06109,point,NA,6.512444496154785
35377,2020-12-27,19 day ahead inc hosp,2021-01-15,06109,quantile,0.01,3.408542916885992
35378,2020-12-27,19 day ahead inc hosp,2021-01-15,06109,quantile,0.025,3.8973862003562307
35379,2020-12-27,19 day ahead inc hosp,2021-01-15,06109,quantile,0.05,4.317818392582174
35380,2020-12-27,19 day ahead inc hosp,2021-01-15,06109,quantile,0.1,4.802549784106038
35381,2020-12-27,19 day ahead inc hosp,2021-01-15,06109,quantile,0.15,5.129595752699744
35382,2020-12-27,19 day ahead inc hosp,2021-01-15,06109,quantile,0.2,5.389521520969838
35383,2020-12-27,19 day ahead inc hosp,2021-01-15,06109,quantile,0.25,5.612514685916319
35384,2020-12-27,19 day ahead inc hosp,2021-01-15,06109,quantile,0.3,5.812769439931754
35385,2020-12-27,19 day ahead inc hosp,2021-01-15,06109,quantile,0.35,5.998335313451339
35386,2020-12-27,19 day ahead inc hosp,2021-01-15,06109,quantile,0.4,6.174419180895088
35387,2020-12-27,19 day ahead inc hosp,2021-01-15,06109,quantile,0.45,6.344782360448911
35388,2020-12-27,19 day ahead inc hosp,2021-01-15,06109,quantile,0.5,6.512444496154785
35389,2020-12-27,19 day ahead inc hosp,2021-01-15,06109,quantile,0.55,6.969274572574179
35390,2020-12-27,19 day ahead inc hosp,2021-01-15,06109,quantile,0.6,7.433464200166386
35391,2020-12-27,19 day ahead inc hosp,2021-01-15,06109,quantile,0.65,7.913241022058151
35392,2020-12-27,19 day ahead inc hosp,2021-01-15,06109,quantile,0.7,8.41885352558427
35393,2020-12-27,19 day ahead inc hosp,2021-01-15,06109,quantile,0.75,8.964488914248909
35394,2020-12-27,19 day ahead inc hosp,2021-01-15,06109,quantile,0.8,9.572079794292401
35395,2020-12-27,19 day ahead inc hosp,2021-01-15,06109,quantile,0.85,10.28030117106469
35396,2020-12-27,19 day ahead inc hosp,2021-01-15,06109,quantile,0.9,11.171405380111711
35397,2020-12-27,19 day ahead inc hosp,2021-01-15,06109,quantile,0.95,12.49215605348493
35398,2020-12-27,19 day ahead inc hosp,2021-01-15,06109,quantile,0.975,13.637710293833436
35399,2020-12-27,19 day ahead inc hosp,2021-01-15,06109,quantile,0.99,14.969664665073095
35400,2020-12-27,20 day ahead inc hosp,2021-01-16,06109,point,NA,6.492302417755127
35401,2020-12-27,20 day ahead inc hosp,2021-01-16,06109,quantile,0.01,0.6759440908004004
35402,2020-12-27,20 day ahead inc hosp,2021-01-16,06109,quantile,0.025,1.5919807723042725
35403,2020-12-27,20 day ahead inc hosp,2021-01-16,06109,quantile,0.05,2.3798228541879602
35404,2020-12-27,20 day ahead inc hosp,2021-01-16,06109,quantile,0.1,3.2881543181290165
35405,2020-12-27,20 day ahead inc hosp,2021-01-16,06109,quantile,0.15,3.901001244536747
35406,2020-12-27,20 day ahead inc hosp,2021-01-16,06109,quantile,0.2,4.38807255400269
35407,2020-12-27,20 day ahead inc hosp,2021-01-16,06109,quantile,0.25,4.805936367872718
35408,2020-12-27,20 day ahead inc hosp,2021-01-16,06109,quantile,0.3,5.181190987352094
35409,2020-12-27,20 day ahead inc hosp,2021-01-16,06109,quantile,0.35,5.528920316417522
35410,2020-12-27,20 day ahead inc hosp,2021-01-16,06109,quantile,0.4,5.858881445175384
35411,2020-12-27,20 day ahead inc hosp,2021-01-16,06109,quantile,0.45,6.178122655857649
35412,2020-12-27,20 day ahead inc hosp,2021-01-16,06109,quantile,0.5,6.492302417755127
35413,2020-12-27,20 day ahead inc hosp,2021-01-16,06109,quantile,0.55,6.95674044663489
35414,2020-12-27,20 day ahead inc hosp,2021-01-16,06109,quantile,0.6,7.428660591112058
35415,2020-12-27,20 day ahead inc hosp,2021-01-16,06109,quantile,0.65,7.916427515759642
35416,2020-12-27,20 day ahead inc hosp,2021-01-16,06109,quantile,0.7,8.430460384075104
35417,2020-12-27,20 day ahead inc hosp,2021-01-16,06109,quantile,0.75,8.985182670279835
35418,2020-12-27,20 day ahead inc hosp,2021-01-16,06109,quantile,0.8,9.602892241647147
35419,2020-12-27,20 day ahead inc hosp,2021-01-16,06109,quantile,0.85,10.322908188969896
35420,2020-12-27,20 day ahead inc hosp,2021-01-16,06109,quantile,0.9,11.228852660971587
35421,2020-12-27,20 day ahead inc hosp,2021-01-16,06109,quantile,0.95,12.57159883957463
35422,2020-12-27,20 day ahead inc hosp,2021-01-16,06109,quantile,0.975,13.736230900432801
35423,2020-12-27,20 day ahead inc hosp,2021-01-16,06109,quantile,0.99,15.090367360941183
35424,2020-12-27,21 day ahead inc hosp,2021-01-17,06109,point,NA,7.592329025268555
35425,2020-12-27,21 day ahead inc hosp,2021-01-17,06109,quantile,0.01,1.734537086149695
35426,2020-12-27,21 day ahead inc hosp,2021-01-17,06109,quantile,0.025,2.6570992783693796
35427,2020-12-27,21 day ahead inc hosp,2021-01-17,06109,quantile,0.05,3.450553659467178
35428,2020-12-27,21 day ahead inc hosp,2021-01-17,06109,quantile,0.1,4.365355744968635
35429,2020-12-27,21 day ahead inc hosp,2021-01-17,06109,quantile,0.15,4.982568369023824
35430,2020-12-27,21 day ahead inc hosp,2021-01-17,06109,quantile,0.2,5.473109396584535
35431,2020-12-27,21 day ahead inc hosp,2021-01-17,06109,quantile,0.25,5.893949919630316
35432,2020-12-27,21 day ahead inc hosp,2021-01-17,06109,quantile,0.3,6.271877715948584
35433,2020-12-27,21 day ahead inc hosp,2021-01-17,06109,quantile,0.35,6.622084141738232
35434,2020-12-27,21 day ahead inc hosp,2021-01-17,06109,quantile,0.4,6.954395793051562
35435,2020-12-27,21 day ahead inc hosp,2021-01-17,06109,quantile,0.45,7.275911161508619
35436,2020-12-27,21 day ahead inc hosp,2021-01-17,06109,quantile,0.5,7.592329025268555
35437,2020-12-27,21 day ahead inc hosp,2021-01-17,06109,quantile,0.55,8.055425175718835
35438,2020-12-27,21 day ahead inc hosp,2021-01-17,06109,quantile,0.6,8.525981824050264
35439,2020-12-27,21 day ahead inc hosp,2021-01-17,06109,quantile,0.65,9.012339467213344
35440,2020-12-27,21 day ahead inc hosp,2021-01-17,06109,quantile,0.7,9.524887165118233
35441,2020-12-27,21 day ahead inc hosp,2021-01-17,06109,quantile,0.75,10.078006718936887
35442,2020-12-27,21 day ahead inc hosp,2021-01-17,06109,quantile,0.8,10.693931571788575
35443,2020-12-27,21 day ahead inc hosp,2021-01-17,06109,quantile,0.85,11.411867211710728
35444,2020-12-27,21 day ahead inc hosp,2021-01-17,06109,quantile,0.9,12.315194181979797
35445,2020-12-27,21 day ahead inc hosp,2021-01-17,06109,quantile,0.95,13.654060828715732
35446,2020-12-27,21 day ahead inc hosp,2021-01-17,06109,quantile,0.975,14.815327974249204
35447,2020-12-27,21 day ahead inc hosp,2021-01-17,06109,quantile,0.99,16.165551993497523
35448,2020-12-27,22 day ahead inc hosp,2021-01-18,06109,point,NA,5.717609882354736
35449,2020-12-27,22 day ahead inc hosp,2021-01-18,06109,quantile,0.01,2.368292231100631
35450,2020-12-27,22 day ahead inc hosp,2021-01-18,06109,quantile,0.025,2.8957868684820105
35451,2020-12-27,22 day ahead inc hosp,2021-01-18,06109,quantile,0.05,3.34946135738431
35452,2020-12-27,22 day ahead inc hosp,2021-01-18,06109,quantile,0.1,3.872518988010055
35453,2020-12-27,22 day ahead inc hosp,2021-01-18,06109,quantile,0.15,4.225423488171572
35454,2020-12-27,22 day ahead inc hosp,2021-01-18,06109,quantile,0.2,4.5059007975996295
35455,2020-12-27,22 day ahead inc hosp,2021-01-18,06109,quantile,0.25,4.746525354915721
35456,2020-12-27,22 day ahead inc hosp,2021-01-18,06109,quantile,0.3,4.962613644200155
35457,2020-12-27,22 day ahead inc hosp,2021-01-18,06109,quantile,0.35,5.162851647814929
35458,2020-12-27,22 day ahead inc hosp,2021-01-18,06109,quantile,0.4,5.352857931928284
35459,2020-12-27,22 day ahead inc hosp,2021-01-18,06109,quantile,0.45,5.536691210732766
35460,2020-12-27,22 day ahead inc hosp,2021-01-18,06109,quantile,0.5,5.717609882354736
35461,2020-12-27,22 day ahead inc hosp,2021-01-18,06109,quantile,0.55,6.1854697926076785
35462,2020-12-27,22 day ahead inc hosp,2021-01-18,06109,quantile,0.6,6.660866945106584
35463,2020-12-27,22 day ahead inc hosp,2021-01-18,06109,quantile,0.65,7.152227633507602
35464,2020-12-27,22 day ahead inc hosp,2021-01-18,06109,quantile,0.7,7.670047787505792
35465,2020-12-27,22 day ahead inc hosp,2021-01-18,06109,quantile,0.75,8.228857150436411
35466,2020-12-27,22 day ahead inc hosp,2021-01-18,06109,quantile,0.8,8.851117875552685
35467,2020-12-27,22 day ahead inc hosp,2021-01-18,06109,quantile,0.85,9.576438748409801
35468,2020-12-27,22 day ahead inc hosp,2021-01-18,06109,quantile,0.9,10.489058028073893
35469,2020-12-27,22 day ahead inc hosp,2021-01-18,06109,quantile,0.95,11.841697277122854
35470,2020-12-27,22 day ahead inc hosp,2021-01-18,06109,quantile,0.975,13.014910101199899
35471,2020-12-27,22 day ahead inc hosp,2021-01-18,06109,quantile,0.99,14.37902355334726
35472,2020-12-27,23 day ahead inc hosp,2021-01-19,06109,point,NA,5.950045585632324
35473,2020-12-27,23 day ahead inc hosp,2021-01-19,06109,quantile,0.01,2.725428669594503
35474,2020-12-27,23 day ahead inc hosp,2021-01-19,06109,quantile,0.025,3.2332837935127525
35475,2020-12-27,23 day ahead inc hosp,2021-01-19,06109,quantile,0.05,3.6700672173666815
35476,2020-12-27,23 day ahead inc hosp,2021-01-19,06109,quantile,0.1,4.17365053176115
35477,2020-12-27,23 day ahead inc hosp,2021-01-19,06109,quantile,0.15,4.513415803215949
35478,2020-12-27,23 day ahead inc hosp,2021-01-19,06109,quantile,0.2,4.7834504701899325
35479,2020-12-27,23 day ahead inc hosp,2021-01-19,06109,quantile,0.25,5.015116170110944
35480,2020-12-27,23 day ahead inc hosp,2021-01-19,06109,quantile,0.3,5.223159128569468
35481,2020-12-27,23 day ahead inc hosp,2021-01-19,06109,quantile,0.35,5.41594193418006
35482,2020-12-27,23 day ahead inc hosp,2021-01-19,06109,quantile,0.4,5.598873964432848
35483,2020-12-27,23 day ahead inc hosp,2021-01-19,06109,quantile,0.45,5.775862820757558
35484,2020-12-27,23 day ahead inc hosp,2021-01-19,06109,quantile,0.5,5.950045585632324
35485,2020-12-27,23 day ahead inc hosp,2021-01-19,06109,quantile,0.55,6.3343513408201595
35486,2020-12-27,23 day ahead inc hosp,2021-01-19,06109,quantile,0.6,6.724848277406294
35487,2020-12-27,23 day ahead inc hosp,2021-01-19,06109,quantile,0.65,7.128457854306093
35488,2020-12-27,23 day ahead inc hosp,2021-01-19,06109,quantile,0.7,7.553801554359743
35489,2020-12-27,23 day ahead inc hosp,2021-01-19,06109,quantile,0.75,8.012814283428536
35490,2020-12-27,23 day ahead inc hosp,2021-01-19,06109,quantile,0.8,8.523946724248809
35491,2020-12-27,23 day ahead inc hosp,2021-01-19,06109,quantile,0.85,9.119734009477316
35492,2020-12-27,23 day ahead inc hosp,2021-01-19,06109,quantile,0.9,9.869370457876308
35493,2020-12-27,23 day ahead inc hosp,2021-01-19,06109,quantile,0.95,10.980444599324821
35494,2020-12-27,23 day ahead inc hosp,2021-01-19,06109,quantile,0.975,11.944135718124084
35495,2020-12-27,23 day ahead inc hosp,2021-01-19,06109,quantile,0.99,13.06463490794771
35496,2020-12-27,24 day ahead inc hosp,2021-01-20,06109,point,NA,6.358695030212402
35497,2020-12-27,24 day ahead inc hosp,2021-01-20,06109,quantile,0.01,3.1308087618473452
35498,2020-12-27,24 day ahead inc hosp,2021-01-20,06109,quantile,0.025,3.639178786411009
35499,2020-12-27,24 day ahead inc hosp,2021-01-20,06109,quantile,0.05,4.076405053225964
35500,2020-12-27,24 day ahead inc hosp,2021-01-20,06109,quantile,0.1,4.580498937193111
35501,2020-12-27,24 day ahead inc hosp,2021-01-20,06109,quantile,0.15,4.920608687514662
35502,2020-12-27,24 day ahead inc hosp,2021-01-20,06109,quantile,0.2,5.190917135371738
35503,2020-12-27,24 day ahead inc hosp,2021-01-20,06109,quantile,0.25,5.422817714912529
35504,2020-12-27,24 day ahead inc hosp,2021-01-20,06109,quantile,0.3,5.631071602528876
35505,2020-12-27,24 day ahead inc hosp,2021-01-20,06109,quantile,0.35,5.824049865438919
35506,2020-12-27,24 day ahead inc hosp,2021-01-20,06109,quantile,0.4,6.007167365555076
35507,2020-12-27,24 day ahead inc hosp,2021-01-20,06109,quantile,0.45,6.18433566611902
35508,2020-12-27,24 day ahead inc hosp,2021-01-20,06109,quantile,0.5,6.358695030212402
35509,2020-12-27,24 day ahead inc hosp,2021-01-20,06109,quantile,0.55,6.768152534763099
35510,2020-12-27,24 day ahead inc hosp,2021-01-20,06109,quantile,0.6,7.1842064164206905
35511,2020-12-27,24 day ahead inc hosp,2021-01-20,06109,quantile,0.65,7.61423112445396
35512,2020-12-27,24 day ahead inc hosp,2021-01-20,06109,quantile,0.7,8.067412393923123
35513,2020-12-27,24 day ahead inc hosp,2021-01-20,06109,quantile,0.75,8.556466237287118
35514,2020-12-27,24 day ahead inc hosp,2021-01-20,06109,quantile,0.8,9.10105088346522
35515,2020-12-27,24 day ahead inc hosp,2021-01-20,06109,quantile,0.85,9.735830799611584
35516,2020-12-27,24 day ahead inc hosp,2021-01-20,06109,quantile,0.9,10.534528881381593
35517,2020-12-27,24 day ahead inc hosp,2021-01-20,06109,quantile,0.95,11.718319754109896
35518,2020-12-27,24 day ahead inc hosp,2021-01-20,06109,quantile,0.975,12.745081792758924
35519,2020-12-27,24 day ahead inc hosp,2021-01-20,06109,quantile,0.99,13.938914557225372
35520,2020-12-27,25 day ahead inc hosp,2021-01-21,06109,point,NA,6.925072193145752
35521,2020-12-27,25 day ahead inc hosp,2021-01-21,06109,quantile,0.01,3.196248988991639
35522,2020-12-27,25 day ahead inc hosp,2021-01-21,06109,quantile,0.025,3.783513157022419
35523,2020-12-27,25 day ahead inc hosp,2021-01-21,06109,quantile,0.05,4.288592739640756
35524,2020-12-27,25 day ahead inc hosp,2021-01-21,06109,quantile,0.1,4.870917151138976
35525,2020-12-27,25 day ahead inc hosp,2021-01-21,06109,quantile,0.15,5.263808666985479
35526,2020-12-27,25 day ahead inc hosp,2021-01-21,06109,quantile,0.2,5.57606638886577
35527,2020-12-27,25 day ahead inc hosp,2021-01-21,06109,quantile,0.25,5.843955710284296
35528,2020-12-27,25 day ahead inc hosp,2021-01-21,06109,quantile,0.3,6.084528600385675
35529,2020-12-27,25 day ahead inc hosp,2021-01-21,06109,quantile,0.35,6.307455235592309
35530,2020-12-27,25 day ahead inc hosp,2021-01-21,06109,quantile,0.4,6.518990812360219
35531,2020-12-27,25 day ahead inc hosp,2021-01-21,06109,quantile,0.45,6.723653930964456
35532,2020-12-27,25 day ahead inc hosp,2021-01-21,06109,quantile,0.5,6.925072193145752
35533,2020-12-27,25 day ahead inc hosp,2021-01-21,06109,quantile,0.55,7.422067574010333
35534,2020-12-27,25 day ahead inc hosp,2021-01-21,06109,quantile,0.6,7.92706957074135
35535,2020-12-27,25 day ahead inc hosp,2021-01-21,06109,quantile,0.65,8.449029215331802
35536,2020-12-27,25 day ahead inc hosp,2021-01-21,06109,quantile,0.7,8.999096060162662
35537,2020-12-27,25 day ahead inc hosp,2021-01-21,06109,quantile,0.75,9.592704672642942
35538,2020-12-27,25 day ahead inc hosp,2021-01-21,06109,quantile,0.8,10.25371601236007
35539,2020-12-27,25 day ahead inc hosp,2021-01-21,06109,quantile,0.85,11.024205459211291
35540,2020-12-27,25 day ahead inc hosp,2021-01-21,06109,quantile,0.9,11.993657118866846
35541,2020-12-27,25 day ahead inc hosp,2021-01-21,06109,quantile,0.95,13.43053051626912
35542,2020-12-27,25 day ahead inc hosp,2021-01-21,06109,quantile,0.975,14.676803901868979
35543,2020-12-27,25 day ahead inc hosp,2021-01-21,06109,quantile,0.99,16.125866045975204
35544,2020-12-27,26 day ahead inc hosp,2021-01-22,06109,point,NA,6.102447509765625
35545,2020-12-27,26 day ahead inc hosp,2021-01-22,06109,quantile,0.01,2.983203352826802
35546,2020-12-27,26 day ahead inc hosp,2021-01-22,06109,quantile,0.025,3.474462987413071
35547,2020-12-27,26 day ahead inc hosp,2021-01-22,06109,quantile,0.05,3.8969733749037383
35548,2020-12-27,26 day ahead inc hosp,2021-01-22,06109,quantile,0.1,4.384100792472123
35549,2020-12-27,26 day ahead inc hosp,2021-01-22,06109,quantile,0.15,4.712763348462909
35550,2020-12-27,26 day ahead inc hosp,2021-01-22,06109,quantile,0.2,4.973973929149337
35551,2020-12-27,26 day ahead inc hosp,2021-01-22,06109,quantile,0.25,5.198069348747167
35552,2020-12-27,26 day ahead inc hosp,2021-01-22,06109,quantile,0.3,5.399313961506126
35553,2020-12-27,26 day ahead inc hosp,2021-01-22,06109,quantile,0.35,5.585797086670026
35554,2020-12-27,26 day ahead inc hosp,2021-01-22,06109,quantile,0.4,5.762751336225998
35555,2020-12-27,26 day ahead inc hosp,2021-01-22,06109,quantile,0.45,5.933956620546247
35556,2020-12-27,26 day ahead inc hosp,2021-01-22,06109,quantile,0.5,6.102447509765625
35557,2020-12-27,26 day ahead inc hosp,2021-01-22,06109,quantile,0.55,6.562534837359489
35558,2020-12-27,26 day ahead inc hosp,2021-01-22,06109,quantile,0.6,7.030034190575504
35559,2020-12-27,26 day ahead inc hosp,2021-01-22,06109,quantile,0.65,7.513231876585584
35560,2020-12-27,26 day ahead inc hosp,2021-01-22,06109,quantile,0.7,8.022449455622153
35561,2020-12-27,26 day ahead inc hosp,2021-01-22,06109,quantile,0.75,8.571975287587922
35562,2020-12-27,26 day ahead inc hosp,2021-01-22,06109,quantile,0.8,9.183898360737286
35563,2020-12-27,26 day ahead inc hosp,2021-01-22,06109,quantile,0.85,9.897169437672394
35564,2020-12-27,26 day ahead inc hosp,2021-01-22,06109,quantile,0.9,10.794627322585601
35565,2020-12-27,26 day ahead inc hosp,2021-01-22,06109,quantile,0.95,12.124795100707583
35566,2020-12-27,26 day ahead inc hosp,2021-01-22,06109,quantile,0.975,13.278517275015341
35567,2020-12-27,26 day ahead inc hosp,2021-01-22,06109,quantile,0.99,14.619968634662738
35568,2020-12-27,27 day ahead inc hosp,2021-01-23,06109,point,NA,6.208700656890869
35569,2020-12-27,27 day ahead inc hosp,2021-01-23,06109,quantile,0.01,0.2209915505194795
35570,2020-12-27,27 day ahead inc hosp,2021-01-23,06109,quantile,0.025,1.1640148085935262
35571,2020-12-27,27 day ahead inc hosp,2021-01-23,06109,quantile,0.05,1.9750668351194491
35572,2020-12-27,27 day ahead inc hosp,2021-01-23,06109,quantile,0.1,2.910157878777883
35573,2020-12-27,27 day ahead inc hosp,2021-01-23,06109,quantile,0.15,3.541059366579538
35574,2020-12-27,27 day ahead inc hosp,2021-01-23,06109,quantile,0.2,4.042479869100131
35575,2020-12-27,27 day ahead inc hosp,2021-01-23,06109,quantile,0.25,4.472654012934669
35576,2020-12-27,27 day ahead inc hosp,2021-01-23,06109,quantile,0.3,4.85896368918892
35577,2020-12-27,27 day ahead inc hosp,2021-01-23,06109,quantile,0.35,5.216937175889076
35578,2020-12-27,27 day ahead inc hosp,2021-01-23,06109,quantile,0.4,5.5566190084639375
35579,2020-12-27,27 day ahead inc hosp,2021-01-23,06109,quantile,0.45,5.885265112585937
35580,2020-12-27,27 day ahead inc hosp,2021-01-23,06109,quantile,0.5,6.208700656890869
35581,2020-12-27,27 day ahead inc hosp,2021-01-23,06109,quantile,0.55,6.685648363832582
35582,2020-12-27,27 day ahead inc hosp,2021-01-23,06109,quantile,0.6,7.170279717795756
35583,2020-12-27,27 day ahead inc hosp,2021-01-23,06109,quantile,0.65,7.671184686309658
35584,2020-12-27,27 day ahead inc hosp,2021-01-23,06109,quantile,0.7,8.199063073932395
35585,2020-12-27,27 day ahead inc hosp,2021-01-23,06109,quantile,0.75,8.768726852398103
35586,2020-12-27,27 day ahead inc hosp,2021-01-23,06109,quantile,0.8,9.40307448394371
35587,2020-12-27,27 day ahead inc hosp,2021-01-23,06109,quantile,0.85,10.142484122438137
35588,2020-12-27,27 day ahead inc hosp,2021-01-23,06109,quantile,0.9,11.072830286338483
35589,2020-12-27,27 day ahead inc hosp,2021-01-23,06109,quantile,0.95,12.451743448196009
35590,2020-12-27,27 day ahead inc hosp,2021-01-23,06109,quantile,0.975,13.647744973301329
35591,2020-12-27,27 day ahead inc hosp,2021-01-23,06109,quantile,0.99,15.038355215282275
35592,2020-12-27,28 day ahead inc hosp,2021-01-24,06109,point,NA,6.036860466003418
35593,2020-12-27,28 day ahead inc hosp,2021-01-24,06109,quantile,0.01,0.11875093156911554
35594,2020-12-27,28 day ahead inc hosp,2021-01-24,06109,quantile,0.025,1.0508127327783283
35595,2020-12-27,28 day ahead inc hosp,2021-01-24,06109,quantile,0.05,1.8524373016802906
35596,2020-12-27,28 day ahead inc hosp,2021-01-24,06109,quantile,0.1,2.7766590904693493
35597,2020-12-27,28 day ahead inc hosp,2021-01-24,06109,quantile,0.15,3.4002271436125397
35598,2020-12-27,28 day ahead inc hosp,2021-01-24,06109,quantile,0.2,3.895819264741194
35599,2020-12-27,28 day ahead inc hosp,2021-01-24,06109,quantile,0.25,4.32099317631037
35600,2020-12-27,28 day ahead inc hosp,2021-01-24,06109,quantile,0.3,4.70281248945165
35601,2020-12-27,28 day ahead inc hosp,2021-01-24,06109,quantile,0.35,5.056624985529759
35602,2020-12-27,28 day ahead inc hosp,2021-01-24,06109,quantile,0.4,5.392358444908457
35603,2020-12-27,28 day ahead inc hosp,2021-01-24,06109,quantile,0.45,5.717184452269019
35604,2020-12-27,28 day ahead inc hosp,2021-01-24,06109,quantile,0.5,6.036860466003418
35605,2020-12-27,28 day ahead inc hosp,2021-01-24,06109,quantile,0.55,6.489399042096448
35606,2020-12-27,28 day ahead inc hosp,2021-01-24,06109,quantile,0.6,6.9492280331169125
35607,2020-12-27,28 day ahead inc hosp,2021-01-24,06109,quantile,0.65,7.424497791017033
35608,2020-12-27,28 day ahead inc hosp,2021-01-24,06109,quantile,0.7,7.925360527975891
35609,2020-12-27,28 day ahead inc hosp,2021-01-24,06109,quantile,0.75,8.465870171709541
35610,2020-12-27,28 day ahead inc hosp,2021-01-24,06109,quantile,0.8,9.067753291702648
35611,2020-12-27,28 day ahead inc hosp,2021-01-24,06109,quantile,0.85,9.769321577038008
35612,2020-12-27,28 day ahead inc hosp,2021-01-24,06109,quantile,0.9,10.652054677873586
35613,2020-12-27,28 day ahead inc hosp,2021-01-24,06109,quantile,0.95,11.960398107857204
35614,2020-12-27,28 day ahead inc hosp,2021-01-24,06109,quantile,0.975,13.0951909149068
35615,2020-12-27,28 day ahead inc hosp,2021-01-24,06109,quantile,0.99,14.414632794272721
35616,2020-12-27,1 day ahead inc hosp,2020-12-28,06111,point,NA,347.25567626953125
35617,2020-12-27,1 day ahead inc hosp,2020-12-28,06111,quantile,0.01,219.18388244474065
35618,2020-12-27,1 day ahead inc hosp,2020-12-28,06111,quantile,0.025,239.35431459741955
35619,2020-12-27,1 day ahead inc hosp,2020-12-28,06111,quantile,0.05,256.70199900845375
35620,2020-12-27,1 day ahead inc hosp,2020-12-28,06111,quantile,0.1,276.7027681212015
35621,2020-12-27,1 day ahead inc hosp,2020-12-28,06111,quantile,0.15,290.19719208770795
35622,2020-12-27,1 day ahead inc hosp,2020-12-28,06111,quantile,0.2,300.9221324743422
35623,2020-12-27,1 day ahead inc hosp,2020-12-28,06111,quantile,0.25,310.1231763592747
35624,2020-12-27,1 day ahead inc hosp,2020-12-28,06111,quantile,0.3,318.38599813816006
35625,2020-12-27,1 day ahead inc hosp,2020-12-28,06111,quantile,0.35,326.04273392290617
35626,2020-12-27,1 day ahead inc hosp,2020-12-28,06111,quantile,0.4,333.30822742880537
35627,2020-12-27,1 day ahead inc hosp,2020-12-28,06111,quantile,0.45,340.33767647863414
35628,2020-12-27,1 day ahead inc hosp,2020-12-28,06111,quantile,0.5,347.25567626953125
35629,2020-12-27,1 day ahead inc hosp,2020-12-28,06111,quantile,0.55,365.7702294146553
35630,2020-12-27,1 day ahead inc hosp,2020-12-28,06111,quantile,0.6,384.5830527664639
35631,2020-12-27,1 day ahead inc hosp,2020-12-28,06111,quantile,0.65,404.02759883562175
35632,2020-12-27,1 day ahead inc hosp,2020-12-28,06111,quantile,0.7,424.51922154300996
35633,2020-12-27,1 day ahead inc hosp,2020-12-28,06111,quantile,0.75,446.6329043383116
35634,2020-12-27,1 day ahead inc hosp,2020-12-28,06111,quantile,0.8,471.2575387915181
35635,2020-12-27,1 day ahead inc hosp,2020-12-28,06111,quantile,0.85,499.9605576941649
35636,2020-12-27,1 day ahead inc hosp,2020-12-28,06111,quantile,0.9,536.0755095939134
35637,2020-12-27,1 day ahead inc hosp,2020-12-28,06111,quantile,0.95,589.6033086505973
35638,2020-12-27,1 day ahead inc hosp,2020-12-28,06111,quantile,0.975,636.0306915186273
35639,2020-12-27,1 day ahead inc hosp,2020-12-28,06111,quantile,0.99,690.0125575693147
35640,2020-12-27,2 day ahead inc hosp,2020-12-29,06111,point,NA,365.6076354980469
35641,2020-12-27,2 day ahead inc hosp,2020-12-29,06111,quantile,0.01,224.37427725532962
35642,2020-12-27,2 day ahead inc hosp,2020-12-29,06111,quantile,0.025,246.61756584412655
35643,2020-12-27,2 day ahead inc hosp,2020-12-29,06111,quantile,0.05,265.7480211452917
35644,2020-12-27,2 day ahead inc hosp,2020-12-29,06111,quantile,0.1,287.8042109187794
35645,2020-12-27,2 day ahead inc hosp,2020-12-29,06111,quantile,0.15,302.68541744695574
35646,2020-12-27,2 day ahead inc hosp,2020-12-29,06111,quantile,0.2,314.5125286517033
35647,2020-12-27,2 day ahead inc hosp,2020-12-29,06111,quantile,0.25,324.65913695942646
35648,2020-12-27,2 day ahead inc hosp,2020-12-29,06111,quantile,0.3,333.77110481387496
35649,2020-12-27,2 day ahead inc hosp,2020-12-29,06111,quantile,0.35,342.21470098569307
35650,2020-12-27,2 day ahead inc hosp,2020-12-29,06111,quantile,0.4,350.22684805167853
35651,2020-12-27,2 day ahead inc hosp,2020-12-29,06111,quantile,0.45,357.9786930618421
35652,2020-12-27,2 day ahead inc hosp,2020-12-29,06111,quantile,0.5,365.6076354980469
35653,2020-12-27,2 day ahead inc hosp,2020-12-29,06111,quantile,0.55,381.2943203504556
35654,2020-12-27,2 day ahead inc hosp,2020-12-29,06111,quantile,0.6,397.2337183359574
35655,2020-12-27,2 day ahead inc hosp,2020-12-29,06111,quantile,0.65,413.70835123118076
35656,2020-12-27,2 day ahead inc hosp,2020-12-29,06111,quantile,0.7,431.07013279866715
35657,2020-12-27,2 day ahead inc hosp,2020-12-29,06111,quantile,0.75,449.8062248996739
35658,2020-12-27,2 day ahead inc hosp,2020-12-29,06111,quantile,0.8,470.6697519448808
35659,2020-12-27,2 day ahead inc hosp,2020-12-29,06111,quantile,0.85,494.98874081322026
35660,2020-12-27,2 day ahead inc hosp,2020-12-29,06111,quantile,0.9,525.58758186926
35661,2020-12-27,2 day ahead inc hosp,2020-12-29,06111,quantile,0.95,570.9396737109363
35662,2020-12-27,2 day ahead inc hosp,2020-12-29,06111,quantile,0.975,610.2758498456926
35663,2020-12-27,2 day ahead inc hosp,2020-12-29,06111,quantile,0.99,656.0126555814056
35664,2020-12-27,3 day ahead inc hosp,2020-12-30,06111,point,NA,380.3794860839844
35665,2020-12-27,3 day ahead inc hosp,2020-12-30,06111,quantile,0.01,242.87215009042038
35666,2020-12-27,3 day ahead inc hosp,2020-12-30,06111,quantile,0.025,264.52861564245455
35667,2020-12-27,3 day ahead inc hosp,2020-12-30,06111,quantile,0.05,283.15437075822814
35668,2020-12-27,3 day ahead inc hosp,2020-12-30,06111,quantile,0.1,304.628673540922
35669,2020-12-27,3 day ahead inc hosp,2020-12-30,06111,quantile,0.15,319.1172836789244
35670,2020-12-27,3 day ahead inc hosp,2020-12-30,06111,quantile,0.2,330.6323717183206
35671,2020-12-27,3 day ahead inc hosp,2020-12-30,06111,quantile,0.25,340.51129193324175
35672,2020-12-27,3 day ahead inc hosp,2020-12-30,06111,quantile,0.3,349.3828676071057
35673,2020-12-27,3 day ahead inc hosp,2020-12-30,06111,quantile,0.35,357.6037045980156
35674,2020-12-27,3 day ahead inc hosp,2020-12-30,06111,quantile,0.4,365.404474984987
35675,2020-12-27,3 day ahead inc hosp,2020-12-30,06111,quantile,0.45,372.95181061196206
35676,2020-12-27,3 day ahead inc hosp,2020-12-30,06111,quantile,0.5,380.3794860839844
35677,2020-12-27,3 day ahead inc hosp,2020-12-30,06111,quantile,0.55,397.4986625462853
35678,2020-12-27,3 day ahead inc hosp,2020-12-30,06111,quantile,0.6,414.89362963996984
35679,2020-12-27,3 day ahead inc hosp,2020-12-30,06111,quantile,0.65,432.87270873402394
35680,2020-12-27,3 day ahead inc hosp,2020-12-30,06111,quantile,0.7,451.8199499867278
35681,2020-12-27,3 day ahead inc hosp,2020-12-30,06111,quantile,0.75,472.26700236961585
35682,2020-12-27,3 day ahead inc hosp,2020-12-30,06111,quantile,0.8,495.0357648247398
35683,2020-12-27,3 day ahead inc hosp,2020-12-30,06111,quantile,0.85,521.5755382528971
35684,2020-12-27,3 day ahead inc hosp,2020-12-30,06111,quantile,0.9,554.9686333847733
35685,2020-12-27,3 day ahead inc hosp,2020-12-30,06111,quantile,0.95,604.4622306921048
35686,2020-12-27,3 day ahead inc hosp,2020-12-30,06111,quantile,0.975,647.3905451791293
35687,2020-12-27,3 day ahead inc hosp,2020-12-30,06111,quantile,0.99,697.3039880498466
35688,2020-12-27,4 day ahead inc hosp,2020-12-31,06111,point,NA,411.9859313964844
35689,2020-12-27,4 day ahead inc hosp,2020-12-31,06111,quantile,0.01,255.73842492889077
35690,2020-12-27,4 day ahead inc hosp,2020-12-31,06111,quantile,0.025,280.34633924093197
35691,2020-12-27,4 day ahead inc hosp,2020-12-31,06111,quantile,0.05,301.510503115446
35692,2020-12-27,4 day ahead inc hosp,2020-12-31,06111,quantile,0.1,325.91142862739883
35693,2020-12-27,4 day ahead inc hosp,2020-12-31,06111,quantile,0.15,342.3746172266596
35694,2020-12-27,4 day ahead inc hosp,2020-12-31,06111,quantile,0.2,355.45903763165296
35695,2020-12-27,4 day ahead inc hosp,2020-12-31,06111,quantile,0.25,366.684305280253
35696,2020-12-27,4 day ahead inc hosp,2020-12-31,06111,quantile,0.3,376.76494256017736
35697,2020-12-27,4 day ahead inc hosp,2020-12-31,06111,quantile,0.35,386.1061553153016
35698,2020-12-27,4 day ahead inc hosp,2020-12-31,06111,quantile,0.4,394.9700527407275
35699,2020-12-27,4 day ahead inc hosp,2020-12-31,06111,quantile,0.45,403.54597608087624
35700,2020-12-27,4 day ahead inc hosp,2020-12-31,06111,quantile,0.5,411.9859313964844
35701,2020-12-27,4 day ahead inc hosp,2020-12-31,06111,quantile,0.55,433.0716852766555
35702,2020-12-27,4 day ahead inc hosp,2020-12-31,06111,quantile,0.6,454.49713151227485
35703,2020-12-27,4 day ahead inc hosp,2020-12-31,06111,quantile,0.65,476.64203069035136
35704,2020-12-27,4 day ahead inc hosp,2020-12-31,06111,quantile,0.7,499.9794188318041
35705,2020-12-27,4 day ahead inc hosp,2020-12-31,06111,quantile,0.75,525.1641299696316
35706,2020-12-27,4 day ahead inc hosp,2020-12-31,06111,quantile,0.8,553.2085001145431
35707,2020-12-27,4 day ahead inc hosp,2020-12-31,06111,quantile,0.85,585.8976386238622
35708,2020-12-27,4 day ahead inc hosp,2020-12-31,06111,quantile,0.9,627.028039189477
35709,2020-12-27,4 day ahead inc hosp,2020-12-31,06111,quantile,0.95,687.9894886940651
35710,2020-12-27,4 day ahead inc hosp,2020-12-31,06111,quantile,0.975,740.8644547157847
35711,2020-12-27,4 day ahead inc hosp,2020-12-31,06111,quantile,0.99,802.3430295760656
35712,2020-12-27,5 day ahead inc hosp,2021-01-01,06111,point,NA,403.54656982421875
35713,2020-12-27,5 day ahead inc hosp,2021-01-01,06111,quantile,0.01,265.10128995437634
35714,2020-12-27,5 day ahead inc hosp,2021-01-01,06111,quantile,0.025,286.9054752560486
35715,2020-12-27,5 day ahead inc hosp,2021-01-01,06111,quantile,0.05,305.6582775058945
35716,2020-12-27,5 day ahead inc hosp,2021-01-01,06111,quantile,0.1,327.2790574975812
35717,2020-12-27,5 day ahead inc hosp,2021-01-01,06111,quantile,0.15,341.86649511308894
35718,2020-12-27,5 day ahead inc hosp,2021-01-01,06111,quantile,0.2,353.46012809871155
35719,2020-12-27,5 day ahead inc hosp,2021-01-01,06111,quantile,0.25,363.40643288372036
35720,2020-12-27,5 day ahead inc hosp,2021-01-01,06111,quantile,0.3,372.33852198413075
35721,2020-12-27,5 day ahead inc hosp,2021-01-01,06111,quantile,0.35,380.6154336830393
35722,2020-12-27,5 day ahead inc hosp,2021-01-01,06111,quantile,0.4,388.46941348434376
35723,2020-12-27,5 day ahead inc hosp,2021-01-01,06111,quantile,0.45,396.0682298354735
35724,2020-12-27,5 day ahead inc hosp,2021-01-01,06111,quantile,0.5,403.54656982421875
35725,2020-12-27,5 day ahead inc hosp,2021-01-01,06111,quantile,0.55,423.9378422813532
35726,2020-12-27,5 day ahead inc hosp,2021-01-01,06111,quantile,0.6,444.65761896987124
35727,2020-12-27,5 day ahead inc hosp,2021-01-01,06111,quantile,0.65,466.0731526634793
35728,2020-12-27,5 day ahead inc hosp,2021-01-01,06111,quantile,0.7,488.64189944553164
35729,2020-12-27,5 day ahead inc hosp,2021-01-01,06111,quantile,0.75,512.9971257032281
35730,2020-12-27,5 day ahead inc hosp,2021-01-01,06111,quantile,0.8,540.1178250988229
35731,2020-12-27,5 day ahead inc hosp,2021-01-01,06111,quantile,0.85,571.7303125403732
35732,2020-12-27,5 day ahead inc hosp,2021-01-01,06111,quantile,0.9,611.5060402174963
35733,2020-12-27,5 day ahead inc hosp,2021-01-01,06111,quantile,0.95,670.4596604339821
35734,2020-12-27,5 day ahead inc hosp,2021-01-01,06111,quantile,0.975,721.593133983843
35735,2020-12-27,5 day ahead inc hosp,2021-01-01,06111,quantile,0.99,781.0468474899665
35736,2020-12-27,6 day ahead inc hosp,2021-01-02,06111,point,NA,429.93408203125
35737,2020-12-27,6 day ahead inc hosp,2021-01-02,06111,quantile,0.01,160.55287710241197
35738,2020-12-27,6 day ahead inc hosp,2021-01-02,06111,quantile,0.025,202.97857564972364
35739,2020-12-27,6 day ahead inc hosp,2021-01-02,06111,quantile,0.05,239.4670169357318
35740,2020-12-27,6 day ahead inc hosp,2021-01-02,06111,quantile,0.1,281.53585287681597
35741,2020-12-27,6 day ahead inc hosp,2021-01-02,06111,quantile,0.15,309.9194967640187
35742,2020-12-27,6 day ahead inc hosp,2021-01-02,06111,quantile,0.2,332.47791714574566
35743,2020-12-27,6 day ahead inc hosp,2021-01-02,06111,quantile,0.25,351.83103319342956
35744,2020-12-27,6 day ahead inc hosp,2021-01-02,06111,quantile,0.3,369.21072953744647
35745,2020-12-27,6 day ahead inc hosp,2021-01-02,06111,quantile,0.35,385.3156082927045
35746,2020-12-27,6 day ahead inc hosp,2021-01-02,06111,quantile,0.4,400.5975633319172
35747,2020-12-27,6 day ahead inc hosp,2021-01-02,06111,quantile,0.45,415.3830316889802
35748,2020-12-27,6 day ahead inc hosp,2021-01-02,06111,quantile,0.5,429.93408203125
35749,2020-12-27,6 day ahead inc hosp,2021-01-02,06111,quantile,0.55,450.64485943052017
35750,2020-12-27,6 day ahead inc hosp,2021-01-02,06111,quantile,0.6,471.6892882988297
35751,2020-12-27,6 day ahead inc hosp,2021-01-02,06111,quantile,0.65,493.4403757872274
35752,2020-12-27,6 day ahead inc hosp,2021-01-02,06111,quantile,0.7,516.3627457259432
35753,2020-12-27,6 day ahead inc hosp,2021-01-02,06111,quantile,0.75,541.0995869697828
35754,2020-12-27,6 day ahead inc hosp,2021-01-02,06111,quantile,0.8,568.6452327491446
35755,2020-12-27,6 day ahead inc hosp,2021-01-02,06111,quantile,0.85,600.7530471003821
35756,2020-12-27,6 day ahead inc hosp,2021-01-02,06111,quantile,0.9,641.1520091340957
35757,2020-12-27,6 day ahead inc hosp,2021-01-02,06111,quantile,0.95,701.0293565508118
35758,2020-12-27,6 day ahead inc hosp,2021-01-02,06111,quantile,0.975,752.9640256877599
35759,2020-12-27,6 day ahead inc hosp,2021-01-02,06111,quantile,0.99,813.3493022110251
35760,2020-12-27,7 day ahead inc hosp,2021-01-03,06111,point,NA,421.511474609375
35761,2020-12-27,7 day ahead inc hosp,2021-01-03,06111,quantile,0.01,157.5927109811193
35762,2020-12-27,7 day ahead inc hosp,2021-01-03,06111,quantile,0.025,199.15811235954678
35763,2020-12-27,7 day ahead inc hosp,2021-01-03,06111,quantile,0.05,234.90665061955423
35764,2020-12-27,7 day ahead inc hosp,2021-01-03,06111,quantile,0.1,276.1224257579268
35765,2020-12-27,7 day ahead inc hosp,2021-01-03,06111,quantile,0.15,303.9305135714553
35766,2020-12-27,7 day ahead inc hosp,2021-01-03,06111,quantile,0.2,326.03150023132486
35767,2020-12-27,7 day ahead inc hosp,2021-01-03,06111,quantile,0.25,344.99217887632597
35768,2020-12-27,7 day ahead inc hosp,2021-01-03,06111,quantile,0.3,362.0194543039459
35769,2020-12-27,7 day ahead inc hosp,2021-01-03,06111,quantile,0.35,377.7977625589464
35770,2020-12-27,7 day ahead inc hosp,2021-01-03,06111,quantile,0.4,392.7698341288135
35771,2020-12-27,7 day ahead inc hosp,2021-01-03,06111,quantile,0.45,407.25548664303255
35772,2020-12-27,7 day ahead inc hosp,2021-01-03,06111,quantile,0.5,421.511474609375
35773,2020-12-27,7 day ahead inc hosp,2021-01-03,06111,quantile,0.55,442.05928303200255
35774,2020-12-27,7 day ahead inc hosp,2021-01-03,06111,quantile,0.6,462.9381174868055
35775,2020-12-27,7 day ahead inc hosp,2021-01-03,06111,quantile,0.65,484.5180500059564
35776,2020-12-27,7 day ahead inc hosp,2021-01-03,06111,quantile,0.7,507.2600483874332
35777,2020-12-27,7 day ahead inc hosp,2021-01-03,06111,quantile,0.75,531.8022403612254
35778,2020-12-27,7 day ahead inc hosp,2021-01-03,06111,quantile,0.8,559.1311349478589
35779,2020-12-27,7 day ahead inc hosp,2021-01-03,06111,quantile,0.85,590.9862993117888
35780,2020-12-27,7 day ahead inc hosp,2021-01-03,06111,quantile,0.9,631.06736997073
35781,2020-12-27,7 day ahead inc hosp,2021-01-03,06111,quantile,0.95,690.4735544830096
35782,2020-12-27,7 day ahead inc hosp,2021-01-03,06111,quantile,0.975,741.9995600667576
35783,2020-12-27,7 day ahead inc hosp,2021-01-03,06111,quantile,0.99,801.9096768927519
35784,2020-12-27,8 day ahead inc hosp,2021-01-04,06111,point,NA,374.5143737792969
35785,2020-12-27,8 day ahead inc hosp,2021-01-04,06111,quantile,0.01,240.30278010087756
35786,2020-12-27,8 day ahead inc hosp,2021-01-04,06111,quantile,0.025,261.4401887647785
35787,2020-12-27,8 day ahead inc hosp,2021-01-04,06111,quantile,0.05,279.6195263214958
35788,2020-12-27,8 day ahead inc hosp,2021-01-04,06111,quantile,0.1,300.57913824891443
35789,2020-12-27,8 day ahead inc hosp,2021-01-04,06111,quantile,0.15,314.72048891036286
35790,2020-12-27,8 day ahead inc hosp,2021-01-04,06111,quantile,0.2,325.95958612614345
35791,2020-12-27,8 day ahead inc hosp,2021-01-04,06111,quantile,0.25,335.6017307890913
35792,2020-12-27,8 day ahead inc hosp,2021-01-04,06111,quantile,0.3,344.2606746994271
35793,2020-12-27,8 day ahead inc hosp,2021-01-04,06111,quantile,0.35,352.28447667296086
35794,2020-12-27,8 day ahead inc hosp,2021-01-04,06111,quantile,0.4,359.89828009653854
35795,2020-12-27,8 day ahead inc hosp,2021-01-04,06111,quantile,0.45,367.2647230226792
35796,2020-12-27,8 day ahead inc hosp,2021-01-04,06111,quantile,0.5,374.5143737792969
35797,2020-12-27,8 day ahead inc hosp,2021-01-04,06111,quantile,0.55,391.8733088547586
35798,2020-12-27,8 day ahead inc hosp,2021-01-04,06111,quantile,0.6,409.5118970826457
35799,2020-12-27,8 day ahead inc hosp,2021-01-04,06111,quantile,0.65,427.742777954606
35800,2020-12-27,8 day ahead inc hosp,2021-01-04,06111,quantile,0.7,446.9553803533893
35801,2020-12-27,8 day ahead inc hosp,2021-01-04,06111,quantile,0.75,467.68879913558067
35802,2020-12-27,8 day ahead inc hosp,2021-01-04,06111,quantile,0.8,490.7764441562093
35803,2020-12-27,8 day ahead inc hosp,2021-01-04,06111,quantile,0.85,517.6879141601189
35804,2020-12-27,8 day ahead inc hosp,2021-01-04,06111,quantile,0.9,551.5486884584315
35805,2020-12-27,8 day ahead inc hosp,2021-01-04,06111,quantile,0.95,601.7354567414156
35806,2020-12-27,8 day ahead inc hosp,2021-01-04,06111,quantile,0.975,645.2649936744733
35807,2020-12-27,8 day ahead inc hosp,2021-01-04,06111,quantile,0.99,695.8774875694684
35808,2020-12-27,9 day ahead inc hosp,2021-01-05,06111,point,NA,390.62908935546875
35809,2020-12-27,9 day ahead inc hosp,2021-01-05,06111,quantile,0.01,248.72471769341
35810,2020-12-27,9 day ahead inc hosp,2021-01-05,06111,quantile,0.025,271.0736863093555
35811,2020-12-27,9 day ahead inc hosp,2021-01-05,06111,quantile,0.05,290.29503226401016
35812,2020-12-27,9 day ahead inc hosp,2021-01-05,06111,quantile,0.1,312.4560131399803
35813,2020-12-27,9 day ahead inc hosp,2021-01-05,06111,quantile,0.15,327.4079217275046
35814,2020-12-27,9 day ahead inc hosp,2021-01-05,06111,quantile,0.2,339.29122468772107
35815,2020-12-27,9 day ahead inc hosp,2021-01-05,06111,quantile,0.25,349.4860405182278
35816,2020-12-27,9 day ahead inc hosp,2021-01-05,06111,quantile,0.3,358.6413002180521
35817,2020-12-27,9 day ahead inc hosp,2021-01-05,06111,quantile,0.35,367.12501273638554
35818,2020-12-27,9 day ahead inc hosp,2021-01-05,06111,quantile,0.4,375.175226292228
35819,2020-12-27,9 day ahead inc hosp,2021-01-05,06111,quantile,0.45,382.963901071868
35820,2020-12-27,9 day ahead inc hosp,2021-01-05,06111,quantile,0.5,390.62908935546875
35821,2020-12-27,9 day ahead inc hosp,2021-01-05,06111,quantile,0.55,406.099960585249
35822,2020-12-27,9 day ahead inc hosp,2021-01-05,06111,quantile,0.6,421.82006818185516
35823,2020-12-27,9 day ahead inc hosp,2021-01-05,06111,quantile,0.65,438.06804705552815
35824,2020-12-27,9 day ahead inc hosp,2021-01-05,06111,quantile,0.7,455.1909694242343
35825,2020-12-27,9 day ahead inc hosp,2021-01-05,06111,quantile,0.75,473.6692948939699
35826,2020-12-27,9 day ahead inc hosp,2021-01-05,06111,quantile,0.8,494.2457865716152
35827,2020-12-27,9 day ahead inc hosp,2021-01-05,06111,quantile,0.85,518.2302006629563
35828,2020-12-27,9 day ahead inc hosp,2021-01-05,06111,quantile,0.9,548.4080702518781
35829,2020-12-27,9 day ahead inc hosp,2021-01-05,06111,quantile,0.95,593.1362189643196
35830,2020-12-27,9 day ahead inc hosp,2021-01-05,06111,quantile,0.975,631.9312174855862
35831,2020-12-27,9 day ahead inc hosp,2021-01-05,06111,quantile,0.99,677.0387872911999
35832,2020-12-27,10 day ahead inc hosp,2021-01-06,06111,point,NA,389.5843200683594
35833,2020-12-27,10 day ahead inc hosp,2021-01-06,06111,quantile,0.01,249.41523154568185
35834,2020-12-27,10 day ahead inc hosp,2021-01-06,06111,quantile,0.025,271.49090492788946
35835,2020-12-27,10 day ahead inc hosp,2021-01-06,06111,quantile,0.05,290.4772019044142
35836,2020-12-27,10 day ahead inc hosp,2021-01-06,06111,quantile,0.1,312.3671863620513
35837,2020-12-27,10 day ahead inc hosp,2021-01-06,06111,quantile,0.15,327.1362549526847
35838,2020-12-27,10 day ahead inc hosp,2021-01-06,06111,quantile,0.2,338.87424247951816
35839,2020-12-27,10 day ahead inc hosp,2021-01-06,06111,quantile,0.25,348.9443906073137
35840,2020-12-27,10 day ahead inc hosp,2021-01-06,06111,quantile,0.3,357.98769485708607
35841,2020-12-27,10 day ahead inc hosp,2021-01-06,06111,quantile,0.35,366.36766396624904
35842,2020-12-27,10 day ahead inc hosp,2021-01-06,06111,quantile,0.4,374.31943517187875
35843,2020-12-27,10 day ahead inc hosp,2021-01-06,06111,quantile,0.45,382.012865838424
35844,2020-12-27,10 day ahead inc hosp,2021-01-06,06111,quantile,0.5,389.5843200683594
35845,2020-12-27,10 day ahead inc hosp,2021-01-06,06111,quantile,0.55,406.74334668586795
35846,2020-12-27,10 day ahead inc hosp,2021-01-06,06111,quantile,0.6,424.17880592238674
35847,2020-12-27,10 day ahead inc hosp,2021-01-06,06111,quantile,0.65,442.19973685983797
35848,2020-12-27,10 day ahead inc hosp,2021-01-06,06111,quantile,0.7,461.19108365151675
35849,2020-12-27,10 day ahead inc hosp,2021-01-06,06111,quantile,0.75,481.6857328456645
35850,2020-12-27,10 day ahead inc hosp,2021-01-06,06111,quantile,0.8,504.507496607231
35851,2020-12-27,10 day ahead inc hosp,2021-01-06,06111,quantile,0.85,531.1090495311846
35852,2020-12-27,10 day ahead inc hosp,2021-01-06,06111,quantile,0.9,564.5798773756594
35853,2020-12-27,10 day ahead inc hosp,2021-01-06,06111,quantile,0.95,614.1886862726853
35854,2020-12-27,10 day ahead inc hosp,2021-01-06,06111,quantile,0.975,657.216929631807
35855,2020-12-27,10 day ahead inc hosp,2021-01-06,06111,quantile,0.99,707.2465614120625
35856,2020-12-27,11 day ahead inc hosp,2021-01-07,06111,point,NA,396.23504638671875
35857,2020-12-27,11 day ahead inc hosp,2021-01-07,06111,quantile,0.01,233.82896201945508
35858,2020-12-27,11 day ahead inc hosp,2021-01-07,06111,quantile,0.025,259.40681025662127
35859,2020-12-27,11 day ahead inc hosp,2021-01-07,06111,quantile,0.05,281.4051708159292
35860,2020-12-27,11 day ahead inc hosp,2021-01-07,06111,quantile,0.1,306.7678716802495
35861,2020-12-27,11 day ahead inc hosp,2021-01-07,06111,quantile,0.15,323.8799655437139
35862,2020-12-27,11 day ahead inc hosp,2021-01-07,06111,quantile,0.2,337.4801152819808
35863,2020-12-27,11 day ahead inc hosp,2021-01-07,06111,quantile,0.25,349.14783277711894
35864,2020-12-27,11 day ahead inc hosp,2021-01-07,06111,quantile,0.3,359.62580369372193
35865,2020-12-27,11 day ahead inc hosp,2021-01-07,06111,quantile,0.35,369.33520527777796
35866,2020-12-27,11 day ahead inc hosp,2021-01-07,06111,quantile,0.4,378.5484778965961
35867,2020-12-27,11 day ahead inc hosp,2021-01-07,06111,quantile,0.45,387.462425779638
35868,2020-12-27,11 day ahead inc hosp,2021-01-07,06111,quantile,0.5,396.23504638671875
35869,2020-12-27,11 day ahead inc hosp,2021-01-07,06111,quantile,0.55,417.2963011362019
35870,2020-12-27,11 day ahead inc hosp,2021-01-07,06111,quantile,0.6,438.69685355913816
35871,2020-12-27,11 day ahead inc hosp,2021-01-07,06111,quantile,0.65,460.816023006036
35872,2020-12-27,11 day ahead inc hosp,2021-01-07,06111,quantile,0.7,484.12629588638674
35873,2020-12-27,11 day ahead inc hosp,2021-01-07,06111,quantile,0.75,509.2817453941577
35874,2020-12-27,11 day ahead inc hosp,2021-01-07,06111,quantile,0.8,537.2935313263754
35875,2020-12-27,11 day ahead inc hosp,2021-01-07,06111,quantile,0.85,569.9446889562358
35876,2020-12-27,11 day ahead inc hosp,2021-01-07,06111,quantile,0.9,611.0273009028413
35877,2020-12-27,11 day ahead inc hosp,2021-01-07,06111,quantile,0.95,671.9179204751999
35878,2020-12-27,11 day ahead inc hosp,2021-01-07,06111,quantile,0.975,724.7314520938598
35879,2020-12-27,11 day ahead inc hosp,2021-01-07,06111,quantile,0.99,786.1385961839359
35880,2020-12-27,12 day ahead inc hosp,2021-01-08,06111,point,NA,395.3677062988281
35881,2020-12-27,12 day ahead inc hosp,2021-01-08,06111,quantile,0.01,254.18324552004657
35882,2020-12-27,12 day ahead inc hosp,2021-01-08,06111,quantile,0.025,276.41883309248936
35883,2020-12-27,12 day ahead inc hosp,2021-01-08,06111,quantile,0.05,295.54266509474127
35884,2020-12-27,12 day ahead inc hosp,2021-01-08,06111,quantile,0.1,317.59121862876384
35885,2020-12-27,12 day ahead inc hosp,2021-01-08,06111,quantile,0.15,332.4672730224261
35886,2020-12-27,12 day ahead inc hosp,2021-01-08,06111,quantile,0.2,344.2902894739879
35887,2020-12-27,12 day ahead inc hosp,2021-01-08,06111,quantile,0.25,354.43338484808146
35888,2020-12-27,12 day ahead inc hosp,2021-01-08,06111,quantile,0.3,363.5421979795588
35889,2020-12-27,12 day ahead inc hosp,2021-01-08,06111,quantile,0.35,371.9828708303964
35890,2020-12-27,12 day ahead inc hosp,2021-01-08,06111,quantile,0.4,379.9922439506435
35891,2020-12-27,12 day ahead inc hosp,2021-01-08,06111,quantile,0.45,387.7414051362026
35892,2020-12-27,12 day ahead inc hosp,2021-01-08,06111,quantile,0.5,395.3677062988281
35893,2020-12-27,12 day ahead inc hosp,2021-01-08,06111,quantile,0.55,415.719247482034
35894,2020-12-27,12 day ahead inc hosp,2021-01-08,06111,quantile,0.6,436.3986528241792
35895,2020-12-27,12 day ahead inc hosp,2021-01-08,06111,quantile,0.65,457.77245952712013
35896,2020-12-27,12 day ahead inc hosp,2021-01-08,06111,quantile,0.7,480.2972323461691
35897,2020-12-27,12 day ahead inc hosp,2021-01-08,06111,quantile,0.75,504.60500378376685
35898,2020-12-27,12 day ahead inc hosp,2021-01-08,06111,quantile,0.8,531.6728599868102
35899,2020-12-27,12 day ahead inc hosp,2021-01-08,06111,quantile,0.85,563.2237522336151
35900,2020-12-27,12 day ahead inc hosp,2021-01-08,06111,quantile,0.9,602.9219790909452
35901,2020-12-27,12 day ahead inc hosp,2021-01-08,06111,quantile,0.95,661.7607314178068
35902,2020-12-27,12 day ahead inc hosp,2021-01-08,06111,quantile,0.975,712.7945742041243
35903,2020-12-27,12 day ahead inc hosp,2021-01-08,06111,quantile,0.99,772.1324454163275
35904,2020-12-27,13 day ahead inc hosp,2021-01-09,06111,point,NA,389.7139587402344
35905,2020-12-27,13 day ahead inc hosp,2021-01-09,06111,quantile,0.01,127.1276021955062
35906,2020-12-27,13 day ahead inc hosp,2021-01-09,06111,quantile,0.025,168.48315856532227
35907,2020-12-27,13 day ahead inc hosp,2021-01-09,06111,quantile,0.05,204.05121854122228
35908,2020-12-27,13 day ahead inc hosp,2021-01-09,06111,quantile,0.1,245.05891377655016
35909,2020-12-27,13 day ahead inc hosp,2021-01-09,06111,quantile,0.15,272.726611067356
35910,2020-12-27,13 day ahead inc hosp,2021-01-09,06111,quantile,0.2,294.71601979023563
35911,2020-12-27,13 day ahead inc hosp,2021-01-09,06111,quantile,0.25,313.58097450038736
35912,2020-12-27,13 day ahead inc hosp,2021-01-09,06111,quantile,0.3,330.5222868760399
35913,2020-12-27,13 day ahead inc hosp,2021-01-09,06111,quantile,0.35,346.2209375523369
35914,2020-12-27,13 day ahead inc hosp,2021-01-09,06111,quantile,0.4,361.117421869746
35915,2020-12-27,13 day ahead inc hosp,2021-01-09,06111,quantile,0.45,375.52994284244784
35916,2020-12-27,13 day ahead inc hosp,2021-01-09,06111,quantile,0.5,389.7139587402344
35917,2020-12-27,13 day ahead inc hosp,2021-01-09,06111,quantile,0.55,410.25483178243627
35918,2020-12-27,13 day ahead inc hosp,2021-01-09,06111,quantile,0.6,431.12661912755186
35919,2020-12-27,13 day ahead inc hosp,2021-01-09,06111,quantile,0.65,452.6992678995264
35920,2020-12-27,13 day ahead inc hosp,2021-01-09,06111,quantile,0.7,475.43359030859915
35921,2020-12-27,13 day ahead inc hosp,2021-01-09,06111,quantile,0.75,499.9674987012757
35922,2020-12-27,13 day ahead inc hosp,2021-01-09,06111,quantile,0.8,527.2871691275184
35923,2020-12-27,13 day ahead inc hosp,2021-01-09,06111,quantile,0.85,559.1315816059508
35924,2020-12-27,13 day ahead inc hosp,2021-01-09,06111,quantile,0.9,599.1991239378233
35925,2020-12-27,13 day ahead inc hosp,2021-01-09,06111,quantile,0.95,658.5852574314854
35926,2020-12-27,13 day ahead inc hosp,2021-01-09,06111,quantile,0.975,710.093871746871
35927,2020-12-27,13 day ahead inc hosp,2021-01-09,06111,quantile,0.99,769.9837674649502
35928,2020-12-27,14 day ahead inc hosp,2021-01-10,06111,point,NA,406.0574951171875
35929,2020-12-27,14 day ahead inc hosp,2021-01-10,06111,quantile,0.01,139.38914988530433
35930,2020-12-27,14 day ahead inc hosp,2021-01-10,06111,quantile,0.025,181.38759157282666
35931,2020-12-27,14 day ahead inc hosp,2021-01-10,06111,quantile,0.05,217.50856838856615
35932,2020-12-27,14 day ahead inc hosp,2021-01-10,06111,quantile,0.1,259.15374132928423
35933,2020-12-27,14 day ahead inc hosp,2021-01-10,06111,quantile,0.15,287.2515418014846
35934,2020-12-27,14 day ahead inc hosp,2021-01-10,06111,quantile,0.2,309.58278289838836
35935,2020-12-27,14 day ahead inc hosp,2021-01-10,06111,quantile,0.25,328.7409993481211
35936,2020-12-27,14 day ahead inc hosp,2021-01-10,06111,quantile,0.3,345.9456698295524
35937,2020-12-27,14 day ahead inc hosp,2021-01-10,06111,quantile,0.35,361.8883610390571
35938,2020-12-27,14 day ahead inc hosp,2021-01-10,06111,quantile,0.4,377.01641595770457
35939,2020-12-27,14 day ahead inc hosp,2021-01-10,06111,quantile,0.45,391.65298416704917
35940,2020-12-27,14 day ahead inc hosp,2021-01-10,06111,quantile,0.5,406.0574951171875
35941,2020-12-27,14 day ahead inc hosp,2021-01-10,06111,quantile,0.55,426.66697032717167
35942,2020-12-27,14 day ahead inc hosp,2021-01-10,06111,quantile,0.6,447.608465023792
35943,2020-12-27,14 day ahead inc hosp,2021-01-10,06111,quantile,0.65,469.25316187607564
35944,2020-12-27,14 day ahead inc hosp,2021-01-10,06111,quantile,0.7,492.06341210949745
35945,2020-12-27,14 day ahead inc hosp,2021-01-10,06111,quantile,0.75,516.6792585627643
35946,2020-12-27,14 day ahead inc hosp,2021-01-10,06111,quantile,0.8,544.0901709050876
35947,2020-12-27,14 day ahead inc hosp,2021-01-10,06111,quantile,0.85,576.0409369802384
35948,2020-12-27,14 day ahead inc hosp,2021-01-10,06111,quantile,0.9,616.242296421833
35949,2020-12-27,14 day ahead inc hosp,2021-01-10,06111,quantile,0.95,675.8267670302566
35950,2020-12-27,14 day ahead inc hosp,2021-01-10,06111,quantile,0.975,727.5074092138948
35951,2020-12-27,14 day ahead inc hosp,2021-01-10,06111,quantile,0.99,787.5973245059267
35952,2020-12-27,15 day ahead inc hosp,2021-01-11,06111,point,NA,392.3133544921875
35953,2020-12-27,15 day ahead inc hosp,2021-01-11,06111,quantile,0.01,261.03873240804296
35954,2020-12-27,15 day ahead inc hosp,2021-01-11,06111,quantile,0.025,281.7135881201385
35955,2020-12-27,15 day ahead inc hosp,2021-01-11,06111,quantile,0.05,299.49510462024324
35956,2020-12-27,15 day ahead inc hosp,2021-01-11,06111,quantile,0.1,319.9960543473951
35957,2020-12-27,15 day ahead inc hosp,2021-01-11,06111,quantile,0.15,333.82794779982726
35958,2020-12-27,15 day ahead inc hosp,2021-01-11,06111,quantile,0.2,344.8210982358748
35959,2020-12-27,15 day ahead inc hosp,2021-01-11,06111,quantile,0.25,354.25224246132825
35960,2020-12-27,15 day ahead inc hosp,2021-01-11,06111,quantile,0.3,362.7217014575515
35961,2020-12-27,15 day ahead inc hosp,2021-01-11,06111,quantile,0.35,370.56991741926254
35962,2020-12-27,15 day ahead inc hosp,2021-01-11,06111,quantile,0.4,378.01710688821413
35963,2020-12-27,15 day ahead inc hosp,2021-01-11,06111,quantile,0.45,385.22234888504636
35964,2020-12-27,15 day ahead inc hosp,2021-01-11,06111,quantile,0.5,392.3133544921875
35965,2020-12-27,15 day ahead inc hosp,2021-01-11,06111,quantile,0.55,410.14004905198294
35966,2020-12-27,15 day ahead inc hosp,2021-01-11,06111,quantile,0.6,428.2539323885841
35967,2020-12-27,15 day ahead inc hosp,2021-01-11,06111,quantile,0.65,446.9760684785948
35968,2020-12-27,15 day ahead inc hosp,2021-01-11,06111,quantile,0.7,466.70637988151316
35969,2020-12-27,15 day ahead inc hosp,2021-01-11,06111,quantile,0.75,487.99848807845683
35970,2020-12-27,15 day ahead inc hosp,2021-01-11,06111,quantile,0.8,511.70826025621716
35971,2020-12-27,15 day ahead inc hosp,2021-01-11,06111,quantile,0.85,539.3448954431849
35972,2020-12-27,15 day ahead inc hosp,2021-01-11,06111,quantile,0.9,574.1180931278437
35973,2020-12-27,15 day ahead inc hosp,2021-01-11,06111,quantile,0.95,625.6572103164708
35974,2020-12-27,15 day ahead inc hosp,2021-01-11,06111,quantile,0.975,670.3597082440008
35975,2020-12-27,15 day ahead inc hosp,2021-01-11,06111,quantile,0.99,722.3360227848045
35976,2020-12-27,16 day ahead inc hosp,2021-01-12,06111,point,NA,415.773681640625
35977,2020-12-27,16 day ahead inc hosp,2021-01-12,06111,quantile,0.01,277.44591542186004
35978,2020-12-27,16 day ahead inc hosp,2021-01-12,06111,quantile,0.025,299.2315931266971
35979,2020-12-27,16 day ahead inc hosp,2021-01-12,06111,quantile,0.05,317.96847782224006
35980,2020-12-27,16 day ahead inc hosp,2021-01-12,06111,quantile,0.1,339.5709058932376
35981,2020-12-27,16 day ahead inc hosp,2021-01-12,06111,quantile,0.15,354.1459615549822
35982,2020-12-27,16 day ahead inc hosp,2021-01-12,06111,quantile,0.2,365.72975375626993
35983,2020-12-27,16 day ahead inc hosp,2021-01-12,06111,quantile,0.25,375.6676160245594
35984,2020-12-27,16 day ahead inc hosp,2021-01-12,06111,quantile,0.3,384.59212348402883
35985,2020-12-27,16 day ahead inc hosp,2021-01-12,06111,quantile,0.35,392.86200966271525
35986,2020-12-27,16 day ahead inc hosp,2021-01-12,06111,quantile,0.4,400.709322932356
35987,2020-12-27,16 day ahead inc hosp,2021-01-12,06111,quantile,0.45,408.30168933695
35988,2020-12-27,16 day ahead inc hosp,2021-01-12,06111,quantile,0.5,415.773681640625
35989,2020-12-27,16 day ahead inc hosp,2021-01-12,06111,quantile,0.55,431.1867660228582
35990,2020-12-27,16 day ahead inc hosp,2021-01-12,06111,quantile,0.6,446.8481558234452
35991,2020-12-27,16 day ahead inc hosp,2021-01-12,06111,quantile,0.65,463.0354451946218
35992,2020-12-27,16 day ahead inc hosp,2021-01-12,06111,quantile,0.7,480.09440996909916
35993,2020-12-27,16 day ahead inc hosp,2021-01-12,06111,quantile,0.75,498.50371513862115
35994,2020-12-27,16 day ahead inc hosp,2021-01-12,06111,quantile,0.8,519.003349438943
35995,2020-12-27,16 day ahead inc hosp,2021-01-12,06111,quantile,0.85,542.8981768702947
35996,2020-12-27,16 day ahead inc hosp,2021-01-12,06111,quantile,0.9,572.9633259845045
35997,2020-12-27,16 day ahead inc hosp,2021-01-12,06111,quantile,0.95,617.5244059732574
35998,2020-12-27,16 day ahead inc hosp,2021-01-12,06111,quantile,0.975,656.1744972923477
35999,2020-12-27,16 day ahead inc hosp,2021-01-12,06111,quantile,0.99,701.1135811593961
36000,2020-12-27,17 day ahead inc hosp,2021-01-13,06111,point,NA,424.1947326660156
36001,2020-12-27,17 day ahead inc hosp,2021-01-13,06111,quantile,0.01,285.37635006001176
36002,2020-12-27,17 day ahead inc hosp,2021-01-13,06111,quantile,0.025,307.23929649246054
36003,2020-12-27,17 day ahead inc hosp,2021-01-13,06111,quantile,0.05,326.04263655650055
36004,2020-12-27,17 day ahead inc hosp,2021-01-13,06111,quantile,0.1,347.72168341131487
36005,2020-12-27,17 day ahead inc hosp,2021-01-13,06111,quantile,0.15,362.3484334027523
36006,2020-12-27,17 day ahead inc hosp,2021-01-13,06111,quantile,0.2,373.9733106185361
36007,2020-12-27,17 day ahead inc hosp,2021-01-13,06111,quantile,0.25,383.94642017098425
36008,2020-12-27,17 day ahead inc hosp,2021-01-13,06111,quantile,0.3,392.90258078099134
36009,2020-12-27,17 day ahead inc hosp,2021-01-13,06111,quantile,0.35,401.2017983209132
36010,2020-12-27,17 day ahead inc hosp,2021-01-13,06111,quantile,0.4,409.0769441840464
36011,2020-12-27,17 day ahead inc hosp,2021-01-13,06111,quantile,0.45,416.6962389449484
36012,2020-12-27,17 day ahead inc hosp,2021-01-13,06111,quantile,0.5,424.1947326660156
36013,2020-12-27,17 day ahead inc hosp,2021-01-13,06111,quantile,0.55,441.30680501317227
36014,2020-12-27,17 day ahead inc hosp,2021-01-13,06111,quantile,0.6,458.6945535441276
36015,2020-12-27,17 day ahead inc hosp,2021-01-13,06111,quantile,0.65,476.6661716806786
36016,2020-12-27,17 day ahead inc hosp,2021-01-13,06111,quantile,0.7,495.6055502079866
36017,2020-12-27,17 day ahead inc hosp,2021-01-13,06111,quantile,0.75,516.0441174739177
36018,2020-12-27,17 day ahead inc hosp,2021-01-13,06111,quantile,0.8,538.8034313489343
36019,2020-12-27,17 day ahead inc hosp,2021-01-13,06111,quantile,0.85,565.3321913030059
36020,2020-12-27,17 day ahead inc hosp,2021-01-13,06111,quantile,0.9,598.7114289696374
36021,2020-12-27,17 day ahead inc hosp,2021-01-13,06111,quantile,0.95,648.1844874259937
36022,2020-12-27,17 day ahead inc hosp,2021-01-13,06111,quantile,0.975,691.0949875228378
36023,2020-12-27,17 day ahead inc hosp,2021-01-13,06111,quantile,0.99,740.9877173150851
36024,2020-12-27,18 day ahead inc hosp,2021-01-14,06111,point,NA,437.6314392089844
36025,2020-12-27,18 day ahead inc hosp,2021-01-14,06111,quantile,0.01,283.39547324053945
36026,2020-12-27,18 day ahead inc hosp,2021-01-14,06111,quantile,0.025,307.6865836729071
36027,2020-12-27,18 day ahead inc hosp,2021-01-14,06111,quantile,0.05,328.5782787335074
36028,2020-12-27,18 day ahead inc hosp,2021-01-14,06111,quantile,0.1,352.66506515298016
36029,2020-12-27,18 day ahead inc hosp,2021-01-14,06111,quantile,0.15,368.9163055979233
36030,2020-12-27,18 day ahead inc hosp,2021-01-14,06111,quantile,0.2,381.83227632875827
36031,2020-12-27,18 day ahead inc hosp,2021-01-14,06111,quantile,0.25,392.9130291559738
36032,2020-12-27,18 day ahead inc hosp,2021-01-14,06111,quantile,0.3,402.8638876598765
36033,2020-12-27,18 day ahead inc hosp,2021-01-14,06111,quantile,0.35,412.0848410381127
36034,2020-12-27,18 day ahead inc hosp,2021-01-14,06111,quantile,0.4,420.83462407506204
36035,2020-12-27,18 day ahead inc hosp,2021-01-14,06111,quantile,0.45,429.3001404237246
36036,2020-12-27,18 day ahead inc hosp,2021-01-14,06111,quantile,0.5,437.6314392089844
36037,2020-12-27,18 day ahead inc hosp,2021-01-14,06111,quantile,0.55,458.4842739844211
36038,2020-12-27,18 day ahead inc hosp,2021-01-14,06111,quantile,0.6,479.67304877902416
36039,2020-12-27,18 day ahead inc hosp,2021-01-14,06111,quantile,0.65,501.57332923868523
36040,2020-12-27,18 day ahead inc hosp,2021-01-14,06111,quantile,0.7,524.6529260968081
36041,2020-12-27,18 day ahead inc hosp,2021-01-14,06111,quantile,0.75,549.5594399074472
36042,2020-12-27,18 day ahead inc hosp,2021-01-14,06111,quantile,0.8,577.2940241360421
36043,2020-12-27,18 day ahead inc hosp,2021-01-14,06111,quantile,0.85,609.6220693252269
36044,2020-12-27,18 day ahead inc hosp,2021-01-14,06111,quantile,0.9,650.2981320411468
36045,2020-12-27,18 day ahead inc hosp,2021-01-14,06111,quantile,0.95,710.5861844112237
36046,2020-12-27,18 day ahead inc hosp,2021-01-14,06111,quantile,0.975,762.8770788451485
36047,2020-12-27,18 day ahead inc hosp,2021-01-14,06111,quantile,0.99,823.6765442603426
36048,2020-12-27,19 day ahead inc hosp,2021-01-15,06111,point,NA,437.0165100097656
36049,2020-12-27,19 day ahead inc hosp,2021-01-15,06111,quantile,0.01,301.4929645389933
36050,2020-12-27,19 day ahead inc hosp,2021-01-15,06111,quantile,0.025,322.83699664295824
36051,2020-12-27,19 day ahead inc hosp,2021-01-15,06111,quantile,0.05,341.19404175710514
36052,2020-12-27,19 day ahead inc hosp,2021-01-15,06111,quantile,0.1,362.35853911715697
36053,2020-12-27,19 day ahead inc hosp,2021-01-15,06111,quantile,0.15,376.63812500730734
36054,2020-12-27,19 day ahead inc hosp,2021-01-15,06111,quantile,0.2,387.9870872007142
36055,2020-12-27,19 day ahead inc hosp,2021-01-15,06111,quantile,0.25,397.7234862319023
36056,2020-12-27,19 day ahead inc hosp,2021-01-15,06111,quantile,0.3,406.46707347797167
36057,2020-12-27,19 day ahead inc hosp,2021-01-15,06111,quantile,0.35,414.56931011644116
36058,2020-12-27,19 day ahead inc hosp,2021-01-15,06111,quantile,0.4,422.25754036690034
36059,2020-12-27,19 day ahead inc hosp,2021-01-15,06111,quantile,0.45,429.6959921093834
36060,2020-12-27,19 day ahead inc hosp,2021-01-15,06111,quantile,0.5,437.0165100097656
36061,2020-12-27,19 day ahead inc hosp,2021-01-15,06111,quantile,0.55,456.9785846181041
36062,2020-12-27,19 day ahead inc hosp,2021-01-15,06111,quantile,0.6,477.26224906296795
36063,2020-12-27,19 day ahead inc hosp,2021-01-15,06111,quantile,0.65,498.2270261394283
36064,2020-12-27,19 day ahead inc hosp,2021-01-15,06111,quantile,0.7,520.3207433425645
36065,2020-12-27,19 day ahead inc hosp,2021-01-15,06111,quantile,0.75,544.163337995798
36066,2020-12-27,19 day ahead inc hosp,2021-01-15,06111,quantile,0.8,570.7131977901417
36067,2020-12-27,19 day ahead inc hosp,2021-01-15,06111,quantile,0.85,601.6603019588471
36068,2020-12-27,19 day ahead inc hosp,2021-01-15,06111,quantile,0.9,640.5988255434249
36069,2020-12-27,19 day ahead inc hosp,2021-01-15,06111,quantile,0.95,698.3115831786844
36070,2020-12-27,19 day ahead inc hosp,2021-01-15,06111,quantile,0.975,748.3687934941051
36071,2020-12-27,19 day ahead inc hosp,2021-01-15,06111,quantile,0.99,806.5711183979037
36072,2020-12-27,20 day ahead inc hosp,2021-01-16,06111,point,NA,440.65966796875
36073,2020-12-27,20 day ahead inc hosp,2021-01-16,06111,quantile,0.01,190.72202930096023
36074,2020-12-27,20 day ahead inc hosp,2021-01-16,06111,quantile,0.025,230.08549905954172
36075,2020-12-27,20 day ahead inc hosp,2021-01-16,06111,quantile,0.05,263.9402546506095
36076,2020-12-27,20 day ahead inc hosp,2021-01-16,06111,quantile,0.1,302.97261965690177
36077,2020-12-27,20 day ahead inc hosp,2021-01-16,06111,quantile,0.15,329.3075710200785
36078,2020-12-27,20 day ahead inc hosp,2021-01-16,06111,quantile,0.2,350.23775552858433
36079,2020-12-27,20 day ahead inc hosp,2021-01-16,06111,quantile,0.25,368.1939901779157
36080,2020-12-27,20 day ahead inc hosp,2021-01-16,06111,quantile,0.3,384.3192438537773
36081,2020-12-27,20 day ahead inc hosp,2021-01-16,06111,quantile,0.35,399.26169452766004
36082,2020-12-27,20 day ahead inc hosp,2021-01-16,06111,quantile,0.4,413.4406189917374
36083,2020-12-27,20 day ahead inc hosp,2021-01-16,06111,quantile,0.45,427.15889250208824
36084,2020-12-27,20 day ahead inc hosp,2021-01-16,06111,quantile,0.5,440.65966796875
36085,2020-12-27,20 day ahead inc hosp,2021-01-16,06111,quantile,0.55,460.96351858464965
36086,2020-12-27,20 day ahead inc hosp,2021-01-16,06111,quantile,0.6,481.5944650625032
36087,2020-12-27,20 day ahead inc hosp,2021-01-16,06111,quantile,0.65,502.9181856831185
36088,2020-12-27,20 day ahead inc hosp,2021-01-16,06111,quantile,0.7,525.3901753156504
36089,2020-12-27,20 day ahead inc hosp,2021-01-16,06111,quantile,0.75,549.6409853959055
36090,2020-12-27,20 day ahead inc hosp,2021-01-16,06111,quantile,0.8,576.6454124263636
36091,2020-12-27,20 day ahead inc hosp,2021-01-16,06111,quantile,0.85,608.1223702258104
36092,2020-12-27,20 day ahead inc hosp,2021-01-16,06111,quantile,0.9,647.7275706659846
36093,2020-12-27,20 day ahead inc hosp,2021-01-16,06111,quantile,0.95,706.4284438291603
36094,2020-12-27,20 day ahead inc hosp,2021-01-16,06111,quantile,0.975,757.3426970034485
36095,2020-12-27,20 day ahead inc hosp,2021-01-16,06111,quantile,0.99,816.5415194470413
36096,2020-12-27,21 day ahead inc hosp,2021-01-17,06111,point,NA,501.010986328125
36097,2020-12-27,21 day ahead inc hosp,2021-01-17,06111,quantile,0.01,245.3931839677023
36098,2020-12-27,21 day ahead inc hosp,2021-01-17,06111,quantile,0.025,285.65124068377656
36099,2020-12-27,21 day ahead inc hosp,2021-01-17,06111,quantile,0.05,320.275390410743
36100,2020-12-27,21 day ahead inc hosp,2021-01-17,06111,quantile,0.1,360.19481758073374
36101,2020-12-27,21 day ahead inc hosp,2021-01-17,06111,quantile,0.15,387.12826557442077
36102,2020-12-27,21 day ahead inc hosp,2021-01-17,06111,quantile,0.2,408.53411623212685
36103,2020-12-27,21 day ahead inc hosp,2021-01-17,06111,quantile,0.25,426.89843008335504
36104,2020-12-27,21 day ahead inc hosp,2021-01-17,06111,quantile,0.3,443.390151494738
36105,2020-12-27,21 day ahead inc hosp,2021-01-17,06111,quantile,0.35,458.67218914019145
36106,2020-12-27,21 day ahead inc hosp,2021-01-17,06111,quantile,0.4,473.1733484320072
36107,2020-12-27,21 day ahead inc hosp,2021-01-17,06111,quantile,0.45,487.20338786738813
36108,2020-12-27,21 day ahead inc hosp,2021-01-17,06111,quantile,0.5,501.010986328125
36109,2020-12-27,21 day ahead inc hosp,2021-01-17,06111,quantile,0.55,520.9481610608186
36110,2020-12-27,21 day ahead inc hosp,2021-01-17,06111,quantile,0.6,541.206524492025
36111,2020-12-27,21 day ahead inc hosp,2021-01-17,06111,quantile,0.65,562.1451509627808
36112,2020-12-27,21 day ahead inc hosp,2021-01-17,06111,quantile,0.7,584.2113093664593
36113,2020-12-27,21 day ahead inc hosp,2021-01-17,06111,quantile,0.75,608.0241637420131
36114,2020-12-27,21 day ahead inc hosp,2021-01-17,06111,quantile,0.8,634.5409063268364
36115,2020-12-27,21 day ahead inc hosp,2021-01-17,06111,quantile,0.85,665.449408343186
36116,2020-12-27,21 day ahead inc hosp,2021-01-17,06111,quantile,0.9,704.3393616055868
36117,2020-12-27,21 day ahead inc hosp,2021-01-17,06111,quantile,0.95,761.9801307067668
36118,2020-12-27,21 day ahead inc hosp,2021-01-17,06111,quantile,0.975,811.9749017048102
36119,2020-12-27,21 day ahead inc hosp,2021-01-17,06111,quantile,0.99,870.1046274083362
36120,2020-12-27,22 day ahead inc hosp,2021-01-18,06111,point,NA,424.5562438964844
36121,2020-12-27,22 day ahead inc hosp,2021-01-18,06111,quantile,0.01,277.82765376711535
36122,2020-12-27,22 day ahead inc hosp,2021-01-18,06111,quantile,0.025,300.93640381797775
36123,2020-12-27,22 day ahead inc hosp,2021-01-18,06111,quantile,0.05,320.81120372218254
36124,2020-12-27,22 day ahead inc hosp,2021-01-18,06111,quantile,0.1,343.7255751522518
36125,2020-12-27,22 day ahead inc hosp,2021-01-18,06111,quantile,0.15,359.18579276989715
36126,2020-12-27,22 day ahead inc hosp,2021-01-18,06111,quantile,0.2,371.4730836335296
36127,2020-12-27,22 day ahead inc hosp,2021-01-18,06111,quantile,0.25,382.01448511340226
36128,2020-12-27,22 day ahead inc hosp,2021-01-18,06111,quantile,0.3,391.48098943803694
36129,2020-12-27,22 day ahead inc hosp,2021-01-18,06111,quantile,0.35,400.2531164859788
36130,2020-12-27,22 day ahead inc hosp,2021-01-18,06111,quantile,0.4,408.57700722630136
36131,2020-12-27,22 day ahead inc hosp,2021-01-18,06111,quantile,0.45,416.6304678491661
36132,2020-12-27,22 day ahead inc hosp,2021-01-18,06111,quantile,0.5,424.5562438964844
36133,2020-12-27,22 day ahead inc hosp,2021-01-18,06111,quantile,0.55,445.0715728032065
36134,2020-12-27,22 day ahead inc hosp,2021-01-18,06111,quantile,0.6,465.91740449577736
36135,2020-12-27,22 day ahead inc hosp,2021-01-18,06111,quantile,0.65,487.4632260408002
36136,2020-12-27,22 day ahead inc hosp,2021-01-18,06111,quantile,0.7,510.1692765935373
36137,2020-12-27,22 day ahead inc hosp,2021-01-18,06111,quantile,0.75,534.6726752080489
36138,2020-12-27,22 day ahead inc hosp,2021-01-18,06111,quantile,0.8,561.9583715494902
36139,2020-12-27,22 day ahead inc hosp,2021-01-18,06111,quantile,0.85,593.7631830827752
36140,2020-12-27,22 day ahead inc hosp,2021-01-18,06111,quantile,0.9,633.780898383072
36141,2020-12-27,22 day ahead inc hosp,2021-01-18,06111,quantile,0.95,693.0931807100155
36142,2020-12-27,22 day ahead inc hosp,2021-01-18,06111,quantile,0.975,744.5377401519912
36143,2020-12-27,22 day ahead inc hosp,2021-01-18,06111,quantile,0.99,804.3531582367708
36144,2020-12-27,23 day ahead inc hosp,2021-01-19,06111,point,NA,443.2570495605469
36145,2020-12-27,23 day ahead inc hosp,2021-01-19,06111,quantile,0.01,302.2970911488517
36146,2020-12-27,23 day ahead inc hosp,2021-01-19,06111,quantile,0.025,324.4973211329591
36147,2020-12-27,23 day ahead inc hosp,2021-01-19,06111,quantile,0.05,343.5907436586398
36148,2020-12-27,23 day ahead inc hosp,2021-01-19,06111,quantile,0.1,365.60423701371695
36149,2020-12-27,23 day ahead inc hosp,2021-01-19,06111,quantile,0.15,380.4566364710933
36150,2020-12-27,23 day ahead inc hosp,2021-01-19,06111,quantile,0.2,392.2608527291718
36151,2020-12-27,23 day ahead inc hosp,2021-01-19,06111,quantile,0.25,402.3878192112577
36152,2020-12-27,23 day ahead inc hosp,2021-01-19,06111,quantile,0.3,411.4821480992277
36153,2020-12-27,23 day ahead inc hosp,2021-01-19,06111,quantile,0.35,419.909399139872
36154,2020-12-27,23 day ahead inc hosp,2021-01-19,06111,quantile,0.4,427.9060362747674
36155,2020-12-27,23 day ahead inc hosp,2021-01-19,06111,quantile,0.45,435.6428752471063
36156,2020-12-27,23 day ahead inc hosp,2021-01-19,06111,quantile,0.5,443.2570495605469
36157,2020-12-27,23 day ahead inc hosp,2021-01-19,06111,quantile,0.55,460.08666382351737
36158,2020-12-27,23 day ahead inc hosp,2021-01-19,06111,quantile,0.6,477.18740385902424
36159,2020-12-27,23 day ahead inc hosp,2021-01-19,06111,quantile,0.65,494.8623759362557
36160,2020-12-27,23 day ahead inc hosp,2021-01-19,06111,quantile,0.7,513.4891341995786
36161,2020-12-27,23 day ahead inc hosp,2021-01-19,06111,quantile,0.75,533.5903350474439
36162,2020-12-27,23 day ahead inc hosp,2021-01-19,06111,quantile,0.8,555.973975417574
36163,2020-12-27,23 day ahead inc hosp,2021-01-19,06111,quantile,0.85,582.0648420200723
36164,2020-12-27,23 day ahead inc hosp,2021-01-19,06111,quantile,0.9,614.893109860745
36165,2020-12-27,23 day ahead inc hosp,2021-01-19,06111,quantile,0.95,663.5495480371658
36166,2020-12-27,23 day ahead inc hosp,2021-01-19,06111,quantile,0.975,705.7517518269973
36167,2020-12-27,23 day ahead inc hosp,2021-01-19,06111,quantile,0.99,754.8209340917429
36168,2020-12-27,24 day ahead inc hosp,2021-01-20,06111,point,NA,466.171142578125
36169,2020-12-27,24 day ahead inc hosp,2021-01-20,06111,quantile,0.01,325.0262612347615
36170,2020-12-27,24 day ahead inc hosp,2021-01-20,06111,quantile,0.025,347.2556153166526
36171,2020-12-27,24 day ahead inc hosp,2021-01-20,06111,quantile,0.05,366.3740861731417
36172,2020-12-27,24 day ahead inc hosp,2021-01-20,06111,quantile,0.1,388.4164586494484
36173,2020-12-27,24 day ahead inc hosp,2021-01-20,06111,quantile,0.15,403.28834271281437
36174,2020-12-27,24 day ahead inc hosp,2021-01-20,06111,quantile,0.2,415.10804471805886
36175,2020-12-27,24 day ahead inc hosp,2021-01-20,06111,quantile,0.25,425.24829659233603
36176,2020-12-27,24 day ahead inc hosp,2021-01-20,06111,quantile,0.3,434.3545561730962
36177,2020-12-27,24 day ahead inc hosp,2021-01-20,06111,quantile,0.35,442.79286277863923
36178,2020-12-27,24 day ahead inc hosp,2021-01-20,06111,quantile,0.4,450.7999905634975
36179,2020-12-27,24 day ahead inc hosp,2021-01-20,06111,quantile,0.45,458.5469793610827
36180,2020-12-27,24 day ahead inc hosp,2021-01-20,06111,quantile,0.5,466.171142578125
36181,2020-12-27,24 day ahead inc hosp,2021-01-20,06111,quantile,0.55,484.0882751122516
36182,2020-12-27,24 day ahead inc hosp,2021-01-20,06111,quantile,0.6,502.29405338264087
36183,2020-12-27,24 day ahead inc hosp,2021-01-20,06111,quantile,0.65,521.1111701802333
36184,2020-12-27,24 day ahead inc hosp,2021-01-20,06111,quantile,0.7,540.9415769424016
36185,2020-12-27,24 day ahead inc hosp,2021-01-20,06111,quantile,0.75,562.3417037699508
36186,2020-12-27,24 day ahead inc hosp,2021-01-20,06111,quantile,0.8,586.1717598152793
36187,2020-12-27,24 day ahead inc hosp,2021-01-20,06111,quantile,0.85,613.9486005403661
36188,2020-12-27,24 day ahead inc hosp,2021-01-20,06111,quantile,0.9,648.8982088068672
36189,2020-12-27,24 day ahead inc hosp,2021-01-20,06111,quantile,0.95,700.6987930522007
36190,2020-12-27,24 day ahead inc hosp,2021-01-20,06111,quantile,0.975,745.628074657801
36191,2020-12-27,24 day ahead inc hosp,2021-01-20,06111,quantile,0.99,797.8680742348015
36192,2020-12-27,25 day ahead inc hosp,2021-01-21,06111,point,NA,497.6148681640625
36193,2020-12-27,25 day ahead inc hosp,2021-01-21,06111,quantile,0.01,334.7032851868703
36194,2020-12-27,25 day ahead inc hosp,2021-01-21,06111,quantile,0.025,360.36074600000137
36195,2020-12-27,25 day ahead inc hosp,2021-01-21,06111,quantile,0.05,382.42757776669515
36196,2020-12-27,25 day ahead inc hosp,2021-01-21,06111,quantile,0.1,407.86922154796895
36197,2020-12-27,25 day ahead inc hosp,2021-01-21,06111,quantile,0.15,425.03457782271954
36198,2020-12-27,25 day ahead inc hosp,2021-01-21,06111,quantile,0.2,438.6770588370239
36199,2020-12-27,25 day ahead inc hosp,2021-01-21,06111,quantile,0.25,450.3810927977539
36200,2020-12-27,25 day ahead inc hosp,2021-01-21,06111,quantile,0.3,460.8916770228659
36201,2020-12-27,25 day ahead inc hosp,2021-01-21,06111,quantile,0.35,470.6312996976102
36202,2020-12-27,25 day ahead inc hosp,2021-01-21,06111,quantile,0.4,479.8732491761645
36203,2020-12-27,25 day ahead inc hosp,2021-01-21,06111,quantile,0.45,488.81494225287577
36204,2020-12-27,25 day ahead inc hosp,2021-01-21,06111,quantile,0.5,497.6148681640625
36205,2020-12-27,25 day ahead inc hosp,2021-01-21,06111,quantile,0.55,519.3574909645251
36206,2020-12-27,25 day ahead inc hosp,2021-01-21,06111,quantile,0.6,541.4503883055464
36207,2020-12-27,25 day ahead inc hosp,2021-01-21,06111,quantile,0.65,564.2851511752763
36208,2020-12-27,25 day ahead inc hosp,2021-01-21,06111,quantile,0.7,588.3495517364896
36209,2020-12-27,25 day ahead inc hosp,2021-01-21,06111,quantile,0.75,614.3188235832664
36210,2020-12-27,25 day ahead inc hosp,2021-01-21,06111,quantile,0.8,643.2368392825191
36211,2020-12-27,25 day ahead inc hosp,2021-01-21,06111,quantile,0.85,676.9443183852029
36212,2020-12-27,25 day ahead inc hosp,2021-01-21,06111,quantile,0.9,719.3560239477474
36213,2020-12-27,25 day ahead inc hosp,2021-01-21,06111,quantile,0.95,782.2165604730344
36214,2020-12-27,25 day ahead inc hosp,2021-01-21,06111,quantile,0.975,836.738701266807
36215,2020-12-27,25 day ahead inc hosp,2021-01-21,06111,quantile,0.99,900.1324727721322
36216,2020-12-27,26 day ahead inc hosp,2021-01-22,06111,point,NA,468.54351806640625
36217,2020-12-27,26 day ahead inc hosp,2021-01-22,06111,quantile,0.01,332.27027951835163
36218,2020-12-27,26 day ahead inc hosp,2021-01-22,06111,quantile,0.025,353.7323831578128
36219,2020-12-27,26 day ahead inc hosp,2021-01-22,06111,quantile,0.05,372.1909763062414
36220,2020-12-27,26 day ahead inc hosp,2021-01-22,06111,quantile,0.1,393.4725520462889
36221,2020-12-27,26 day ahead inc hosp,2021-01-22,06111,quantile,0.15,407.83113016359147
36222,2020-12-27,26 day ahead inc hosp,2021-01-22,06111,quantile,0.2,419.2428728750344
36223,2020-12-27,26 day ahead inc hosp,2021-01-22,06111,quantile,0.25,429.0331320006141
36224,2020-12-27,26 day ahead inc hosp,2021-01-22,06111,quantile,0.3,437.8250872760633
36225,2020-12-27,26 day ahead inc hosp,2021-01-22,06111,quantile,0.35,445.9721441020306
36226,2020-12-27,26 day ahead inc hosp,2021-01-22,06111,quantile,0.4,453.70290432744946
36227,2020-12-27,26 day ahead inc hosp,2021-01-22,06111,quantile,0.45,461.1825043129014
36228,2020-12-27,26 day ahead inc hosp,2021-01-22,06111,quantile,0.5,468.54351806640625
36229,2020-12-27,26 day ahead inc hosp,2021-01-22,06111,quantile,0.55,488.65399677726157
36230,2020-12-27,26 day ahead inc hosp,2021-01-22,06111,quantile,0.6,509.08845612078966
36231,2020-12-27,26 day ahead inc hosp,2021-01-22,06111,quantile,0.65,530.2090916933001
36232,2020-12-27,26 day ahead inc hosp,2021-01-22,06111,quantile,0.7,552.4670602749691
36233,2020-12-27,26 day ahead inc hosp,2021-01-22,06111,quantile,0.75,576.4869079908531
36234,2020-12-27,26 day ahead inc hosp,2021-01-22,06111,quantile,0.8,603.2341474760372
36235,2020-12-27,26 day ahead inc hosp,2021-01-22,06111,quantile,0.85,634.4113217807259
36236,2020-12-27,26 day ahead inc hosp,2021-01-22,06111,quantile,0.9,673.6393261311699
36237,2020-12-27,26 day ahead inc hosp,2021-01-22,06111,quantile,0.95,731.7811378687045
36238,2020-12-27,26 day ahead inc hosp,2021-01-22,06111,quantile,0.975,782.2104886313037
36239,2020-12-27,26 day ahead inc hosp,2021-01-22,06111,quantile,0.99,840.845507228579
36240,2020-12-27,27 day ahead inc hosp,2021-01-23,06111,point,NA,478.9572448730469
36241,2020-12-27,27 day ahead inc hosp,2021-01-23,06111,quantile,0.01,218.70568454821557
36242,2020-12-27,27 day ahead inc hosp,2021-01-23,06111,quantile,0.025,259.69352647180324
36243,2020-12-27,27 day ahead inc hosp,2021-01-23,06111,quantile,0.05,294.9453317379249
36244,2020-12-27,27 day ahead inc hosp,2021-01-23,06111,quantile,0.1,335.58840554706
36245,2020-12-27,27 day ahead inc hosp,2021-01-23,06111,quantile,0.15,363.0100944926575
36246,2020-12-27,27 day ahead inc hosp,2021-01-23,06111,quantile,0.2,384.80398358138893
36247,2020-12-27,27 day ahead inc hosp,2021-01-23,06111,quantile,0.25,403.5011998548398
36248,2020-12-27,27 day ahead inc hosp,2021-01-23,06111,quantile,0.3,420.2918779301607
36249,2020-12-27,27 day ahead inc hosp,2021-01-23,06111,quantile,0.35,435.85094347820194
36250,2020-12-27,27 day ahead inc hosp,2021-01-23,06111,quantile,0.4,450.6149751589558
36251,2020-12-27,27 day ahead inc hosp,2021-01-23,06111,quantile,0.45,464.8993466728318
36252,2020-12-27,27 day ahead inc hosp,2021-01-23,06111,quantile,0.5,478.9572448730469
36253,2020-12-27,27 day ahead inc hosp,2021-01-23,06111,quantile,0.55,499.8156555639599
36254,2020-12-27,27 day ahead inc hosp,2021-01-23,06111,quantile,0.6,521.010096102265
36255,2020-12-27,27 day ahead inc hosp,2021-01-23,06111,quantile,0.65,542.9162325577207
36256,2020-12-27,27 day ahead inc hosp,2021-01-23,06111,quantile,0.7,566.0020007533474
36257,2020-12-27,27 day ahead inc hosp,2021-01-23,06111,quantile,0.75,590.9151744074711
36258,2020-12-27,27 day ahead inc hosp,2021-01-23,06111,quantile,0.8,618.6571746876051
36259,2020-12-27,27 day ahead inc hosp,2021-01-23,06111,quantile,0.85,650.9938641905932
36260,2020-12-27,27 day ahead inc hosp,2021-01-23,06111,quantile,0.9,691.6808034271423
36261,2020-12-27,27 day ahead inc hosp,2021-01-23,06111,quantile,0.95,751.9849764392262
36262,2020-12-27,27 day ahead inc hosp,2021-01-23,06111,quantile,0.975,804.2898531259566
36263,2020-12-27,27 day ahead inc hosp,2021-01-23,06111,quantile,0.99,865.1055759317553
36264,2020-12-27,28 day ahead inc hosp,2021-01-24,06111,point,NA,477.94036865234375
36265,2020-12-27,28 day ahead inc hosp,2021-01-24,06111,quantile,0.01,221.21984417419827
36266,2020-12-27,28 day ahead inc hosp,2021-01-24,06111,quantile,0.025,261.65157208667364
36267,2020-12-27,28 day ahead inc hosp,2021-01-24,06111,quantile,0.05,296.42508862361456
36268,2020-12-27,28 day ahead inc hosp,2021-01-24,06111,quantile,0.1,336.5167261594745
36269,2020-12-27,28 day ahead inc hosp,2021-01-24,06111,quantile,0.15,363.566363669443
36270,2020-12-27,28 day ahead inc hosp,2021-01-24,06111,quantile,0.2,385.06455807140685
36271,2020-12-27,28 day ahead inc hosp,2021-01-24,06111,quantile,0.25,403.5080946327654
36272,2020-12-27,28 day ahead inc hosp,2021-01-24,06111,quantile,0.3,420.0709604863262
36273,2020-12-27,28 day ahead inc hosp,2021-01-24,06111,quantile,0.35,435.41892406009885
36274,2020-12-27,28 day ahead inc hosp,2021-01-24,06111,quantile,0.4,449.9826406109788
36275,2020-12-27,28 day ahead inc hosp,2021-01-24,06111,quantile,0.45,464.0732049184737
36276,2020-12-27,28 day ahead inc hosp,2021-01-24,06111,quantile,0.5,477.94036865234375
36277,2020-12-27,28 day ahead inc hosp,2021-01-24,06111,quantile,0.55,497.7083293063637
36278,2020-12-27,28 day ahead inc hosp,2021-01-24,06111,quantile,0.6,517.7947526131837
36279,2020-12-27,28 day ahead inc hosp,2021-01-24,06111,quantile,0.65,538.5556653188528
36280,2020-12-27,28 day ahead inc hosp,2021-01-24,06111,quantile,0.7,560.4345401824005
36281,2020-12-27,28 day ahead inc hosp,2021-01-24,06111,quantile,0.75,584.0452861715968
36282,2020-12-27,28 day ahead inc hosp,2021-01-24,06111,quantile,0.8,610.336971483959
36283,2020-12-27,28 day ahead inc hosp,2021-01-24,06111,quantile,0.85,640.9831417626374
36284,2020-12-27,28 day ahead inc hosp,2021-01-24,06111,quantile,0.9,679.5430217975529
36285,2020-12-27,28 day ahead inc hosp,2021-01-24,06111,quantile,0.95,736.6945726535064
36286,2020-12-27,28 day ahead inc hosp,2021-01-24,06111,quantile,0.975,786.2650197828793
36287,2020-12-27,28 day ahead inc hosp,2021-01-24,06111,quantile,0.99,843.9013772880344
36288,2020-12-27,1 day ahead inc hosp,2020-12-28,06113,point,NA,35.29167938232422
36289,2020-12-27,1 day ahead inc hosp,2020-12-28,06113,quantile,0.01,20.167589513830166
36290,2020-12-27,1 day ahead inc hosp,2020-12-28,06113,quantile,0.025,22.549530294489614
36291,2020-12-27,1 day ahead inc hosp,2020-12-28,06113,quantile,0.05,24.598130772450347
36292,2020-12-27,1 day ahead inc hosp,2020-12-28,06113,quantile,0.1,26.960035923197474
36293,2020-12-27,1 day ahead inc hosp,2020-12-28,06113,quantile,0.15,28.553602115236696
36294,2020-12-27,1 day ahead inc hosp,2020-12-28,06113,quantile,0.2,29.82011800759316
36295,2020-12-27,1 day ahead inc hosp,2020-12-28,06113,quantile,0.25,30.9066758705216
36296,2020-12-27,1 day ahead inc hosp,2020-12-28,06113,quantile,0.3,31.882438412913842
36297,2020-12-27,1 day ahead inc hosp,2020-12-28,06113,quantile,0.35,32.78662782612872
36298,2020-12-27,1 day ahead inc hosp,2020-12-28,06113,quantile,0.4,33.64461515839414
36299,2020-12-27,1 day ahead inc hosp,2020-12-28,06113,quantile,0.45,34.47472783176744
36300,2020-12-27,1 day ahead inc hosp,2020-12-28,06113,quantile,0.5,35.29167938232422
36301,2020-12-27,1 day ahead inc hosp,2020-12-28,06113,quantile,0.55,37.471713492277246
36302,2020-12-27,1 day ahead inc hosp,2020-12-28,06113,quantile,0.6,39.68686804070146
36303,2020-12-27,1 day ahead inc hosp,2020-12-28,06113,quantile,0.65,41.976406078754565
36304,2020-12-27,1 day ahead inc hosp,2020-12-28,06113,quantile,0.7,44.38923430745848
36305,2020-12-27,1 day ahead inc hosp,2020-12-28,06113,quantile,0.75,46.993055334763966
36306,2020-12-27,1 day ahead inc hosp,2020-12-28,06113,quantile,0.8,49.892533525370595
36307,2020-12-27,1 day ahead inc hosp,2020-12-28,06113,quantile,0.85,53.272229474601524
36308,2020-12-27,1 day ahead inc hosp,2020-12-28,06113,quantile,0.9,57.52465870708878
36309,2020-12-27,1 day ahead inc hosp,2020-12-28,06113,quantile,0.95,63.8273994137968
36310,2020-12-27,1 day ahead inc hosp,2020-12-28,06113,quantile,0.975,69.29408702406784
36311,2020-12-27,1 day ahead inc hosp,2020-12-28,06113,quantile,0.99,75.65029278215312
36312,2020-12-27,2 day ahead inc hosp,2020-12-29,06113,point,NA,36.26000213623047
36313,2020-12-27,2 day ahead inc hosp,2020-12-29,06113,quantile,0.01,19.616640996599372
36314,2020-12-27,2 day ahead inc hosp,2020-12-29,06113,quantile,0.025,22.23785661819614
36315,2020-12-27,2 day ahead inc hosp,2020-12-29,06113,quantile,0.05,24.492246659645716
36316,2020-12-27,2 day ahead inc hosp,2020-12-29,06113,quantile,0.1,27.09141399753151
36317,2020-12-27,2 day ahead inc hosp,2020-12-29,06113,quantile,0.15,28.84505986082843
36318,2020-12-27,2 day ahead inc hosp,2020-12-29,06113,quantile,0.2,30.23880200127167
36319,2020-12-27,2 day ahead inc hosp,2020-12-29,06113,quantile,0.25,31.434508656618625
36320,2020-12-27,2 day ahead inc hosp,2020-12-29,06113,quantile,0.3,32.50829018798794
36321,2020-12-27,2 day ahead inc hosp,2020-12-29,06113,quantile,0.35,33.50330880223959
36322,2020-12-27,2 day ahead inc hosp,2020-12-29,06113,quantile,0.4,34.44748416408197
36323,2020-12-27,2 day ahead inc hosp,2020-12-29,06113,quantile,0.45,35.36098475351691
36324,2020-12-27,2 day ahead inc hosp,2020-12-29,06113,quantile,0.5,36.26000213623047
36325,2020-12-27,2 day ahead inc hosp,2020-12-29,06113,quantile,0.55,38.10841667854271
36326,2020-12-27,2 day ahead inc hosp,2020-12-29,06113,quantile,0.6,39.98660925455917
36327,2020-12-27,2 day ahead inc hosp,2020-12-29,06113,quantile,0.65,41.92787035015073
36328,2020-12-27,2 day ahead inc hosp,2020-12-29,06113,quantile,0.7,43.97366714097888
36329,2020-12-27,2 day ahead inc hosp,2020-12-29,06113,quantile,0.75,46.181403538531654
36330,2020-12-27,2 day ahead inc hosp,2020-12-29,06113,quantile,0.8,48.63982271104174
36331,2020-12-27,2 day ahead inc hosp,2020-12-29,06113,quantile,0.85,51.50541050741196
36332,2020-12-27,2 day ahead inc hosp,2020-12-29,06113,quantile,0.9,55.11097429083941
36333,2020-12-27,2 day ahead inc hosp,2020-12-29,06113,quantile,0.95,60.45496295849996
36334,2020-12-27,2 day ahead inc hosp,2020-12-29,06113,quantile,0.975,65.09007615740346
36335,2020-12-27,2 day ahead inc hosp,2020-12-29,06113,quantile,0.99,70.47939694992391
36336,2020-12-27,3 day ahead inc hosp,2020-12-30,06113,point,NA,36.827999114990234
36337,2020-12-27,3 day ahead inc hosp,2020-12-30,06113,quantile,0.01,20.61777987526958
36338,2020-12-27,3 day ahead inc hosp,2020-12-30,06113,quantile,0.025,23.170778608168916
36339,2020-12-27,3 day ahead inc hosp,2020-12-30,06113,quantile,0.05,25.366498361958413
36340,2020-12-27,3 day ahead inc hosp,2020-12-30,06113,quantile,0.1,27.898022615645537
36341,2020-12-27,3 day ahead inc hosp,2020-12-30,06113,quantile,0.15,29.606030011169878
36342,2020-12-27,3 day ahead inc hosp,2020-12-30,06113,quantile,0.2,30.963500144196335
36343,2020-12-27,3 day ahead inc hosp,2020-12-30,06113,quantile,0.25,32.12808864690047
36344,2020-12-27,3 day ahead inc hosp,2020-12-30,06113,quantile,0.3,33.173925115449606
36345,2020-12-27,3 day ahead inc hosp,2020-12-30,06113,quantile,0.35,34.14304846435146
36346,2020-12-27,3 day ahead inc hosp,2020-12-30,06113,quantile,0.4,35.0626517516804
36347,2020-12-27,3 day ahead inc hosp,2020-12-30,06113,quantile,0.45,35.952378574653295
36348,2020-12-27,3 day ahead inc hosp,2020-12-30,06113,quantile,0.5,36.827999114990234
36349,2020-12-27,3 day ahead inc hosp,2020-12-30,06113,quantile,0.55,38.8455618239767
36350,2020-12-27,3 day ahead inc hosp,2020-12-30,06113,quantile,0.6,40.89562755053488
36351,2020-12-27,3 day ahead inc hosp,2020-12-30,06113,quantile,0.65,43.01453318842946
36352,2020-12-27,3 day ahead inc hosp,2020-12-30,06113,quantile,0.7,45.247540569001046
36353,2020-12-27,3 day ahead inc hosp,2020-12-30,06113,quantile,0.75,47.6573066279732
36354,2020-12-27,3 day ahead inc hosp,2020-12-30,06113,quantile,0.8,50.340695408992566
36355,2020-12-27,3 day ahead inc hosp,2020-12-30,06113,quantile,0.85,53.468512759991654
36356,2020-12-27,3 day ahead inc hosp,2020-12-30,06113,quantile,0.9,57.40402120130458
36357,2020-12-27,3 day ahead inc hosp,2020-12-30,06113,quantile,0.95,63.23703755467673
36358,2020-12-27,3 day ahead inc hosp,2020-12-30,06113,quantile,0.975,68.29630934029059
36359,2020-12-27,3 day ahead inc hosp,2020-12-30,06113,quantile,0.99,74.17880615518413
36360,2020-12-27,4 day ahead inc hosp,2020-12-31,06113,point,NA,39.35546875
36361,2020-12-27,4 day ahead inc hosp,2020-12-31,06113,quantile,0.01,20.910754102351692
36362,2020-12-27,4 day ahead inc hosp,2020-12-31,06113,quantile,0.025,23.81567058915347
36363,2020-12-27,4 day ahead inc hosp,2020-12-31,06113,quantile,0.05,26.31405902585113
36364,2020-12-27,4 day ahead inc hosp,2020-12-31,06113,quantile,0.1,29.19454088685182
36365,2020-12-27,4 day ahead inc hosp,2020-12-31,06113,quantile,0.15,31.13798832335067
36366,2020-12-27,4 day ahead inc hosp,2020-12-31,06113,quantile,0.2,32.68257873734248
36367,2020-12-27,4 day ahead inc hosp,2020-12-31,06113,quantile,0.25,34.007699779609155
36368,2020-12-27,4 day ahead inc hosp,2020-12-31,06113,quantile,0.3,35.19769943015215
36369,2020-12-27,4 day ahead inc hosp,2020-12-31,06113,quantile,0.35,36.300411451780306
36370,2020-12-27,4 day ahead inc hosp,2020-12-31,06113,quantile,0.4,37.34677732586172
36371,2020-12-27,4 day ahead inc hosp,2020-12-31,06113,quantile,0.45,38.359148418529095
36372,2020-12-27,4 day ahead inc hosp,2020-12-31,06113,quantile,0.5,39.35546875
36373,2020-12-27,4 day ahead inc hosp,2020-12-31,06113,quantile,0.55,41.84027587100423
36374,2020-12-27,4 day ahead inc hosp,2020-12-31,06113,quantile,0.6,44.36511333612446
36375,2020-12-27,4 day ahead inc hosp,2020-12-31,06113,quantile,0.65,46.9747332474785
36376,2020-12-27,4 day ahead inc hosp,2020-12-31,06113,quantile,0.7,49.7248795580666
36377,2020-12-27,4 day ahead inc hosp,2020-12-31,06113,quantile,0.75,52.69271983218444
36378,2020-12-27,4 day ahead inc hosp,2020-12-31,06113,quantile,0.8,55.99755071639986
36379,2020-12-27,4 day ahead inc hosp,2020-12-31,06113,quantile,0.85,59.84973473642839
36380,2020-12-27,4 day ahead inc hosp,2020-12-31,06113,quantile,0.9,64.69666185110486
36381,2020-12-27,4 day ahead inc hosp,2020-12-31,06113,quantile,0.95,71.88053797412974
36382,2020-12-27,4 day ahead inc hosp,2020-12-31,06113,quantile,0.975,78.11147915082526
36383,2020-12-27,4 day ahead inc hosp,2020-12-31,06113,quantile,0.99,85.3562948434562
36384,2020-12-27,5 day ahead inc hosp,2021-01-01,06113,point,NA,37.25758361816406
36385,2020-12-27,5 day ahead inc hosp,2021-01-01,06113,quantile,0.01,20.934067135270208
36386,2020-12-27,5 day ahead inc hosp,2021-01-01,06113,quantile,0.025,23.504909409579113
36387,2020-12-27,5 day ahead inc hosp,2021-01-01,06113,quantile,0.05,25.715975593370974
36388,2020-12-27,5 day ahead inc hosp,2021-01-01,06113,quantile,0.1,28.265193298005755
36389,2020-12-27,5 day ahead inc hosp,2021-01-01,06113,quantile,0.15,29.98513838088464
36390,2020-12-27,5 day ahead inc hosp,2021-01-01,06113,quantile,0.2,31.352096209388094
36391,2020-12-27,5 day ahead inc hosp,2021-01-01,06113,quantile,0.25,32.52482431001108
36392,2020-12-27,5 day ahead inc hosp,2021-01-01,06113,quantile,0.3,33.577970389056176
36393,2020-12-27,5 day ahead inc hosp,2021-01-01,06113,quantile,0.35,34.553867181432274
36394,2020-12-27,5 day ahead inc hosp,2021-01-01,06113,quantile,0.4,35.479897804241794
36395,2020-12-27,5 day ahead inc hosp,2021-01-01,06113,quantile,0.45,36.37584314867509
36396,2020-12-27,5 day ahead inc hosp,2021-01-01,06113,quantile,0.5,37.25758361816406
36397,2020-12-27,5 day ahead inc hosp,2021-01-01,06113,quantile,0.55,39.6609529884466
36398,2020-12-27,5 day ahead inc hosp,2021-01-01,06113,quantile,0.6,42.1030407373578
36399,2020-12-27,5 day ahead inc hosp,2021-01-01,06113,quantile,0.65,44.627132249335176
36400,2020-12-27,5 day ahead inc hosp,2021-01-01,06113,quantile,0.7,47.287144509760324
36401,2020-12-27,5 day ahead inc hosp,2021-01-01,06113,quantile,0.75,50.15771597199238
36402,2020-12-27,5 day ahead inc hosp,2021-01-01,06113,quantile,0.8,53.35423342155484
36403,2020-12-27,5 day ahead inc hosp,2021-01-01,06113,quantile,0.85,57.08016490499598
36404,2020-12-27,5 day ahead inc hosp,2021-01-01,06113,quantile,0.9,61.76823749982074
36405,2020-12-27,5 day ahead inc hosp,2021-01-01,06113,quantile,0.95,68.71666729464691
36406,2020-12-27,5 day ahead inc hosp,2021-01-01,06113,quantile,0.975,74.74339389467774
36407,2020-12-27,5 day ahead inc hosp,2021-01-01,06113,quantile,0.99,81.75076600892638
36408,2020-12-27,6 day ahead inc hosp,2021-01-02,06113,point,NA,39.14986038208008
36409,2020-12-27,6 day ahead inc hosp,2021-01-02,06113,quantile,0.01,7.385932476165909
36410,2020-12-27,6 day ahead inc hosp,2021-01-02,06113,quantile,0.025,12.388534013904408
36411,2020-12-27,6 day ahead inc hosp,2021-01-02,06113,quantile,0.05,16.69104731921879
36412,2020-12-27,6 day ahead inc hosp,2021-01-02,06113,quantile,0.1,21.65156961056175
36413,2020-12-27,6 day ahead inc hosp,2021-01-02,06113,quantile,0.15,24.99841045039843
36414,2020-12-27,6 day ahead inc hosp,2021-01-02,06113,quantile,0.2,27.658373452886927
36415,2020-12-27,6 day ahead inc hosp,2021-01-02,06113,quantile,0.25,29.940384861425304
36416,2020-12-27,6 day ahead inc hosp,2021-01-02,06113,quantile,0.3,31.989701634820335
36417,2020-12-27,6 day ahead inc hosp,2021-01-02,06113,quantile,0.35,33.888699034622746
36418,2020-12-27,6 day ahead inc hosp,2021-01-02,06113,quantile,0.4,35.69066186367463
36419,2020-12-27,6 day ahead inc hosp,2021-01-02,06113,quantile,0.45,37.43408175472825
36420,2020-12-27,6 day ahead inc hosp,2021-01-02,06113,quantile,0.5,39.14986038208008
36421,2020-12-27,6 day ahead inc hosp,2021-01-02,06113,quantile,0.55,41.590328860551836
36422,2020-12-27,6 day ahead inc hosp,2021-01-02,06113,quantile,0.6,44.070113385799075
36423,2020-12-27,6 day ahead inc hosp,2021-01-02,06113,quantile,0.65,46.633167508035285
36424,2020-12-27,6 day ahead inc hosp,2021-01-02,06113,quantile,0.7,49.33424049090051
36425,2020-12-27,6 day ahead inc hosp,2021-01-02,06113,quantile,0.75,52.24912292861517
36426,2020-12-27,6 day ahead inc hosp,2021-01-02,06113,quantile,0.8,55.49498275066368
36427,2020-12-27,6 day ahead inc hosp,2021-01-02,06113,quantile,0.85,59.27842879550308
36428,2020-12-27,6 day ahead inc hosp,2021-01-02,06113,quantile,0.9,64.03886784158783
36429,2020-12-27,6 day ahead inc hosp,2021-01-02,06113,quantile,0.95,71.09455561843329
36430,2020-12-27,6 day ahead inc hosp,2021-01-02,06113,quantile,0.975,77.21431252205625
36431,2020-12-27,6 day ahead inc hosp,2021-01-02,06113,quantile,0.99,84.32985246909958
36432,2020-12-27,7 day ahead inc hosp,2021-01-03,06113,point,NA,37.085025787353516
36433,2020-12-27,7 day ahead inc hosp,2021-01-03,06113,quantile,0.01,5.926186249018116
36434,2020-12-27,7 day ahead inc hosp,2021-01-03,06113,quantile,0.025,10.833490504660919
36435,2020-12-27,7 day ahead inc hosp,2021-01-03,06113,quantile,0.05,15.054042890025162
36436,2020-12-27,7 day ahead inc hosp,2021-01-03,06113,quantile,0.1,19.920069489761673
36437,2020-12-27,7 day ahead inc hosp,2021-01-03,06113,quantile,0.15,23.203154535090782
36438,2020-12-27,7 day ahead inc hosp,2021-01-03,06113,quantile,0.2,25.81244645320448
36439,2020-12-27,7 day ahead inc hosp,2021-01-03,06113,quantile,0.25,28.05098658318818
36440,2020-12-27,7 day ahead inc hosp,2021-01-03,06113,quantile,0.3,30.061264804904766
36441,2020-12-27,7 day ahead inc hosp,2021-01-03,06113,quantile,0.35,31.924087168669878
36442,2020-12-27,7 day ahead inc hosp,2021-01-03,06113,quantile,0.4,33.69172342608684
36443,2020-12-27,7 day ahead inc hosp,2021-01-03,06113,quantile,0.45,35.401931961825504
36444,2020-12-27,7 day ahead inc hosp,2021-01-03,06113,quantile,0.5,37.085025787353516
36445,2020-12-27,7 day ahead inc hosp,2021-01-03,06113,quantile,0.55,39.506922421490835
36446,2020-12-27,7 day ahead inc hosp,2021-01-03,06113,quantile,0.6,41.96783590923356
36447,2020-12-27,7 day ahead inc hosp,2021-01-03,06113,quantile,0.65,44.51138531645345
36448,2020-12-27,7 day ahead inc hosp,2021-01-03,06113,quantile,0.7,47.191903267603976
36449,2020-12-27,7 day ahead inc hosp,2021-01-03,06113,quantile,0.75,50.08460359423465
36450,2020-12-27,7 day ahead inc hosp,2021-01-03,06113,quantile,0.8,53.30576258368555
36451,2020-12-27,7 day ahead inc hosp,2021-01-03,06113,quantile,0.85,57.06041679137879
36452,2020-12-27,7 day ahead inc hosp,2021-01-03,06113,quantile,0.9,61.784629131932476
36453,2020-12-27,7 day ahead inc hosp,2021-01-03,06113,quantile,0.95,68.78662347400511
36454,2020-12-27,7 day ahead inc hosp,2021-01-03,06113,quantile,0.975,74.85980933047819
36455,2020-12-27,7 day ahead inc hosp,2021-01-03,06113,quantile,0.99,81.92120037069577
36456,2020-12-27,8 day ahead inc hosp,2021-01-04,06113,point,NA,30.38372230529785
36457,2020-12-27,8 day ahead inc hosp,2021-01-04,06113,quantile,0.01,14.560099194463525
36458,2020-12-27,8 day ahead inc hosp,2021-01-04,06113,quantile,0.025,17.052211679459926
36459,2020-12-27,8 day ahead inc hosp,2021-01-04,06113,quantile,0.05,19.195565901088436
36460,2020-12-27,8 day ahead inc hosp,2021-01-04,06113,quantile,0.1,21.66671604988627
36461,2020-12-27,8 day ahead inc hosp,2021-01-04,06113,quantile,0.15,23.333989323468508
36462,2020-12-27,8 day ahead inc hosp,2021-01-04,06113,quantile,0.2,24.659085267673333
36463,2020-12-27,8 day ahead inc hosp,2021-01-04,06113,quantile,0.25,25.79589959902094
36464,2020-12-27,8 day ahead inc hosp,2021-01-04,06113,quantile,0.3,26.81679400329505
36465,2020-12-27,8 day ahead inc hosp,2021-01-04,06113,quantile,0.35,27.762804812535457
36466,2020-12-27,8 day ahead inc hosp,2021-01-04,06113,quantile,0.4,28.660476559905867
36467,2020-12-27,8 day ahead inc hosp,2021-01-04,06113,quantile,0.45,29.528984364157235
36468,2020-12-27,8 day ahead inc hosp,2021-01-04,06113,quantile,0.5,30.38372230529785
36469,2020-12-27,8 day ahead inc hosp,2021-01-04,06113,quantile,0.55,32.43012019581831
36470,2020-12-27,8 day ahead inc hosp,2021-01-04,06113,quantile,0.6,34.50948563986166
36471,2020-12-27,8 day ahead inc hosp,2021-01-04,06113,quantile,0.65,36.65867486123543
36472,2020-12-27,8 day ahead inc hosp,2021-01-04,06113,quantile,0.7,38.92359657730634
36473,2020-12-27,8 day ahead inc hosp,2021-01-04,06113,quantile,0.75,41.36780322216731
36474,2020-12-27,8 day ahead inc hosp,2021-01-04,06113,quantile,0.8,44.08954322879286
36475,2020-12-27,8 day ahead inc hosp,2021-01-04,06113,quantile,0.85,47.262063617134736
36476,2020-12-27,8 day ahead inc hosp,2021-01-04,06113,quantile,0.9,51.253818687029934
36477,2020-12-27,8 day ahead inc hosp,2021-01-04,06113,quantile,0.95,57.17020101692964
36478,2020-12-27,8 day ahead inc hosp,2021-01-04,06113,quantile,0.975,62.30178035448138
36479,2020-12-27,8 day ahead inc hosp,2021-01-04,06113,quantile,0.99,68.26835032495768
36480,2020-12-27,9 day ahead inc hosp,2021-01-05,06113,point,NA,31.142229080200195
36481,2020-12-27,9 day ahead inc hosp,2021-01-05,06113,quantile,0.01,14.413275192899405
36482,2020-12-27,9 day ahead inc hosp,2021-01-05,06113,quantile,0.025,17.047971087225037
36483,2020-12-27,9 day ahead inc hosp,2021-01-05,06113,quantile,0.05,19.313954906899333
36484,2020-12-27,9 day ahead inc hosp,2021-01-05,06113,quantile,0.1,21.92648912856759
36485,2020-12-27,9 day ahead inc hosp,2021-01-05,06113,quantile,0.15,23.689153564893118
36486,2020-12-27,9 day ahead inc hosp,2021-01-05,06113,quantile,0.2,25.090063381284903
36487,2020-12-27,9 day ahead inc hosp,2021-01-05,06113,quantile,0.25,26.291919264373746
36488,2020-12-27,9 day ahead inc hosp,2021-01-05,06113,quantile,0.3,27.37122299230515
36489,2020-12-27,9 day ahead inc hosp,2021-01-05,06113,quantile,0.35,28.37135874464338
36490,2020-12-27,9 day ahead inc hosp,2021-01-05,06113,quantile,0.4,29.320389770123896
36491,2020-12-27,9 day ahead inc hosp,2021-01-05,06113,quantile,0.45,30.238588270322875
36492,2020-12-27,9 day ahead inc hosp,2021-01-05,06113,quantile,0.5,31.142229080200195
36493,2020-12-27,9 day ahead inc hosp,2021-01-05,06113,quantile,0.55,32.96599205534565
36494,2020-12-27,9 day ahead inc hosp,2021-01-05,06113,quantile,0.6,34.81913592644233
36495,2020-12-27,9 day ahead inc hosp,2021-01-05,06113,quantile,0.65,36.734507197435136
36496,2020-12-27,9 day ahead inc hosp,2021-01-05,06113,quantile,0.7,38.75302001281069
36497,2020-12-27,9 day ahead inc hosp,2021-01-05,06113,quantile,0.75,40.931312710995705
36498,2020-12-27,9 day ahead inc hosp,2021-01-05,06113,quantile,0.8,43.35694492799989
36499,2020-12-27,9 day ahead inc hosp,2021-01-05,06113,quantile,0.85,46.18431552340276
36500,2020-12-27,9 day ahead inc hosp,2021-01-05,06113,quantile,0.9,49.741793341400566
36501,2020-12-27,9 day ahead inc hosp,2021-01-05,06113,quantile,0.95,55.01451136464465
36502,2020-12-27,9 day ahead inc hosp,2021-01-05,06113,quantile,0.975,59.58780790839163
36503,2020-12-27,9 day ahead inc hosp,2021-01-05,06113,quantile,0.99,64.9052534800355
36504,2020-12-27,10 day ahead inc hosp,2021-01-06,06113,point,NA,29.898258209228516
36505,2020-12-27,10 day ahead inc hosp,2021-01-06,06113,quantile,0.01,13.373777364857471
36506,2020-12-27,10 day ahead inc hosp,2021-01-06,06113,quantile,0.025,15.976270152501325
36507,2020-12-27,10 day ahead inc hosp,2021-01-06,06113,quantile,0.05,18.21455752385257
36508,2020-12-27,10 day ahead inc hosp,2021-01-06,06113,quantile,0.1,20.79515951439261
36509,2020-12-27,10 day ahead inc hosp,2021-01-06,06113,quantile,0.15,22.53627942597453
36510,2020-12-27,10 day ahead inc hosp,2021-01-06,06113,quantile,0.2,23.920066337075436
36511,2020-12-27,10 day ahead inc hosp,2021-01-06,06113,quantile,0.25,25.1072322920771
36512,2020-12-27,10 day ahead inc hosp,2021-01-06,06113,quantile,0.3,26.173344010574905
36513,2020-12-27,10 day ahead inc hosp,2021-01-06,06113,quantile,0.35,27.161255400170482
36514,2020-12-27,10 day ahead inc hosp,2021-01-06,06113,quantile,0.4,28.098686700831262
36515,2020-12-27,10 day ahead inc hosp,2021-01-06,06113,quantile,0.45,29.005662333024627
36516,2020-12-27,10 day ahead inc hosp,2021-01-06,06113,quantile,0.5,29.898258209228516
36517,2020-12-27,10 day ahead inc hosp,2021-01-06,06113,quantile,0.55,31.9210878861737
36518,2020-12-27,10 day ahead inc hosp,2021-01-06,06113,quantile,0.6,33.976505431759335
36519,2020-12-27,10 day ahead inc hosp,2021-01-06,06113,quantile,0.65,36.10094259938166
36520,2020-12-27,10 day ahead inc hosp,2021-01-06,06113,quantile,0.7,38.33977937909542
36521,2020-12-27,10 day ahead inc hosp,2021-01-06,06113,quantile,0.75,40.75583627629733
36522,2020-12-27,10 day ahead inc hosp,2021-01-06,06113,quantile,0.8,43.446230204005545
36523,2020-12-27,10 day ahead inc hosp,2021-01-06,06113,quantile,0.85,46.582212909020676
36524,2020-12-27,10 day ahead inc hosp,2021-01-06,06113,quantile,0.9,50.52799523018345
36525,2020-12-27,10 day ahead inc hosp,2021-01-06,06113,quantile,0.95,56.37623902114604
36526,2020-12-27,10 day ahead inc hosp,2021-01-06,06113,quantile,0.975,61.44871833794125
36527,2020-12-27,10 day ahead inc hosp,2021-01-06,06113,quantile,0.99,67.34657176212545
36528,2020-12-27,11 day ahead inc hosp,2021-01-07,06113,point,NA,29.520763397216797
36529,2020-12-27,11 day ahead inc hosp,2021-01-07,06113,quantile,0.01,10.357033062602465
36530,2020-12-27,11 day ahead inc hosp,2021-01-07,06113,quantile,0.025,13.375189605606636
36531,2020-12-27,11 day ahead inc hosp,2021-01-07,06113,quantile,0.05,15.97097073785077
36532,2020-12-27,11 day ahead inc hosp,2021-01-07,06113,quantile,0.1,18.963740139409573
36533,2020-12-27,11 day ahead inc hosp,2021-01-07,06113,quantile,0.15,20.982947446436686
36534,2020-12-27,11 day ahead inc hosp,2021-01-07,06113,quantile,0.2,22.587749403887592
36535,2020-12-27,11 day ahead inc hosp,2021-01-07,06113,quantile,0.25,23.96452658910468
36536,2020-12-27,11 day ahead inc hosp,2021-01-07,06113,quantile,0.3,25.200915052517356
36537,2020-12-27,11 day ahead inc hosp,2021-01-07,06113,quantile,0.35,26.3466132225844
36538,2020-12-27,11 day ahead inc hosp,2021-01-07,06113,quantile,0.4,27.433768747909692
36539,2020-12-27,11 day ahead inc hosp,2021-01-07,06113,quantile,0.45,28.485604300210312
36540,2020-12-27,11 day ahead inc hosp,2021-01-07,06113,quantile,0.5,29.520763397216797
36541,2020-12-27,11 day ahead inc hosp,2021-01-07,06113,quantile,0.55,32.003632945116216
36542,2020-12-27,11 day ahead inc hosp,2021-01-07,06113,quantile,0.6,34.52650162274984
36543,2020-12-27,11 day ahead inc hosp,2021-01-07,06113,quantile,0.65,37.13408663597787
36544,2020-12-27,11 day ahead inc hosp,2021-01-07,06113,quantile,0.7,39.88208847044923
36545,2020-12-27,11 day ahead inc hosp,2021-01-07,06113,quantile,0.75,42.84761451766153
36546,2020-12-27,11 day ahead inc hosp,2021-01-07,06113,quantile,0.8,46.14986840047386
36547,2020-12-27,11 day ahead inc hosp,2021-01-07,06113,quantile,0.85,49.99904861063365
36548,2020-12-27,11 day ahead inc hosp,2021-01-07,06113,quantile,0.9,54.84219624659767
36549,2020-12-27,11 day ahead inc hosp,2021-01-07,06113,quantile,0.95,62.0204706128316
36550,2020-12-27,11 day ahead inc hosp,2021-01-07,06113,quantile,0.975,68.24655310092325
36551,2020-12-27,11 day ahead inc hosp,2021-01-07,06113,quantile,0.99,75.48571951803632
36552,2020-12-27,12 day ahead inc hosp,2021-01-08,06113,point,NA,28.291179656982422
36553,2020-12-27,12 day ahead inc hosp,2021-01-08,06113,quantile,0.01,11.647019829192665
36554,2020-12-27,12 day ahead inc hosp,2021-01-08,06113,quantile,0.025,14.268361238715364
36555,2020-12-27,12 day ahead inc hosp,2021-01-08,06113,quantile,0.05,16.52285946472069
36556,2020-12-27,12 day ahead inc hosp,2021-01-08,06113,quantile,0.1,19.122151532470706
36557,2020-12-27,12 day ahead inc hosp,2021-01-08,06113,quantile,0.15,20.875881550414864
36558,2020-12-27,12 day ahead inc hosp,2021-01-08,06113,quantile,0.2,22.269690574303965
36559,2020-12-27,12 day ahead inc hosp,2021-01-08,06113,quantile,0.25,23.46545460969206
36560,2020-12-27,12 day ahead inc hosp,2021-01-08,06113,quantile,0.3,24.53928767011172
36561,2020-12-27,12 day ahead inc hosp,2021-01-08,06113,quantile,0.35,25.534354033707878
36562,2020-12-27,12 day ahead inc hosp,2021-01-08,06113,quantile,0.4,26.47857470500878
36563,2020-12-27,12 day ahead inc hosp,2021-01-08,06113,quantile,0.45,27.392119131869205
36564,2020-12-27,12 day ahead inc hosp,2021-01-08,06113,quantile,0.5,28.291179656982422
36565,2020-12-27,12 day ahead inc hosp,2021-01-08,06113,quantile,0.55,30.690281524898406
36566,2020-12-27,12 day ahead inc hosp,2021-01-08,06113,quantile,0.6,33.12803302180579
36567,2020-12-27,12 day ahead inc hosp,2021-01-08,06113,quantile,0.65,35.64764267317782
36568,2020-12-27,12 day ahead inc hosp,2021-01-08,06113,quantile,0.7,38.302931727608595
36569,2020-12-27,12 day ahead inc hosp,2021-01-08,06113,quantile,0.75,41.168406107943916
36570,2020-12-27,12 day ahead inc hosp,2021-01-08,06113,quantile,0.8,44.35924771510386
36571,2020-12-27,12 day ahead inc hosp,2021-01-08,06113,quantile,0.85,48.07856331102485
36572,2020-12-27,12 day ahead inc hosp,2021-01-08,06113,quantile,0.9,52.75831160866069
36573,2020-12-27,12 day ahead inc hosp,2021-01-08,06113,quantile,0.95,59.694403541084235
36574,2020-12-27,12 day ahead inc hosp,2021-01-08,06113,quantile,0.975,65.7104288854753
36575,2020-12-27,12 day ahead inc hosp,2021-01-08,06113,quantile,0.99,72.70535847738398
36576,2020-12-27,13 day ahead inc hosp,2021-01-09,06113,point,NA,26.459196090698242
36577,2020-12-27,13 day ahead inc hosp,2021-01-09,06113,quantile,0.01,-4.5279942694501045
36578,2020-12-27,13 day ahead inc hosp,2021-01-09,06113,quantile,0.025,0.35227641385575126
36579,2020-12-27,13 day ahead inc hosp,2021-01-09,06113,quantile,0.05,4.54957843562568
36580,2020-12-27,13 day ahead inc hosp,2021-01-09,06113,quantile,0.1,9.388798855181651
36581,2020-12-27,13 day ahead inc hosp,2021-01-09,06113,quantile,0.15,12.653797898005578
36582,2020-12-27,13 day ahead inc hosp,2021-01-09,06113,quantile,0.2,15.2487156346661
36583,2020-12-27,13 day ahead inc hosp,2021-01-09,06113,quantile,0.25,17.474923996864366
36584,2020-12-27,13 day ahead inc hosp,2021-01-09,06113,quantile,0.3,19.474127909980325
36585,2020-12-27,13 day ahead inc hosp,2021-01-09,06113,quantile,0.35,21.32668827642505
36586,2020-12-27,13 day ahead inc hosp,2021-01-09,06113,quantile,0.4,23.084586901907873
36587,2020-12-27,13 day ahead inc hosp,2021-01-09,06113,quantile,0.45,24.785374166057558
36588,2020-12-27,13 day ahead inc hosp,2021-01-09,06113,quantile,0.5,26.459196090698242
36589,2020-12-27,13 day ahead inc hosp,2021-01-09,06113,quantile,0.55,28.88069389731869
36590,2020-12-27,13 day ahead inc hosp,2021-01-09,06113,quantile,0.6,31.341202132416964
36591,2020-12-27,13 day ahead inc hosp,2021-01-09,06113,quantile,0.65,33.88433267886475
36592,2020-12-27,13 day ahead inc hosp,2021-01-09,06113,quantile,0.7,36.564409213852706
36593,2020-12-27,13 day ahead inc hosp,2021-01-09,06113,quantile,0.75,39.45663318304018
36594,2020-12-27,13 day ahead inc hosp,2021-01-09,06113,quantile,0.8,42.67726172588856
36595,2020-12-27,13 day ahead inc hosp,2021-01-09,06113,quantile,0.85,46.431297633282256
36596,2020-12-27,13 day ahead inc hosp,2021-01-09,06113,quantile,0.9,51.15473201087484
36597,2020-12-27,13 day ahead inc hosp,2021-01-09,06113,quantile,0.95,58.15557329464711
36598,2020-12-27,13 day ahead inc hosp,2021-01-09,06113,quantile,0.975,64.2277590450048
36599,2020-12-27,13 day ahead inc hosp,2021-01-09,06113,quantile,0.99,71.28798724572934
36600,2020-12-27,14 day ahead inc hosp,2021-01-10,06113,point,NA,27.216468811035156
36601,2020-12-27,14 day ahead inc hosp,2021-01-10,06113,quantile,0.01,-4.244334752885493
36602,2020-12-27,14 day ahead inc hosp,2021-01-10,06113,quantile,0.025,0.7105267728534095
36603,2020-12-27,14 day ahead inc hosp,2021-01-10,06113,quantile,0.05,4.971981034133471
36604,2020-12-27,14 day ahead inc hosp,2021-01-10,06113,quantile,0.1,9.885164877285725
36605,2020-12-27,14 day ahead inc hosp,2021-01-10,06113,quantile,0.15,13.20006669086792
36606,2020-12-27,14 day ahead inc hosp,2021-01-10,06113,quantile,0.2,15.83464556777709
36607,2020-12-27,14 day ahead inc hosp,2021-01-10,06113,quantile,0.25,18.094879656813802
36608,2020-12-27,14 day ahead inc hosp,2021-01-10,06113,quantile,0.3,20.124639724239987
36609,2020-12-27,14 day ahead inc hosp,2021-01-10,06113,quantile,0.35,22.005514921430446
36610,2020-12-27,14 day ahead inc hosp,2021-01-10,06113,quantile,0.4,23.790281552377635
36611,2020-12-27,14 day ahead inc hosp,2021-01-10,06113,quantile,0.45,25.51706392275499
36612,2020-12-27,14 day ahead inc hosp,2021-01-10,06113,quantile,0.5,27.216468811035156
36613,2020-12-27,14 day ahead inc hosp,2021-01-10,06113,quantile,0.55,29.6460941663919
36614,2020-12-27,14 day ahead inc hosp,2021-01-10,06113,quantile,0.6,32.11486088536827
36615,2020-12-27,14 day ahead inc hosp,2021-01-10,06113,quantile,0.65,34.66652723036294
36616,2020-12-27,14 day ahead inc hosp,2021-01-10,06113,quantile,0.7,37.35559921130817
36617,2020-12-27,14 day ahead inc hosp,2021-01-10,06113,quantile,0.75,40.257530681035846
36618,2020-12-27,14 day ahead inc hosp,2021-01-10,06113,quantile,0.8,43.48896898607849
36619,2020-12-27,14 day ahead inc hosp,2021-01-10,06113,quantile,0.85,47.25560499152378
36620,2020-12-27,14 day ahead inc hosp,2021-01-10,06113,quantile,0.9,51.99489316960366
36621,2020-12-27,14 day ahead inc hosp,2021-01-10,06113,quantile,0.95,59.01923217390798
36622,2020-12-27,14 day ahead inc hosp,2021-01-10,06113,quantile,0.975,65.11179869251868
36623,2020-12-27,14 day ahead inc hosp,2021-01-10,06113,quantile,0.99,72.19572394084486
36624,2020-12-27,15 day ahead inc hosp,2021-01-11,06113,point,NA,24.673141479492188
36625,2020-12-27,15 day ahead inc hosp,2021-01-11,06113,quantile,0.01,9.153903972368601
36626,2020-12-27,15 day ahead inc hosp,2021-01-11,06113,quantile,0.025,11.598077805265703
36627,2020-12-27,15 day ahead inc hosp,2021-01-11,06113,quantile,0.05,13.700202141415607
36628,2020-12-27,15 day ahead inc hosp,2021-01-11,06113,quantile,0.1,16.12381687277881
36629,2020-12-27,15 day ahead inc hosp,2021-01-11,06113,quantile,0.15,17.75901822589281
36630,2020-12-27,15 day ahead inc hosp,2021-01-11,06113,quantile,0.2,19.05862442441004
36631,2020-12-27,15 day ahead inc hosp,2021-01-11,06113,quantile,0.25,20.17357082360769
36632,2020-12-27,15 day ahead inc hosp,2021-01-11,06113,quantile,0.3,21.174827148954282
36633,2020-12-27,15 day ahead inc hosp,2021-01-11,06113,quantile,0.35,22.102640351409526
36634,2020-12-27,15 day ahead inc hosp,2021-01-11,06113,quantile,0.4,22.98304434948867
36635,2020-12-27,15 day ahead inc hosp,2021-01-11,06113,quantile,0.45,23.8348454064627
36636,2020-12-27,15 day ahead inc hosp,2021-01-11,06113,quantile,0.5,24.673141479492188
36637,2020-12-27,15 day ahead inc hosp,2021-01-11,06113,quantile,0.55,26.778660995469252
36638,2020-12-27,15 day ahead inc hosp,2021-01-11,06113,quantile,0.6,28.918100516767872
36639,2020-12-27,15 day ahead inc hosp,2021-01-11,06113,quantile,0.65,31.129381064940816
36640,2020-12-27,15 day ahead inc hosp,2021-01-11,06113,quantile,0.7,33.45973768690484
36641,2020-12-27,15 day ahead inc hosp,2021-01-11,06113,quantile,0.75,35.97455888354258
36642,2020-12-27,15 day ahead inc hosp,2021-01-11,06113,quantile,0.8,38.77493154220876
36643,2020-12-27,15 day ahead inc hosp,2021-01-11,06113,quantile,0.85,42.03910789004017
36644,2020-12-27,15 day ahead inc hosp,2021-01-11,06113,quantile,0.9,46.14618708592772
36645,2020-12-27,15 day ahead inc hosp,2021-01-11,06113,quantile,0.95,52.23349714292621
36646,2020-12-27,15 day ahead inc hosp,2021-01-11,06113,quantile,0.975,57.51333079260415
36647,2020-12-27,15 day ahead inc hosp,2021-01-11,06113,quantile,0.99,63.652278440309885
36648,2020-12-27,16 day ahead inc hosp,2021-01-12,06113,point,NA,27.11515998840332
36649,2020-12-27,16 day ahead inc hosp,2021-01-12,06113,quantile,0.01,10.765669501016387
36650,2020-12-27,16 day ahead inc hosp,2021-01-12,06113,quantile,0.025,13.34060250349982
36651,2020-12-27,16 day ahead inc hosp,2021-01-12,06113,quantile,0.05,15.55518693919852
36652,2020-12-27,16 day ahead inc hosp,2021-01-12,06113,quantile,0.1,18.108460962959356
36653,2020-12-27,16 day ahead inc hosp,2021-01-12,06113,quantile,0.15,19.83114282509517
36654,2020-12-27,16 day ahead inc hosp,2021-01-12,06113,quantile,0.2,21.200275758994366
36655,2020-12-27,16 day ahead inc hosp,2021-01-12,06113,quantile,0.25,22.374869906371835
36656,2020-12-27,16 day ahead inc hosp,2021-01-12,06113,quantile,0.3,23.429691753075062
36657,2020-12-27,16 day ahead inc hosp,2021-01-12,06113,quantile,0.35,24.407141393925723
36658,2020-12-27,16 day ahead inc hosp,2021-01-12,06113,quantile,0.4,25.33464551808422
36659,2020-12-27,16 day ahead inc hosp,2021-01-12,06113,quantile,0.45,26.232016492125346
36660,2020-12-27,16 day ahead inc hosp,2021-01-12,06113,quantile,0.5,27.11515998840332
36661,2020-12-27,16 day ahead inc hosp,2021-01-12,06113,quantile,0.55,28.936128174930683
36662,2020-12-27,16 day ahead inc hosp,2021-01-12,06113,quantile,0.6,30.78643223325058
36663,2020-12-27,16 day ahead inc hosp,2021-01-12,06113,quantile,0.65,32.698868332348496
36664,2020-12-27,16 day ahead inc hosp,2021-01-12,06113,quantile,0.7,34.714287918659316
36665,2020-12-27,16 day ahead inc hosp,2021-01-12,06113,quantile,0.75,36.88924253633567
36666,2020-12-27,16 day ahead inc hosp,2021-01-12,06113,quantile,0.8,39.31115764239718
36667,2020-12-27,16 day ahead inc hosp,2021-01-12,06113,quantile,0.85,42.134195491019426
36668,2020-12-27,16 day ahead inc hosp,2021-01-12,06113,quantile,0.9,45.68622172421682
36669,2020-12-27,16 day ahead inc hosp,2021-01-12,06113,quantile,0.95,50.950859677562235
36670,2020-12-27,16 day ahead inc hosp,2021-01-12,06113,quantile,0.975,55.51714796568508
36671,2020-12-27,16 day ahead inc hosp,2021-01-12,06113,quantile,0.99,60.82644492560502
36672,2020-12-27,17 day ahead inc hosp,2021-01-13,06113,point,NA,27.77581787109375
36673,2020-12-27,17 day ahead inc hosp,2021-01-13,06113,quantile,0.01,11.377303460812644
36674,2020-12-27,17 day ahead inc hosp,2021-01-13,06113,quantile,0.025,13.959957396071859
36675,2020-12-27,17 day ahead inc hosp,2021-01-13,06113,quantile,0.05,16.18118225990513
36676,2020-12-27,17 day ahead inc hosp,2021-01-13,06113,quantile,0.1,18.742112272026283
36677,2020-12-27,17 day ahead inc hosp,2021-01-13,06113,quantile,0.15,20.469959593161917
36678,2020-12-27,17 day ahead inc hosp,2021-01-13,06113,quantile,0.2,21.843197870125785
36679,2020-12-27,17 day ahead inc hosp,2021-01-13,06113,quantile,0.25,23.021314036306066
36680,2020-12-27,17 day ahead inc hosp,2021-01-13,06113,quantile,0.3,24.079298764746788
36681,2020-12-27,17 day ahead inc hosp,2021-01-13,06113,quantile,0.35,25.05967928689084
36682,2020-12-27,17 day ahead inc hosp,2021-01-13,06113,quantile,0.4,25.98996453078526
36683,2020-12-27,17 day ahead inc hosp,2021-01-13,06113,quantile,0.45,26.89002627035653
36684,2020-12-27,17 day ahead inc hosp,2021-01-13,06113,quantile,0.5,27.77581787109375
36685,2020-12-27,17 day ahead inc hosp,2021-01-13,06113,quantile,0.55,29.79707620597125
36686,2020-12-27,17 day ahead inc hosp,2021-01-13,06113,quantile,0.6,31.850897095104372
36687,2020-12-27,17 day ahead inc hosp,2021-01-13,06113,quantile,0.65,33.97368399155968
36688,2020-12-27,17 day ahead inc hosp,2021-01-13,06113,quantile,0.7,36.210781634036756
36689,2020-12-27,17 day ahead inc hosp,2021-01-13,06113,quantile,0.75,38.62496172871606
36690,2020-12-27,17 day ahead inc hosp,2021-01-13,06113,quantile,0.8,41.31326574781485
36691,2020-12-27,17 day ahead inc hosp,2021-01-13,06113,quantile,0.85,44.446812409101696
36692,2020-12-27,17 day ahead inc hosp,2021-01-13,06113,quantile,0.9,48.38952963100187
36693,2020-12-27,17 day ahead inc hosp,2021-01-13,06113,quantile,0.95,54.23323048313202
36694,2020-12-27,17 day ahead inc hosp,2021-01-13,06113,quantile,0.975,59.30176947799663
36695,2020-12-27,17 day ahead inc hosp,2021-01-13,06113,quantile,0.99,65.19504142638971
36696,2020-12-27,18 day ahead inc hosp,2021-01-14,06113,point,NA,29.032167434692383
36697,2020-12-27,18 day ahead inc hosp,2021-01-14,06113,quantile,0.01,10.773131144595805
36698,2020-12-27,18 day ahead inc hosp,2021-01-14,06113,quantile,0.025,13.648804559200583
36699,2020-12-27,18 day ahead inc hosp,2021-01-14,06113,quantile,0.05,16.12204234053088
36700,2020-12-27,18 day ahead inc hosp,2021-01-14,06113,quantile,0.1,18.97352710663879
36701,2020-12-27,18 day ahead inc hosp,2021-01-14,06113,quantile,0.15,20.897410340877496
36702,2020-12-27,18 day ahead inc hosp,2021-01-14,06113,quantile,0.2,22.426451747110782
36703,2020-12-27,18 day ahead inc hosp,2021-01-14,06113,quantile,0.25,23.738233125230536
36704,2020-12-27,18 day ahead inc hosp,2021-01-14,06113,quantile,0.3,24.91625334508995
36705,2020-12-27,18 day ahead inc hosp,2021-01-14,06113,quantile,0.35,26.007864638897708
36706,2020-12-27,18 day ahead inc hosp,2021-01-14,06113,quantile,0.4,27.043697007820104
36707,2020-12-27,18 day ahead inc hosp,2021-01-14,06113,quantile,0.45,28.04587681234287
36708,2020-12-27,18 day ahead inc hosp,2021-01-14,06113,quantile,0.5,29.032167434692383
36709,2020-12-27,18 day ahead inc hosp,2021-01-14,06113,quantile,0.55,31.495758561622907
36710,2020-12-27,18 day ahead inc hosp,2021-01-14,06113,quantile,0.6,33.999038242139136
36711,2020-12-27,18 day ahead inc hosp,2021-01-14,06113,quantile,0.65,36.586376472107965
36712,2020-12-27,18 day ahead inc hosp,2021-01-14,06113,quantile,0.7,39.313041246711215
36713,2020-12-27,18 day ahead inc hosp,2021-01-14,06113,quantile,0.75,42.255541251503864
36714,2020-12-27,18 day ahead inc hosp,2021-01-14,06113,quantile,0.8,45.53215454415596
36715,2020-12-27,18 day ahead inc hosp,2021-01-14,06113,quantile,0.85,49.35144751495619
36716,2020-12-27,18 day ahead inc hosp,2021-01-14,06113,quantile,0.9,54.15699017927778
36717,2020-12-27,18 day ahead inc hosp,2021-01-14,06113,quantile,0.95,61.2795283127404
36718,2020-12-27,18 day ahead inc hosp,2021-01-14,06113,quantile,0.975,67.45726793106908
36719,2020-12-27,18 day ahead inc hosp,2021-01-14,06113,quantile,0.99,74.6402253146584
36720,2020-12-27,19 day ahead inc hosp,2021-01-15,06113,point,NA,28.61412239074707
36721,2020-12-27,19 day ahead inc hosp,2021-01-15,06113,quantile,0.01,12.590934841291428
36722,2020-12-27,19 day ahead inc hosp,2021-01-15,06113,quantile,0.025,15.114477361341493
36723,2020-12-27,19 day ahead inc hosp,2021-01-15,06113,quantile,0.05,17.284863147044167
36724,2020-12-27,19 day ahead inc hosp,2021-01-15,06113,quantile,0.1,19.787178958013016
36725,2020-12-27,19 day ahead inc hosp,2021-01-15,06113,quantile,0.15,21.475479555902734
36726,2020-12-27,19 day ahead inc hosp,2021-01-15,06113,quantile,0.2,22.81728735088739
36727,2020-12-27,19 day ahead inc hosp,2021-01-15,06113,quantile,0.25,23.96843896215269
36728,2020-12-27,19 day ahead inc hosp,2021-01-15,06113,quantile,0.3,25.00220868690515
36729,2020-12-27,19 day ahead inc hosp,2021-01-15,06113,quantile,0.35,25.960150399375074
36730,2020-12-27,19 day ahead inc hosp,2021-01-15,06113,quantile,0.4,26.86914340718473
36731,2020-12-27,19 day ahead inc hosp,2021-01-15,06113,quantile,0.45,27.748604661930944
36732,2020-12-27,19 day ahead inc hosp,2021-01-15,06113,quantile,0.5,28.61412239074707
36733,2020-12-27,19 day ahead inc hosp,2021-01-15,06113,quantile,0.55,30.973312505695883
36734,2020-12-27,19 day ahead inc hosp,2021-01-15,06113,quantile,0.6,33.370509269667124
36735,2020-12-27,19 day ahead inc hosp,2021-01-15,06113,quantile,0.65,35.84820238580399
36736,2020-12-27,19 day ahead inc hosp,2021-01-15,06113,quantile,0.7,38.459317725806805
36737,2020-12-27,19 day ahead inc hosp,2021-01-15,06113,quantile,0.75,41.27712172284946
36738,2020-12-27,19 day ahead inc hosp,2021-01-15,06113,quantile,0.8,44.41488009761921
36739,2020-12-27,19 day ahead inc hosp,2021-01-15,06113,quantile,0.85,48.07232070304623
36740,2020-12-27,19 day ahead inc hosp,2021-01-15,06113,quantile,0.9,52.674216133948214
36741,2020-12-27,19 day ahead inc hosp,2021-01-15,06113,quantile,0.95,59.4949183901489
36742,2020-12-27,19 day ahead inc hosp,2021-01-15,06113,quantile,0.975,65.41086039893813
36743,2020-12-27,19 day ahead inc hosp,2021-01-15,06113,quantile,0.99,72.28942148410329
36744,2020-12-27,20 day ahead inc hosp,2021-01-16,06113,point,NA,28.68898582458496
36745,2020-12-27,20 day ahead inc hosp,2021-01-16,06113,quantile,0.01,-0.9221069911789606
36746,2020-12-27,20 day ahead inc hosp,2021-01-16,06113,quantile,0.025,3.7414377345562038
36747,2020-12-27,20 day ahead inc hosp,2021-01-16,06113,quantile,0.05,7.752343476506404
36748,2020-12-27,20 day ahead inc hosp,2021-01-16,06113,quantile,0.1,12.376660922972885
36749,2020-12-27,20 day ahead inc hosp,2021-01-16,06113,quantile,0.15,15.496665950107484
36750,2020-12-27,20 day ahead inc hosp,2021-01-16,06113,quantile,0.2,17.976347039501963
36751,2020-12-27,20 day ahead inc hosp,2021-01-16,06113,quantile,0.25,20.1036926192116
36752,2020-12-27,20 day ahead inc hosp,2021-01-16,06113,quantile,0.3,22.014114698170026
36753,2020-12-27,20 day ahead inc hosp,2021-01-16,06113,quantile,0.35,23.78440546412954
36754,2020-12-27,20 day ahead inc hosp,2021-01-16,06113,quantile,0.4,25.464238283913673
36755,2020-12-27,20 day ahead inc hosp,2021-01-16,06113,quantile,0.45,27.089495977601665
36756,2020-12-27,20 day ahead inc hosp,2021-01-16,06113,quantile,0.5,28.68898582458496
36757,2020-12-27,20 day ahead inc hosp,2021-01-16,06113,quantile,0.55,31.088012193301537
36758,2020-12-27,20 day ahead inc hosp,2021-01-16,06113,quantile,0.6,33.525686974714326
36759,2020-12-27,20 day ahead inc hosp,2021-01-16,06113,quantile,0.65,36.04521733453395
36760,2020-12-27,20 day ahead inc hosp,2021-01-16,06113,quantile,0.7,38.70042282761183
36761,2020-12-27,20 day ahead inc hosp,2021-01-16,06113,quantile,0.75,41.56580703210905
36762,2020-12-27,20 day ahead inc hosp,2021-01-16,06113,quantile,0.8,44.756548224197005
36763,2020-12-27,20 day ahead inc hosp,2021-01-16,06113,quantile,0.85,48.475746774087725
36764,2020-12-27,20 day ahead inc hosp,2021-01-16,06113,quantile,0.9,53.155347801090905
36765,2020-12-27,20 day ahead inc hosp,2021-01-16,06113,quantile,0.95,60.09122145625206
36766,2020-12-27,20 day ahead inc hosp,2021-01-16,06113,quantile,0.975,66.10705747767055
36767,2020-12-27,20 day ahead inc hosp,2021-01-16,06113,quantile,0.99,73.10176694070887
36768,2020-12-27,21 day ahead inc hosp,2021-01-17,06113,point,NA,35.23721694946289
36769,2020-12-27,21 day ahead inc hosp,2021-01-17,06113,quantile,0.01,4.987198011131653
36770,2020-12-27,21 day ahead inc hosp,2021-01-17,06113,quantile,0.025,9.751369234091094
36771,2020-12-27,21 day ahead inc hosp,2021-01-17,06113,quantile,0.05,13.848819315003446
36772,2020-12-27,21 day ahead inc hosp,2021-01-17,06113,quantile,0.1,18.57291684165725
36773,2020-12-27,21 day ahead inc hosp,2021-01-17,06113,quantile,0.15,21.760243015187243
36774,2020-12-27,21 day ahead inc hosp,2021-01-17,06113,quantile,0.2,24.293428817613012
36775,2020-12-27,21 day ahead inc hosp,2021-01-17,06113,quantile,0.25,26.466676676953508
36776,2020-12-27,21 day ahead inc hosp,2021-01-17,06113,quantile,0.3,28.41832042169004
36777,2020-12-27,21 day ahead inc hosp,2021-01-17,06113,quantile,0.35,30.226809204249236
36778,2020-12-27,21 day ahead inc hosp,2021-01-17,06113,quantile,0.4,31.94288820639428
36779,2020-12-27,21 day ahead inc hosp,2021-01-17,06113,quantile,0.45,33.603214500990106
36780,2020-12-27,21 day ahead inc hosp,2021-01-17,06113,quantile,0.5,35.23721694946289
36781,2020-12-27,21 day ahead inc hosp,2021-01-17,06113,quantile,0.55,37.59348943979457
36782,2020-12-27,21 day ahead inc hosp,2021-01-17,06113,quantile,0.6,39.98772157609704
36783,2020-12-27,21 day ahead inc hosp,2021-01-17,06113,quantile,0.65,42.462350514241834
36784,2020-12-27,21 day ahead inc hosp,2021-01-17,06113,quantile,0.7,45.070236672185146
36785,2020-12-27,21 day ahead inc hosp,2021-01-17,06113,quantile,0.75,47.88455587406189
36786,2020-12-27,21 day ahead inc hosp,2021-01-17,06113,quantile,0.8,51.018433764160726
36787,2020-12-27,21 day ahead inc hosp,2021-01-17,06113,quantile,0.85,54.67135119077376
36788,2020-12-27,21 day ahead inc hosp,2021-01-17,06113,quantile,0.9,59.26755542989362
36789,2020-12-27,21 day ahead inc hosp,2021-01-17,06113,quantile,0.95,66.07982248255445
36790,2020-12-27,21 day ahead inc hosp,2021-01-17,06113,quantile,0.975,71.98844821024832
36791,2020-12-27,21 day ahead inc hosp,2021-01-17,06113,quantile,0.99,78.85850253751153
36792,2020-12-27,22 day ahead inc hosp,2021-01-18,06113,point,NA,25.92888641357422
36793,2020-12-27,22 day ahead inc hosp,2021-01-18,06113,quantile,0.01,8.6248193690048
36794,2020-12-27,22 day ahead inc hosp,2021-01-18,06113,quantile,0.025,11.35009165468378
36795,2020-12-27,22 day ahead inc hosp,2021-01-18,06113,quantile,0.05,13.693976167828325
36796,2020-12-27,22 day ahead inc hosp,2021-01-18,06113,quantile,0.1,16.39632490000441
36797,2020-12-27,22 day ahead inc hosp,2021-01-18,06113,quantile,0.15,18.219586760174224
36798,2020-12-27,22 day ahead inc hosp,2021-01-18,06113,quantile,0.2,19.668657488060024
36799,2020-12-27,22 day ahead inc hosp,2021-01-18,06113,quantile,0.25,20.911831144881855
36800,2020-12-27,22 day ahead inc hosp,2021-01-18,06113,quantile,0.3,22.028239510604966
36801,2020-12-27,22 day ahead inc hosp,2021-01-18,06113,quantile,0.35,23.06275823955365
36802,2020-12-27,22 day ahead inc hosp,2021-01-18,06113,quantile,0.4,24.04441534751888
36803,2020-12-27,22 day ahead inc hosp,2021-01-18,06113,quantile,0.45,24.99417996010039
36804,2020-12-27,22 day ahead inc hosp,2021-01-18,06113,quantile,0.5,25.92888641357422
36805,2020-12-27,22 day ahead inc hosp,2021-01-18,06113,quantile,0.55,28.343898719125498
36806,2020-12-27,22 day ahead inc hosp,2021-01-18,06113,quantile,0.6,30.797816971467732
36807,2020-12-27,22 day ahead inc hosp,2021-01-18,06113,quantile,0.65,33.33413624770378
36808,2020-12-27,22 day ahead inc hosp,2021-01-18,06113,quantile,0.7,36.00703472984131
36809,2020-12-27,22 day ahead inc hosp,2021-01-18,06113,quantile,0.75,38.891512451399265
36810,2020-12-27,22 day ahead inc hosp,2021-01-18,06113,quantile,0.8,42.10351518017466
36811,2020-12-27,22 day ahead inc hosp,2021-01-18,06113,quantile,0.85,45.84749664778132
36812,2020-12-27,22 day ahead inc hosp,2021-01-18,06113,quantile,0.9,50.55828024426551
36813,2020-12-27,22 day ahead inc hosp,2021-01-18,06113,quantile,0.95,57.540371164726764
36814,2020-12-27,22 day ahead inc hosp,2021-01-18,06113,quantile,0.975,63.59629377122842
36815,2020-12-27,22 day ahead inc hosp,2021-01-18,06113,quantile,0.99,70.6376125525766
36816,2020-12-27,23 day ahead inc hosp,2021-01-19,06113,point,NA,27.814067840576172
36817,2020-12-27,23 day ahead inc hosp,2021-01-19,06113,quantile,0.01,11.150961354800433
36818,2020-12-27,23 day ahead inc hosp,2021-01-19,06113,quantile,0.025,13.775286733454923
36819,2020-12-27,23 day ahead inc hosp,2021-01-19,06113,quantile,0.05,16.032351337532802
36820,2020-12-27,23 day ahead inc hosp,2021-01-19,06113,quantile,0.1,18.634602274839644
36821,2020-12-27,23 day ahead inc hosp,2021-01-19,06113,quantile,0.15,20.390328628026523
36822,2020-12-27,23 day ahead inc hosp,2021-01-19,06113,quantile,0.2,21.785724275881428
36823,2020-12-27,23 day ahead inc hosp,2021-01-19,06113,quantile,0.25,22.9828494933565
36824,2020-12-27,23 day ahead inc hosp,2021-01-19,06113,quantile,0.3,24.05790493735937
36825,2020-12-27,23 day ahead inc hosp,2021-01-19,06113,quantile,0.35,25.054104021516945
36826,2020-12-27,23 day ahead inc hosp,2021-01-19,06113,quantile,0.4,25.99939953386164
36827,2020-12-27,23 day ahead inc hosp,2021-01-19,06113,quantile,0.45,26.913983881870976
36828,2020-12-27,23 day ahead inc hosp,2021-01-19,06113,quantile,0.5,27.814067840576172
36829,2020-12-27,23 day ahead inc hosp,2021-01-19,06113,quantile,0.55,29.798541647261988
36830,2020-12-27,23 day ahead inc hosp,2021-01-19,06113,quantile,0.6,31.814985407953206
36831,2020-12-27,23 day ahead inc hosp,2021-01-19,06113,quantile,0.65,33.899140075618064
36832,2020-12-27,23 day ahead inc hosp,2021-01-19,06113,quantile,0.7,36.09552516795877
36833,2020-12-27,23 day ahead inc hosp,2021-01-19,06113,quantile,0.75,38.465770019814244
36834,2020-12-27,23 day ahead inc hosp,2021-01-19,06113,quantile,0.8,41.10515006256028
36835,2020-12-27,23 day ahead inc hosp,2021-01-19,06113,quantile,0.85,44.18166985424163
36836,2020-12-27,23 day ahead inc hosp,2021-01-19,06113,quantile,0.9,48.05263425251789
36837,2020-12-27,23 day ahead inc hosp,2021-01-19,06113,quantile,0.95,53.78998661122205
36838,2020-12-27,23 day ahead inc hosp,2021-01-19,06113,quantile,0.975,58.76628414821356
36839,2020-12-27,23 day ahead inc hosp,2021-01-19,06113,quantile,0.99,64.55230546743852
36840,2020-12-27,24 day ahead inc hosp,2021-01-20,06113,point,NA,30.139802932739258
36841,2020-12-27,24 day ahead inc hosp,2021-01-20,06113,quantile,0.01,13.46210707659867
36842,2020-12-27,24 day ahead inc hosp,2021-01-20,06113,quantile,0.025,16.08873018136682
36843,2020-12-27,24 day ahead inc hosp,2021-01-20,06113,quantile,0.05,18.347770956663098
36844,2020-12-27,24 day ahead inc hosp,2021-01-20,06113,quantile,0.1,20.952300292823058
36845,2020-12-27,24 day ahead inc hosp,2021-01-20,06113,quantile,0.15,22.70956387089942
36846,2020-12-27,24 day ahead inc hosp,2021-01-20,06113,quantile,0.2,24.10618125636546
36847,2020-12-27,24 day ahead inc hosp,2021-01-20,06113,quantile,0.25,25.30435461592531
36848,2020-12-27,24 day ahead inc hosp,2021-01-20,06113,quantile,0.3,26.380351323914503
36849,2020-12-27,24 day ahead inc hosp,2021-01-20,06113,quantile,0.35,27.377422629431777
36850,2020-12-27,24 day ahead inc hosp,2021-01-20,06113,quantile,0.4,28.32354579455212
36851,2020-12-27,24 day ahead inc hosp,2021-01-20,06113,quantile,0.45,29.23893090620024
36852,2020-12-27,24 day ahead inc hosp,2021-01-20,06113,quantile,0.5,30.139802932739258
36853,2020-12-27,24 day ahead inc hosp,2021-01-20,06113,quantile,0.55,32.254795081602076
36854,2020-12-27,24 day ahead inc hosp,2021-01-20,06113,quantile,0.6,34.40385984028879
36855,2020-12-27,24 day ahead inc hosp,2021-01-20,06113,quantile,0.65,36.6250888352376
36856,2020-12-27,24 day ahead inc hosp,2021-01-20,06113,quantile,0.7,38.965929621611046
36857,2020-12-27,24 day ahead inc hosp,2021-01-20,06113,quantile,0.75,41.492064880069776
36858,2020-12-27,24 day ahead inc hosp,2021-01-20,06113,quantile,0.8,44.305036283101686
36859,2020-12-27,24 day ahead inc hosp,2021-01-20,06113,quantile,0.85,47.58389800619689
36860,2020-12-27,24 day ahead inc hosp,2021-01-20,06113,quantile,0.9,51.70945475746217
36861,2020-12-27,24 day ahead inc hosp,2021-01-20,06113,quantile,0.95,57.82415133498168
36862,2020-12-27,24 day ahead inc hosp,2021-01-20,06113,quantile,0.975,63.127738706950836
36863,2020-12-27,24 day ahead inc hosp,2021-01-20,06113,quantile,0.99,69.29430519025999
36864,2020-12-27,25 day ahead inc hosp,2021-01-21,06113,point,NA,33.43968963623047
36865,2020-12-27,25 day ahead inc hosp,2021-01-21,06113,quantile,0.01,14.172349480234015
36866,2020-12-27,25 day ahead inc hosp,2021-01-21,06113,quantile,0.025,17.20682386192949
36867,2020-12-27,25 day ahead inc hosp,2021-01-21,06113,quantile,0.05,19.816639235668514
36868,2020-12-27,25 day ahead inc hosp,2021-01-21,06113,quantile,0.1,22.82558921886352
36869,2020-12-27,25 day ahead inc hosp,2021-01-21,06113,quantile,0.15,24.855713487503095
36870,2020-12-27,25 day ahead inc hosp,2021-01-21,06113,quantile,0.2,26.469191899968862
36871,2020-12-27,25 day ahead inc hosp,2021-01-21,06113,quantile,0.25,27.853412711022493
36872,2020-12-27,25 day ahead inc hosp,2021-01-21,06113,quantile,0.3,29.096485780491314
36873,2020-12-27,25 day ahead inc hosp,2021-01-21,06113,quantile,0.35,30.248378234274824
36874,2020-12-27,25 day ahead inc hosp,2021-01-21,06113,quantile,0.4,31.341411529106722
36875,2020-12-27,25 day ahead inc hosp,2021-01-21,06113,quantile,0.45,32.39893389142785
36876,2020-12-27,25 day ahead inc hosp,2021-01-21,06113,quantile,0.5,33.43968963623047
36877,2020-12-27,25 day ahead inc hosp,2021-01-21,06113,quantile,0.55,36.00703511850777
36878,2020-12-27,25 day ahead inc hosp,2021-01-21,06113,quantile,0.6,38.615740641269284
36879,2020-12-27,25 day ahead inc hosp,2021-01-21,06113,quantile,0.65,41.31204484663069
36880,2020-12-27,25 day ahead inc hosp,2021-01-21,06113,quantile,0.7,44.15354334621502
36881,2020-12-27,25 day ahead inc hosp,2021-01-21,06113,quantile,0.75,47.219966995547466
36882,2020-12-27,25 day ahead inc hosp,2021-01-21,06113,quantile,0.8,50.634575143020854
36883,2020-12-27,25 day ahead inc hosp,2021-01-21,06113,quantile,0.85,54.61471797065573
36884,2020-12-27,25 day ahead inc hosp,2021-01-21,06113,quantile,0.9,59.62264648374003
36885,2020-12-27,25 day ahead inc hosp,2021-01-21,06113,quantile,0.95,67.04515093238865
36886,2020-12-27,25 day ahead inc hosp,2021-01-21,06113,quantile,0.975,73.48306659397115
36887,2020-12-27,25 day ahead inc hosp,2021-01-21,06113,quantile,0.99,80.96853485473926
36888,2020-12-27,26 day ahead inc hosp,2021-01-22,06113,point,NA,29.770353317260742
36889,2020-12-27,26 day ahead inc hosp,2021-01-22,06113,quantile,0.01,13.647938747693622
36890,2020-12-27,26 day ahead inc hosp,2021-01-22,06113,quantile,0.025,16.187108845191453
36891,2020-12-27,26 day ahead inc hosp,2021-01-22,06113,quantile,0.05,18.370935209639327
36892,2020-12-27,26 day ahead inc hosp,2021-01-22,06113,quantile,0.1,20.888747147114458
36893,2020-12-27,26 day ahead inc hosp,2021-01-22,06113,quantile,0.15,22.587502907989943
36894,2020-12-27,26 day ahead inc hosp,2021-01-22,06113,quantile,0.2,23.937620135080273
36895,2020-12-27,26 day ahead inc hosp,2021-01-22,06113,quantile,0.25,25.095900499206376
36896,2020-12-27,26 day ahead inc hosp,2021-01-22,06113,quantile,0.3,26.136072064351207
36897,2020-12-27,26 day ahead inc hosp,2021-01-22,06113,quantile,0.35,27.099946036009605
36898,2020-12-27,26 day ahead inc hosp,2021-01-22,06113,quantile,0.4,28.014568177672228
36899,2020-12-27,26 day ahead inc hosp,2021-01-22,06113,quantile,0.45,28.899475684566628
36900,2020-12-27,26 day ahead inc hosp,2021-01-22,06113,quantile,0.5,29.770353317260742
36901,2020-12-27,26 day ahead inc hosp,2021-01-22,06113,quantile,0.55,32.148532799100714
36902,2020-12-27,26 day ahead inc hosp,2021-01-22,06113,quantile,0.6,34.56502484943863
36903,2020-12-27,26 day ahead inc hosp,2021-01-22,06113,quantile,0.65,37.06266117546261
36904,2020-12-27,26 day ahead inc hosp,2021-01-22,06113,quantile,0.7,39.69479365472532
36905,2020-12-27,26 day ahead inc hosp,2021-01-22,06113,quantile,0.75,42.53527844955031
36906,2020-12-27,26 day ahead inc hosp,2021-01-22,06113,quantile,0.8,45.69829296820468
36907,2020-12-27,26 day ahead inc hosp,2021-01-22,06113,quantile,0.85,49.385172693903954
36908,2020-12-27,26 day ahead inc hosp,2021-01-22,06113,quantile,0.9,54.0241092603119
36909,2020-12-27,26 day ahead inc hosp,2021-01-22,06113,quantile,0.95,60.899712059193604
36910,2020-12-27,26 day ahead inc hosp,2021-01-22,06113,quantile,0.975,66.86327210122225
36911,2020-12-27,26 day ahead inc hosp,2021-01-22,06113,quantile,0.99,73.79719944080743
36912,2020-12-27,27 day ahead inc hosp,2021-01-23,06113,point,NA,30.61246109008789
36913,2020-12-27,27 day ahead inc hosp,2021-01-23,06113,quantile,0.01,-0.2117502955513011
36914,2020-12-27,27 day ahead inc hosp,2021-01-23,06113,quantile,0.025,4.642852313235764
36915,2020-12-27,27 day ahead inc hosp,2021-01-23,06113,quantile,0.05,8.818078374866595
36916,2020-12-27,27 day ahead inc hosp,2021-01-23,06113,quantile,0.1,13.631846626212528
36917,2020-12-27,27 day ahead inc hosp,2021-01-23,06113,quantile,0.15,16.87967321197958
36918,2020-12-27,27 day ahead inc hosp,2021-01-23,06113,quantile,0.2,19.460942824149264
36919,2020-12-27,27 day ahead inc hosp,2021-01-23,06113,quantile,0.25,21.675442310786444
36920,2020-12-27,27 day ahead inc hosp,2021-01-23,06113,quantile,0.3,23.66413129177053
36921,2020-12-27,27 day ahead inc hosp,2021-01-23,06113,quantile,0.35,25.50694800655693
36922,2020-12-27,27 day ahead inc hosp,2021-01-23,06113,quantile,0.4,27.255600859449775
36923,2020-12-27,27 day ahead inc hosp,2021-01-23,06113,quantile,0.45,28.947442731618203
36924,2020-12-27,27 day ahead inc hosp,2021-01-23,06113,quantile,0.5,30.61246109008789
36925,2020-12-27,27 day ahead inc hosp,2021-01-23,06113,quantile,0.55,33.07691650309164
36926,2020-12-27,27 day ahead inc hosp,2021-01-23,06113,quantile,0.6,35.58107439336501
36927,2020-12-27,27 day ahead inc hosp,2021-01-23,06113,quantile,0.65,38.16932032281953
36928,2020-12-27,27 day ahead inc hosp,2021-01-23,06113,quantile,0.7,40.89694167595779
36929,2020-12-27,27 day ahead inc hosp,2021-01-23,06113,quantile,0.75,43.84047397939237
36930,2020-12-27,27 day ahead inc hosp,2021-01-23,06113,quantile,0.8,47.118236785535245
36931,2020-12-27,27 day ahead inc hosp,2021-01-23,06113,quantile,0.85,50.93886965470098
36932,2020-12-27,27 day ahead inc hosp,2021-01-23,06113,quantile,0.9,55.74609821712215
36933,2020-12-27,27 day ahead inc hosp,2021-01-23,06113,quantile,0.95,62.871135105531366
36934,2020-12-27,27 day ahead inc hosp,2021-01-23,06113,quantile,0.975,69.05104202112695
36935,2020-12-27,27 day ahead inc hosp,2021-01-23,06113,quantile,0.99,76.23651935616572
36936,2020-12-27,28 day ahead inc hosp,2021-01-24,06113,point,NA,30.15127944946289
36937,2020-12-27,28 day ahead inc hosp,2021-01-24,06113,quantile,0.01,-0.26654830815917663
36938,2020-12-27,28 day ahead inc hosp,2021-01-24,06113,quantile,0.025,4.524051656860028
36939,2020-12-27,28 day ahead inc hosp,2021-01-24,06113,quantile,0.05,8.644231913961121
36940,2020-12-27,28 day ahead inc hosp,2021-01-24,06113,quantile,0.1,13.394535878031665
36941,2020-12-27,28 day ahead inc hosp,2021-01-24,06113,quantile,0.15,16.59954341047139
36942,2020-12-27,28 day ahead inc hosp,2021-01-24,06113,quantile,0.2,19.146781796448128
36943,2020-12-27,28 day ahead inc hosp,2021-01-24,06113,quantile,0.25,21.332085521209592
36944,2020-12-27,28 day ahead inc hosp,2021-01-24,06113,quantile,0.3,23.29455580569634
36945,2020-12-27,28 day ahead inc hosp,2021-01-24,06113,quantile,0.35,25.113076990811074
36946,2020-12-27,28 day ahead inc hosp,2021-01-24,06113,quantile,0.4,26.838675761910537
36947,2020-12-27,28 day ahead inc hosp,2021-01-24,06113,quantile,0.45,28.50821254314115
36948,2020-12-27,28 day ahead inc hosp,2021-01-24,06113,quantile,0.5,30.15127944946289
36949,2020-12-27,28 day ahead inc hosp,2021-01-24,06113,quantile,0.55,32.490948826964704
36950,2020-12-27,28 day ahead inc hosp,2021-01-24,06113,quantile,0.6,34.868310373612104
36951,2020-12-27,28 day ahead inc hosp,2021-01-24,06113,quantile,0.65,37.325502218364406
36952,2020-12-27,28 day ahead inc hosp,2021-01-24,06113,quantile,0.7,39.91501230634745
36953,2020-12-27,28 day ahead inc hosp,2021-01-24,06113,quantile,0.75,42.70950083947101
36954,2020-12-27,28 day ahead inc hosp,2021-01-24,06113,quantile,0.8,45.82129633951614
36955,2020-12-27,28 day ahead inc hosp,2021-01-24,06113,quantile,0.85,49.448474043562655
36956,2020-12-27,28 day ahead inc hosp,2021-01-24,06113,quantile,0.9,54.01229183422024
36957,2020-12-27,28 day ahead inc hosp,2021-01-24,06113,quantile,0.95,60.77655729157891
36958,2020-12-27,28 day ahead inc hosp,2021-01-24,06113,quantile,0.975,66.64354879401705
36959,2020-12-27,28 day ahead inc hosp,2021-01-24,06113,quantile,0.99,73.4651943368078
36960,2020-12-27,1 day ahead inc hosp,2020-12-28,06115,point,NA,68.06444549560547
36961,2020-12-27,1 day ahead inc hosp,2020-12-28,06115,quantile,0.01,47.089771848624466
36962,2020-12-27,1 day ahead inc hosp,2020-12-28,06115,quantile,0.025,50.39313958547207
36963,2020-12-27,1 day ahead inc hosp,2020-12-28,06115,quantile,0.05,53.23421807891495
36964,2020-12-27,1 day ahead inc hosp,2020-12-28,06115,quantile,0.1,56.50979962813892
36965,2020-12-27,1 day ahead inc hosp,2020-12-28,06115,quantile,0.15,58.71981894854205
36966,2020-12-27,1 day ahead inc hosp,2020-12-28,06115,quantile,0.2,60.47627224536029
36967,2020-12-27,1 day ahead inc hosp,2020-12-28,06115,quantile,0.25,61.98315277646324
36968,2020-12-27,1 day ahead inc hosp,2020-12-28,06115,quantile,0.3,63.33637806549438
36969,2020-12-27,1 day ahead inc hosp,2020-12-28,06115,quantile,0.35,64.5903429666647
36970,2020-12-27,1 day ahead inc hosp,2020-12-28,06115,quantile,0.4,65.78023303238031
36971,2020-12-27,1 day ahead inc hosp,2020-12-28,06115,quantile,0.45,66.9314654414457
36972,2020-12-27,1 day ahead inc hosp,2020-12-28,06115,quantile,0.5,68.06444549560547
36973,2020-12-27,1 day ahead inc hosp,2020-12-28,06115,quantile,0.55,71.10756799783366
36974,2020-12-27,1 day ahead inc hosp,2020-12-28,06115,quantile,0.6,74.19971532775233
36975,2020-12-27,1 day ahead inc hosp,2020-12-28,06115,quantile,0.65,77.39569501059174
36976,2020-12-27,1 day ahead inc hosp,2020-12-28,06115,quantile,0.7,80.76377619943997
36977,2020-12-27,1 day ahead inc hosp,2020-12-28,06115,quantile,0.75,84.39846536498655
36978,2020-12-27,1 day ahead inc hosp,2020-12-28,06115,quantile,0.8,88.44586411268094
36979,2020-12-27,1 day ahead inc hosp,2020-12-28,06115,quantile,0.85,93.16360166863859
36980,2020-12-27,1 day ahead inc hosp,2020-12-28,06115,quantile,0.9,99.0995927742061
36981,2020-12-27,1 day ahead inc hosp,2020-12-28,06115,quantile,0.95,107.89762578787581
36982,2020-12-27,1 day ahead inc hosp,2020-12-28,06115,quantile,0.975,115.5286073415664
36983,2020-12-27,1 day ahead inc hosp,2020-12-28,06115,quantile,0.99,124.4012725365337
36984,2020-12-27,2 day ahead inc hosp,2020-12-29,06115,point,NA,71.96205139160156
36985,2020-12-27,2 day ahead inc hosp,2020-12-29,06115,quantile,0.01,48.73859580225488
36986,2020-12-27,2 day ahead inc hosp,2020-12-29,06115,quantile,0.025,52.39613132453001
36987,2020-12-27,2 day ahead inc hosp,2020-12-29,06115,quantile,0.05,55.541813652122045
36988,2020-12-27,2 day ahead inc hosp,2020-12-29,06115,quantile,0.1,59.16858391410587
36989,2020-12-27,2 day ahead inc hosp,2020-12-29,06115,quantile,0.15,61.6155485917359
36990,2020-12-27,2 day ahead inc hosp,2020-12-29,06115,quantile,0.2,63.560318547157415
36991,2020-12-27,2 day ahead inc hosp,2020-12-29,06115,quantile,0.25,65.22875800330874
36992,2020-12-27,2 day ahead inc hosp,2020-12-29,06115,quantile,0.3,66.72706820022181
36993,2020-12-27,2 day ahead inc hosp,2020-12-29,06115,quantile,0.35,68.11547589051835
36994,2020-12-27,2 day ahead inc hosp,2020-12-29,06115,quantile,0.4,69.43293901592571
36995,2020-12-27,2 day ahead inc hosp,2020-12-29,06115,quantile,0.45,70.70759983663388
36996,2020-12-27,2 day ahead inc hosp,2020-12-29,06115,quantile,0.5,71.96205139160156
36997,2020-12-27,2 day ahead inc hosp,2020-12-29,06115,quantile,0.55,74.53961467187878
36998,2020-12-27,2 day ahead inc hosp,2020-12-29,06115,quantile,0.6,77.15870260178293
36999,2020-12-27,2 day ahead inc hosp,2020-12-29,06115,quantile,0.65,79.86573784895656
37000,2020-12-27,2 day ahead inc hosp,2020-12-29,06115,quantile,0.7,82.71854525023963
37001,2020-12-27,2 day ahead inc hosp,2020-12-29,06115,quantile,0.75,85.79717298260155
37002,2020-12-27,2 day ahead inc hosp,2020-12-29,06115,quantile,0.8,89.2253709552623
37003,2020-12-27,2 day ahead inc hosp,2020-12-29,06115,quantile,0.85,93.22135438390094
37004,2020-12-27,2 day ahead inc hosp,2020-12-29,06115,quantile,0.9,98.24921399013104
37005,2020-12-27,2 day ahead inc hosp,2020-12-29,06115,quantile,0.95,105.70125932123327
37006,2020-12-27,2 day ahead inc hosp,2020-12-29,06115,quantile,0.975,112.16479729279493
37007,2020-12-27,2 day ahead inc hosp,2020-12-29,06115,quantile,0.99,119.68005702617603
37008,2020-12-27,3 day ahead inc hosp,2020-12-30,06115,point,NA,75.22431182861328
37009,2020-12-27,3 day ahead inc hosp,2020-12-30,06115,quantile,0.01,52.62419241269252
37010,2020-12-27,3 day ahead inc hosp,2020-12-30,06115,quantile,0.025,56.183556748175356
37011,2020-12-27,3 day ahead inc hosp,2020-12-30,06115,quantile,0.05,59.244806439230985
37012,2020-12-27,3 day ahead inc hosp,2020-12-30,06115,quantile,0.1,62.77423127868273
37013,2020-12-27,3 day ahead inc hosp,2020-12-30,06115,quantile,0.15,65.1555174618788
37014,2020-12-27,3 day ahead inc hosp,2020-12-30,06115,quantile,0.2,67.04808823197484
37015,2020-12-27,3 day ahead inc hosp,2020-12-30,06115,quantile,0.25,68.67174543502051
37016,2020-12-27,3 day ahead inc hosp,2020-12-30,06115,quantile,0.3,70.12983978459097
37017,2020-12-27,3 day ahead inc hosp,2020-12-30,06115,quantile,0.35,71.48098149896525
37018,2020-12-27,3 day ahead inc hosp,2020-12-30,06115,quantile,0.4,72.7630828574701
37019,2020-12-27,3 day ahead inc hosp,2020-12-30,06115,quantile,0.45,74.00353075946168
37020,2020-12-27,3 day ahead inc hosp,2020-12-30,06115,quantile,0.5,75.22431182861328
37021,2020-12-27,3 day ahead inc hosp,2020-12-30,06115,quantile,0.55,78.03788872208064
37022,2020-12-27,3 day ahead inc hosp,2020-12-30,06115,quantile,0.6,80.89679245411435
37023,2020-12-27,3 day ahead inc hosp,2020-12-30,06115,quantile,0.65,83.85169636647542
37024,2020-12-27,3 day ahead inc hosp,2020-12-30,06115,quantile,0.7,86.96572000546031
37025,2020-12-27,3 day ahead inc hosp,2020-12-30,06115,quantile,0.75,90.326241129283
37026,2020-12-27,3 day ahead inc hosp,2020-12-30,06115,quantile,0.8,94.06834076109985
37027,2020-12-27,3 day ahead inc hosp,2020-12-30,06115,quantile,0.85,98.43021491081498
37028,2020-12-27,3 day ahead inc hosp,2020-12-30,06115,quantile,0.9,103.91844859257563
37029,2020-12-27,3 day ahead inc hosp,2020-12-30,06115,quantile,0.95,112.05283765417241
37030,2020-12-27,3 day ahead inc hosp,2020-12-30,06115,quantile,0.975,119.10820705130274
37031,2020-12-27,3 day ahead inc hosp,2020-12-30,06115,quantile,0.99,127.31159871816905
37032,2020-12-27,4 day ahead inc hosp,2020-12-31,06115,point,NA,81.3572769165039
37033,2020-12-27,4 day ahead inc hosp,2020-12-31,06115,quantile,0.01,55.7252285399784
37034,2020-12-27,4 day ahead inc hosp,2020-12-31,06115,quantile,0.025,59.762100963426995
37035,2020-12-27,4 day ahead inc hosp,2020-12-31,06115,quantile,0.05,63.23403395323614
37036,2020-12-27,4 day ahead inc hosp,2020-12-31,06115,quantile,0.1,67.2369503343951
37037,2020-12-27,4 day ahead inc hosp,2020-12-31,06115,quantile,0.15,69.93769901287489
37038,2020-12-27,4 day ahead inc hosp,2020-12-31,06115,quantile,0.2,72.08416844705525
37039,2020-12-27,4 day ahead inc hosp,2020-12-31,06115,quantile,0.25,73.92564809631953
37040,2020-12-27,4 day ahead inc hosp,2020-12-31,06115,quantile,0.3,75.57935373468003
37041,2020-12-27,4 day ahead inc hosp,2020-12-31,06115,quantile,0.35,77.11175846002789
37042,2020-12-27,4 day ahead inc hosp,2020-12-31,06115,quantile,0.4,78.56586069019819
37043,2020-12-27,4 day ahead inc hosp,2020-12-31,06115,quantile,0.45,79.97272142607596
37044,2020-12-27,4 day ahead inc hosp,2020-12-31,06115,quantile,0.5,81.3572769165039
37045,2020-12-27,4 day ahead inc hosp,2020-12-31,06115,quantile,0.55,84.82368100645444
37046,2020-12-27,4 day ahead inc hosp,2020-12-31,06115,quantile,0.6,88.34592900774636
37047,2020-12-27,4 day ahead inc hosp,2020-12-31,06115,quantile,0.65,91.98645187065496
37048,2020-12-27,4 day ahead inc hosp,2020-12-31,06115,quantile,0.7,95.82301461164235
37049,2020-12-27,4 day ahead inc hosp,2020-12-31,06115,quantile,0.75,99.96326903121445
37050,2020-12-27,4 day ahead inc hosp,2020-12-31,06115,quantile,0.8,104.57363866385187
37051,2020-12-27,4 day ahead inc hosp,2020-12-31,06115,quantile,0.85,109.94758754277825
37052,2020-12-27,4 day ahead inc hosp,2020-12-31,06115,quantile,0.9,116.70924233360017
37053,2020-12-27,4 day ahead inc hosp,2020-12-31,06115,quantile,0.95,126.73103330644929
37054,2020-12-27,4 day ahead inc hosp,2020-12-31,06115,quantile,0.975,135.42344238583462
37055,2020-12-27,4 day ahead inc hosp,2020-12-31,06115,quantile,0.99,145.53024646555096
37056,2020-12-27,5 day ahead inc hosp,2021-01-01,06115,point,NA,80.80433654785156
37057,2020-12-27,5 day ahead inc hosp,2021-01-01,06115,quantile,0.01,58.04970203332522
37058,2020-12-27,5 day ahead inc hosp,2021-01-01,06115,quantile,0.025,61.63340144072289
37059,2020-12-27,5 day ahead inc hosp,2021-01-01,06115,quantile,0.05,64.71558063613931
37060,2020-12-27,5 day ahead inc hosp,2021-01-01,06115,quantile,0.1,68.26913585371217
37061,2020-12-27,5 day ahead inc hosp,2021-01-01,06115,quantile,0.15,70.66670268846735
37062,2020-12-27,5 day ahead inc hosp,2021-01-01,06115,quantile,0.2,72.5722128043154
37063,2020-12-27,5 day ahead inc hosp,2021-01-01,06115,quantile,0.25,74.2069708138751
37064,2020-12-27,5 day ahead inc hosp,2021-01-01,06115,quantile,0.3,75.67503403078003
37065,2020-12-27,5 day ahead inc hosp,2021-01-01,06115,quantile,0.35,77.03541338639789
37066,2020-12-27,5 day ahead inc hosp,2021-01-01,06115,quantile,0.4,78.32628036309201
37067,2020-12-27,5 day ahead inc hosp,2021-01-01,06115,quantile,0.45,79.57520910212538
37068,2020-12-27,5 day ahead inc hosp,2021-01-01,06115,quantile,0.5,80.80433654785156
37069,2020-12-27,5 day ahead inc hosp,2021-01-01,06115,quantile,0.55,84.15531290782681
37070,2020-12-27,5 day ahead inc hosp,2021-01-01,06115,quantile,0.6,87.56027363370333
37071,2020-12-27,5 day ahead inc hosp,2021-01-01,06115,quantile,0.65,91.07957078862049
37072,2020-12-27,5 day ahead inc hosp,2021-01-01,06115,quantile,0.7,94.78837989309915
37073,2020-12-27,5 day ahead inc hosp,2021-01-01,06115,quantile,0.75,98.79076805219779
37074,2020-12-27,5 day ahead inc hosp,2021-01-01,06115,quantile,0.8,103.24761706599418
37075,2020-12-27,5 day ahead inc hosp,2021-01-01,06115,quantile,0.85,108.44261891393361
37076,2020-12-27,5 day ahead inc hosp,2021-01-01,06115,quantile,0.9,114.97911747855449
37077,2020-12-27,5 day ahead inc hosp,2021-01-01,06115,quantile,0.95,124.6671930067339
37078,2020-12-27,5 day ahead inc hosp,2021-01-01,06115,quantile,0.975,133.07015370618026
37079,2020-12-27,5 day ahead inc hosp,2021-01-01,06115,quantile,0.99,142.8404114912483
37080,2020-12-27,6 day ahead inc hosp,2021-01-02,06115,point,NA,86.19561004638672
37081,2020-12-27,6 day ahead inc hosp,2021-01-02,06115,quantile,0.01,41.9436891625733
37082,2020-12-27,6 day ahead inc hosp,2021-01-02,06115,quantile,0.025,48.913064238507445
37083,2020-12-27,6 day ahead inc hosp,2021-01-02,06115,quantile,0.05,54.90711128937224
37084,2020-12-27,6 day ahead inc hosp,2021-01-02,06115,quantile,0.1,61.81786365693539
37085,2020-12-27,6 day ahead inc hosp,2021-01-02,06115,quantile,0.15,66.48051547045978
37086,2020-12-27,6 day ahead inc hosp,2021-01-02,06115,quantile,0.2,70.18624332277855
37087,2020-12-27,6 day ahead inc hosp,2021-01-02,06115,quantile,0.25,73.36542785580343
37088,2020-12-27,6 day ahead inc hosp,2021-01-02,06115,quantile,0.3,76.22043382328845
37089,2020-12-27,6 day ahead inc hosp,2021-01-02,06115,quantile,0.35,78.86602233310802
37090,2020-12-27,6 day ahead inc hosp,2021-01-02,06115,quantile,0.4,81.37642711626235
37091,2020-12-27,6 day ahead inc hosp,2021-01-02,06115,quantile,0.45,83.80527279664204
37092,2020-12-27,6 day ahead inc hosp,2021-01-02,06115,quantile,0.5,86.19561004638672
37093,2020-12-27,6 day ahead inc hosp,2021-01-02,06115,quantile,0.55,89.59996649746358
37094,2020-12-27,6 day ahead inc hosp,2021-01-02,06115,quantile,0.6,93.05916726988761
37095,2020-12-27,6 day ahead inc hosp,2021-01-02,06115,quantile,0.65,96.63452581783248
37096,2020-12-27,6 day ahead inc hosp,2021-01-02,06115,quantile,0.7,100.40241518627246
37097,2020-12-27,6 day ahead inc hosp,2021-01-02,06115,quantile,0.75,104.46856023936434
37098,2020-12-27,6 day ahead inc hosp,2021-01-02,06115,quantile,0.8,108.99640557805999
37099,2020-12-27,6 day ahead inc hosp,2021-01-02,06115,quantile,0.85,114.27416231356838
37100,2020-12-27,6 day ahead inc hosp,2021-01-02,06115,quantile,0.9,120.9147854232122
37101,2020-12-27,6 day ahead inc hosp,2021-01-02,06115,quantile,0.95,130.7571892123935
37102,2020-12-27,6 day ahead inc hosp,2021-01-02,06115,quantile,0.975,139.29400666267145
37103,2020-12-27,6 day ahead inc hosp,2021-01-02,06115,quantile,0.99,149.219901848493
37104,2020-12-27,7 day ahead inc hosp,2021-01-03,06115,point,NA,85.58979034423828
37105,2020-12-27,7 day ahead inc hosp,2021-01-03,06115,quantile,0.01,42.2732397859698
37106,2020-12-27,7 day ahead inc hosp,2021-01-03,06115,quantile,0.025,49.09530042891612
37107,2020-12-27,7 day ahead inc hosp,2021-01-03,06115,quantile,0.05,54.962648940388235
37108,2020-12-27,7 day ahead inc hosp,2021-01-03,06115,quantile,0.1,61.72732600629884
37109,2020-12-27,7 day ahead inc hosp,2021-01-03,06115,quantile,0.15,66.29142150729228
37110,2020-12-27,7 day ahead inc hosp,2021-01-03,06115,quantile,0.2,69.91881992671017
37111,2020-12-27,7 day ahead inc hosp,2021-01-03,06115,quantile,0.25,73.03080478089105
37112,2020-12-27,7 day ahead inc hosp,2021-01-03,06115,quantile,0.3,75.82546335988076
37113,2020-12-27,7 day ahead inc hosp,2021-01-03,06115,quantile,0.35,78.41513102070068
37114,2020-12-27,7 day ahead inc hosp,2021-01-03,06115,quantile,0.4,80.8724723866661
37115,2020-12-27,7 day ahead inc hosp,2021-01-03,06115,quantile,0.45,83.24997859681758
37116,2020-12-27,7 day ahead inc hosp,2021-01-03,06115,quantile,0.5,85.58979034423828
37117,2020-12-27,7 day ahead inc hosp,2021-01-03,06115,quantile,0.55,88.96690644448866
37118,2020-12-27,7 day ahead inc hosp,2021-01-03,06115,quantile,0.6,92.39842802292279
37119,2020-12-27,7 day ahead inc hosp,2021-01-03,06115,quantile,0.65,95.94517792703844
37120,2020-12-27,7 day ahead inc hosp,2021-01-03,06115,quantile,0.7,99.68291809408115
37121,2020-12-27,7 day ahead inc hosp,2021-01-03,06115,quantile,0.75,103.71652741851199
37122,2020-12-27,7 day ahead inc hosp,2021-01-03,06115,quantile,0.8,108.2081426804555
37123,2020-12-27,7 day ahead inc hosp,2021-01-03,06115,quantile,0.85,113.44366883666993
37124,2020-12-27,7 day ahead inc hosp,2021-01-03,06115,quantile,0.9,120.03115623452422
37125,2020-12-27,7 day ahead inc hosp,2021-01-03,06115,quantile,0.95,129.79480489449207
37126,2020-12-27,7 day ahead inc hosp,2021-01-03,06115,quantile,0.975,138.26331401524308
37127,2020-12-27,7 day ahead inc hosp,2021-01-03,06115,quantile,0.99,148.10978600581043
37128,2020-12-27,8 day ahead inc hosp,2021-01-04,06115,point,NA,78.56443786621094
37129,2020-12-27,8 day ahead inc hosp,2021-01-04,06115,quantile,0.01,56.505587196835606
37130,2020-12-27,8 day ahead inc hosp,2021-01-04,06115,quantile,0.025,59.97970540432639
37131,2020-12-27,8 day ahead inc hosp,2021-01-04,06115,quantile,0.05,62.96763872246174
37132,2020-12-27,8 day ahead inc hosp,2021-01-04,06115,quantile,0.1,66.41253447940207
37133,2020-12-27,8 day ahead inc hosp,2021-01-04,06115,quantile,0.15,68.73678929193039
37134,2020-12-27,8 day ahead inc hosp,2021-01-04,06115,quantile,0.2,70.58403333655096
37135,2020-12-27,8 day ahead inc hosp,2021-01-04,06115,quantile,0.25,72.16880424510684
37136,2020-12-27,8 day ahead inc hosp,2021-01-04,06115,quantile,0.3,73.59197750039402
37137,2020-12-27,8 day ahead inc hosp,2021-01-04,06115,quantile,0.35,74.91075961663141
37138,2020-12-27,8 day ahead inc hosp,2021-01-04,06115,quantile,0.4,76.16215488095638
37139,2020-12-27,8 day ahead inc hosp,2021-01-04,06115,quantile,0.45,77.37289428147018
37140,2020-12-27,8 day ahead inc hosp,2021-01-04,06115,quantile,0.5,78.56443786621094
37141,2020-12-27,8 day ahead inc hosp,2021-01-04,06115,quantile,0.55,81.41824600608297
37142,2020-12-27,8 day ahead inc hosp,2021-01-04,06115,quantile,0.6,84.31802911154263
37143,2020-12-27,8 day ahead inc hosp,2021-01-04,06115,quantile,0.65,87.31518510085114
37144,2020-12-27,8 day ahead inc hosp,2021-01-04,06115,quantile,0.7,90.47373606468749
37145,2020-12-27,8 day ahead inc hosp,2021-01-04,06115,quantile,0.75,93.88230917304791
37146,2020-12-27,8 day ahead inc hosp,2021-01-04,06115,quantile,0.8,97.67791696833737
37147,2020-12-27,8 day ahead inc hosp,2021-01-04,06115,quantile,0.85,102.10216141762058
37148,2020-12-27,8 day ahead inc hosp,2021-01-04,06115,quantile,0.9,107.66887117803041
37149,2020-12-27,8 day ahead inc hosp,2021-01-04,06115,quantile,0.95,115.91957360978901
37150,2020-12-27,8 day ahead inc hosp,2021-01-04,06115,quantile,0.975,123.07582750925903
37151,2020-12-27,8 day ahead inc hosp,2021-01-04,06115,quantile,0.99,131.39651921234258
37152,2020-12-27,9 day ahead inc hosp,2021-01-05,06115,point,NA,82.07450103759766
37153,2020-12-27,9 day ahead inc hosp,2021-01-05,06115,quantile,0.01,58.74798361568882
37154,2020-12-27,9 day ahead inc hosp,2021-01-05,06115,quantile,0.025,62.421750672161636
37155,2020-12-27,9 day ahead inc hosp,2021-01-05,06115,quantile,0.05,65.5813930146228
37156,2020-12-27,9 day ahead inc hosp,2021-01-05,06115,quantile,0.1,69.2242582796971
37157,2020-12-27,9 day ahead inc hosp,2021-01-05,06115,quantile,0.15,71.68208217950108
37158,2020-12-27,9 day ahead inc hosp,2021-01-05,06115,quantile,0.2,73.63548270046209
37159,2020-12-27,9 day ahead inc hosp,2021-01-05,06115,quantile,0.25,75.31132641336619
37160,2020-12-27,9 day ahead inc hosp,2021-01-05,06115,quantile,0.3,76.81628586168141
37161,2020-12-27,9 day ahead inc hosp,2021-01-05,06115,quantile,0.35,78.21085507433861
37162,2020-12-27,9 day ahead inc hosp,2021-01-05,06115,quantile,0.4,79.53416488192964
37163,2020-12-27,9 day ahead inc hosp,2021-01-05,06115,quantile,0.45,80.81448243531361
37164,2020-12-27,9 day ahead inc hosp,2021-01-05,06115,quantile,0.5,82.07450103759766
37165,2020-12-27,9 day ahead inc hosp,2021-01-05,06115,quantile,0.55,84.6180340723816
37166,2020-12-27,9 day ahead inc hosp,2021-01-05,06115,quantile,0.6,87.20254352814894
37167,2020-12-27,9 day ahead inc hosp,2021-01-05,06115,quantile,0.65,89.87383917787982
37168,2020-12-27,9 day ahead inc hosp,2021-01-05,06115,quantile,0.7,92.68898242676224
37169,2020-12-27,9 day ahead inc hosp,2021-01-05,06115,quantile,0.75,95.72696461675616
37170,2020-12-27,9 day ahead inc hosp,2021-01-05,06115,quantile,0.8,99.10990185052378
37171,2020-12-27,9 day ahead inc hosp,2021-01-05,06115,quantile,0.85,103.05312836021338
37172,2020-12-27,9 day ahead inc hosp,2021-01-05,06115,quantile,0.9,108.01460771575674
37173,2020-12-27,9 day ahead inc hosp,2021-01-05,06115,quantile,0.95,115.36826751584803
37174,2020-12-27,9 day ahead inc hosp,2021-01-05,06115,quantile,0.975,121.74647071188336
37175,2020-12-27,9 day ahead inc hosp,2021-01-05,06115,quantile,0.99,129.16251032693424
37176,2020-12-27,10 day ahead inc hosp,2021-01-06,06115,point,NA,82.730224609375
37177,2020-12-27,10 day ahead inc hosp,2021-01-06,06115,quantile,0.01,59.68906737366416
37178,2020-12-27,10 day ahead inc hosp,2021-01-06,06115,quantile,0.025,63.317892151256615
37179,2020-12-27,10 day ahead inc hosp,2021-01-06,06115,quantile,0.05,66.43888165451098
37180,2020-12-27,10 day ahead inc hosp,2021-01-06,06115,quantile,0.1,70.03718267145797
37181,2020-12-27,10 day ahead inc hosp,2021-01-06,06115,quantile,0.15,72.4649392846197
37182,2020-12-27,10 day ahead inc hosp,2021-01-06,06115,quantile,0.2,74.39444327930983
37183,2020-12-27,10 day ahead inc hosp,2021-01-06,06115,quantile,0.25,76.04978590046056
37184,2020-12-27,10 day ahead inc hosp,2021-01-06,06115,quantile,0.3,77.53633473476839
37185,2020-12-27,10 day ahead inc hosp,2021-01-06,06115,quantile,0.35,78.91384376981776
37186,2020-12-27,10 day ahead inc hosp,2021-01-06,06115,quantile,0.4,80.22096513717736
37187,2020-12-27,10 day ahead inc hosp,2021-01-06,06115,quantile,0.45,81.48562018729014
37188,2020-12-27,10 day ahead inc hosp,2021-01-06,06115,quantile,0.5,82.730224609375
37189,2020-12-27,10 day ahead inc hosp,2021-01-06,06115,quantile,0.55,85.55105158310553
37190,2020-12-27,10 day ahead inc hosp,2021-01-06,06115,quantile,0.6,88.4173221944913
37191,2020-12-27,10 day ahead inc hosp,2021-01-06,06115,quantile,0.65,91.37984036135678
37192,2020-12-27,10 day ahead inc hosp,2021-01-06,06115,quantile,0.7,94.50188827768648
37193,2020-12-27,10 day ahead inc hosp,2021-01-06,06115,quantile,0.75,97.87106885841982
37194,2020-12-27,10 day ahead inc hosp,2021-01-06,06115,quantile,0.8,101.62281120614979
37195,2020-12-27,10 day ahead inc hosp,2021-01-06,06115,quantile,0.85,105.99592511894257
37196,2020-12-27,10 day ahead inc hosp,2021-01-06,06115,quantile,0.9,111.49830098917093
37197,2020-12-27,10 day ahead inc hosp,2021-01-06,06115,quantile,0.95,119.65365090445023
37198,2020-12-27,10 day ahead inc hosp,2021-01-06,06115,quantile,0.975,126.72720071617464
37199,2020-12-27,10 day ahead inc hosp,2021-01-06,06115,quantile,0.99,134.9517310439935
37200,2020-12-27,11 day ahead inc hosp,2021-01-07,06115,point,NA,84.66608428955078
37201,2020-12-27,11 day ahead inc hosp,2021-01-07,06115,quantile,0.01,58.00638604506009
37202,2020-12-27,11 day ahead inc hosp,2021-01-07,06115,quantile,0.025,62.20510629869413
37203,2020-12-27,11 day ahead inc hosp,2021-01-07,06115,quantile,0.05,65.81623735126244
37204,2020-12-27,11 day ahead inc hosp,2021-01-07,06115,quantile,0.1,69.97964018399743
37205,2020-12-27,11 day ahead inc hosp,2021-01-07,06115,quantile,0.15,72.78866830944443
37206,2020-12-27,11 day ahead inc hosp,2021-01-07,06115,quantile,0.2,75.021194815546
37207,2020-12-27,11 day ahead inc hosp,2021-01-07,06115,quantile,0.25,76.9365037698517
37208,2020-12-27,11 day ahead inc hosp,2021-01-07,06115,quantile,0.3,78.65651040592999
37209,2020-12-27,11 day ahead inc hosp,2021-01-07,06115,quantile,0.35,80.25035288648728
37210,2020-12-27,11 day ahead inc hosp,2021-01-07,06115,quantile,0.4,81.76275353834014
37211,2020-12-27,11 day ahead inc hosp,2021-01-07,06115,quantile,0.45,83.22601867187792
37212,2020-12-27,11 day ahead inc hosp,2021-01-07,06115,quantile,0.5,84.66608428955078
37213,2020-12-27,11 day ahead inc hosp,2021-01-07,06115,quantile,0.55,88.12832753473393
37214,2020-12-27,11 day ahead inc hosp,2021-01-07,06115,quantile,0.6,91.64634765987947
37215,2020-12-27,11 day ahead inc hosp,2021-01-07,06115,quantile,0.65,95.28250067723295
37216,2020-12-27,11 day ahead inc hosp,2021-01-07,06115,quantile,0.7,99.11445825921655
37217,2020-12-27,11 day ahead inc hosp,2021-01-07,06115,quantile,0.75,103.24974298815528
37218,2020-12-27,11 day ahead inc hosp,2021-01-07,06115,quantile,0.8,107.85457863460302
37219,2020-12-27,11 day ahead inc hosp,2021-01-07,06115,quantile,0.85,113.2220769767504
37220,2020-12-27,11 day ahead inc hosp,2021-01-07,06115,quantile,0.9,119.97561551937238
37221,2020-12-27,11 day ahead inc hosp,2021-01-07,06115,quantile,0.95,129.985376989761
37222,2020-12-27,11 day ahead inc hosp,2021-01-07,06115,quantile,0.975,138.66735226976937
37223,2020-12-27,11 day ahead inc hosp,2021-01-07,06115,quantile,0.99,148.76202480285156
37224,2020-12-27,12 day ahead inc hosp,2021-01-08,06115,point,NA,85.311279296875
37225,2020-12-27,12 day ahead inc hosp,2021-01-08,06115,quantile,0.01,62.104514071466085
37226,2020-12-27,12 day ahead inc hosp,2021-01-08,06115,quantile,0.025,65.75942097550018
37227,2020-12-27,12 day ahead inc hosp,2021-01-08,06115,quantile,0.05,68.90284254638966
37228,2020-12-27,12 day ahead inc hosp,2021-01-08,06115,quantile,0.1,72.52700630068308
37229,2020-12-27,12 day ahead inc hosp,2021-01-08,06115,quantile,0.15,74.97221237994883
37230,2020-12-27,12 day ahead inc hosp,2021-01-08,06115,quantile,0.2,76.9155846571391
37231,2020-12-27,12 day ahead inc hosp,2021-01-08,06115,quantile,0.25,78.58282502981967
37232,2020-12-27,12 day ahead inc hosp,2021-01-08,06115,quantile,0.3,80.08005841271677
37233,2020-12-27,12 day ahead inc hosp,2021-01-08,06115,quantile,0.35,81.46746827435013
37234,2020-12-27,12 day ahead inc hosp,2021-01-08,06115,quantile,0.4,82.78398455793402
37235,2020-12-27,12 day ahead inc hosp,2021-01-08,06115,quantile,0.45,84.05772929822025
37236,2020-12-27,12 day ahead inc hosp,2021-01-08,06115,quantile,0.5,85.311279296875
37237,2020-12-27,12 day ahead inc hosp,2021-01-08,06115,quantile,0.55,88.65692061977207
37238,2020-12-27,12 day ahead inc hosp,2021-01-08,06115,quantile,0.6,92.05646036090536
37239,2020-12-27,12 day ahead inc hosp,2021-01-08,06115,quantile,0.65,95.570154497838
37240,2020-12-27,12 day ahead inc hosp,2021-01-08,06115,quantile,0.7,99.27305886531981
37241,2020-12-27,12 day ahead inc hosp,2021-01-08,06115,quantile,0.75,103.26907488479817
37242,2020-12-27,12 day ahead inc hosp,2021-01-08,06115,quantile,0.8,107.7188282189519
37243,2020-12-27,12 day ahead inc hosp,2021-01-08,06115,quantile,0.85,112.9055591856607
37244,2020-12-27,12 day ahead inc hosp,2021-01-08,06115,quantile,0.9,119.43165109309945
37245,2020-12-27,12 day ahead inc hosp,2021-01-08,06115,quantile,0.95,129.1043023876804
37246,2020-12-27,12 day ahead inc hosp,2021-01-08,06115,quantile,0.975,137.49388486475746
37247,2020-12-27,12 day ahead inc hosp,2021-01-08,06115,quantile,0.99,147.24858757514056
37248,2020-12-27,13 day ahead inc hosp,2021-01-09,06115,point,NA,85.26508331298828
37249,2020-12-27,13 day ahead inc hosp,2021-01-09,06115,quantile,0.01,42.21536115705868
37250,2020-12-27,13 day ahead inc hosp,2021-01-09,06115,quantile,0.025,48.99539815041712
37251,2020-12-27,13 day ahead inc hosp,2021-01-09,06115,quantile,0.05,54.82660400488852
37252,2020-12-27,13 day ahead inc hosp,2021-01-09,06115,quantile,0.1,61.54961090199362
37253,2020-12-27,13 day ahead inc hosp,2021-01-09,06115,quantile,0.15,66.08559173792356
37254,2020-12-27,13 day ahead inc hosp,2021-01-09,06115,quantile,0.2,69.69064551280199
37255,2020-12-27,13 day ahead inc hosp,2021-01-09,06115,quantile,0.25,72.78346065157288
37256,2020-12-27,13 day ahead inc hosp,2021-01-09,06115,quantile,0.3,75.56090423365947
37257,2020-12-27,13 day ahead inc hosp,2021-01-09,06115,quantile,0.35,78.13461963430126
37258,2020-12-27,13 day ahead inc hosp,2021-01-09,06115,quantile,0.4,80.57682386533254
37259,2020-12-27,13 day ahead inc hosp,2021-01-09,06115,quantile,0.45,82.93968472225461
37260,2020-12-27,13 day ahead inc hosp,2021-01-09,06115,quantile,0.5,85.26508331298828
37261,2020-12-27,13 day ahead inc hosp,2021-01-09,06115,quantile,0.55,88.64190316876098
37262,2020-12-27,13 day ahead inc hosp,2021-01-09,06115,quantile,0.6,92.07312373020682
37263,2020-12-27,13 day ahead inc hosp,2021-01-09,06115,quantile,0.65,95.61956250937396
37264,2020-12-27,13 day ahead inc hosp,2021-01-09,06115,quantile,0.7,99.35697479758436
37265,2020-12-27,13 day ahead inc hosp,2021-01-09,06115,quantile,0.75,103.39023028920282
37266,2020-12-27,13 day ahead inc hosp,2021-01-09,06115,quantile,0.8,107.88145154153052
37267,2020-12-27,13 day ahead inc hosp,2021-01-09,06115,quantile,0.85,113.1165184314167
37268,2020-12-27,13 day ahead inc hosp,2021-01-09,06115,quantile,0.9,119.70342796735997
37269,2020-12-27,13 day ahead inc hosp,2021-01-09,06115,quantile,0.95,129.46622014892682
37270,2020-12-27,13 day ahead inc hosp,2021-01-09,06115,quantile,0.975,137.933986402395
37271,2020-12-27,13 day ahead inc hosp,2021-01-09,06115,quantile,0.99,147.7795946492043
37272,2020-12-27,14 day ahead inc hosp,2021-01-10,06115,point,NA,88.76553344726562
37273,2020-12-27,14 day ahead inc hosp,2021-01-10,06115,quantile,0.01,45.05164884153328
37274,2020-12-27,14 day ahead inc hosp,2021-01-10,06115,quantile,0.025,51.936286881164484
37275,2020-12-27,14 day ahead inc hosp,2021-01-10,06115,quantile,0.05,57.857455406047144
37276,2020-12-27,14 day ahead inc hosp,2021-01-10,06115,quantile,0.1,64.68418350057713
37277,2020-12-27,14 day ahead inc hosp,2021-01-10,06115,quantile,0.15,69.29014453599217
37278,2020-12-27,14 day ahead inc hosp,2021-01-10,06115,quantile,0.2,72.95081635500387
37279,2020-12-27,14 day ahead inc hosp,2021-01-10,06115,quantile,0.25,76.09134682331657
37280,2020-12-27,14 day ahead inc hosp,2021-01-10,06115,quantile,0.3,78.91164024603594
37281,2020-12-27,14 day ahead inc hosp,2021-01-10,06115,quantile,0.35,81.52506240992683
37282,2020-12-27,14 day ahead inc hosp,2021-01-10,06115,quantile,0.4,84.00494447634867
37283,2020-12-27,14 day ahead inc hosp,2021-01-10,06115,quantile,0.45,86.40425907505315
37284,2020-12-27,14 day ahead inc hosp,2021-01-10,06115,quantile,0.5,88.76553344726562
37285,2020-12-27,14 day ahead inc hosp,2021-01-10,06115,quantile,0.55,92.15343322999148
37286,2020-12-27,14 day ahead inc hosp,2021-01-10,06115,quantile,0.6,95.59591221646582
37287,2020-12-27,14 day ahead inc hosp,2021-01-10,06115,quantile,0.65,99.15398747145795
37288,2020-12-27,14 day ahead inc hosp,2021-01-10,06115,quantile,0.7,102.90366285243488
37289,2020-12-27,14 day ahead inc hosp,2021-01-10,06115,quantile,0.75,106.95015214927221
37290,2020-12-27,14 day ahead inc hosp,2021-01-10,06115,quantile,0.8,111.45610987127603
37291,2020-12-27,14 day ahead inc hosp,2021-01-10,06115,quantile,0.85,116.70835391635916
37292,2020-12-27,14 day ahead inc hosp,2021-01-10,06115,quantile,0.9,123.31687623581547
37293,2020-12-27,14 day ahead inc hosp,2021-01-10,06115,quantile,0.95,133.1117018182893
37294,2020-12-27,14 day ahead inc hosp,2021-01-10,06115,quantile,0.975,141.60725226977576
37295,2020-12-27,14 day ahead inc hosp,2021-01-10,06115,quantile,0.99,151.4851656512512
37296,2020-12-27,15 day ahead inc hosp,2021-01-11,06115,point,NA,87.68767547607422
37297,2020-12-27,15 day ahead inc hosp,2021-01-11,06115,quantile,0.01,66.20785597310139
37298,2020-12-27,15 day ahead inc hosp,2021-01-11,06115,quantile,0.025,69.59078072957995
37299,2020-12-27,15 day ahead inc hosp,2021-01-11,06115,quantile,0.05,72.50028264889656
37300,2020-12-27,15 day ahead inc hosp,2021-01-11,06115,quantile,0.1,75.85475202605068
37301,2020-12-27,15 day ahead inc hosp,2021-01-11,06115,quantile,0.15,78.11799658943745
37302,2020-12-27,15 day ahead inc hosp,2021-01-11,06115,quantile,0.2,79.91675162210457
37303,2020-12-27,15 day ahead inc hosp,2021-01-11,06115,quantile,0.25,81.45992327594789
37304,2020-12-27,15 day ahead inc hosp,2021-01-11,06115,quantile,0.3,82.84573911482416
37305,2020-12-27,15 day ahead inc hosp,2021-01-11,06115,quantile,0.35,84.12990401738887
37306,2020-12-27,15 day ahead inc hosp,2021-01-11,06115,quantile,0.4,85.34845093116314
37307,2020-12-27,15 day ahead inc hosp,2021-01-11,06115,quantile,0.45,86.52740917236831
37308,2020-12-27,15 day ahead inc hosp,2021-01-11,06115,quantile,0.5,87.68767547607422
37309,2020-12-27,15 day ahead inc hosp,2021-01-11,06115,quantile,0.55,90.60580941320207
37310,2020-12-27,15 day ahead inc hosp,2021-01-11,06115,quantile,0.6,93.57095460713626
37311,2020-12-27,15 day ahead inc hosp,2021-01-11,06115,quantile,0.65,96.6356675025376
37312,2020-12-27,15 day ahead inc hosp,2021-01-11,06115,quantile,0.7,99.86541326958557
37313,2020-12-27,15 day ahead inc hosp,2021-01-11,06115,quantile,0.75,103.35081676455701
37314,2020-12-27,15 day ahead inc hosp,2021-01-11,06115,quantile,0.8,107.2319788387383
37315,2020-12-27,15 day ahead inc hosp,2021-01-11,06115,quantile,0.85,111.75594724895588
37316,2020-12-27,15 day ahead inc hosp,2021-01-11,06115,quantile,0.9,117.4481325234436
37317,2020-12-27,15 day ahead inc hosp,2021-01-11,06115,quantile,0.95,125.88480856864462
37318,2020-12-27,15 day ahead inc hosp,2021-01-11,06115,quantile,0.975,133.20236684279104
37319,2020-12-27,15 day ahead inc hosp,2021-01-11,06115,quantile,0.99,141.71060974108028
37320,2020-12-27,16 day ahead inc hosp,2021-01-12,06115,point,NA,92.14335632324219
37321,2020-12-27,16 day ahead inc hosp,2021-01-12,06115,quantile,0.01,69.49860133214344
37322,2020-12-27,16 day ahead inc hosp,2021-01-12,06115,quantile,0.025,73.06499546563126
37323,2020-12-27,16 day ahead inc hosp,2021-01-12,06115,quantile,0.05,76.13229117079013
37324,2020-12-27,16 day ahead inc hosp,2021-01-12,06115,quantile,0.1,79.66868667729265
37325,2020-12-27,16 day ahead inc hosp,2021-01-12,06115,quantile,0.15,82.05467593645457
37326,2020-12-27,16 day ahead inc hosp,2021-01-12,06115,quantile,0.2,83.95098456223774
37327,2020-12-27,16 day ahead inc hosp,2021-01-12,06115,quantile,0.25,85.57784851263797
37328,2020-12-27,16 day ahead inc hosp,2021-01-12,06115,quantile,0.3,87.03882262044152
37329,2020-12-27,16 day ahead inc hosp,2021-01-12,06115,quantile,0.35,88.39263285998852
37330,2020-12-27,16 day ahead inc hosp,2021-01-12,06115,quantile,0.4,89.67726638792665
37331,2020-12-27,16 day ahead inc hosp,2021-01-12,06115,quantile,0.45,90.92016419314949
37332,2020-12-27,16 day ahead inc hosp,2021-01-12,06115,quantile,0.5,92.14335632324219
37333,2020-12-27,16 day ahead inc hosp,2021-01-12,06115,quantile,0.55,94.66705703658158
37334,2020-12-27,16 day ahead inc hosp,2021-01-12,06115,quantile,0.6,97.23141467139659
37335,2020-12-27,16 day ahead inc hosp,2021-01-12,06115,quantile,0.65,99.88188181476471
37336,2020-12-27,16 day ahead inc hosp,2021-01-12,06115,quantile,0.7,102.67507495525035
37337,2020-12-27,16 day ahead inc hosp,2021-01-12,06115,quantile,0.75,105.68936952707269
37338,2020-12-27,16 day ahead inc hosp,2021-01-12,06115,quantile,0.8,109.04592947470746
37339,2020-12-27,16 day ahead inc hosp,2021-01-12,06115,quantile,0.85,112.95841003590753
37340,2020-12-27,16 day ahead inc hosp,2021-01-12,06115,quantile,0.9,117.88120396764313
37341,2020-12-27,16 day ahead inc hosp,2021-01-12,06115,quantile,0.95,125.17752614209525
37342,2020-12-27,16 day ahead inc hosp,2021-01-12,06115,quantile,0.975,131.50599749887684
37343,2020-12-27,16 day ahead inc hosp,2021-01-12,06115,quantile,0.99,138.86421310319938
37344,2020-12-27,17 day ahead inc hosp,2021-01-13,06115,point,NA,94.59114074707031
37345,2020-12-27,17 day ahead inc hosp,2021-01-13,06115,quantile,0.01,71.84714431510167
37346,2020-12-27,17 day ahead inc hosp,2021-01-13,06115,quantile,0.025,75.42916829720814
37347,2020-12-27,17 day ahead inc hosp,2021-01-13,06115,quantile,0.05,78.50990653444447
37348,2020-12-27,17 day ahead inc hosp,2021-01-13,06115,quantile,0.1,82.06180041952027
37349,2020-12-27,17 day ahead inc hosp,2021-01-13,06115,quantile,0.15,84.45824636112687
37350,2020-12-27,17 day ahead inc hosp,2021-01-13,06115,quantile,0.2,86.36286562663346
37351,2020-12-27,17 day ahead inc hosp,2021-01-13,06115,quantile,0.25,87.99685936592302
37352,2020-12-27,17 day ahead inc hosp,2021-01-13,06115,quantile,0.3,89.46423624450458
37353,2020-12-27,17 day ahead inc hosp,2021-01-13,06115,quantile,0.35,90.823979605381
37354,2020-12-27,17 day ahead inc hosp,2021-01-13,06115,quantile,0.4,92.11424308525955
37355,2020-12-27,17 day ahead inc hosp,2021-01-13,06115,quantile,0.45,93.36258793413964
37356,2020-12-27,17 day ahead inc hosp,2021-01-13,06115,quantile,0.5,94.59114074707031
37357,2020-12-27,17 day ahead inc hosp,2021-01-13,06115,quantile,0.55,97.39458253213711
37358,2020-12-27,17 day ahead inc hosp,2021-01-13,06115,quantile,0.6,100.24318787876035
37359,2020-12-27,17 day ahead inc hosp,2021-01-13,06115,quantile,0.65,103.18744759243803
37360,2020-12-27,17 day ahead inc hosp,2021-01-13,06115,quantile,0.7,106.29025384930117
37361,2020-12-27,17 day ahead inc hosp,2021-01-13,06115,quantile,0.75,109.63866965410755
37362,2020-12-27,17 day ahead inc hosp,2021-01-13,06115,quantile,0.8,113.36728943914919
37363,2020-12-27,17 day ahead inc hosp,2021-01-13,06115,quantile,0.85,117.7134511811318
37364,2020-12-27,17 day ahead inc hosp,2021-01-13,06115,quantile,0.9,123.18191506615385
37365,2020-12-27,17 day ahead inc hosp,2021-01-13,06115,quantile,0.95,131.28700231087012
37366,2020-12-27,17 day ahead inc hosp,2021-01-13,06115,quantile,0.975,138.31695675175314
37367,2020-12-27,17 day ahead inc hosp,2021-01-13,06115,quantile,0.99,146.49079803953117
37368,2020-12-27,18 day ahead inc hosp,2021-01-14,06115,point,NA,97.64215850830078
37369,2020-12-27,18 day ahead inc hosp,2021-01-14,06115,quantile,0.01,72.45010300122445
37370,2020-12-27,18 day ahead inc hosp,2021-01-14,06115,quantile,0.025,76.41767955509985
37371,2020-12-27,18 day ahead inc hosp,2021-01-14,06115,quantile,0.05,79.8300142741707
37372,2020-12-27,18 day ahead inc hosp,2021-01-14,06115,quantile,0.1,83.76421766607343
37373,2020-12-27,18 day ahead inc hosp,2021-01-14,06115,quantile,0.15,86.41860601691769
37374,2020-12-27,18 day ahead inc hosp,2021-01-14,06115,quantile,0.2,88.52822973234562
37375,2020-12-27,18 day ahead inc hosp,2021-01-14,06115,quantile,0.25,90.33809903572534
37376,2020-12-27,18 day ahead inc hosp,2021-01-14,06115,quantile,0.3,91.96341760652268
37377,2020-12-27,18 day ahead inc hosp,2021-01-14,06115,quantile,0.35,93.4695174832545
37378,2020-12-27,18 day ahead inc hosp,2021-01-14,06115,quantile,0.4,94.89865898444495
37379,2020-12-27,18 day ahead inc hosp,2021-01-14,06115,quantile,0.45,96.28136992616656
37380,2020-12-27,18 day ahead inc hosp,2021-01-14,06115,quantile,0.5,97.64215850830078
37381,2020-12-27,18 day ahead inc hosp,2021-01-14,06115,quantile,0.55,101.05769555193001
37382,2020-12-27,18 day ahead inc hosp,2021-01-14,06115,quantile,0.6,104.52825703670867
37383,2020-12-27,18 day ahead inc hosp,2021-01-14,06115,quantile,0.65,108.1153577825484
37384,2020-12-27,18 day ahead inc hosp,2021-01-14,06115,quantile,0.7,111.89562165889211
37385,2020-12-27,18 day ahead inc hosp,2021-01-14,06115,quantile,0.75,115.97512075165366
37386,2020-12-27,18 day ahead inc hosp,2021-01-14,06115,quantile,0.8,120.51783644678807
37387,2020-12-27,18 day ahead inc hosp,2021-01-14,06115,quantile,0.85,125.81292639886713
37388,2020-12-27,18 day ahead inc hosp,2021-01-14,06115,quantile,0.9,132.4753586528675
37389,2020-12-27,18 day ahead inc hosp,2021-01-14,06115,quantile,0.95,142.35008687930565
37390,2020-12-27,18 day ahead inc hosp,2021-01-14,06115,quantile,0.975,150.91494095823197
37391,2020-12-27,18 day ahead inc hosp,2021-01-14,06115,quantile,0.99,160.87343478388016
37392,2020-12-27,19 day ahead inc hosp,2021-01-15,06115,point,NA,98.37358093261719
37393,2020-12-27,19 day ahead inc hosp,2021-01-15,06115,quantile,0.01,76.19385102900694
37394,2020-12-27,19 day ahead inc hosp,2021-01-15,06115,quantile,0.025,79.68700688967635
37395,2020-12-27,19 day ahead inc hosp,2021-01-15,06115,quantile,0.05,82.69131363981208
37396,2020-12-27,19 day ahead inc hosp,2021-01-15,06115,quantile,0.1,86.15508691523056
37397,2020-12-27,19 day ahead inc hosp,2021-01-15,06115,quantile,0.15,88.4920782998549
37398,2020-12-27,19 day ahead inc hosp,2021-01-15,06115,quantile,0.2,90.3494449682198
37399,2020-12-27,19 day ahead inc hosp,2021-01-15,06115,quantile,0.25,91.94290018661282
37400,2020-12-27,19 day ahead inc hosp,2021-01-15,06115,quantile,0.3,93.37387222053361
37401,2020-12-27,19 day ahead inc hosp,2021-01-15,06115,quantile,0.35,94.69988106742542
37402,2020-12-27,19 day ahead inc hosp,2021-01-15,06115,quantile,0.4,95.95813379243789
37403,2020-12-27,19 day ahead inc hosp,2021-01-15,06115,quantile,0.45,97.1755078655276
37404,2020-12-27,19 day ahead inc hosp,2021-01-15,06115,quantile,0.5,98.37358093261719
37405,2020-12-27,19 day ahead inc hosp,2021-01-15,06115,quantile,0.55,101.64101299436726
37406,2020-12-27,19 day ahead inc hosp,2021-01-15,06115,quantile,0.6,104.96108351996502
37407,2020-12-27,19 day ahead inc hosp,2021-01-15,06115,quantile,0.65,108.39263991533363
37408,2020-12-27,19 day ahead inc hosp,2021-01-15,06115,quantile,0.7,112.00898347526659
37409,2020-12-27,19 day ahead inc hosp,2021-01-15,06115,quantile,0.75,115.91158677346006
37410,2020-12-27,19 day ahead inc hosp,2021-01-15,06115,quantile,0.8,120.25732061270595
37411,2020-12-27,19 day ahead inc hosp,2021-01-15,06115,quantile,0.85,125.32280415402629
37412,2020-12-27,19 day ahead inc hosp,2021-01-15,06115,quantile,0.9,131.69633911438132
37413,2020-12-27,19 day ahead inc hosp,2021-01-15,06115,quantile,0.95,141.14287803226955
37414,2020-12-27,19 day ahead inc hosp,2021-01-15,06115,quantile,0.975,149.33634174360398
37415,2020-12-27,19 day ahead inc hosp,2021-01-15,06115,quantile,0.99,158.86301400539523
37416,2020-12-27,20 day ahead inc hosp,2021-01-16,06115,point,NA,99.91096496582031
37417,2020-12-27,20 day ahead inc hosp,2021-01-16,06115,quantile,0.01,59.02792848385905
37418,2020-12-27,20 day ahead inc hosp,2021-01-16,06115,quantile,0.025,65.46672729293198
37419,2020-12-27,20 day ahead inc hosp,2021-01-16,06115,quantile,0.05,71.00444948353488
37420,2020-12-27,20 day ahead inc hosp,2021-01-16,06115,quantile,0.1,77.38908851203477
37421,2020-12-27,20 day ahead inc hosp,2021-01-16,06115,quantile,0.15,81.69677415342184
37422,2020-12-27,20 day ahead inc hosp,2021-01-16,06115,quantile,0.2,85.12038614478254
37423,2020-12-27,20 day ahead inc hosp,2021-01-16,06115,quantile,0.25,88.05754038917797
37424,2020-12-27,20 day ahead inc hosp,2021-01-16,06115,quantile,0.3,90.6951956772132
37425,2020-12-27,20 day ahead inc hosp,2021-01-16,06115,quantile,0.35,93.13937639079606
37426,2020-12-27,20 day ahead inc hosp,2021-01-16,06115,quantile,0.4,95.45866487103308
37427,2020-12-27,20 day ahead inc hosp,2021-01-16,06115,quantile,0.45,97.70260331656931
37428,2020-12-27,20 day ahead inc hosp,2021-01-16,06115,quantile,0.5,99.91096496582031
37429,2020-12-27,20 day ahead inc hosp,2021-01-16,06115,quantile,0.55,103.23563932216172
37430,2020-12-27,20 day ahead inc hosp,2021-01-16,06115,quantile,0.6,106.61387431805255
37431,2020-12-27,20 day ahead inc hosp,2021-01-16,06115,quantile,0.65,110.10554830986332
37432,2020-12-27,20 day ahead inc hosp,2021-01-16,06115,quantile,0.7,113.78524676118776
37433,2020-12-27,20 day ahead inc hosp,2021-01-16,06115,quantile,0.75,117.75621994847042
37434,2020-12-27,20 day ahead inc hosp,2021-01-16,06115,quantile,0.8,122.1780869014094
37435,2020-12-27,20 day ahead inc hosp,2021-01-16,06115,quantile,0.85,127.33231288500244
37436,2020-12-27,20 day ahead inc hosp,2021-01-16,06115,quantile,0.9,133.81750610141114
37437,2020-12-27,20 day ahead inc hosp,2021-01-16,06115,quantile,0.95,143.4295393749239
37438,2020-12-27,20 day ahead inc hosp,2021-01-16,06115,quantile,0.975,151.76654475893093
37439,2020-12-27,20 day ahead inc hosp,2021-01-16,06115,quantile,0.99,161.46011523613373
37440,2020-12-27,21 day ahead inc hosp,2021-01-17,06115,point,NA,111.18391418457031
37441,2020-12-27,21 day ahead inc hosp,2021-01-17,06115,quantile,0.01,69.26555599116429
37442,2020-12-27,21 day ahead inc hosp,2021-01-17,06115,quantile,0.025,75.86741089333341
37443,2020-12-27,21 day ahead inc hosp,2021-01-17,06115,quantile,0.05,81.545370319456
37444,2020-12-27,21 day ahead inc hosp,2021-01-17,06115,quantile,0.1,88.09169389917214
37445,2020-12-27,21 day ahead inc hosp,2021-01-17,06115,quantile,0.15,92.5084673396657
37446,2020-12-27,21 day ahead inc hosp,2021-01-17,06115,quantile,0.2,96.01877885560262
37447,2020-12-27,21 day ahead inc hosp,2021-01-17,06115,quantile,0.25,99.03031357221239
37448,2020-12-27,21 day ahead inc hosp,2021-01-17,06115,quantile,0.3,101.73476482312124
37449,2020-12-27,21 day ahead inc hosp,2021-01-17,06115,quantile,0.35,104.24084195089495
37450,2020-12-27,21 day ahead inc hosp,2021-01-17,06115,quantile,0.4,106.61886407533554
37451,2020-12-27,21 day ahead inc hosp,2021-01-17,06115,quantile,0.45,108.91962800135765
37452,2020-12-27,21 day ahead inc hosp,2021-01-17,06115,quantile,0.5,111.18391418457031
37453,2020-12-27,21 day ahead inc hosp,2021-01-17,06115,quantile,0.55,114.4479123509873
37454,2020-12-27,21 day ahead inc hosp,2021-01-17,06115,quantile,0.6,117.76449366105803
37455,2020-12-27,21 day ahead inc hosp,2021-01-17,06115,quantile,0.65,121.1924436752476
37456,2020-12-27,21 day ahead inc hosp,2021-01-17,06115,quantile,0.7,124.80498665263177
37457,2020-12-27,21 day ahead inc hosp,2021-01-17,06115,quantile,0.75,128.7034885246902
37458,2020-12-27,21 day ahead inc hosp,2021-01-17,06115,quantile,0.8,133.04465523143955
37459,2020-12-27,21 day ahead inc hosp,2021-01-17,06115,quantile,0.85,138.10481522204373
37460,2020-12-27,21 day ahead inc hosp,2021-01-17,06115,quantile,0.9,144.47165194000473
37461,2020-12-27,21 day ahead inc hosp,2021-01-17,06115,quantile,0.95,153.90826305364456
37462,2020-12-27,21 day ahead inc hosp,2021-01-17,06115,quantile,0.975,162.0931158753665
37463,2020-12-27,21 day ahead inc hosp,2021-01-17,06115,quantile,0.99,171.60977611707548
37464,2020-12-27,22 day ahead inc hosp,2021-01-18,06115,point,NA,99.07530975341797
37465,2020-12-27,22 day ahead inc hosp,2021-01-18,06115,quantile,0.01,74.97517854387496
37466,2020-12-27,22 day ahead inc hosp,2021-01-18,06115,quantile,0.025,78.77078448422566
37467,2020-12-27,22 day ahead inc hosp,2021-01-18,06115,quantile,0.05,82.03521498841323
37468,2020-12-27,22 day ahead inc hosp,2021-01-18,06115,quantile,0.1,85.79889429291667
37469,2020-12-27,22 day ahead inc hosp,2021-01-18,06115,quantile,0.15,88.33823085155755
37470,2020-12-27,22 day ahead inc hosp,2021-01-18,06115,quantile,0.2,90.35641504975827
37471,2020-12-27,22 day ahead inc hosp,2021-01-18,06115,quantile,0.25,92.08783738928604
37472,2020-12-27,22 day ahead inc hosp,2021-01-18,06115,quantile,0.3,93.64270816203897
37473,2020-12-27,22 day ahead inc hosp,2021-01-18,06115,quantile,0.35,95.083527655062
37474,2020-12-27,22 day ahead inc hosp,2021-01-18,06115,quantile,0.4,96.45072445589543
37475,2020-12-27,22 day ahead inc hosp,2021-01-18,06115,quantile,0.45,97.77350318314144
37476,2020-12-27,22 day ahead inc hosp,2021-01-18,06115,quantile,0.5,99.07530975341797
37477,2020-12-27,22 day ahead inc hosp,2021-01-18,06115,quantile,0.55,102.45462875253108
37478,2020-12-27,22 day ahead inc hosp,2021-01-18,06115,quantile,0.6,105.88838871861851
37479,2020-12-27,22 day ahead inc hosp,2021-01-18,06115,quantile,0.65,109.43745217403008
37480,2020-12-27,22 day ahead inc hosp,2021-01-18,06115,quantile,0.7,113.17763047565825
37481,2020-12-27,22 day ahead inc hosp,2021-01-18,06115,quantile,0.75,117.21387093065427
37482,2020-12-27,22 day ahead inc hosp,2021-01-18,06115,quantile,0.8,121.70841608125386
37483,2020-12-27,22 day ahead inc hosp,2021-01-18,06115,quantile,0.85,126.9473573805291
37484,2020-12-27,22 day ahead inc hosp,2021-01-18,06115,quantile,0.9,133.53914180817634
37485,2020-12-27,22 day ahead inc hosp,2021-01-18,06115,quantile,0.95,143.3091593136001
37486,2020-12-27,22 day ahead inc hosp,2021-01-18,06115,quantile,0.975,151.78319245797286
37487,2020-12-27,22 day ahead inc hosp,2021-01-18,06115,quantile,0.99,161.63608731980258
37488,2020-12-27,23 day ahead inc hosp,2021-01-19,06115,point,NA,102.95808410644531
37489,2020-12-27,23 day ahead inc hosp,2021-01-19,06115,quantile,0.01,79.88385674380953
37490,2020-12-27,23 day ahead inc hosp,2021-01-19,06115,quantile,0.025,83.5178898403573
37491,2020-12-27,23 day ahead inc hosp,2021-01-19,06115,quantile,0.05,86.6433587852451
37492,2020-12-27,23 day ahead inc hosp,2021-01-19,06115,quantile,0.1,90.24682431151457
37493,2020-12-27,23 day ahead inc hosp,2021-01-19,06115,quantile,0.15,92.67806539459761
37494,2020-12-27,23 day ahead inc hosp,2021-01-19,06115,quantile,0.2,94.61033873552127
37495,2020-12-27,23 day ahead inc hosp,2021-01-19,06115,quantile,0.25,96.26805720915308
37496,2020-12-27,23 day ahead inc hosp,2021-01-19,06115,quantile,0.3,97.75673963241775
37497,2020-12-27,23 day ahead inc hosp,2021-01-19,06115,quantile,0.35,99.13622575560393
37498,2020-12-27,23 day ahead inc hosp,2021-01-19,06115,quantile,0.4,100.44522318626552
37499,2020-12-27,23 day ahead inc hosp,2021-01-19,06115,quantile,0.45,101.71169334933445
37500,2020-12-27,23 day ahead inc hosp,2021-01-19,06115,quantile,0.5,102.95808410644531
37501,2020-12-27,23 day ahead inc hosp,2021-01-19,06115,quantile,0.55,105.72361067292928
37502,2020-12-27,23 day ahead inc hosp,2021-01-19,06115,quantile,0.6,108.53368998525114
37503,2020-12-27,23 day ahead inc hosp,2021-01-19,06115,quantile,0.65,111.43812998474631
37504,2020-12-27,23 day ahead inc hosp,2021-01-19,06115,quantile,0.7,114.49897226073571
37505,2020-12-27,23 day ahead inc hosp,2021-01-19,06115,quantile,0.75,117.80210233219046
37506,2020-12-27,23 day ahead inc hosp,2021-01-19,06115,quantile,0.8,121.48029430563453
37507,2020-12-27,23 day ahead inc hosp,2021-01-19,06115,quantile,0.85,125.76767627436794
37508,2020-12-27,23 day ahead inc hosp,2021-01-19,06115,quantile,0.9,131.1621817827198
37509,2020-12-27,23 day ahead inc hosp,2021-01-19,06115,quantile,0.95,139.15765157215193
37510,2020-12-27,23 day ahead inc hosp,2021-01-19,06115,quantile,0.975,146.0925292182632
37511,2020-12-27,23 day ahead inc hosp,2021-01-19,06115,quantile,0.99,154.15582318498102
37512,2020-12-27,24 day ahead inc hosp,2021-01-20,06115,point,NA,107.67695617675781
37513,2020-12-27,24 day ahead inc hosp,2021-01-20,06115,quantile,0.01,84.55761846320529
37514,2020-12-27,24 day ahead inc hosp,2021-01-20,06115,quantile,0.025,88.19875613169178
37515,2020-12-27,24 day ahead inc hosp,2021-01-20,06115,quantile,0.05,91.33033540039096
37516,2020-12-27,24 day ahead inc hosp,2021-01-20,06115,quantile,0.1,94.94084573868606
37517,2020-12-27,24 day ahead inc hosp,2021-01-20,06115,quantile,0.15,97.37683992299748
37518,2020-12-27,24 day ahead inc hosp,2021-01-20,06115,quantile,0.2,99.31289087810107
37519,2020-12-27,24 day ahead inc hosp,2021-01-20,06115,quantile,0.25,100.97385020833414
37520,2020-12-27,24 day ahead inc hosp,2021-01-20,06115,quantile,0.3,102.46544302098958
37521,2020-12-27,24 day ahead inc hosp,2021-01-20,06115,quantile,0.35,103.84762605368107
37522,2020-12-27,24 day ahead inc hosp,2021-01-20,06115,quantile,0.4,105.15918258773183
37523,2020-12-27,24 day ahead inc hosp,2021-01-20,06115,quantile,0.45,106.42812871294605
37524,2020-12-27,24 day ahead inc hosp,2021-01-20,06115,quantile,0.5,107.67695617675781
37525,2020-12-27,24 day ahead inc hosp,2021-01-20,06115,quantile,0.55,110.61627279243963
37526,2020-12-27,24 day ahead inc hosp,2021-01-20,06115,quantile,0.6,113.6029419187437
37527,2020-12-27,24 day ahead inc hosp,2021-01-20,06115,quantile,0.65,116.68990150655951
37528,2020-12-27,24 day ahead inc hosp,2021-01-20,06115,quantile,0.7,119.9430919364874
37529,2020-12-27,24 day ahead inc hosp,2021-01-20,06115,quantile,0.75,123.45379590890627
37530,2020-12-27,24 day ahead inc hosp,2021-01-20,06115,quantile,0.8,127.363131264508
37531,2020-12-27,24 day ahead inc hosp,2021-01-20,06115,quantile,0.85,131.91993907507066
37532,2020-12-27,24 day ahead inc hosp,2021-01-20,06115,quantile,0.9,137.6534438138246
37533,2020-12-27,24 day ahead inc hosp,2021-01-20,06115,quantile,0.95,146.15136152941494
37534,2020-12-27,24 day ahead inc hosp,2021-01-20,06115,quantile,0.975,153.52203781941012
37535,2020-12-27,24 day ahead inc hosp,2021-01-20,06115,quantile,0.99,162.0920418905093
37536,2020-12-27,25 day ahead inc hosp,2021-01-21,06115,point,NA,113.79090881347656
37537,2020-12-27,25 day ahead inc hosp,2021-01-21,06115,quantile,0.01,87.19046657462377
37538,2020-12-27,25 day ahead inc hosp,2021-01-21,06115,quantile,0.025,91.37985441238649
37539,2020-12-27,25 day ahead inc hosp,2021-01-21,06115,quantile,0.05,94.982959072456
37540,2020-12-27,25 day ahead inc hosp,2021-01-21,06115,quantile,0.1,99.13710798868124
37541,2020-12-27,25 day ahead inc hosp,2021-01-21,06115,quantile,0.15,101.93989254059218
37542,2020-12-27,25 day ahead inc hosp,2021-01-21,06115,quantile,0.2,104.16745685237261
37543,2020-12-27,25 day ahead inc hosp,2021-01-21,06115,quantile,0.25,106.07850868579293
37544,2020-12-27,25 day ahead inc hosp,2021-01-21,06115,quantile,0.3,107.7946922957443
37545,2020-12-27,25 day ahead inc hosp,2021-01-21,06115,quantile,0.35,109.38499217285019
37546,2020-12-27,25 day ahead inc hosp,2021-01-21,06115,quantile,0.4,110.89403124045964
37547,2020-12-27,25 day ahead inc hosp,2021-01-21,06115,quantile,0.45,112.35404400233863
37548,2020-12-27,25 day ahead inc hosp,2021-01-21,06115,quantile,0.5,113.79090881347656
37549,2020-12-27,25 day ahead inc hosp,2021-01-21,06115,quantile,0.55,117.35610923833273
37550,2020-12-27,25 day ahead inc hosp,2021-01-21,06115,quantile,0.6,120.97874518751718
37551,2020-12-27,25 day ahead inc hosp,2021-01-21,06115,quantile,0.65,124.72302696215746
37552,2020-12-27,25 day ahead inc hosp,2021-01-21,06115,quantile,0.7,128.66893596734525
37553,2020-12-27,25 day ahead inc hosp,2021-01-21,06115,quantile,0.75,132.92719219848237
37554,2020-12-27,25 day ahead inc hosp,2021-01-21,06115,quantile,0.8,137.6689624441024
37555,2020-12-27,25 day ahead inc hosp,2021-01-21,06115,quantile,0.85,143.19607478563472
37556,2020-12-27,25 day ahead inc hosp,2021-01-21,06115,quantile,0.9,150.15044418614886
37557,2020-12-27,25 day ahead inc hosp,2021-01-21,06115,quantile,0.95,160.45786724101012
37558,2020-12-27,25 day ahead inc hosp,2021-01-21,06115,quantile,0.975,169.39801955409214
37559,2020-12-27,25 day ahead inc hosp,2021-01-21,06115,quantile,0.99,179.79287868301066
37560,2020-12-27,26 day ahead inc hosp,2021-01-22,06115,point,NA,109.71719360351562
37561,2020-12-27,26 day ahead inc hosp,2021-01-22,06115,quantile,0.01,87.4389566084258
37562,2020-12-27,26 day ahead inc hosp,2021-01-22,06115,quantile,0.025,90.9476266627042
37563,2020-12-27,26 day ahead inc hosp,2021-01-22,06115,quantile,0.05,93.96527647522862
37564,2020-12-27,26 day ahead inc hosp,2021-01-22,06115,quantile,0.1,97.44443344703966
37565,2020-12-27,26 day ahead inc hosp,2021-01-22,06115,quantile,0.15,99.79180413858579
37566,2020-12-27,26 day ahead inc hosp,2021-01-22,06115,quantile,0.2,101.65741995106141
37567,2020-12-27,26 day ahead inc hosp,2021-01-22,06115,quantile,0.25,103.2579522005837
37568,2020-12-27,26 day ahead inc hosp,2021-01-22,06115,quantile,0.3,104.69527962718345
37569,2020-12-27,26 day ahead inc hosp,2021-01-22,06115,quantile,0.35,106.02717769253513
37570,2020-12-27,26 day ahead inc hosp,2021-01-22,06115,quantile,0.4,107.2910187099581
37571,2020-12-27,26 day ahead inc hosp,2021-01-22,06115,quantile,0.45,108.51379952062776
37572,2020-12-27,26 day ahead inc hosp,2021-01-22,06115,quantile,0.5,109.71719360351562
37573,2020-12-27,26 day ahead inc hosp,2021-01-22,06115,quantile,0.55,113.00756256172592
37574,2020-12-27,26 day ahead inc hosp,2021-01-22,06115,quantile,0.6,116.35093949812185
37575,2020-12-27,26 day ahead inc hosp,2021-01-22,06115,quantile,0.65,119.80658491883223
37576,2020-12-27,26 day ahead inc hosp,2021-01-22,06115,quantile,0.7,123.44831468304768
37577,2020-12-27,26 day ahead inc hosp,2021-01-22,06115,quantile,0.75,127.37831368713015
37578,2020-12-27,26 day ahead inc hosp,2021-01-22,06115,quantile,0.8,131.75455394402474
37579,2020-12-27,26 day ahead inc hosp,2021-01-22,06115,quantile,0.85,136.85559644091398
37580,2020-12-27,26 day ahead inc hosp,2021-01-22,06115,quantile,0.9,143.27387268699692
37581,2020-12-27,26 day ahead inc hosp,2021-01-22,06115,quantile,0.95,152.78672493014247
37582,2020-12-27,26 day ahead inc hosp,2021-01-22,06115,quantile,0.975,161.03770556156763
37583,2020-12-27,26 day ahead inc hosp,2021-01-22,06115,quantile,0.99,170.6312536730015
37584,2020-12-27,27 day ahead inc hosp,2021-01-23,06115,point,NA,112.34271240234375
37585,2020-12-27,27 day ahead inc hosp,2021-01-23,06115,quantile,0.01,69.8991324386467
37586,2020-12-27,27 day ahead inc hosp,2021-01-23,06115,quantile,0.025,76.5837061797294
37587,2020-12-27,27 day ahead inc hosp,2021-01-23,06115,quantile,0.05,82.33280837073961
37588,2020-12-27,27 day ahead inc hosp,2021-01-23,06115,quantile,0.1,88.96115500211184
37589,2020-12-27,27 day ahead inc hosp,2021-01-23,06115,quantile,0.15,93.43326900615246
37590,2020-12-27,27 day ahead inc hosp,2021-01-23,06115,quantile,0.2,96.98756344766501
37591,2020-12-27,27 day ahead inc hosp,2021-01-23,06115,quantile,0.25,100.03683159810473
37592,2020-12-27,27 day ahead inc hosp,2021-01-23,06115,quantile,0.3,102.77516863879366
37593,2020-12-27,27 day ahead inc hosp,2021-01-23,06115,quantile,0.35,105.3126460007908
37594,2020-12-27,27 day ahead inc hosp,2021-01-23,06115,quantile,0.4,107.72046387687385
37595,2020-12-27,27 day ahead inc hosp,2021-01-23,06115,quantile,0.45,110.05005553743345
37596,2020-12-27,27 day ahead inc hosp,2021-01-23,06115,quantile,0.5,112.34271240234375
37597,2020-12-27,27 day ahead inc hosp,2021-01-23,06115,quantile,0.55,115.75994949619965
37598,2020-12-27,27 day ahead inc hosp,2021-01-23,06115,quantile,0.6,119.23223841908352
37599,2020-12-27,27 day ahead inc hosp,2021-01-23,06115,quantile,0.65,122.82112460930817
37600,2020-12-27,27 day ahead inc hosp,2021-01-23,06115,quantile,0.7,126.60327007509969
37601,2020-12-27,27 day ahead inc hosp,2021-01-23,06115,quantile,0.75,130.68479969871737
37602,2020-12-27,27 day ahead inc hosp,2021-01-23,06115,quantile,0.8,135.2297764862506
37603,2020-12-27,27 day ahead inc hosp,2021-01-23,06115,quantile,0.85,140.52750201767145
37604,2020-12-27,27 day ahead inc hosp,2021-01-23,06115,quantile,0.9,147.19325043229867
37605,2020-12-27,27 day ahead inc hosp,2021-01-23,06115,quantile,0.95,157.07289370833087
37606,2020-12-27,27 day ahead inc hosp,2021-01-23,06115,quantile,0.975,165.64201085977908
37607,2020-12-27,27 day ahead inc hosp,2021-01-23,06115,quantile,0.99,175.60546142853076
37608,2020-12-27,28 day ahead inc hosp,2021-01-24,06115,point,NA,113.06239318847656
37609,2020-12-27,28 day ahead inc hosp,2021-01-24,06115,quantile,0.01,71.18013569984195
37610,2020-12-27,28 day ahead inc hosp,2021-01-24,06115,quantile,0.025,77.77630498775903
37611,2020-12-27,28 day ahead inc hosp,2021-01-24,06115,quantile,0.05,83.44937447196165
37612,2020-12-27,28 day ahead inc hosp,2021-01-24,06115,quantile,0.1,89.99006026181495
37613,2020-12-27,28 day ahead inc hosp,2021-01-24,06115,quantile,0.15,94.40302991225352
37614,2020-12-27,28 day ahead inc hosp,2021-01-24,06115,quantile,0.2,97.91031829643732
37615,2020-12-27,28 day ahead inc hosp,2021-01-24,06115,quantile,0.25,100.9192594351877
37616,2020-12-27,28 day ahead inc hosp,2021-01-24,06115,quantile,0.3,103.6213815730209
37617,2020-12-27,28 day ahead inc hosp,2021-01-24,06115,quantile,0.35,106.12530043042278
37618,2020-12-27,28 day ahead inc hosp,2021-01-24,06115,quantile,0.4,108.50127456733824
37619,2020-12-27,28 day ahead inc hosp,2021-01-24,06115,quantile,0.45,110.80005704172862
37620,2020-12-27,28 day ahead inc hosp,2021-01-24,06115,quantile,0.5,113.06239318847656
37621,2020-12-27,28 day ahead inc hosp,2021-01-24,06115,quantile,0.55,116.29251953787903
37622,2020-12-27,28 day ahead inc hosp,2021-01-24,06115,quantile,0.6,119.57468335458096
37623,2020-12-27,28 day ahead inc hosp,2021-01-24,06115,quantile,0.65,122.96706015772826
37624,2020-12-27,28 day ahead inc hosp,2021-01-24,06115,quantile,0.7,126.54211432891577
37625,2020-12-27,28 day ahead inc hosp,2021-01-24,06115,quantile,0.75,130.40015988473
37626,2020-12-27,28 day ahead inc hosp,2021-01-24,06115,quantile,0.8,134.69627656484838
37627,2020-12-27,28 day ahead inc hosp,2021-01-24,06115,quantile,0.85,139.7039252473797
37628,2020-12-27,28 day ahead inc hosp,2021-01-24,06115,quantile,0.9,146.00469074921966
37629,2020-12-27,28 day ahead inc hosp,2021-01-24,06115,quantile,0.95,155.3433743676277
37630,2020-12-27,28 day ahead inc hosp,2021-01-24,06115,quantile,0.975,163.44328969155305
37631,2020-12-27,28 day ahead inc hosp,2021-01-24,06115,quantile,0.99,172.86119173614873
